01/16/2025 16:42:05Time	T_hot_in(C)	T_cold_in(C)	T_cold_out(C)	T_hot_out(C)	mdot_cold(kg/s)	ASFASIFUAS(kg/s)	Diferencial_cold(bar)	Diferencial_hot(bar)	mdot_hot(kg/s)	ABS_cold(bar)	ABS_hot(bar)	q_cold(kW)	q_hot(kW)	ASFASYFY	Tau_cold_haste	Re_hot	Re_cold	U_global	PSIG_cold(bar)	R_fouling	PSIG_hot(bar)	PSID_hot(bar)	m_dot_hot	PSID_cold(bar)	m_dot_cold
2,03808  	0,00000  	0,00000  	0,00000  	0,00000  	-1,18512  	-0,20833  	-0,25900  	-0,86180  	-3,02442  	-1,72343  	-1,72415  	-0,00000  	-0,00000  	-254,35069  	-76,44127  	-9234,48090  	-3618,55272  	NaN  	NaN  	0,00000  	0,00000  	0,00000  	0,00000  	0,00000  	0,00000  	0,00000  
3,03797  	-244,98909  	1327,75450  	-244,98909  	25,89341  	0,05188  	0,04693  	-15815,93170  	0,01553  	0,08672  	0,38706  	0,38481  	624495,01165  	3732,92677  	4,58402  	-4667896,50935  	14,65053  	0,20491  	-Inf  	-Inf  	0,00376  	0,00407  	0,00396  	0,00490  	-244,98909  	0,00401  	0,00411  
4,03923  	883,48258  	1327,75450  	-244,98909  	25,89307  	0,04313  	0,06931  	-15815,93170  	0,02353  	0,09430  	0,57208  	0,56970  	2149998,74483  	547560,42452  	6,94491  	-4667896,50935  	0,83705  	0,17034  	NaN  	NaN  	0,00376  	0,00411  	0,00396  	0,00533  	-244,98909  	0,00398  	0,00412  
5,03925  	1327,82048  	1327,75450  	773,58040  	25,89284  	0,05273  	0,07090  	49931,18073  	0,02233  	0,10689  	0,58517  	0,58278  	280363962,46337  	3438292,49919  	6,58980  	14736633,20069  	0,15409  	0,01117  	NaN  	NaN  	0,00376  	0,00410  	0,00396  	0,00536  	773,45164  	0,00401  	0,00414  
6,03925  	1327,82048  	307,35846  	1327,82053  	25,89319  	0,04640  	0,07061  	85706,53851  	0,02138  	0,10758  	0,58280  	0,58041  	56509394,62668  	5571765,29555  	6,30962  	25295332,54600  	0,15507  	0,02908  	-Inf  	-Inf  	0,00376  	0,00410  	0,00396  	0,00536  	1327,62170  	0,00399  	0,00414  
7,03942  	1327,82048  	-244,98909  	1327,82053  	25,89239  	0,05585  	0,07099  	19757,54186  	0,02249  	0,10729  	0,58597  	0,58358  	3715013,32751  	10336216,28795  	6,63762  	5831218,95165  	0,15466  	0,22052  	NaN  	NaN  	0,00376  	0,00410  	0,00396  	0,00536  	306,05373  	0,00402  	0,00414  
8,03936  	304,86514  	-244,98909  	1327,82053  	25,89265  	0,05018  	0,07099  	50214,28292  	0,02137  	0,10706  	0,58596  	0,58357  	794333,56235  	541,39858  	6,30801  	14820187,66825  	219,27256  	0,19812  	NaN  	NaN  	0,00376  	0,00410  	0,00396  	0,00536  	777,83697  	0,00400  	0,00414  
9,03939  	779,11476  	779,07180  	1327,82053  	25,89351  	0,04730  	0,07117  	85706,53851  	0,02348  	0,10742  	0,58742  	0,58503  	165759427,43228  	89382,85706  	6,93051  	25295332,54600  	1,70313  	0,00991  	-Inf  	-Inf  	0,00376  	0,00411  	0,00396  	0,00537  	1327,62170  	0,00399  	0,00414  
10,03922  	1327,82048  	1327,75450  	302,55371  	25,89290  	0,04922  	0,07081  	19527,12381  	0,02312  	0,10799  	0,58442  	0,58203  	55640599,71572  	5938097,03036  	6,82273  	5763213,62570  	0,15567  	0,03126  	NaN  	NaN  	0,00376  	0,00411  	0,00396  	0,00536  	302,48449  	0,00400  	0,00414  
11,03919  	301,09039  	1327,75450  	781,74103  	25,89205  	0,04984  	0,07076  	-15815,93170  	0,02595  	0,10706  	0,58406  	0,58167  	60836687,80046  	179,08723  	7,65842  	-4667896,50935  	235,69444  	0,01039  	-Inf  	-Inf  	0,00376  	0,00412  	0,00396  	0,00536  	-244,98909  	0,00400  	0,00414  
12,04229  	783,10819  	1327,75450  	1327,82053  	25,89256  	0,04677  	0,07124  	50546,18690  	0,02141  	0,10652  	0,58799  	0,58560  	712802778,50538  	11,01519  	6,31972  	14918145,43865  	1,64912  	0,00367  	-Inf  	-Inf  	0,00376  	0,00410  	0,00396  	0,00537  	782,97825  	0,00399  	0,00414  
13,04242  	1327,82048  	297,15226  	297,17503  	25,89273  	0,04655  	0,07093  	85706,53851  	0,02253  	0,10730  	0,58547  	0,58308  	53007,13937  	124,69073  	6,64995  	25295332,54600  	0,15468  	3,34558  	NaN  	NaN  	0,00376  	0,00410  	0,00396  	0,00536  	1327,62170  	0,00399  	0,00414  
14,04252  	1327,82048  	789,57836  	-244,98909  	25,89304  	0,05046  	0,07100  	85706,53851  	0,02276  	0,10830  	0,58606  	0,58367  	27653,62859  	6142803,68338  	6,71632  	25295332,54600  	0,15612  	5,73271  	NaN  	NaN  	0,00376  	0,00411  	0,00396  	0,00536  	1327,62170  	0,00400  	0,00414  
15,04252  	1327,82048  	290,68738  	792,12158  	25,89201  	0,04715  	0,07111  	18762,62165  	0,02200  	0,10750  	0,58693  	0,58454  	3721689,12900  	2781791,79565  	6,49202  	5537579,30691  	0,15496  	0,18617  	NaN  	NaN  	0,00376  	0,00410  	0,00395  	0,00537  	290,64215  	0,00399  	0,00414  
16,04199  	289,34474  	793,44309  	289,34475  	25,89271  	0,05306  	0,07082  	51216,10122  	0,01942  	0,10739  	0,58453  	0,58214  	752271,70485  	156,90785  	5,73147  	15115863,20686  	297,68949  	0,20953  	-Inf  	-Inf  	0,00376  	0,00409  	0,00396  	0,00536  	793,35541  	0,00401  	0,00414  
17,04185  	794,84600  	1327,75450  	794,84604  	25,89268  	0,04424  	0,07080  	18586,76174  	0,02189  	0,10668  	0,58438  	0,58199  	176173707,07816  	93067,07308  	6,46123  	5485676,20915  	1,54117  	0,00898  	-Inf  	-Inf  	0,00376  	0,00410  	0,00396  	0,00536  	287,91803  	0,00398  	0,00414  
18,04237  	1327,82048  	286,91279  	286,93512  	25,89304  	0,05502  	0,07087  	51371,63908  	0,02345  	0,10702  	0,58495  	0,58256  	40616,16336  	144,57848  	6,91953  	15161768,47948  	0,15426  	4,74463  	NaN  	NaN  	0,00376  	0,00411  	0,00396  	0,00536  	795,76473  	0,00402  	0,00414  
19,04203  	285,57075  	797,21692  	-244,98909  	25,89310  	0,05320  	0,07108  	18430,90038  	0,02331  	0,10750  	0,58665  	0,58426  	6085,97269  	314,88479  	6,87835  	5439675,45953  	321,46906  	5,61374  	NaN  	NaN  	0,00376  	0,00411  	0,00396  	0,00536  	285,50369  	0,00401  	0,00414  
20,04469  	-244,98909  	1327,75450  	798,30376  	25,89294  	0,04630  	0,07115  	51527,03593  	0,02307  	0,10795  	0,58726  	0,58487  	63457183,05974  	1121,43989  	6,80939  	15207632,13145  	18,23801  	0,00933  	-Inf  	-Inf  	0,00376  	0,00411  	0,00396  	0,00537  	798,17187  	0,00399  	0,00414  
21,04776  	799,36149  	283,44773  	1327,82053  	25,89252  	0,04774  	0,07096  	18295,29381  	0,02180  	0,10733  	0,58573  	0,58334  	30446602,86093  	204529,11032  	6,43298  	5399652,68584  	1,51033  	0,03191  	-Inf  	-Inf  	0,00376  	0,00410  	0,00396  	0,00536  	283,40311  	0,00399  	0,00414  
22,04911  	1327,82048  	803,40210  	279,38532  	25,89273  	0,05077  	0,07131  	-15815,93170  	0,02267  	0,10676  	0,58859  	0,58619  	3695813,15630  	3130742,52495  	6,69018  	-4667896,50935  	0,15390  	0,20051  	NaN  	NaN  	0,00376  	0,00411  	0,00396  	0,00537  	-244,98909  	0,00400  	0,00414  
23,04921  	1327,82048  	273,50815  	809,30152  	25,89178  	0,04598  	0,07106  	52236,92478  	0,02395  	0,10765  	0,58654  	0,58415  	3727012,05102  	2898543,54131  	7,06977  	15417147,93721  	0,15518  	0,18154  	NaN  	NaN  	0,00376  	0,00411  	0,00396  	0,00536  	809,16824  	0,00399  	0,00414  
24,04998  	269,11400  	-244,98909  	1327,82053  	25,89195  	0,04492  	0,07098  	85706,53851  	0,02158  	0,10770  	0,58584  	0,58345  	696698,28337  	357,39106  	6,37010  	25295332,54600  	452,30152  	0,17736  	NaN  	NaN  	0,00376  	0,00410  	0,00396  	0,00536  	1327,62170  	0,00398  	0,00414  
25,05238  	-244,98909  	-244,98909  	267,53479  	25,89348  	0,05509  	0,07136  	85706,53851  	0,02468  	0,10751  	0,58903  	0,58664  	121,89659  	1291,64228  	7,28282  	25295332,54600  	18,16296  	231,60547  	NaN  	NaN  	0,00376  	0,00411  	0,00396  	0,00537  	1327,62170  	0,00402  	0,00414  
26,05396  	-244,98909  	-244,98909  	-244,98909  	25,89255  	0,04854  	0,07098  	85706,53851  	0,02397  	0,10725  	0,58590  	0,58351  	46038,84839  	0,00000  	7,07422  	25295332,54600  	18,11933  	0,93929  	Inf  	-Inf  	0,00376  	0,00411  	0,00395  	0,00536  	1327,62170  	0,00400  	0,00414  
27,05431  	822,59976  	-244,98909  	-244,98909  	25,89237  	0,04515  	0,07113  	16795,29900  	0,02260  	0,10739  	0,58713  	0,58474  	135583,45370  	0,00000  	6,67103  	4956945,88436  	1,32345  	0,87373  	Inf  	-Inf  	0,00376  	0,00410  	0,00396  	0,00537  	260,16778  	0,00398  	0,00414  
28,05591  	1327,82048  	826,33645  	826,38143  	25,89305  	0,05208  	0,07129  	-15815,93170  	0,02491  	0,10787  	0,58844  	0,58604  	60712527,01294  	275,65391  	7,35204  	-4667896,50935  	0,15550  	0,03116  	NaN  	NaN  	0,00376  	0,00412  	0,00396  	0,00537  	-244,98909  	0,00401  	0,00414  
29,05775  	253,70663  	1327,75450  	253,70664  	25,89250  	0,04743  	0,07140  	53516,48698  	0,02350  	0,10796  	0,58936  	0,58697  	7991772,40149  	239,21030  	6,93594  	15794796,50406  	628,01803  	0,03441  	-Inf  	-Inf  	0,00376  	0,00411  	0,00396  	0,00537  	828,98901  	0,00399  	0,00414  
30,05849  	-244,98909  	250,51138  	832,29926  	25,89269  	0,04856  	0,07080  	16169,21345  	0,02403  	0,10758  	0,58437  	0,58198  	774913,50335  	1292,45416  	7,09205  	4772163,69154  	18,17411  	0,19175  	-Inf  	-Inf  	0,00376  	0,00411  	0,00396  	0,00536  	250,46954  	0,00400  	0,00414  
31,05778  	837,08378  	-244,98909  	1327,82053  	25,89196  	0,04379  	0,07127  	54030,22909  	0,02194  	0,10757  	0,58823  	0,58584  	2320691,69147  	386437,28045  	6,47664  	15946421,78138  	1,22306  	0,17291  	NaN  	NaN  	0,00376  	0,00410  	0,00396  	0,00537  	836,94702  	0,00398  	0,00414  
32,05920  	1327,82048  	-244,98909  	243,64469  	25,89261  	0,04868  	0,07124  	15724,63581  	0,02237  	0,10759  	0,58804  	0,58565  	589,65801  	2798758,91488  	6,60333  	4640951,54184  	0,15509  	145,72553  	Inf  	-Inf  	0,00376  	0,00410  	0,00396  	0,00537  	243,58292  	0,00400  	0,00414  
33,05917  	1327,82048  	840,83308  	-244,98909  	25,89288  	0,05069  	0,07098  	-15815,93170  	0,02184  	0,10758  	0,58589  	0,58350  	54165,87890  	6476831,14982  	6,44497  	-4667896,50935  	0,15507  	3,59540  	NaN  	NaN  	0,00376  	0,00410  	0,00396  	0,00536  	-244,98909  	0,00400  	0,00414  
34,05918  	240,59739  	1327,75450  	842,23404  	25,89289  	0,04966  	0,07120  	54362,66848  	0,02345  	0,10817  	0,58767  	0,58528  	57386707,16729  	108,53670  	6,92227  	16044537,57270  	828,28050  	0,00917  	-Inf  	-Inf  	0,00376  	0,00411  	0,00396  	0,00537  	842,09659  	0,00400  	0,00414  
35,05902  	-244,98909  	239,00459  	1327,82053  	25,89294  	0,05101  	0,07124  	85706,53851  	0,02353  	0,10838  	0,58802  	0,58563  	8981431,97868  	2540,76671  	6,94429  	25295332,54600  	18,31047  	0,03854  	-Inf  	-Inf  	0,00376  	0,00411  	0,00396  	0,00537  	1327,62170  	0,00400  	0,00414  
36,06071  	845,18598  	845,14024  	1327,82053  	25,89381  	0,04920  	0,07107  	15337,39282  	0,02538  	0,10665  	0,58661  	0,58422  	217787504,74691  	142192,74490  	7,49019  	4526661,07635  	1,16002  	0,00903  	-Inf  	-Inf  	0,00376  	0,00412  	0,00396  	0,00536  	237,58442  	0,00400  	0,00414  
37,06450  	1327,82048  	1327,75450  	236,12410  	25,89464  	0,04683  	0,07122  	54651,41326  	0,02324  	0,10755  	0,58788  	0,58549  	42314950,86119  	6015343,79292  	6,85925  	16129757,38441  	0,15503  	0,03568  	NaN  	NaN  	0,00376  	0,00411  	0,00396  	0,00537  	846,56933  	0,00399  	0,00414  
38,06619  	231,77175  	1327,75450  	851,05968  	25,89395  	0,05538  	0,07073  	14958,25664  	0,02224  	0,10765  	0,58381  	0,58143  	56193972,62056  	116,48229  	6,56370  	4414763,24414  	984,57129  	0,01005  	-Inf  	-Inf  	0,00376  	0,00410  	0,00396  	0,00536  	231,71149  	0,00402  	0,00414  
39,06699  	857,20367  	1327,75450  	1327,82053  	25,89379  	0,05794  	0,07093  	55328,93749  	0,02302  	0,10709  	0,58541  	0,58302  	786769599,41369  	25,20315  	6,79475  	16329721,13368  	1,09164  	0,00454  	-Inf  	-Inf  	0,00376  	0,00411  	0,00396  	0,00536  	857,06436  	0,00403  	0,00414  
40,06827  	1327,82048  	222,56637  	222,58600  	25,89488  	0,05414  	0,07098  	85706,53851  	0,02267  	0,10762  	0,58587  	0,58348  	5898,70855  	125,06141  	6,69200  	25295332,54600  	0,15513  	18,60880  	NaN  	NaN  	0,00376  	0,00411  	0,00396  	0,00536  	1327,62170  	0,00401  	0,00414  
41,06881  	1327,82048  	-244,98909  	864,34165  	25,89564  	0,05271  	0,07074  	14100,92577  	0,02260  	0,10801  	0,58391  	0,58152  	72581,12189  	6880438,34332  	6,67061  	4161731,56494  	0,15570  	3,06392  	Inf  	-Inf  	0,00376  	0,00410  	0,00396  	0,00536  	218,43120  	0,00401  	0,00414  
42,06901  	1327,82048  	866,36609  	1327,82053  	25,89500  	0,04546  	0,07109  	-15815,93170  	0,02458  	0,10800  	0,58675  	0,58436  	372768927,41258  	2468441,79998  	7,25520  	-4667896,50935  	0,15569  	0,00801  	-Inf  	-Inf  	0,00376  	0,00411  	0,00396  	0,00536  	-244,98909  	0,00399  	0,00414  
43,06891  	1327,82048  	1327,75450  	214,17949  	25,89657  	0,05003  	0,07067  	56067,90493  	0,02342  	0,10723  	0,58329  	0,58090  	38487982,14191  	6555086,51152  	6,91074  	16547819,16451  	0,15457  	0,04055  	NaN  	NaN  	0,00376  	0,00411  	0,00396  	0,00536  	868,51117  	0,00400  	0,00414  
44,06998  	212,51549  	212,49630  	870,31593  	25,89735  	0,05574  	0,07094  	85706,53851  	0,02203  	0,10746  	0,58552  	0,58313  	533315,39556  	157,52885  	6,50053  	25295332,54600  	1380,36532  	0,22011  	-Inf  	-Inf  	0,00376  	0,00410  	0,00396  	0,00536  	1327,62170  	0,00402  	0,00414  
45,07227  	872,65750  	-244,98909  	210,17391  	25,89892  	0,04591  	0,07117  	85706,53851  	0,02257  	0,10785  	0,58746  	0,58507  	400,41200  	155258,11775  	6,66049  	25295332,54600  	1,01285  	83,28977  	Inf  	-Inf  	0,00376  	0,00410  	0,00396  	0,00537  	1327,62170  	0,00399  	0,00414  
46,07232  	206,89905  	875,88531  	875,93237  	25,89967  	0,05122  	0,07087  	13352,76204  	0,02659  	0,10790  	0,58497  	0,58259  	12290814,13088  	0,01031  	7,84631  	3940919,35111  	1501,42771  	0,02378  	-Inf  	-Inf  	0,00376  	0,00412  	0,00396  	0,00536  	206,84194  	0,00400  	0,00414  
47,07209  	-244,98909  	1327,75450  	203,98114  	25,90073  	0,05223  	0,07118  	-15815,93170  	0,02267  	0,10726  	0,58749  	0,58510  	7672316,60701  	2684,50798  	6,69037  	-4667896,50935  	18,12315  	0,04359  	-Inf  	-Inf  	0,00376  	0,00411  	0,00395  	0,00537  	-244,98909  	0,00401  	0,00414  
48,07175  	881,45713  	1327,75450  	881,45716  	25,90113  	0,04759  	0,07087  	56894,46146  	0,02276  	0,10723  	0,58494  	0,58255  	253955602,70659  	168845,70294  	6,71618  	16791768,14009  	0,96179  	0,00814  	-Inf  	-Inf  	0,00376  	0,00411  	0,00396  	0,00536  	881,31476  	0,00399  	0,00414  
49,07336  	200,20506  	1327,75450  	1327,82053  	25,90294  	0,05368  	0,07096  	12920,67469  	0,02300  	0,10807  	0,58567  	0,58328  	166471923,06262  	0,01509  	6,78893  	3813393,57133  	1630,52717  	0,00421  	-Inf  	-Inf  	0,00376  	0,00411  	0,00396  	0,00536  	200,14879  	0,00401  	0,00414  
50,07668  	883,48132  	199,33143  	199,35008  	25,90445  	0,04981  	0,07082  	-15815,93170  	0,01991  	0,10807  	0,58453  	0,58214  	1757,45705  	7,50207  	5,87494  	-4667896,50935  	0,95922  	32,48864  	NaN  	NaN  	0,00376  	0,00409  	0,00396  	0,00536  	-244,98909  	0,00400  	0,00414  
51,07656  	196,86417  	885,91978  	-244,98909  	25,90510  	0,05460  	0,07126  	-15815,93170  	0,02250  	0,10731  	0,58821  	0,58582  	12201,73612  	262,37776  	6,64137  	-4667896,50935  	1674,88816  	2,66578  	NaN  	NaN  	0,00376  	0,00410  	0,00397  	0,00537  	-244,98909  	0,00402  	0,00414  
52,07656  	-244,98909  	190,50609  	892,30707  	25,90649  	0,04998  	0,07111  	-15815,93170  	0,02148  	0,10796  	0,58694  	0,58455  	777723,91415  	1604,22592  	6,33984  	-4667896,50935  	18,24142  	0,19735  	-Inf  	-Inf  	0,00376  	0,00410  	0,00396  	0,00537  	-244,98909  	0,00400  	0,00414  
53,07813  	895,61241  	-244,98909  	1327,82053  	25,90777  	0,05663  	0,07078  	57808,16369  	0,02229  	0,10765  	0,58420  	0,58181  	2490012,99261  	787944,91324  	6,57934  	17061437,20159  	0,89776  	0,22358  	NaN  	NaN  	0,00376  	0,00410  	0,00396  	0,00536  	895,46826  	0,00402  	0,00414  
54,07902  	1327,82048  	-244,98909  	1327,82053  	25,90887  	0,04392  	0,07121  	11990,10272  	0,02256  	0,10766  	0,58777  	0,58538  	3727816,39854  	8128638,03203  	6,65888  	3538745,59498  	0,15518  	0,17341  	NaN  	NaN  	0,00376  	0,00410  	0,00396  	0,00537  	185,73398  	0,00398  	0,00414  
55,07883  	183,64473  	-244,98909  	1327,82053  	25,90895  	0,05015  	0,07097  	58038,87630  	0,02250  	0,10758  	0,58578  	0,58339  	451320,07192  	333,49122  	6,64028  	17129529,46278  	1838,30362  	0,19802  	NaN  	NaN  	0,00376  	0,00410  	0,00397  	0,00536  	899,04206  	0,00400  	0,00414  
56,07899  	901,50382  	-244,98909  	1327,82053  	25,91081  	0,04497  	0,07112  	85706,53851  	0,02292  	0,10786  	0,58698  	0,58459  	2511873,18292  	653893,19778  	6,76522  	25295332,54600  	0,87303  	0,17756  	NaN  	NaN  	0,00376  	0,00411  	0,00396  	0,00537  	1327,62170  	0,00398  	0,00414  
57,08202  	180,21358  	902,56967  	180,21359  	25,91234  	0,04108  	0,07129  	85706,53851  	0,02312  	0,10720  	0,58843  	0,58604  	439798,92967  	125,34727  	6,82217  	25295332,54600  	1854,35041  	0,16224  	-Inf  	-Inf  	0,00376  	0,00411  	0,00396  	0,00537  	1327,62170  	0,00397  	0,00414  
58,08607  	905,03571  	177,77795  	-244,98909  	25,91345  	0,05747  	0,07069  	11474,18352  	0,02087  	0,10770  	0,58350  	0,58111  	473,24123  	230575,42357  	6,15817  	3386477,77474  	0,85631  	64,41665  	NaN  	NaN  	0,00376  	0,00410  	0,00396  	0,00536  	177,74225  	0,00402  	0,00414  
59,08844  	172,17187  	910,61104  	910,65956  	25,91363  	0,05136  	0,07092  	58779,43171  	0,02331  	0,10748  	0,58533  	0,58294  	12701791,80952  	0,01051  	6,88104  	17348096,16573  	1881,77924  	0,02015  	-Inf  	-Inf  	0,00376  	0,00411  	0,00396  	0,00536  	910,51346  	0,00400  	0,00414  
60,08879  	-244,98909  	164,74622  	1327,82053  	25,91522  	0,04898  	0,07079  	85706,53851  	0,02478  	0,10816  	0,58426  	0,58187  	6535661,19446  	2605,07442  	7,31304  	25295332,54600  	18,27714  	0,04581  	-Inf  	-Inf  	0,00376  	0,00411  	0,00396  	0,00536  	1327,62170  	0,00400  	0,00414  
61,09076  	-244,98909  	-244,98909  	1327,82053  	25,91568  	0,05398  	0,07084  	85706,53851  	0,02229  	0,10744  	0,58470  	0,58231  	774095,69893  	3882,59971  	6,57754  	25295332,54600  	18,15537  	0,21314  	NaN  	NaN  	0,00376  	0,00410  	0,00396  	0,00536  	1327,62170  	0,00401  	0,00414  
62,09193  	925,27669  	925,22759  	157,55472  	25,91681  	0,04591  	0,07106  	85706,53851  	0,02398  	0,10734  	0,58648  	0,58409  	2566763,41038  	387885,83888  	7,07711  	25295332,54600  	0,77172  	0,18132  	NaN  	NaN  	0,00376  	0,00411  	0,00396  	0,00536  	1327,62170  	0,00399  	0,00414  
63,09217  	1327,82048  	1327,75450  	-244,98909  	25,91757  	0,05029  	0,07111  	9919,58861  	0,02215  	0,10724  	0,58691  	0,58452  	3711599,53042  	9308424,24880  	6,53617  	2927656,36146  	0,15457  	0,19863  	NaN  	NaN  	0,00376  	0,00410  	0,00396  	0,00537  	153,66115  	0,00400  	0,00414  
64,09416  	150,88601  	1327,75450  	931,94542  	25,91745  	0,04873  	0,07093  	-15815,93170  	0,02036  	0,10652  	0,58545  	0,58306  	42521182,14962  	81,05442  	6,01042  	-4667896,50935  	1764,11334  	0,00757  	-Inf  	-Inf  	0,00376  	0,00409  	0,00396  	0,00536  	-244,98909  	0,00400  	0,00414  
65,09601  	-244,98909  	1327,75450  	1327,82053  	25,91832  	0,05097  	0,07090  	60300,57582  	0,02238  	0,10675  	0,58524  	0,58285  	255578494,37542  	0,15391  	6,60468  	17797044,94737  	18,03995  	0,00399  	-Inf  	-Inf  	0,00376  	0,00410  	0,00396  	0,00536  	934,07640  	0,00400  	0,00414  
66,09593  	937,91440  	144,90064  	144,91701  	25,91887  	0,04715  	0,07139  	85706,53851  	0,02476  	0,10782  	0,58928  	0,58689  	483,43588  	9,29991  	7,30743  	25295332,54600  	0,72883  	220,88003  	NaN  	NaN  	0,00376  	0,00411  	0,00396  	0,00537  	1327,62170  	0,00399  	0,00414  
67,09614  	1327,82048  	941,79744  	941,84727  	25,91930  	0,04790  	0,07119  	85706,53851  	0,02424  	0,10778  	0,58760  	0,58521  	140701971,14982  	280,87594  	7,15374  	25295332,54600  	0,15536  	0,01624  	NaN  	NaN  	0,00376  	0,00411  	0,00396  	0,00537  	1327,62170  	0,00399  	0,00414  
68,09683  	1327,82048  	1327,75450  	138,69972  	25,92073  	0,04563  	0,07136  	85706,53851  	0,02361  	0,10647  	0,58898  	0,58659  	27554416,61515  	6385677,36354  	6,96832  	25295332,54600  	0,15346  	0,04614  	NaN  	NaN  	0,00376  	0,00411  	0,00396  	0,00537  	1327,62170  	0,00399  	0,00414  
69,09822  	136,89813  	136,88211  	945,93330  	25,92020  	0,05527  	0,07100  	85706,53851  	0,02334  	0,10685  	0,58601  	0,58362  	315358,90122  	187,59666  	6,88909  	25295332,54600  	1635,94225  	0,21822  	-Inf  	-Inf  	0,00376  	0,00411  	0,00396  	0,00536  	1327,62170  	0,00402  	0,00414  
70,10007  	948,22017  	948,17011  	1327,82053  	25,92073  	0,05042  	0,07112  	8686,69208  	0,02249  	0,10810  	0,58698  	0,58459  	333291602,49576  	248069,63107  	6,63886  	2563780,64918  	0,69544  	0,00760  	-Inf  	-Inf  	0,00376  	0,00410  	0,00396  	0,00537  	134,56324  	0,00400  	0,00414  
71,09970  	1327,82048  	132,19323  	1327,82053  	25,92208  	0,05190  	0,07102  	61358,97083  	0,02272  	0,10722  	0,58615  	0,58376  	26962749,47394  	7302899,06315  	6,70460  	18109418,47486  	0,15455  	0,05351  	-Inf  	-Inf  	0,00376  	0,00411  	0,00396  	0,00536  	950,47123  	0,00401  	0,00414  
72,10088  	1327,82048  	-244,98909  	1327,82053  	25,92254  	0,05599  	0,07100  	8265,19823  	0,02191  	0,10850  	0,58607  	0,58368  	3756974,84156  	10363667,39853  	6,46621  	2439381,42258  	0,15639  	0,22107  	NaN  	NaN  	0,00376  	0,00410  	0,00396  	0,00536  	128,03419  	0,00402  	0,00414  
73,10114  	1327,82048  	956,55184  	126,22916  	25,92354  	0,04959  	0,07094  	-15815,93170  	0,02211  	0,10846  	0,58554  	0,58315  	3754395,78613  	4845512,04061  	6,52652  	-4667896,50935  	0,15633  	0,19583  	NaN  	NaN  	0,00376  	0,00410  	0,00396  	0,00536  	-244,98909  	0,00400  	0,00414  
74,10172  	122,90119  	1327,75450  	-244,98909  	25,92456  	0,04685  	0,07091  	61959,77918  	0,02189  	0,10813  	0,58529  	0,58290  	278768,05559  	308,75025  	6,46028  	18286740,38391  	1508,12480  	0,18504  	NaN  	NaN  	0,00376  	0,00410  	0,00396  	0,00536  	959,77791  	0,00399  	0,00414  
75,10227  	-244,98909  	1327,75450  	961,81685  	25,92369  	0,04727  	0,07107  	85706,53851  	0,02475  	0,10835  	0,58658  	0,58419  	101888143,68193  	790,96589  	7,30495  	25295332,54600  	18,31086  	0,00695  	-Inf  	-Inf  	0,00376  	0,00411  	0,00396  	0,00536  	1327,62170  	0,00399  	0,00414  
76,10172  	963,63062  	1327,75450  	119,20078  	25,92421  	0,04992  	0,07092  	85706,53851  	0,02145  	0,10793  	0,58538  	0,58299  	18433066,30463  	870484,13236  	6,33136  	25295332,54600  	0,64547  	0,05355  	NaN  	NaN  	0,00376  	0,00410  	0,00396  	0,00536  	1327,62170  	0,00400  	0,00414  
77,10202  	1327,82048  	1327,75450  	-244,98909  	25,92422  	0,05064  	0,07121  	85706,53851  	0,02267  	0,10733  	0,58780  	0,58541  	3714708,45792  	9372523,68682  	6,68984  	25295332,54600  	0,15470  	0,19999  	NaN  	NaN  	0,00376  	0,00411  	0,00396  	0,00537  	1327,62170  	0,00400  	0,00414  
78,10157  	116,68478  	1327,75450  	966,14665  	25,92464  	0,04914  	0,07091  	85706,53851  	0,02602  	0,10863  	0,58526  	0,58287  	34634884,89554  	74,41072  	7,68075  	25295332,54600  	1450,41774  	0,00716  	-Inf  	-Inf  	0,00376  	0,00412  	0,00396  	0,00536  	1327,62170  	0,00400  	0,00414  
79,10159  	967,57504  	1327,75450  	115,25636  	25,92575  	0,05260  	0,07087  	7437,36464  	0,02199  	0,10725  	0,58498  	0,58259  	18069088,46970  	945517,47152  	6,49142  	2195055,53474  	0,62969  	0,05711  	NaN  	NaN  	0,00376  	0,00410  	0,00396  	0,00536  	115,21082  	0,00401  	0,00414  
80,10133  	114,24062  	114,22555  	968,59081  	25,92629  	0,05330  	0,07074  	-15815,93170  	0,02211  	0,10756  	0,58387  	0,58148  	252626,12581  	190,66439  	6,52587  	-4667896,50935  	1411,38878  	0,21045  	-Inf  	-Inf  	0,00376  	0,00410  	0,00396  	0,00536  	-244,98909  	0,00401  	0,00414  
81,10141  	969,99215  	969,94118  	1327,82053  	25,92599  	0,05320  	0,07086  	-15815,93170  	0,02364  	0,10819  	0,58485  	0,58246  	362619587,78693  	286982,01689  	6,97605  	-4667896,50935  	0,62806  	0,00770  	-Inf  	-Inf  	0,00376  	0,00411  	0,00396  	0,00536  	-244,98909  	0,00401  	0,00414  
82,10179  	1327,82048  	1327,75450  	1327,82053  	25,92662  	0,05528  	0,07106  	62721,85125  	0,02583  	0,10684  	0,58655  	0,58416  	1229201599,68492  	429,61703  	7,62308  	18511657,48787  	0,15399  	0,00433  	-Inf  	-Inf  	0,00376  	0,00412  	0,00396  	0,00536  	971,58262  	0,00402  	0,00414  
83,10199  	1327,82048  	1327,75450  	1327,82053  	25,92707  	0,05225  	0,07126  	85706,53851  	0,02309  	0,10746  	0,58817  	0,58578  	1236347483,87858  	406,06304  	6,81612  	25295332,54600  	0,15488  	0,00409  	-Inf  	-Inf  	0,00376  	0,00411  	0,00396  	0,00537  	1327,62170  	0,00401  	0,00414  
84,10163  	1327,82048  	108,80746  	108,82231  	25,92727  	0,05254  	0,07110  	85706,53851  	0,02392  	0,10751  	0,58684  	0,58445  	593,37782  	91,85309  	7,06068  	25295332,54600  	0,15495  	856,57629  	NaN  	NaN  	0,00376  	0,00411  	0,00396  	0,00537  	1327,62170  	0,00401  	0,00414  
85,10199  	107,32025  	975,45993  	975,51118  	25,92828  	0,05492  	0,07117  	6925,10163  	0,02469  	0,10839  	0,58741  	0,58502  	11072806,28834  	0,01178  	7,28639  	2043866,79905  	1353,01993  	0,01601  	-Inf  	-Inf  	0,00376  	0,00411  	0,00396  	0,00537  	107,27573  	0,00402  	0,00414  
86,10187  	976,83958  	1327,75450  	105,99182  	25,92734  	0,05388  	0,07103  	-15815,93170  	0,02270  	0,10829  	0,58628  	0,58389  	17663838,96580  	1039827,69584  	6,70075  	-4667896,50935  	0,60902  	0,06019  	NaN  	NaN  	0,00376  	0,00411  	0,00396  	0,00536  	-244,98909  	0,00401  	0,00414  
87,10173  	1327,82048  	104,54444  	-244,98909  	25,92797  	0,04973  	0,07087  	-15815,93170  	0,02313  	0,10786  	0,58492  	0,58253  	1659,56121  	2045536,90326  	6,82739  	-4667896,50935  	0,15546  	20,61345  	NaN  	NaN  	0,00376  	0,00411  	0,00396  	0,00536  	-244,98909  	0,00400  	0,00414  
88,10333  	1327,82048  	979,16480  	979,21620  	25,92898  	0,04842  	0,07092  	63204,65873  	0,02465  	0,10807  	0,58537  	0,58298  	180918854,75003  	292,86952  	7,27568  	18654152,75138  	0,15576  	0,01388  	NaN  	NaN  	0,00376  	0,00411  	0,00396  	0,00536  	979,06144  	0,00400  	0,00414  
89,10532  	1327,82048  	1327,75450  	1327,82053  	25,92969  	0,04851  	0,07092  	6593,64273  	0,02423  	0,10709  	0,58535  	0,58296  	1232151001,05033  	376,98452  	7,15097  	1946040,38761  	0,15436  	0,00380  	-Inf  	-Inf  	0,00376  	0,00411  	0,00397  	0,00536  	102,14134  	0,00400  	0,00414  
90,10755  	98,63152  	98,61710  	1327,82053  	25,92909  	0,05080  	0,07097  	63526,34999  	0,02018  	0,10734  	0,58574  	0,58335  	1294587,90214  	261,23847  	5,95734  	18749096,34975  	1257,29721  	0,05805  	-Inf  	-Inf  	0,00376  	0,00409  	0,00395  	0,00536  	984,04452  	0,00400  	0,00414  
91,10775  	988,95037  	988,89860  	1327,82053  	25,93049  	0,05592  	0,07100  	85706,53851  	0,02228  	0,10695  	0,58605  	0,58366  	385184756,84774  	324890,67974  	6,57435  	25295332,54600  	0,56898  	0,00781  	-Inf  	-Inf  	0,00376  	0,00410  	0,00396  	0,00536  	1327,62170  	0,00402  	0,00414  
92,10731  	90,44721  	1327,75450  	1327,82053  	25,93130  	0,05264  	0,07103  	5835,97230  	0,01976  	0,10664  	0,58625  	0,58386  	60800353,06195  	0,01454  	5,83181  	1722422,37973  	1174,88372  	0,00413  	-Inf  	-Inf  	0,00376  	0,00409  	0,00396  	0,00536  	90,40482  	0,00401  	0,00414  
93,10727  	994,58479  	88,23262  	1327,82053  	25,93153  	0,05976  	0,07092  	64196,68074  	0,02330  	0,10887  	0,58535  	0,58296  	16677223,11642  	1318566,62710  	6,87713  	18946937,02358  	0,56456  	0,07053  	-Inf  	-Inf  	0,00376  	0,00411  	0,00396  	0,00536  	994,42813  	0,00403  	0,00414  
94,10850  	1327,82048  	-244,98909  	1327,82053  	25,93119  	0,04998  	0,07122  	5573,25620  	0,02330  	0,10766  	0,58783  	0,58544  	3727773,66347  	9251523,51103  	6,87685  	1644884,64217  	0,15517  	0,19734  	NaN  	NaN  	0,00376  	0,00411  	0,00396  	0,00537  	86,33527  	0,00400  	0,00414  
95,10868  	1327,82048  	-244,98909  	1327,82053  	25,93096  	0,04876  	0,07104  	-15815,93170  	0,02222  	0,10671  	0,58635  	0,58396  	3694978,72235  	9024970,38922  	6,55661  	-4667896,50935  	0,15381  	0,19251  	NaN  	NaN  	0,00376  	0,00410  	0,00396  	0,00536  	-244,98909  	0,00400  	0,00414  
96,10852  	1327,82048  	999,68018  	1327,82053  	25,93118  	0,04883  	0,07105  	-15815,93170  	0,02250  	0,10849  	0,58647  	0,58408  	543956521,98332  	1885940,33685  	6,63997  	-4667896,50935  	0,15637  	0,00669  	-Inf  	-Inf  	0,00376  	0,00410  	0,00396  	0,00536  	-244,98909  	0,00400  	0,00414  
97,10877  	1327,82048  	81,82703  	81,84075  	25,93174  	0,04502  	0,07101  	-15815,93170  	0,02227  	0,10766  	0,58611  	0,58372  	588,08705  	72,70863  	6,57352  	-4667896,50935  	0,15517  	692,95390  	NaN  	NaN  	0,00376  	0,00410  	0,00396  	0,00536  	-244,98909  	0,00398  	0,00414  
98,11016  	1327,82048  	1002,26167  	1002,31404  	25,93162  	0,05146  	0,07130  	64695,58936  	0,02073  	0,10690  	0,58852  	0,58613  	207671580,45662  	317,16799  	6,11754  	19094184,36118  	0,15407  	0,01335  	NaN  	NaN  	0,00376  	0,00410  	0,00396  	0,00537  	1002,15636  	0,00401  	0,00414  
99,11166  	78,68601  	1327,75450  	1327,82053  	25,93181  	0,04608  	0,07131  	5076,80443  	0,02371  	0,10763  	0,58862  	0,58623  	50177682,20469  	0,01272  	6,99673  	1498362,41713  	1082,53510  	0,00361  	-Inf  	-Inf  	0,00376  	0,00411  	0,00396  	0,00537  	78,64510  	0,00399  	0,00414  
100,11282  	1006,90950  	1327,75450  	1327,82053  	25,93288  	0,05205  	0,07093  	-15815,93170  	0,02418  	0,10792  	0,58547  	0,58308  	935624381,49115  	66,37745  	7,13758  	-4667896,50935  	0,52948  	0,00408  	-Inf  	-Inf  	0,00376  	0,00411  	0,00396  	0,00536  	-244,98909  	0,00401  	0,00414  
101,11413  	1327,82048  	1327,75450  	1327,82053  	25,93100  	0,04604  	0,07114  	65183,23731  	0,02340  	0,10787  	0,58721  	0,58482  	1241073950,79650  	357,81168  	6,90549  	19238108,23288  	0,15547  	0,00361  	-Inf  	-Inf  	0,00376  	0,00411  	0,00396  	0,00537  	1009,71016  	0,00399  	0,00414  
102,11427  	68,69276  	68,67960  	1327,82053  	25,93121  	0,04853  	0,07119  	85706,53851  	0,02348  	0,10772  	0,58756  	0,58516  	664946,94986  	255,50383  	6,92897  	25295332,54600  	998,56696  	0,06092  	-Inf  	-Inf  	0,00376  	0,00411  	0,00396  	0,00537  	1327,62170  	0,00400  	0,00414  
103,11426  	-244,98909  	1016,66236  	66,11611  	25,93128  	0,05043  	0,07103  	4265,43603  	0,02291  	0,10777  	0,58628  	0,58389  	776293,85567  	2191,36264  	6,76076  	1258896,05105  	18,21484  	0,19915  	-Inf  	-Inf  	0,00376  	0,00411  	0,00396  	0,00536  	66,07678  	0,00400  	0,00414  
104,11515  	-244,98909  	63,64493  	1019,17356  	25,93264  	0,04823  	0,07100  	-15815,93170  	0,02282  	0,10777  	0,58605  	0,58366  	776454,64111  	2106,75692  	6,73548  	-4667896,50935  	18,21424  	0,19043  	-Inf  	-Inf  	0,00376  	0,00411  	0,00396  	0,00536  	-244,98909  	0,00399  	0,00414  
