01/16/2025 16:45:50Time	T_hot_in(C)	T_cold_in(C)	T_cold_out(C)	T_hot_out(C)	mdot_cold(kg/s)	ASFASIFUAS(kg/s)	Diferencial_cold(bar)	Diferencial_hot(bar)	mdot_hot(kg/s)	ABS_cold(bar)	ABS_hot(bar)	q_cold(kW)	q_hot(kW)	ASFASYFY	Tau_cold_haste	Re_hot	Re_cold	U_global	PSIG_cold(bar)	R_fouling	PSIG_hot(bar)	PSID_hot(bar)	m_dot_hot	PSID_cold(bar)	m_dot_cold
2,05564  	0,00000  	0,00000  	0,00000  	0,00000  	-1,18512  	-0,20833  	-0,25900  	-0,86180  	-3,02442  	-1,72343  	-1,72415  	-0,00000  	-0,00000  	-254,35069  	-76,44127  	-9234,48090  	-3618,55272  	NaN  	NaN  	0,00000  	0,00000  	0,00000  	0,00000  	0,00000  	0,00000  	0,00000  
3,05585  	1327,82048  	1327,75450  	1327,82053  	25,99052  	0,04951  	0,10138  	-15815,93170  	0,02758  	0,12840  	0,83721  	0,83464  	1477224410,96359  	384,90697  	8,13901  	-4667896,50935  	0,18503  	0,00388  	-Inf  	-Inf  	0,00376  	0,00413  	0,00396  	0,00595  	-244,98909  	0,00400  	0,00417  
4,05697  	1327,82048  	199,33017  	1327,82053  	25,99052  	0,05079  	0,13045  	-15815,93170  	0,03264  	0,13577  	1,07751  	1,07476  	45768148,66571  	6746833,16109  	9,63446  	-4667896,50935  	0,19565  	0,04295  	-Inf  	-Inf  	0,00376  	0,00415  	0,00396  	0,00650  	-244,98909  	0,00400  	0,00418  
5,05717  	1327,82048  	773,75910  	309,02956  	25,99103  	0,04796  	0,13288  	49945,47657  	0,03631  	0,14644  	1,09761  	1,09485  	5068982,12127  	2623925,83820  	10,71657  	14740852,46117  	0,21103  	0,18940  	NaN  	NaN  	0,00376  	0,00417  	0,00396  	0,00655  	773,67308  	0,00399  	0,00419  
6,05703  	1327,82048  	1327,75450  	-244,98909  	25,99161  	0,05370  	0,13317  	85706,53851  	0,03697  	0,14816  	1,10001  	1,09725  	5127546,04593  	9941876,47032  	10,91049  	25295332,54600  	0,21350  	0,21207  	NaN  	NaN  	0,00376  	0,00417  	0,00396  	0,00656  	1327,62170  	0,00401  	0,00420  
7,05698  	1327,82048  	304,21297  	-244,98909  	25,99219  	0,05485  	0,13313  	85706,53851  	0,03636  	0,14836  	1,09967  	1,09691  	807,90151  	3546441,74934  	10,73006  	25295332,54600  	0,21379  	362,52376  	NaN  	NaN  	0,00376  	0,00417  	0,00397  	0,00656  	1327,62170  	0,00402  	0,00420  
8,05922  	303,19704  	-244,98909  	779,63439  	25,99272  	0,05300  	0,13355  	85706,53851  	0,03554  	0,14806  	1,10320  	1,10043  	6995,42334  	366,09894  	10,48950  	25295332,54600  	312,43941  	6,64229  	NaN  	NaN  	0,00376  	0,00416  	0,00396  	0,00656  	1327,62170  	0,00401  	0,00420  
9,06040  	781,57524  	781,53217  	1327,82053  	25,99298  	0,05585  	0,13287  	85706,53851  	0,03739  	0,14796  	1,09758  	1,09482  	230746109,89753  	107462,01235  	11,03532  	25295332,54600  	2,31040  	0,01165  	-Inf  	-Inf  	0,00376  	0,00417  	0,00396  	0,00655  	1327,62170  	0,00402  	0,00420  
10,06038  	1327,82048  	1327,75450  	1327,82053  	25,99335  	0,04935  	0,13303  	85706,53851  	0,03791  	0,14772  	1,09888  	1,09612  	1699542829,37629  	383,63958  	11,18880  	25295332,54600  	0,21287  	0,00387  	-Inf  	-Inf  	0,00376  	0,00418  	0,00396  	0,00655  	1327,62170  	0,00400  	0,00420  
11,05976  	1327,82048  	1327,75450  	1327,82053  	25,99393  	0,04274  	0,13280  	85706,53851  	0,03492  	0,14864  	1,09697  	1,09422  	1710026010,03302  	332,26915  	10,30638  	25295332,54600  	0,21419  	0,00335  	-Inf  	-Inf  	0,00376  	0,00416  	0,00396  	0,00655  	1327,62170  	0,00398  	0,00420  
12,06037  	1327,82048  	293,11277  	293,13536  	25,99290  	0,05644  	0,13318  	85706,53851  	0,03281  	0,14962  	1,10015  	1,09739  	66691,60964  	150,12730  	9,68396  	25295332,54600  	0,21560  	4,35457  	NaN  	NaN  	0,00376  	0,00415  	0,00395  	0,00656  	1327,62170  	0,00402  	0,00420  
13,06040  	292,48181  	790,30615  	790,34962  	25,99339  	0,05162  	0,13312  	85706,53851  	0,03361  	0,14971  	1,09959  	1,09683  	12921776,62613  	0,01356  	9,91879  	25295332,54600  	389,12333  	0,03753  	-Inf  	-Inf  	0,00376  	0,00416  	0,00396  	0,00656  	1327,62170  	0,00401  	0,00420  
14,06036  	-244,98909  	290,26578  	1327,82053  	25,99347  	0,04618  	0,13290  	85706,53851  	0,03934  	0,14951  	1,09784  	1,09508  	15271131,48651  	2188,23757  	11,60937  	25295332,54600  	25,28484  	0,03031  	-Inf  	-Inf  	0,00376  	0,00418  	0,00396  	0,00655  	1327,62170  	0,00399  	0,00420  
15,06035  	-244,98909  	793,85854  	288,92928  	25,99299  	0,05209  	0,13283  	85706,53851  	0,03524  	0,14894  	1,09722  	1,09446  	1073111,52884  	1201,25174  	10,40198  	25295332,54600  	25,18828  	0,20572  	-Inf  	-Inf  	0,00376  	0,00416  	0,00396  	0,00655  	1327,62170  	0,00401  	0,00420  
16,06007  	794,84600  	1327,75450  	794,84604  	25,99288  	0,04989  	0,13309  	85706,53851  	0,03425  	0,14900  	1,09936  	1,09660  	246032637,77774  	105036,22999  	10,10762  	25295332,54600  	2,15132  	0,01013  	-Inf  	-Inf  	0,00376  	0,00416  	0,00396  	0,00656  	1327,62170  	0,00400  	0,00420  
17,06127  	1327,82048  	1327,75450  	286,72244  	25,99340  	0,04645  	0,13322  	85706,53851  	0,03410  	0,14857  	1,10044  	1,09767  	71857076,68655  	5692845,54609  	10,06397  	25295332,54600  	0,21409  	0,03078  	NaN  	NaN  	0,00376  	0,00416  	0,00396  	0,00656  	1327,62170  	0,00399  	0,00420  
18,06232  	1327,82048  	1327,75450  	-244,98909  	25,99388  	0,05688  	0,13305  	18410,83146  	0,03864  	0,14926  	1,09902  	1,09626  	5165889,77356  	10531270,66720  	11,40386  	5433752,34185  	0,21509  	0,22464  	NaN  	NaN  	0,00376  	0,00418  	0,00396  	0,00655  	285,19282  	0,00402  	0,00420  
19,06434  	283,15108  	1327,75450  	799,68035  	25,99451  	0,04836  	0,13256  	-15815,93170  	0,03463  	0,14823  	1,09502  	1,09226  	83055956,05022  	142,35248  	10,22027  	-4667896,50935  	464,58538  	0,00972  	-Inf  	-Inf  	0,00376  	0,00416  	0,00396  	0,00655  	-244,98909  	0,00400  	0,00420  
20,06560  	-244,98909  	278,63055  	278,65254  	25,99540  	0,05419  	0,13321  	51906,26732  	0,03992  	0,14853  	1,10035  	1,09759  	9402,54190  	0,05441  	11,78146  	15319558,06322  	25,11916  	5,45027  	-Inf  	-Inf  	0,00376  	0,00419  	0,00396  	0,00656  	804,04627  	0,00401  	0,00420  
21,06709  	807,42635  	807,38219  	807,42638  	25,99498  	0,05115  	0,13315  	85706,53851  	0,03737  	0,14883  	1,09989  	1,09713  	43266535,79378  	9,93629  	11,03063  	25295332,54600  	1,99799  	0,03387  	-Inf  	-Inf  	0,00376  	0,00417  	0,00396  	0,00656  	1327,62170  	0,00400  	0,00420  
22,06707  	1327,82048  	271,93541  	1327,82053  	25,99504  	0,04954  	0,13316  	85706,53851  	0,03093  	0,14809  	1,09994  	1,09718  	67496413,17555  	6157947,87161  	9,12869  	25295332,54600  	0,21340  	0,03417  	-Inf  	-Inf  	0,00376  	0,00414  	0,00396  	0,00656  	1327,62170  	0,00400  	0,00420  
23,06688  	1327,82048  	-244,98909  	268,27332  	25,99567  	0,05114  	0,13297  	85706,53851  	0,03561  	0,14843  	1,09834  	1,09558  	808,78092  	3090374,37464  	10,50943  	25295332,54600  	0,21390  	217,18955  	Inf  	-Inf  	0,00376  	0,00417  	0,00396  	0,00655  	1327,62170  	0,00400  	0,00420  
24,07010  	1327,82048  	815,88136  	815,92590  	25,99481  	0,04843  	0,13293  	17226,08851  	0,03572  	0,14915  	1,09806  	1,09530  	77299641,63364  	253,94508  	10,54109  	5084088,62229  	0,21493  	0,03063  	NaN  	NaN  	0,00376  	0,00417  	0,00396  	0,00655  	266,84083  	0,00400  	0,00420  
25,07025  	1327,82048  	265,42969  	1327,82053  	25,99505  	0,04717  	0,13285  	52758,39870  	0,03658  	0,14864  	1,09742  	1,09466  	65981035,74801  	5899799,46459  	10,79723  	15571055,17072  	0,21419  	0,03312  	-Inf  	-Inf  	0,00376  	0,00417  	0,00396  	0,00655  	817,24602  	0,00399  	0,00420  
26,07026  	1327,82048  	820,66079  	1327,82053  	25,99551  	0,04757  	0,13299  	16917,57027  	0,03624  	0,14884  	1,09856  	1,09580  	449441697,37587  	2839966,76968  	10,69720  	4993032,89078  	0,21448  	0,00917  	-Inf  	-Inf  	0,00376  	0,00417  	0,00396  	0,00655  	262,06180  	0,00399  	0,00420  
27,07005  	1327,82048  	1327,75450  	258,30999  	25,99513  	0,04819  	0,13358  	53219,34804  	0,03466  	0,14810  	1,10342  	1,10065  	63844285,23943  	6066872,00308  	10,22813  	15707099,24829  	0,21342  	0,03451  	NaN  	NaN  	0,00376  	0,00416  	0,00396  	0,00656  	824,38625  	0,00399  	0,00420  
28,07023  	256,85099  	1327,75450  	-244,98909  	25,99568  	0,05275  	0,13304  	85706,53851  	0,03904  	0,14961  	1,09894  	1,09618  	918195,50003  	394,79191  	11,52123  	25295332,54600  	812,41397  	0,20835  	NaN  	NaN  	0,00376  	0,00418  	0,00396  	0,00655  	1327,62170  	0,00401  	0,00420  
29,07024  	827,46690  	255,34350  	827,46693  	25,99636  	0,04651  	0,13332  	85706,53851  	0,03385  	0,14791  	1,10124  	1,09847  	3152467,62748  	138180,41077  	9,99062  	25295332,54600  	1,77282  	0,18367  	-Inf  	-Inf  	0,00376  	0,00416  	0,00396  	0,00656  	1327,62170  	0,00399  	0,00420  
30,07024  	1327,82048  	-244,98909  	254,63517  	25,99672  	0,05006  	0,13320  	85706,53851  	0,04030  	0,14847  	1,10026  	1,09750  	810,55336  	2944386,17822  	11,89358  	25295332,54600  	0,21394  	175,74330  	Inf  	-Inf  	0,00376  	0,00419  	0,00396  	0,00656  	1327,62170  	0,00400  	0,00420  
31,07023  	1327,82048  	829,39412  	829,43923  	25,99801  	0,04935  	0,13291  	16353,82345  	0,03616  	0,14891  	1,09789  	1,09513  	85824972,45057  	262,10298  	10,67320  	4826649,28288  	0,21458  	0,02905  	NaN  	NaN  	0,00376  	0,00417  	0,00396  	0,00655  	253,32920  	0,00400  	0,00420  
32,07022  	251,60485  	251,58402  	1327,82053  	26,00028  	0,04479  	0,13314  	53652,15329  	0,03554  	0,14980  	1,09981  	1,09705  	10889183,91592  	224,65337  	10,48806  	15834836,90945  	908,98799  	0,03268  	-Inf  	-Inf  	0,00376  	0,00416  	0,00396  	0,00656  	831,09052  	0,00398  	0,00420  
33,07257  	-244,98909  	832,65482  	250,13138  	26,00216  	0,05228  	0,13290  	85706,53851  	0,04246  	0,14890  	1,09780  	1,09504  	1072846,91836  	1390,64883  	12,53228  	25295332,54600  	25,18387  	0,20646  	-Inf  	-Inf  	0,00376  	0,00420  	0,00396  	0,00655  	1327,62170  	0,00401  	0,00420  
34,07411  	834,25442  	248,55627  	834,25445  	26,00352  	0,04899  	0,13270  	16043,00858  	0,03983  	0,14937  	1,09615  	1,09339  	3210588,53579  	157471,54491  	11,75478  	4734915,72669  	1,72408  	0,19344  	-Inf  	-Inf  	0,00376  	0,00418  	0,00396  	0,00655  	248,51460  	0,00400  	0,00420  
35,07537  	1327,82048  	837,38980  	1327,82053  	26,00533  	0,04761  	0,13251  	54052,91375  	0,03599  	0,14953  	1,09454  	1,09179  	474304186,61045  	2749001,43536  	10,62125  	15953116,90397  	0,21546  	0,00888  	-Inf  	-Inf  	0,00376  	0,00417  	0,00396  	0,00654  	837,29841  	0,00399  	0,00420  
36,07630  	240,74075  	1327,75450  	1327,82053  	26,00760  	0,05085  	0,13282  	85706,53851  	0,03672  	0,14990  	1,09713  	1,09437  	284470186,50826  	0,01512  	10,83663  	25295332,54600  	1141,75829  	0,00398  	-Inf  	-Inf  	0,00376  	0,00417  	0,00396  	0,00655  	1327,62170  	0,00400  	0,00420  
37,07674  	845,13607  	1327,75450  	1327,82053  	26,01052  	0,05134  	0,13301  	85706,53851  	0,03937  	0,14920  	1,09868  	1,09592  	1080069961,82519  	20,31189  	11,61877  	25295332,54600  	1,62227  	0,00402  	-Inf  	-Inf  	0,00376  	0,00418  	0,00396  	0,00655  	1327,62170  	0,00400  	0,00420  
38,07809  	1327,82048  	234,65530  	1327,82053  	26,01225  	0,04882  	0,13316  	85706,53851  	0,03748  	0,14895  	1,09998  	1,09722  	58258394,86540  	6283069,27007  	11,06190  	25295332,54600  	0,21463  	0,03734  	-Inf  	-Inf  	0,00376  	0,00417  	0,00396  	0,00656  	1327,62170  	0,00400  	0,00420  
39,07879  	1327,82048  	851,37502  	231,41039  	26,01413  	0,04418  	0,13299  	14934,93040  	0,03687  	0,14875  	1,09856  	1,09580  	5148523,56560  	3225138,94989  	10,88260  	4407878,76496  	0,21433  	0,17449  	NaN  	NaN  	0,00376  	0,00417  	0,00396  	0,00655  	231,35016  	0,00398  	0,00420  
40,08013  	1327,82048  	228,84629  	853,96525  	26,01722  	0,05162  	0,13326  	55119,90064  	0,03131  	0,14862  	1,10078  	1,09801  	5145152,03188  	3799140,93231  	9,24069  	16268026,23124  	0,21415  	0,20382  	NaN  	NaN  	0,00376  	0,00415  	0,00395  	0,00656  	853,82633  	0,00401  	0,00420  
41,08012  	226,31999  	-244,98909  	1327,82053  	26,01970  	0,05147  	0,13284  	85706,53851  	0,03564  	0,14822  	1,09729  	1,09453  	789622,39800  	353,83539  	10,51928  	25295332,54600  	1501,15404  	0,20321  	NaN  	NaN  	0,00376  	0,00417  	0,00396  	0,00655  	1327,62170  	0,00401  	0,00420  
42,08013  	859,65872  	-244,98909  	1327,82053  	26,02164  	0,04513  	0,13354  	85706,53851  	0,03299  	0,14891  	1,10311  	1,10035  	3301608,64432  	477095,07305  	9,73764  	25295332,54600  	1,49710  	0,17817  	NaN  	NaN  	0,00376  	0,00415  	0,00396  	0,00656  	1327,62170  	0,00398  	0,00420  
43,08013  	1327,82048  	860,74305  	222,04196  	26,02375  	0,04530  	0,13293  	14330,21272  	0,03800  	0,14901  	1,09808  	1,09532  	5157472,45849  	3406440,87186  	11,21512  	4229403,06018  	0,21470  	0,17888  	NaN  	NaN  	0,00376  	0,00418  	0,00396  	0,00655  	221,98292  	0,00399  	0,00420  
44,08010  	220,74884  	1327,75450  	-244,98909  	26,02596  	0,05318  	0,13329  	-15815,93170  	0,03731  	0,14992  	1,10105  	1,09828  	776094,02082  	362,69104  	11,01268  	-4667896,50935  	1679,24211  	0,21005  	NaN  	NaN  	0,00376  	0,00417  	0,00396  	0,00656  	-244,98909  	0,00401  	0,00420  
45,07986  	863,08387  	1327,75450  	863,08390  	26,02739  	0,04787  	0,13331  	55708,49553  	0,03326  	0,14897  	1,10119  	1,09843  	327396123,63037  	153597,90099  	9,81669  	16441743,47287  	1,47060  	0,00849  	-Inf  	-Inf  	0,00376  	0,00415  	0,00396  	0,00656  	862,94382  	0,00399  	0,00420  
46,08010  	218,32404  	218,30460  	218,32405  	26,02906  	0,04758  	0,13328  	85706,53851  	0,03269  	0,14977  	1,10092  	1,09816  	1049,11735  	0,00400  	9,64739  	25295332,54600  	1748,82925  	18,26490  	-Inf  	-Inf  	0,00376  	0,00415  	0,00396  	0,00656  	1327,62170  	0,00399  	0,00420  
47,08209  	865,19243  	865,14586  	865,19247  	26,02939  	0,04801  	0,13314  	85706,53851  	0,03678  	0,14935  	1,09982  	1,09706  	72855380,62119  	15,70745  	10,85635  	25295332,54600  	1,45793  	0,02352  	-Inf  	-Inf  	0,00376  	0,00417  	0,00397  	0,00656  	1327,62170  	0,00399  	0,00420  
48,08324  	1327,82048  	1327,75450  	215,60598  	26,03119  	0,04640  	0,13305  	85706,53851  	0,03265  	0,14873  	1,09907  	1,09631  	53700944,77140  	6076137,34687  	9,63495  	25295332,54600  	0,21430  	0,03746  	NaN  	NaN  	0,00376  	0,00415  	0,00396  	0,00655  	1327,62170  	0,00399  	0,00420  
49,08340  	211,91648  	211,89732  	870,91494  	26,03254  	0,04404  	0,13342  	85706,53851  	0,03537  	0,14929  	1,10207  	1,09930  	737953,99503  	124,62816  	10,44009  	25295332,54600  	1931,04816  	0,17390  	-Inf  	-Inf  	0,00376  	0,00416  	0,00396  	0,00656  	1327,62170  	0,00398  	0,00420  
50,08512  	874,67006  	-244,98909  	1327,82053  	26,03344  	0,04679  	0,13341  	85706,53851  	0,03893  	0,14890  	1,10202  	1,09926  	3360796,20922  	555907,34380  	11,48998  	25295332,54600  	1,38273  	0,18474  	NaN  	NaN  	0,00376  	0,00418  	0,00396  	0,00656  	1327,62170  	0,00399  	0,00420  
51,08479  	1327,82048  	-244,98909  	206,62837  	26,03585  	0,05033  	0,13307  	13335,28878  	0,03731  	0,14831  	1,09925  	1,09648  	853,84778  	2676351,27993  	11,01172  	3935762,31286  	0,21369  	86,56557  	Inf  	-Inf  	0,00376  	0,00417  	0,00396  	0,00656  	206,57128  	0,00400  	0,00420  
52,08665  	203,48651  	879,29772  	879,34492  	26,03772  	0,05327  	0,13312  	56758,11969  	0,03891  	0,14964  	1,09962  	1,09686  	17134553,57044  	0,01073  	11,48272  	16751528,38025  	2170,81651  	0,02432  	-Inf  	-Inf  	0,00376  	0,00418  	0,00395  	0,00656  	879,20279  	0,00401  	0,00420  
53,08662  	881,89821  	200,91447  	1327,82053  	26,03914  	0,05481  	0,13260  	85706,53851  	0,03355  	0,14922  	1,09536  	1,09260  	33294832,73670  	493124,41674  	9,90318  	25295332,54600  	1,33446  	0,04614  	-Inf  	-Inf  	0,00376  	0,00416  	0,00396  	0,00655  	1327,62170  	0,00402  	0,00420  
54,08678  	197,32425  	885,45971  	1327,82053  	26,03966  	0,04196  	0,13323  	85706,53851  	0,03271  	0,14949  	1,10055  	1,09779  	71711177,34903  	78,89022  	9,65302  	25295332,54600  	2319,90366  	0,00712  	-Inf  	-Inf  	0,00376  	0,00415  	0,00396  	0,00656  	1327,62170  	0,00397  	0,00420  
55,08658  	-244,98909  	1327,75450  	1327,82053  	26,04038  	0,04950  	0,13332  	85706,53851  	0,03588  	0,14904  	1,10123  	1,09847  	356986967,44399  	0,14915  	10,58968  	25295332,54600  	25,21847  	0,00388  	-Inf  	-Inf  	0,00376  	0,00417  	0,00396  	0,00656  	1327,62170  	0,00400  	0,00420  
56,08648  	-244,98909  	194,57419  	1327,82053  	26,04065  	0,05073  	0,13307  	85706,53851  	0,03814  	0,15015  	1,09917  	1,09641  	10325872,19754  	2623,34233  	11,25515  	25295332,54600  	25,40551  	0,04349  	-Inf  	-Inf  	0,00376  	0,00418  	0,00395  	0,00655  	1327,62170  	0,00400  	0,00420  
57,08859  	-244,98909  	-244,98909  	1327,82053  	26,04235  	0,05027  	0,13321  	85706,53851  	0,03665  	0,14934  	1,10039  	1,09763  	1076495,25928  	3608,12073  	10,81715  	25295332,54600  	25,26920  	0,19850  	NaN  	NaN  	0,00376  	0,00417  	0,00396  	0,00656  	1327,62170  	0,00400  	0,00420  
58,09000  	890,92893  	-244,98909  	1327,82053  	26,04267  	0,04670  	0,13305  	85706,53851  	0,03547  	0,14938  	1,09905  	1,09629  	3436220,52706  	628011,52374  	10,46944  	25295332,54600  	1,27511  	0,18439  	NaN  	NaN  	0,00376  	0,00416  	0,00397  	0,00655  	1327,62170  	0,00399  	0,00420  
59,08999  	1327,82048  	893,74259  	1327,82053  	26,04322  	0,04807  	0,13323  	12200,05349  	0,03803  	0,14925  	1,10050  	1,09774  	557198841,59660  	2456985,84593  	11,22474  	3600710,23077  	0,21504  	0,00803  	-Inf  	-Inf  	0,00376  	0,00418  	0,00396  	0,00656  	188,98617  	0,00399  	0,00420  
60,09056  	1327,82048  	185,59818  	185,61626  	26,04337  	0,04516  	0,13296  	-15815,93170  	0,03801  	0,14916  	1,09826  	1,09550  	2332,73908  	96,13462  	11,21894  	-4667896,50935  	0,21491  	45,23594  	NaN  	NaN  	0,00376  	0,00418  	0,00396  	0,00655  	-244,98909  	0,00398  	0,00420  
61,09198  	183,44424  	899,33914  	899,38719  	26,04459  	0,04751  	0,13298  	58051,81762  	0,03859  	0,14855  	1,09843  	1,09567  	17440090,95878  	0,00965  	11,38844  	17133348,95132  	2538,97053  	0,01967  	-Inf  	-Inf  	0,00376  	0,00418  	0,00396  	0,00655  	899,24252  	0,00399  	0,00420  
62,09197  	901,58312  	181,23039  	1327,82053  	26,04587  	0,04776  	0,13292  	85706,53851  	0,03906  	0,14857  	1,09800  	1,09524  	31166492,98983  	507077,55888  	11,52921  	25295332,54600  	1,20116  	0,04256  	-Inf  	-Inf  	0,00376  	0,00418  	0,00396  	0,00655  	1327,62170  	0,00399  	0,00420  
63,09196  	177,38309  	-244,98909  	1327,82053  	26,04732  	0,05082  	0,13320  	85706,53851  	0,03671  	0,14935  	1,10025  	1,09749  	601141,62889  	337,41426  	10,83371  	25295332,54600  	2600,52042  	0,20067  	NaN  	NaN  	0,00376  	0,00417  	0,00396  	0,00656  	1327,62170  	0,00400  	0,00420  
64,09416  	906,59966  	-244,98909  	176,23174  	26,04786  	0,05048  	0,13273  	85706,53851  	0,03494  	0,14863  	1,09639  	1,09363  	660,53887  	204362,59259  	10,31268  	25295332,54600  	1,17167  	55,32800  	Inf  	-Inf  	0,00376  	0,00416  	0,00396  	0,00655  	1327,62170  	0,00400  	0,00420  
65,09396  	175,22241  	907,56062  	-244,98909  	26,04825  	0,04784  	0,13310  	11308,08290  	0,04102  	0,14914  	1,09949  	1,09672  	18891,08350  	232,60631  	12,10581  	3337455,02341  	2605,66724  	1,97523  	NaN  	NaN  	0,00376  	0,00419  	0,00396  	0,00656  	175,16930  	0,00399  	0,00420  
66,09424  	-244,98909  	171,93574  	910,87820  	26,04826  	0,05088  	0,13303  	58793,54461  	0,03547  	0,14993  	1,09885  	1,09609  	1080691,00688  	1715,28523  	10,46975  	17352261,42897  	25,37146  	0,20089  	-Inf  	-Inf  	0,00376  	0,00416  	0,00396  	0,00655  	910,73207  	0,00400  	0,00420  
67,09631  	912,76478  	-244,98909  	1327,82053  	26,04752  	0,04672  	0,13317  	85706,53851  	0,03550  	0,14918  	1,10007  	1,09731  	3518183,38719  	739035,17431  	10,47731  	25295332,54600  	1,14028  	0,18448  	NaN  	NaN  	0,00376  	0,00416  	0,00396  	0,00656  	1327,62170  	0,00399  	0,00420  
68,09651  	1327,82048  	915,18012  	167,60261  	26,04832  	0,05790  	0,13273  	85706,53851  	0,03479  	0,14904  	1,09640  	1,09364  	5158411,68424  	5097281,96894  	10,26749  	25295332,54600  	0,21473  	0,22866  	NaN  	NaN  	0,00376  	0,00416  	0,00396  	0,00655  	1327,62170  	0,00403  	0,00420  
69,09811  	1327,82048  	1327,75450  	-244,98909  	26,04915  	0,04045  	0,13306  	10568,55366  	0,03468  	0,14954  	1,09913  	1,09637  	5175363,49418  	7491969,42563  	10,23534  	3119191,18562  	0,21546  	0,15977  	NaN  	NaN  	0,00376  	0,00416  	0,00397  	0,00655  	163,71379  	0,00397  	0,00420  
70,09938  	161,19158  	1327,75450  	921,63985  	26,04908  	0,04868  	0,13258  	-15815,93170  	0,03838  	0,14986  	1,09515  	1,09240  	62847659,25591  	83,18697  	11,32758  	-4667896,50935  	2584,04034  	0,00771  	-Inf  	-Inf  	0,00376  	0,00418  	0,00396  	0,00655  	-244,98909  	0,00400  	0,00420  
71,09990  	923,71541  	1327,75450  	1327,82053  	26,04982  	0,04548  	0,13322  	59622,16954  	0,03788  	0,14902  	1,10042  	1,09766  	1182170600,71784  	32,70978  	11,17944  	17596820,87170  	1,07890  	0,00356  	-Inf  	-Inf  	0,00376  	0,00418  	0,00397  	0,00656  	923,56770  	0,00399  	0,00420  
72,10099  	154,65924  	1327,75450  	1327,82053  	26,05116  	0,05026  	0,13269  	85706,53851  	0,03656  	0,14891  	1,09608  	1,09332  	169241957,42196  	0,01396  	10,79092  	25295332,54600  	2509,49369  	0,00394  	-Inf  	-Inf  	0,00376  	0,00417  	0,00396  	0,00655  	1327,62170  	0,00400  	0,00420  
73,10414  	-244,98909  	152,99463  	153,01134  	26,05247  	0,04706  	0,13313  	85706,53851  	0,03614  	0,14939  	1,09968  	1,09692  	220,30733  	0,03588  	10,66553  	25295332,54600  	25,28036  	157,28330  	-Inf  	-Inf  	0,00376  	0,00417  	0,00396  	0,00656  	1327,62170  	0,00399  	0,00420  
74,10528  	-244,98909  	-244,98909  	931,95182  	26,05267  	0,05151  	0,13274  	85706,53851  	0,03994  	0,14962  	1,09651  	1,09376  	44837,12787  	2765,67994  	11,78641  	25295332,54600  	25,31920  	1,77477  	NaN  	NaN  	0,00376  	0,00419  	0,00396  	0,00655  	1327,62170  	0,00401  	0,00420  
75,10525  	-244,98909  	937,39276  	145,38904  	26,05346  	0,05358  	0,13288  	85706,53851  	0,03567  	0,14967  	1,09765  	1,09490  	1078604,13542  	1936,01208  	10,52620  	25295332,54600  	25,32842  	0,21159  	-Inf  	-Inf  	0,00376  	0,00417  	0,00396  	0,00655  	1327,62170  	0,00401  	0,00420  
76,10626  	942,15551  	1327,75450  	942,15555  	26,05361  	0,04413  	0,13283  	85706,53851  	0,03443  	0,14979  	1,09722  	1,09446  	451012643,59573  	211502,05487  	10,16159  	25295332,54600  	0,99142  	0,00673  	-Inf  	-Inf  	0,00376  	0,00416  	0,00396  	0,00655  	1327,62170  	0,00398  	0,00420  
77,10843  	1327,82048  	1327,75450  	1327,82053  	26,05262  	0,05551  	0,13307  	8849,66745  	0,03593  	0,14923  	1,09917  	1,09641  	1716784269,62188  	431,64446  	10,60555  	2611881,01939  	0,21500  	0,00435  	-Inf  	-Inf  	0,00376  	0,00417  	0,00396  	0,00655  	137,08778  	0,00402  	0,00420  
78,11099  	134,99113  	1327,75450  	1327,82053  	26,05351  	0,04829  	0,13327  	61179,39248  	0,03051  	0,14919  	1,10090  	1,09813  	143628727,44108  	0,01338  	9,00505  	18056417,92034  	2258,54905  	0,00378  	-Inf  	-Inf  	0,00376  	0,00414  	0,00396  	0,00656  	947,68951  	0,00399  	0,00420  
79,11204  	949,50618  	133,30934  	1327,82053  	26,05365  	0,04978  	0,13303  	8603,68200  	0,03829  	0,14951  	1,09886  	1,09610  	26801391,42806  	778366,78726  	11,30208  	2539281,14506  	0,95534  	0,05115  	-Inf  	-Inf  	0,00376  	0,00418  	0,00396  	0,00655  	133,27740  	0,00400  	0,00420  
80,11378  	127,54326  	955,23778  	127,54327  	26,05357  	0,04694  	0,13282  	61660,14091  	0,03555  	0,14982  	1,09713  	1,09437  	404263,58643  	162,87419  	10,49105  	18198305,47612  	2159,18977  	0,18539  	-Inf  	-Inf  	0,00376  	0,00416  	0,00396  	0,00655  	955,13643  	0,00399  	0,00420  
81,11392  	-244,98909  	1327,75450  	958,08001  	26,05442  	0,05341  	0,13291  	8050,25667  	0,03820  	0,14904  	1,09785  	1,09509  	138781683,30972  	900,78186  	11,27332  	2375943,80740  	25,22237  	0,00790  	-Inf  	-Inf  	0,00376  	0,00418  	0,00396  	0,00655  	124,70469  	0,00401  	0,00420  
82,11314  	962,42345  	1327,75450  	120,40795  	26,05480  	0,04906  	0,13294  	62120,71493  	0,03535  	0,14961  	1,09812  	1,09536  	25655861,00941  	848354,79881  	10,43402  	18334238,78024  	0,89931  	0,05244  	NaN  	NaN  	0,00376  	0,00416  	0,00396  	0,00655  	962,27085  	0,00400  	0,00420  
83,11473  	1327,82048  	117,83071  	-244,98909  	26,05568  	0,04745  	0,13271  	85706,53851  	0,03892  	0,14893  	1,09623  	1,09347  	1860,43379  	2027547,72578  	11,48750  	25295332,54600  	0,21457  	23,28995  	NaN  	NaN  	0,00376  	0,00418  	0,00396  	0,00655  	1327,62170  	0,00399  	0,00420  
84,11478  	1327,82048  	966,35943  	966,41030  	26,05606  	0,04969  	0,13297  	7512,54967  	0,03495  	0,14906  	1,09839  	1,09563  	229392538,62642  	297,63498  	10,31551  	2217245,56346  	0,21475  	0,01508  	NaN  	NaN  	0,00376  	0,00416  	0,00396  	0,00655  	116,37546  	0,00400  	0,00420  
85,11481  	113,05398  	113,03896  	113,05399  	26,05646  	0,04797  	0,13279  	-15815,93170  	0,03327  	0,14867  	1,09685  	1,09409  	55,05783  	0,00302  	9,81859  	-4667896,50935  	1936,02747  	723,87205  	-Inf  	-Inf  	0,00376  	0,00415  	0,00397  	0,00655  	-244,98909  	0,00399  	0,00420  
86,11638  	970,57836  	-244,98909  	-244,98909  	26,05706  	0,04445  	0,13299  	-15815,93170  	0,03279  	0,14931  	1,09857  	1,09581  	223475,50290  	0,00000  	9,67868  	-4667896,50935  	0,86389  	0,86012  	Inf  	-Inf  	0,00376  	0,00415  	0,00396  	0,00655  	-244,98909  	0,00398  	0,00420  
87,11768  	1327,82048  	971,62606  	971,67714  	26,05622  	0,05072  	0,13301  	62718,02389  	0,03369  	0,14892  	1,09870  	1,09594  	237272760,33559  	305,07872  	9,94428  	18510527,88371  	0,21455  	0,01504  	NaN  	NaN  	0,00376  	0,00416  	0,00396  	0,00655  	971,52333  	0,00400  	0,00420  
88,11709  	107,24491  	1327,75450  	107,24492  	26,05728  	0,05257  	0,13316  	6920,23827  	0,03935  	0,14958  	1,09998  	1,09722  	2095117,83531  	268,55750  	11,61351  	2042431,43479  	1868,04280  	0,05850  	-Inf  	-Inf  	0,00376  	0,00418  	0,00396  	0,00656  	107,20039  	0,00401  	0,00420  
89,11730  	979,21616  	1327,75450  	979,21620  	26,05780  	0,05066  	0,13270  	63204,65873  	0,03807  	0,14909  	1,09616  	1,09340  	517451075,88078  	283702,39217  	11,23731  	18654152,75138  	0,82882  	0,00721  	-Inf  	-Inf  	0,00376  	0,00418  	0,00395  	0,00655  	979,06144  	0,00400  	0,00420  
90,11934  	102,46284  	102,44827  	1327,82053  	26,05845  	0,04999  	0,13319  	85706,53851  	0,03899  	0,14940  	1,10018  	1,09742  	1927152,06626  	256,31486  	11,50819  	25295332,54600  	1801,77628  	0,05645  	-Inf  	-Inf  	0,00376  	0,00418  	0,00396  	0,00656  	1327,62170  	0,00400  	0,00420  
91,12157  	-244,98909  	982,27275  	100,50717  	26,05788  	0,05244  	0,13310  	85706,53851  	0,03813  	0,14904  	1,09945  	1,09669  	1074078,63422  	2109,61032  	11,25468  	25295332,54600  	25,22319  	0,20711  	-Inf  	-Inf  	0,00376  	0,00418  	0,00396  	0,00656  	1327,62170  	0,00401  	0,00420  
92,12423  	984,73058  	1327,75450  	-244,98909  	26,05804  	0,05088  	0,13286  	85706,53851  	0,03552  	0,14845  	1,09746  	1,09470  	3783489,82880  	1334432,91949  	10,48480  	25295332,54600  	0,80464  	0,20093  	NaN  	NaN  	0,00376  	0,00416  	0,00396  	0,00655  	1327,62170  	0,00400  	0,00420  
93,12581  	94,21361  	1327,75450  	988,61782  	26,05815  	0,05037  	0,13283  	6079,08779  	0,03855  	0,14953  	1,09718  	1,09442  	38077732,36169  	71,45150  	11,37817  	1794175,21437  	1696,49322  	0,00704  	-Inf  	-Inf  	0,00376  	0,00418  	0,00396  	0,00655  	94,17074  	0,00400  	0,00420  
94,12846  	-244,98909  	88,14745  	1327,82053  	26,05902  	0,04298  	0,13319  	64202,17818  	0,03373  	0,14929  	1,10022  	1,09746  	6396400,51017  	2430,62382  	9,95605  	18948559,53188  	25,26474  	0,05074  	-Inf  	-Inf  	0,00376  	0,00416  	0,00396  	0,00656  	994,51329  	0,00398  	0,00420  
95,12890  	999,01449  	-244,98909  	1327,82053  	26,05913  	0,04974  	0,13249  	5407,99584  	0,04058  	0,14915  	1,09442  	1,09166  	3859419,78826  	1435520,58985  	11,97659  	1596109,88403  	0,75765  	0,19641  	NaN  	NaN  	0,00376  	0,00419  	0,00396  	0,00654  	83,77534  	0,00400  	0,00420  
96,12892  	1327,82048  	-244,98909  	1327,82053  	26,05959  	0,05686  	0,13254  	64789,33891  	0,03675  	0,14922  	1,09485  	1,09209  	5166151,12435  	10532178,09427  	10,84609  	19121853,49803  	0,21498  	0,22451  	NaN  	NaN  	0,00376  	0,00417  	0,00395  	0,00654  	1003,60857  	0,00402  	0,00420  
97,12907  	1327,82048  	-244,98909  	76,61480  	26,05922  	0,05173  	0,13332  	4943,11028  	0,03800  	0,14882  	1,10126  	1,09849  	3675,28628  	1959234,75704  	11,21411  	1458904,07503  	0,21441  	15,29336  	Inf  	-Inf  	0,00376  	0,00418  	0,00396  	0,00656  	76,57414  	0,00401  	0,00420  
98,12967  	1327,82048  	-244,98909  	1008,41726  	26,06035  	0,04797  	0,13298  	65089,54276  	0,03893  	0,14949  	1,09846  	1,09570  	460053,30931  	7080793,88501  	11,49059  	19210455,32828  	0,21536  	0,98313  	Inf  	-Inf  	0,00376  	0,00418  	0,00396  	0,00655  	1008,25881  	0,00399  	0,00420  
99,13040  	1327,82048  	1010,37484  	1327,82053  	26,06155  	0,04918  	0,13300  	85706,53851  	0,03349  	0,14941  	1,09860  	1,09584  	771023539,30890  	1838525,14378  	9,88424  	25295332,54600  	0,21525  	0,00661  	-Inf  	-Inf  	0,00376  	0,00416  	0,00396  	0,00655  	1327,62170  	0,00400  	0,00420  
100,13349  	1327,82048  	1327,75450  	1327,82053  	26,06202  	0,04737  	0,13293  	85706,53851  	0,04075  	0,14961  	1,09802  	1,09526  	1721167560,54391  	368,39113  	12,02803  	25295332,54600  	0,21555  	0,00371  	-Inf  	-Inf  	0,00376  	0,00419  	0,00396  	0,00655  	1327,62170  	0,00399  	0,00420  
101,13456  	68,63196  	1327,75450  	68,63197  	26,06095  	0,05104  	0,13332  	85706,53851  	0,03385  	0,14918  	1,10123  	1,09847  	916283,11363  	268,73269  	9,98944  	25295332,54600  	1383,70214  	0,06410  	-Inf  	-Inf  	0,00376  	0,00416  	0,00397  	0,00656  	1327,62170  	0,00400  	0,00420  
