10/11/2024 14:08:50Time	T_hot_in(C)	T_cold_in(C)	T_cold_out(C)	T_hot_out(C)	mdot_cold(kg/s)	ASFASIFUAS(kg/s)	Diferencial_cold(bar)	Diferencial_hot(bar)	mdot_hot(kg/s)	ABS_cold(bar)	ABS_hot(bar)	q_cold(kW)	q_hot(kW)	ASFASYFY	Tau_cold_haste	Re_hot	Re_cold	U_global	PSIG_cold(bar)	R_fouling	PSIG_hot(bar)	PSID_hot(bar)	m_dot_hot	PSID_cold(bar)	m_dot_cold
1.74111  	0.00000  	0.00000  	0.00000  	0.00000  	-1.18512  	-0.20833  	-0.86278  	-2.50000  	-3.02442  	-1.25000  	-0.08628  	-0.00000  	-0.00000  	-737.84722  	-254.63905  	-9234.48090  	-3618.55272  	NaN  	NaN  	0.00000  	0.00000  	0.00000  	0.00000  	0.00000  	0.00000  	0.00000  
2.74019  	25.26319  	10.16165  	10.36273  	18.08763  	-1.18512  	0.01394  	0.22043  	0.20390  	-3.02442  	0.06845  	-0.08571  	-90.85397  	-0.99684  	60.17806  	65.05658  	-16641.89150  	-4846.51377  	-Inf  	-Inf  	0.00433  	0.00003  	0.00422  	0.00427  	0.00499  	0.00000  	0.00000  
3.74089  	25.26335  	10.16007  	10.36185  	18.08637  	-1.18512  	0.01346  	0.22014  	0.20118  	-3.02442  	0.06936  	-0.08570  	-90.87191  	-1.00034  	59.37480  	64.97156  	-16641.67024  	-4846.34992  	-Inf  	-Inf  	0.00432  	0.00003  	0.00422  	0.00426  	0.00499  	0.00000  	0.00000  
4.74032  	25.26389  	10.15923  	10.36115  	18.08643  	-1.18512  	0.01339  	0.21994  	0.20579  	-3.02442  	0.06936  	-0.08575  	-90.87800  	-1.00103  	60.73783  	64.91307  	-16641.79179  	-4846.24750  	-Inf  	-Inf  	0.00433  	0.00002  	0.00422  	0.00426  	0.00499  	0.00000  	0.00000  
5.74404  	25.26358  	10.15823  	10.35924  	18.08595  	-1.18512  	0.01340  	0.21904  	0.20132  	-3.02442  	0.06823  	-0.08575  	-90.88018  	-0.99655  	59.41612  	64.64681  	-16641.63104  	-4846.05372  	-Inf  	-Inf  	0.00432  	0.00002  	0.00422  	0.00426  	0.00498  	0.00000  	0.00000  
6.74369  	25.26344  	10.15757  	10.35737  	18.08650  	-1.18512  	0.01253  	0.21943  	0.20217  	-3.02442  	0.06937  	-0.08572  	-90.87150  	-0.99051  	59.66727  	64.76263  	-16641.71299  	-4845.88582  	-Inf  	-Inf  	0.00432  	0.00003  	0.00422  	0.00424  	0.00499  	0.00000  	0.00000  
7.74371  	25.26379  	10.15684  	10.35705  	18.08484  	-1.18512  	0.01265  	0.21963  	0.20212  	-3.02442  	0.06687  	-0.08573  	-90.89707  	-0.99254  	59.65357  	64.82120  	-16641.44866  	-4845.81514  	-Inf  	-Inf  	0.00432  	0.00003  	0.00421  	0.00424  	0.00499  	0.00000  	0.00000  
8.74357  	25.26330  	10.15635  	10.35661  	18.08407  	-1.18512  	0.01239  	0.22084  	0.20521  	-3.02442  	0.06722  	-0.08569  	-90.90056  	-0.99282  	60.56542  	65.17972  	-16641.19308  	-4845.75385  	-Inf  	-Inf  	0.00433  	0.00003  	0.00422  	0.00424  	0.00499  	0.00000  	0.00000  
9.74624  	25.26376  	10.15558  	10.35714  	18.08434  	-1.18512  	0.01325  	0.21946  	0.20866  	-3.02442  	0.06771  	-0.08567  	-90.90297  	-0.99922  	61.58442  	64.77108  	-16641.34004  	-4845.73730  	-Inf  	-Inf  	0.00433  	0.00003  	0.00422  	0.00425  	0.00499  	0.00000  	0.00000  
10.74689  	25.26391  	10.15497  	10.35661  	18.08436  	-1.18512  	0.01460  	0.22085  	0.20490  	-3.02442  	0.06829  	-0.08572  	-90.90460  	-0.99961  	60.47265  	65.18008  	-16641.37398  	-4845.66170  	-Inf  	-Inf  	0.00433  	0.00003  	0.00422  	0.00428  	0.00499  	0.00000  	0.00000  
11.74672  	25.26411  	10.15339  	10.35392  	18.08405  	-1.18512  	0.01331  	0.21988  	0.20476  	-3.02442  	0.06904  	-0.08569  	-90.91108  	-0.99412  	60.43370  	64.89500  	-16641.35280  	-4845.37715  	-Inf  	-Inf  	0.00433  	0.00003  	0.00422  	0.00426  	0.00499  	0.00000  	0.00000  
12.74668  	25.26339  	10.15300  	10.35334  	18.08317  	-1.18512  	0.01254  	0.22018  	0.20615  	-3.02442  	0.06854  	-0.08572  	-90.91315  	-0.99319  	60.84233  	64.98319  	-16641.02980  	-4845.31292  	-Inf  	-Inf  	0.00433  	0.00003  	0.00422  	0.00424  	0.00499  	0.00000  	0.00000  
13.74811  	25.26367  	10.15213  	10.35235  	18.08391  	-1.18512  	0.01323  	0.22059  	0.20433  	-3.02442  	0.06795  	-0.08570  	-90.90736  	-0.99259  	60.30427  	65.10586  	-16641.23454  	-4845.18924  	-Inf  	-Inf  	0.00433  	0.00003  	0.00422  	0.00425  	0.00499  	0.00000  	0.00000  
14.74767  	25.26406  	10.15007  	10.35186  	18.08405  	-1.18512  	0.01296  	0.22068  	0.20539  	-3.02442  	0.06780  	-0.08572  	-90.91049  	-1.00038  	60.61927  	65.12988  	-16641.34313  	-4845.01945  	-Inf  	-Inf  	0.00433  	0.00003  	0.00422  	0.00425  	0.00499  	0.00000  	0.00000  
15.74735  	25.26463  	10.15030  	10.35165  	18.08362  	-1.18512  	0.01410  	0.22033  	0.20731  	-3.02442  	0.06910  	-0.08574  	-90.92319  	-0.99819  	61.18453  	65.02759  	-16641.37162  	-4845.02017  	-Inf  	-Inf  	0.00433  	0.00003  	0.00422  	0.00427  	0.00499  	0.00000  	0.00000  
16.74796  	25.26400  	10.14967  	10.35057  	18.08356  	-1.18512  	0.01459  	0.22014  	0.20429  	-3.02442  	0.06851  	-0.08568  	-90.91595  	-0.99599  	60.29336  	64.97230  	-16641.23071  	-4844.90611  	-Inf  	-Inf  	0.00433  	0.00003  	0.00422  	0.00428  	0.00499  	0.00000  	0.00000  
17.74745  	25.26447  	10.14889  	10.35015  	18.08355  	-1.18512  	0.01358  	0.22018  	0.20473  	-3.02442  	0.06831  	-0.08572  	-90.92206  	-0.99774  	60.42330  	64.98442  	-16641.32466  	-4844.82649  	-Inf  	-Inf  	0.00433  	0.00003  	0.00422  	0.00426  	0.00499  	0.00000  	0.00000  
18.74825  	25.26385  	10.14793  	10.35054  	18.08379  	-1.18512  	0.01430  	0.22113  	0.20531  	-3.02442  	0.06832  	-0.08576  	-90.91113  	-1.00444  	60.59634  	65.26393  	-16641.24883  	-4844.78876  	-Inf  	-Inf  	0.00433  	0.00002  	0.00422  	0.00427  	0.00499  	0.00000  	0.00000  
19.74908  	25.26471  	10.14726  	10.34958  	18.08396  	-1.18512  	0.01408  	0.21979  	0.20528  	-3.02442  	0.06862  	-0.08572  	-90.91994  	-1.00304  	60.58689  	64.86734  	-16641.45530  	-4844.68031  	-Inf  	-Inf  	0.00433  	0.00003  	0.00422  	0.00427  	0.00499  	0.00000  	0.00000  
20.75005  	25.26567  	10.14646  	10.34849  	18.08290  	-1.18512  	0.01395  	0.22075  	0.20426  	-3.02442  	0.06879  	-0.08574  	-90.94554  	-1.00153  	60.28560  	65.15163  	-16641.43574  	-4844.55428  	-Inf  	-Inf  	0.00433  	0.00003  	0.00422  	0.00427  	0.00499  	0.00000  	0.00000  
21.75209  	25.26606  	10.14650  	10.34768  	18.08372  	-1.18512  	0.01385  	0.21898  	0.20639  	-3.02442  	0.07010  	-0.08568  	-90.94008  	-0.99737  	60.91424  	64.63053  	-16641.68250  	-4844.50270  	-Inf  	-Inf  	0.00433  	0.00003  	0.00422  	0.00427  	0.00498  	0.00000  	0.00000  
22.75265  	25.26601  	10.14625  	10.34789  	18.08354  	-1.18512  	0.01388  	0.21956  	0.20463  	-3.02442  	0.06828  	-0.08569  	-90.94172  	-0.99964  	60.39493  	64.80075  	-16641.63405  	-4844.50017  	-Inf  	-Inf  	0.00433  	0.00003  	0.00422  	0.00427  	0.00499  	0.00000  	0.00000  
23.75401  	25.26667  	10.14531  	10.34668  	18.08299  	-1.18512  	0.01354  	0.22009  	0.20230  	-3.02442  	0.06798  	-0.08573  	-90.95716  	-0.99829  	59.70687  	64.95730  	-16641.65729  	-4844.35731  	-Inf  	-Inf  	0.00432  	0.00003  	0.00422  	0.00426  	0.00499  	0.00000  	0.00000  
24.75518  	25.26675  	10.14436  	10.34556  	18.08300  	-1.18512  	0.01397  	0.22132  	0.20400  	-3.02442  	0.06826  	-0.08572  	-90.95798  	-0.99745  	60.20954  	65.32059  	-16641.67494  	-4844.21974  	-Inf  	-Inf  	0.00433  	0.00003  	0.00422  	0.00427  	0.00499  	0.00000  	0.00000  
25.75547  	25.26663  	10.14378  	10.34438  	18.08262  	-1.18512  	0.01367  	0.21943  	0.20721  	-3.02442  	0.06992  	-0.08572  	-90.96136  	-0.99448  	61.15552  	64.76099  	-16641.57404  	-4844.10258  	-Inf  	-Inf  	0.00433  	0.00003  	0.00422  	0.00426  	0.00499  	0.00000  	0.00000  
26.75901  	25.26760  	10.14335  	10.34437  	18.08297  	-1.18512  	0.01396  	0.21971  	0.20223  	-3.02442  	0.06889  	-0.08571  	-90.96911  	-0.99659  	59.68701  	64.84349  	-16641.84277  	-4844.07275  	-Inf  	-Inf  	0.00432  	0.00003  	0.00422  	0.00427  	0.00499  	0.00000  	0.00000  
27.75891  	25.26751  	10.14189  	10.34326  	18.08267  	-1.18512  	0.01362  	0.21994  	0.20299  	-3.02442  	0.06810  	-0.08571  	-90.97183  	-0.99834  	59.91147  	64.91230  	-16641.76177  	-4843.90184  	-Inf  	-Inf  	0.00432  	0.00003  	0.00422  	0.00426  	0.00499  	0.00000  	0.00000  
28.76009  	25.26852  	10.14086  	10.34219  	18.08193  	-1.18512  	0.01205  	0.21900  	0.20133  	-3.02442  	0.06795  	-0.08570  	-90.99403  	-0.99808  	59.42174  	64.63481  	-16641.81768  	-4843.76215  	-Inf  	-Inf  	0.00432  	0.00003  	0.00422  	0.00423  	0.00498  	0.00000  	0.00000  
29.76122  	25.26878  	10.14057  	10.34189  	18.08226  	-1.18512  	0.01385  	0.21878  	0.20390  	-3.02442  	0.06833  	-0.08572  	-90.99311  	-0.99808  	60.17886  	64.57015  	-16641.93722  	-4843.72302  	-Inf  	-Inf  	0.00433  	0.00003  	0.00422  	0.00427  	0.00498  	0.00000  	0.00000  
30.76284  	25.26928  	10.13936  	10.34170  	18.08101  	-1.18512  	0.01371  	0.21947  	0.20450  	-3.02442  	0.06758  	-0.08569  	-91.01536  	-1.00311  	60.35609  	64.77287  	-16641.78540  	-4843.62923  	-Inf  	-Inf  	0.00433  	0.00003  	0.00422  	0.00426  	0.00499  	0.00000  	0.00000  
31.76363  	25.26866  	10.13928  	10.34058  	18.08063  	-1.18512  	0.01459  	0.21877  	0.20256  	-3.02442  	0.06811  	-0.08568  	-91.01233  	-0.99794  	59.78356  	64.56705  	-16641.58208  	-4843.55006  	-Inf  	-Inf  	0.00432  	0.00003  	0.00422  	0.00428  	0.00498  	0.00000  	0.00000  
32.76563  	25.26988  	10.13860  	10.33984  	18.08026  	-1.18512  	0.01268  	0.21986  	0.20233  	-3.02442  	0.06808  	-0.08574  	-91.03238  	-0.99768  	59.71559  	64.88928  	-16641.75628  	-4843.45524  	-Inf  	-Inf  	0.00432  	0.00003  	0.00422  	0.00424  	0.00499  	0.00000  	0.00000  
33.76782  	25.26978  	10.13673  	10.33925  	18.08029  	-1.18512  	0.01297  	0.21921  	0.20340  	-3.02442  	0.06769  	-0.08572  	-91.03076  	-1.00402  	60.03099  	64.69764  	-16641.74054  	-4843.29152  	-Inf  	-Inf  	0.00433  	0.00003  	0.00422  	0.00425  	0.00499  	0.00000  	0.00000  
34.76894  	25.26899  	10.13668  	10.33802  	18.07971  	-1.18512  	0.01480  	0.21987  	0.20519  	-3.02442  	0.06795  	-0.08568  	-91.02811  	-0.99817  	60.55853  	64.89288  	-16641.46282  	-4843.20581  	-Inf  	-Inf  	0.00433  	0.00003  	0.00422  	0.00428  	0.00499  	0.00000  	0.00000  
35.76916  	25.27016  	10.13643  	10.33797  	18.07855  	-1.18512  	0.01376  	0.21936  	0.20340  	-3.02442  	0.06929  	-0.08572  	-91.05754  	-0.99915  	60.03126  	64.74240  	-16641.46510  	-4843.18670  	-Inf  	-Inf  	0.00433  	0.00003  	0.00422  	0.00426  	0.00499  	0.00000  	0.00000  
36.77018  	25.27023  	10.13601  	10.33848  	18.07923  	-1.18512  	0.01274  	0.21979  	0.20069  	-3.02442  	0.06955  	-0.08573  	-91.04992  	-1.00376  	59.23283  	64.86729  	-16641.61853  	-4843.19276  	-Inf  	-Inf  	0.00432  	0.00003  	0.00422  	0.00424  	0.00499  	0.00000  	0.00000  
37.77102  	25.27019  	10.13527  	10.33772  	18.07828  	-1.18512  	0.01354  	0.21984  	0.20322  	-3.02442  	0.06817  	-0.08571  	-91.06139  	-1.00363  	59.97723  	64.88458  	-16641.41514  	-4843.09220  	-Inf  	-Inf  	0.00433  	0.00003  	0.00422  	0.00426  	0.00499  	0.00000  	0.00000  
38.77202  	25.27075  	10.13483  	10.33632  	18.07797  	-1.18512  	0.01196  	0.21992  	0.20519  	-3.02442  	0.06896  	-0.08567  	-91.07250  	-0.99889  	60.55865  	64.90779  	-16641.46598  	-4842.96994  	-Inf  	-Inf  	0.00433  	0.00003  	0.00422  	0.00423  	0.00499  	0.00000  	0.00000  
39.77356  	25.27071  	10.13382  	10.33728  	18.07741  	-1.18512  	0.01398  	0.22001  	0.20318  	-3.02442  	0.06779  	-0.08572  	-91.07910  	-1.00869  	59.96640  	64.93450  	-16641.34427  	-4842.96639  	-Inf  	-Inf  	0.00433  	0.00003  	0.00422  	0.00427  	0.00499  	0.00000  	0.00000  
40.77384  	25.27019  	10.13374  	10.33573  	18.07725  	-1.18512  	0.01371  	0.21956  	0.20637  	-3.02442  	0.06774  	-0.08575  	-91.07459  	-1.00138  	60.90880  	64.80053  	-16641.20663  	-4842.85765  	-Inf  	-Inf  	0.00433  	0.00002  	0.00422  	0.00426  	0.00499  	0.00000  	0.00000  
41.77491  	25.27010  	10.13395  	10.33572  	18.07720  	-1.18512  	0.01304  	0.21958  	0.20516  	-3.02442  	0.06991  	-0.08570  	-91.07404  	-1.00025  	60.55074  	64.80788  	-16641.18025  	-4842.87132  	-Inf  	-Inf  	0.00433  	0.00003  	0.00422  	0.00425  	0.00499  	0.00000  	0.00000  
42.77492  	25.27033  	10.13334  	10.33562  	18.07619  	-1.18512  	0.01257  	0.21968  	0.20575  	-3.02442  	0.06864  	-0.08564  	-91.08963  	-1.00279  	60.72441  	64.83486  	-16641.02127  	-4842.82434  	-Inf  	-Inf  	0.00433  	0.00003  	0.00422  	0.00424  	0.00499  	0.00000  	0.00000  
43.77483  	25.27118  	10.13225  	10.33373  	18.07702  	-1.18512  	0.01422  	0.22042  	0.20339  	-3.02442  	0.06857  	-0.08577  	-91.08999  	-0.99884  	60.02929  	65.05334  	-16641.35982  	-4842.62600  	-Inf  	-Inf  	0.00433  	0.00002  	0.00422  	0.00427  	0.00499  	0.00000  	0.00000  
44.77704  	25.27056  	10.13120  	10.33245  	18.07556  	-1.18512  	0.01452  	0.22003  	0.20305  	-3.02442  	0.06953  	-0.08568  	-91.10069  	-0.99773  	59.92831  	64.93917  	-16640.93996  	-4842.47043  	-Inf  	-Inf  	0.00432  	0.00003  	0.00422  	0.00428  	0.00499  	0.00000  	0.00000  
45.77717  	25.27079  	10.13037  	10.33289  	18.07544  	-1.18512  	0.01427  	0.21924  	0.20617  	-3.02442  	0.06936  	-0.08569  	-91.10512  	-1.00401  	60.84993  	64.70699  	-16640.96193  	-4842.44429  	-Inf  	-Inf  	0.00433  	0.00003  	0.00422  	0.00427  	0.00499  	0.00000  	0.00000  
46.77889  	25.27070  	10.12997  	10.33334  	18.07446  	-1.18512  	0.01463  	0.21952  	0.20085  	-3.02442  	0.06796  	-0.08573  	-91.11640  	-1.00820  	59.27966  	64.78769  	-16640.74494  	-4842.44775  	-Inf  	-Inf  	0.00432  	0.00003  	0.00422  	0.00428  	0.00499  	0.00000  	0.00000  
47.77981  	25.27090  	10.12951  	10.33286  	18.07475  	-1.18512  	0.01327  	0.22070  	0.20403  	-3.02442  	0.06903  	-0.08574  	-91.11526  	-1.00813  	60.21664  	65.13724  	-16640.84347  	-4842.38557  	-Inf  	-Inf  	0.00433  	0.00003  	0.00422  	0.00425  	0.00499  	0.00000  	0.00000  
48.78012  	25.27076  	10.12902  	10.33228  	18.07531  	-1.18512  	0.01441  	0.22007  	0.20348  	-3.02442  	0.06830  	-0.08572  	-91.10636  	-1.00767  	60.05368  	64.95085  	-16640.93109  	-4842.31423  	-Inf  	-Inf  	0.00433  	0.00003  	0.00422  	0.00428  	0.00499  	0.00000  	0.00000  
49.78051  	25.27133  	10.12930  	10.33220  	18.07521  	-1.18512  	0.01352  	0.21960  	0.20500  	-3.02442  	0.06788  	-0.08573  	-91.11488  	-1.00592  	60.50396  	64.81148  	-16641.02403  	-4842.32751  	-Inf  	-Inf  	0.00433  	0.00003  	0.00422  	0.00426  	0.00499  	0.00000  	0.00000  
50.78088  	25.27136  	10.12785  	10.33084  	18.07531  	-1.18512  	0.01255  	0.21980  	0.20678  	-3.02442  	0.06799  	-0.08571  	-91.11396  	-1.00631  	61.02786  	64.87102  	-16641.05256  	-4842.14076  	-Inf  	-Inf  	0.00433  	0.00003  	0.00422  	0.00424  	0.00499  	0.00000  	0.00000  
51.78062  	25.27165  	10.12713  	10.33077  	18.07540  	-1.18512  	0.01278  	0.22115  	0.20378  	-3.02442  	0.06847  	-0.08576  	-91.11651  	-1.00955  	60.14273  	65.26968  	-16641.12988  	-4842.08734  	-Inf  	-Inf  	0.00433  	0.00002  	0.00422  	0.00425  	0.00499  	0.00000  	0.00000  
52.78245  	25.27198  	10.12830  	10.33009  	18.07469  	-1.18512  	0.01509  	0.22078  	0.20459  	-3.02442  	0.06940  	-0.08575  	-91.12970  	-1.00041  	60.38333  	65.16135  	-16641.04983  	-4842.12052  	-Inf  	-Inf  	0.00433  	0.00002  	0.00422  	0.00429  	0.00499  	0.00000  	0.00000  
53.78288  	25.27202  	10.12700  	10.32960  	18.07513  	-1.18512  	0.01324  	0.22014  	0.20634  	-3.02442  	0.06777  	-0.08576  	-91.12462  	-1.00441  	60.89911  	64.97298  	-16641.14872  	-4842.00140  	-Inf  	-Inf  	0.00433  	0.00002  	0.00422  	0.00425  	0.00499  	0.00000  	0.00000  
54.78286  	25.27283  	10.12602  	10.32890  	18.07493  	-1.18512  	0.01198  	0.21966  	0.20570  	-3.02442  	0.06806  	-0.08567  	-91.13742  	-1.00579  	60.70912  	64.82947  	-16641.27121  	-4841.88927  	-Inf  	-Inf  	0.00433  	0.00003  	0.00422  	0.00423  	0.00499  	0.00000  	0.00000  
55.78219  	25.27236  	10.12600  	10.32818  	18.07517  	-1.18512  	0.01322  	0.21913  	0.20420  	-3.02442  	0.06829  	-0.08571  	-91.12836  	-1.00231  	60.26726  	64.67390  	-16641.22532  	-4841.84068  	-Inf  	-Inf  	0.00433  	0.00003  	0.00422  	0.00425  	0.00498  	0.00000  	0.00000  
56.78391  	25.27221  	10.12537  	10.32879  	18.07465  	-1.18512  	0.01313  	0.22075  	0.20371  	-3.02442  	0.06755  	-0.08568  	-91.13313  	-1.00847  	60.12335  	65.15284  	-16641.08811  	-4841.83873  	-Inf  	-Inf  	0.00433  	0.00003  	0.00422  	0.00425  	0.00499  	0.00000  	0.00000  
57.78478  	25.27241  	10.12516  	10.32792  	18.07574  	-1.18512  	0.01378  	0.22011  	0.20547  	-3.02442  	0.06899  	-0.08575  	-91.12184  	-1.00520  	60.64128  	64.96429  	-16641.35152  	-4841.76679  	-Inf  	-Inf  	0.00433  	0.00002  	0.00422  	0.00426  	0.00499  	0.00000  	0.00000  
58.78512  	25.27369  	10.12389  	10.32715  	18.07556  	-1.18512  	0.01287  	0.21876  	0.20539  	-3.02442  	0.06794  	-0.08573  	-91.14039  	-1.00767  	60.61797  	64.56565  	-16641.57356  	-4841.63156  	-Inf  	-Inf  	0.00433  	0.00003  	0.00422  	0.00425  	0.00498  	0.00000  	0.00000  
59.78588  	25.27346  	10.12500  	10.32684  	18.07656  	-1.18512  	0.01321  	0.21939  	0.20341  	-3.02442  	0.06828  	-0.08576  	-91.12478  	-1.00062  	60.03441  	64.75073  	-16641.72944  	-4841.68426  	-Inf  	-Inf  	0.00433  	0.00002  	0.00422  	0.00425  	0.00499  	0.00000  	0.00000  
60.78616  	25.27502  	10.12385  	10.32718  	18.07603  	-1.18512  	0.01389  	0.22036  	0.20325  	-3.02442  	0.06909  	-0.08572  	-91.15121  	-1.00802  	59.98597  	65.03814  	-16641.93917  	-4841.63133  	-Inf  	-Inf  	0.00433  	0.00003  	0.00422  	0.00427  	0.00499  	0.00000  	0.00000  
61.78779  	25.27525  	10.12310  	10.32677  	18.07582  	-1.18512  	0.01392  	0.22047  	0.20233  	-3.02442  	0.06897  	-0.08570  	-91.15688  	-1.00968  	59.71671  	65.06892  	-16641.94340  	-4841.55364  	-Inf  	-Inf  	0.00432  	0.00003  	0.00422  	0.00427  	0.00499  	0.00000  	0.00000  
62.78948  	25.27602  	10.12265  	10.32582  	18.07593  	-1.18512  	0.01199  	0.21911  	0.20313  	-3.02442  	0.06741  	-0.08572  	-91.16528  	-1.00722  	59.95160  	64.66767  	-16642.12170  	-4841.45996  	-Inf  	-Inf  	0.00433  	0.00003  	0.00422  	0.00423  	0.00498  	0.00000  	0.00000  
63.79096  	25.27596  	10.12281  	10.32415  	18.07606  	-1.18512  	0.01357  	0.21992  	0.20418  	-3.02442  	0.06843  	-0.08570  	-91.16285  	-0.99817  	60.26056  	64.90623  	-16642.13679  	-4841.36010  	-Inf  	-Inf  	0.00433  	0.00003  	0.00422  	0.00426  	0.00499  	0.00000  	0.00000  
64.79093  	25.27678  	10.12111  	10.32514  	18.07571  	-1.18512  	0.01309  	0.21903  	0.20740  	-3.02442  	0.06809  	-0.08568  	-91.17754  	-1.01147  	61.21303  	64.64453  	-16642.23096  	-4841.31247  	-Inf  	-Inf  	0.00433  	0.00003  	0.00422  	0.00425  	0.00498  	0.00000  	0.00000  
65.79116  	25.27640  	10.12189  	10.32493  	18.07590  	-1.18512  	0.01259  	0.21986  	0.20715  	-3.02442  	0.06947  	-0.08573  	-91.17051  	-1.00655  	61.13680  	64.88889  	-16642.19303  	-4841.35078  	-Inf  	-Inf  	0.00433  	0.00003  	0.00422  	0.00424  	0.00499  	0.00000  	0.00000  
66.79120  	25.27710  	10.12090  	10.32474  	18.07630  	-1.18512  	0.01321  	0.21872  	0.20381  	-3.02442  	0.06755  	-0.08569  	-91.17425  	-1.01056  	60.15171  	64.55332  	-16642.41587  	-4841.27180  	-Inf  	-Inf  	0.00433  	0.00003  	0.00422  	0.00425  	0.00498  	0.00000  	0.00000  
67.79142  	25.27827  	10.12164  	10.32442  	18.07526  	-1.18512  	0.01286  	0.21983  	0.20200  	-3.02442  	0.06793  	-0.08572  	-91.20218  	-1.00528  	59.61724  	64.88107  	-16642.44170  	-4841.29993  	-Inf  	-Inf  	0.00432  	0.00003  	0.00422  	0.00425  	0.00499  	0.00000  	0.00000  
68.79182  	25.27823  	10.12092  	10.32419  	18.07534  	-1.18512  	0.01409  	0.21919  	0.20499  	-3.02442  	0.06753  	-0.08574  	-91.20076  	-1.00773  	60.50032  	64.69039  	-16642.45094  	-4841.23676  	-Inf  	-Inf  	0.00433  	0.00002  	0.00422  	0.00427  	0.00499  	0.00000  	0.00000  
69.79400  	25.27918  	10.12003  	10.32477  	18.07499  	-1.18512  	0.01342  	0.21979  	0.20368  	-3.02442  	0.06885  	-0.08569  	-91.21714  	-1.01503  	60.11324  	64.86972  	-16642.57271  	-4841.21611  	-Inf  	-Inf  	0.00433  	0.00003  	0.00422  	0.00426  	0.00499  	0.00000  	0.00000  
70.79603  	25.27879  	10.12056  	10.32454  	18.07545  	-1.18512  	0.01288  	0.21853  	0.20705  	-3.02442  	0.06780  	-0.08571  	-91.20649  	-1.01124  	61.10980  	64.49674  	-16642.58609  	-4841.23648  	-Inf  	-Inf  	0.00433  	0.00003  	0.00422  	0.00425  	0.00498  	0.00000  	0.00000  
71.79698  	25.27956  	10.11924  	10.32412  	18.07422  	-1.18512  	0.01382  	0.21920  	0.19952  	-3.02442  	0.06866  	-0.08577  	-91.23169  	-1.01570  	58.88736  	64.69299  	-16642.49221  	-4841.12071  	-Inf  	-Inf  	0.00432  	0.00002  	0.00422  	0.00427  	0.00499  	0.00000  	0.00000  
72.79764  	25.27940  	10.11901  	10.32316  	18.07491  	-1.18512  	0.01462  	0.22024  	0.20421  	-3.02442  	0.06841  	-0.08572  	-91.22101  	-1.01211  	60.26937  	65.00286  	-16642.59909  	-4841.04137  	-Inf  	-Inf  	0.00433  	0.00003  	0.00422  	0.00428  	0.00499  	0.00000  	0.00000  
73.79844  	25.27920  	10.11943  	10.32304  	18.07515  	-1.18512  	0.01441  	0.21934  	0.20349  	-3.02442  	0.06781  	-0.08573  	-91.21542  	-1.00941  	60.05856  	64.73591  	-16642.60772  	-4841.06079  	-Inf  	-Inf  	0.00433  	0.00003  	0.00422  	0.00428  	0.00499  	0.00000  	0.00000  
74.80002  	25.28031  	10.11943  	10.32198  	18.07456  	-1.18512  	0.01290  	0.21950  	0.20519  	-3.02442  	0.06842  	-0.08569  	-91.23688  	-1.00415  	60.55891  	64.78416  	-16642.71402  	-4840.99018  	-Inf  	-Inf  	0.00433  	0.00003  	0.00422  	0.00425  	0.00499  	0.00000  	0.00000  
75.80112  	25.27985  	10.11835  	10.32017  	18.07436  	-1.18512  	0.01455  	0.21897  	0.20382  	-3.02442  	0.06855  	-0.08571  	-91.23367  	-1.00053  	60.15502  	64.62735  	-16642.57930  	-4840.79832  	-Inf  	-Inf  	0.00433  	0.00003  	0.00422  	0.00428  	0.00498  	0.00000  	0.00000  
76.80095  	25.28033  	10.11764  	10.32029  	18.07388  	-1.18512  	0.01460  	0.21932  	0.19926  	-3.02442  	0.06793  	-0.08574  	-91.24582  	-1.00465  	58.80927  	64.72928  	-16642.57965  	-4840.75917  	-Inf  	-Inf  	0.00432  	0.00003  	0.00422  	0.00428  	0.00499  	0.00000  	0.00000  
77.80101  	25.28092  	10.11671  	10.32034  	18.07311  	-1.18512  	0.01284  	0.21877  	0.20411  	-3.02442  	0.06851  	-0.08569  	-91.26308  	-1.00952  	60.24122  	64.56825  	-16642.54422  	-4840.70018  	-Inf  	-Inf  	0.00433  	0.00003  	0.00422  	0.00425  	0.00498  	0.00000  	0.00000  
78.80398  	25.28026  	10.11708  	10.31975  	18.07382  	-1.18512  	0.01280  	0.21981  	0.20351  	-3.02442  	0.06997  	-0.08565  	-91.24573  	-1.00474  	60.06481  	64.87370  	-16642.55263  	-4840.68605  	-Inf  	-Inf  	0.00433  	0.00003  	0.00422  	0.00425  	0.00499  	0.00000  	0.00000  
79.80397  	25.28077  	10.11671  	10.31990  	18.07340  	-1.18512  	0.01398  	0.21981  	0.20009  	-3.02442  	0.06855  	-0.08571  	-91.25749  	-1.00735  	59.05572  	64.87461  	-16642.57116  	-4840.67107  	-Inf  	-Inf  	0.00432  	0.00003  	0.00422  	0.00427  	0.00499  	0.00000  	0.00000  
80.80391  	25.28162  	10.11647  	10.32005  	18.07321  	-1.18512  	0.01409  	0.21987  	0.20373  	-3.02442  	0.06814  	-0.08578  	-91.27074  	-1.00924  	60.12844  	64.89223  	-16642.70597  	-4840.66462  	-Inf  	-Inf  	0.00433  	0.00002  	0.00422  	0.00427  	0.00499  	0.00000  	0.00000  
81.80391  	25.28154  	10.11643  	10.31957  	18.07263  	-1.18512  	0.01318  	0.21945  	0.20352  	-3.02442  	0.06836  	-0.08574  	-91.27701  	-1.00708  	60.06630  	64.76689  	-16642.57293  	-4840.63100  	-Inf  	-Inf  	0.00433  	0.00002  	0.00422  	0.00425  	0.00499  	0.00000  	0.00000  
82.80386  	25.28136  	10.11644  	10.31921  	18.07250  	-1.18512  	0.01356  	0.21972  	0.20162  	-3.02442  	0.06829  	-0.08572  	-91.27637  	-1.00524  	59.50658  	64.84821  	-16642.50857  	-4840.60684  	-Inf  	-Inf  	0.00432  	0.00003  	0.00422  	0.00426  	0.00499  	0.00000  	0.00000  
83.80482  	25.28114  	10.11510  	10.31830  	18.07251  	-1.18512  	0.01343  	0.21882  	0.20607  	-3.02442  	0.06790  	-0.08564  	-91.27347  	-1.00738  	60.82033  	64.58249  	-16642.46487  	-4840.45739  	-Inf  	-Inf  	0.00433  	0.00003  	0.00422  	0.00426  	0.00498  	0.00000  	0.00000  
84.80722  	25.28121  	10.11536  	10.31739  	18.07290  	-1.18512  	0.01343  	0.21869  	0.20149  	-3.02442  	0.06877  	-0.08570  	-91.26936  	-1.00157  	59.46744  	64.54314  	-16642.55911  	-4840.41439  	-Inf  	-Inf  	0.00432  	0.00003  	0.00422  	0.00426  	0.00498  	0.00000  	0.00000  
85.80890  	25.28185  	10.11382  	10.31656  	18.07354  	-1.18512  	0.01355  	0.22022  	0.20350  	-3.02442  	0.06970  	-0.08576  	-91.26952  	-1.00508  	60.06150  	64.99477  	-16642.81815  	-4840.25692  	-Inf  	-Inf  	0.00433  	0.00002  	0.00422  	0.00426  	0.00499  	0.00000  	0.00000  
86.80858  	25.28189  	10.11413  	10.31636  	18.07249  	-1.18512  	0.01325  	0.22054  	0.20482  	-3.02442  	0.06935  	-0.08576  	-91.28332  	-1.00254  	60.45036  	65.09054  	-16642.61314  	-4840.26365  	-Inf  	-Inf  	0.00433  	0.00002  	0.00422  	0.00425  	0.00499  	0.00000  	0.00000  
87.80903  	25.28316  	10.11357  	10.31632  	18.07274  	-1.18512  	0.01286  	0.22154  	0.20198  	-3.02442  	0.06830  	-0.08575  	-91.29616  	-1.00516  	59.61254  	65.38450  	-16642.92154  	-4840.22367  	-Inf  	-Inf  	0.00432  	0.00002  	0.00422  	0.00425  	0.00500  	0.00000  	0.00000  
88.81095  	25.28290  	10.11357  	10.31561  	18.07281  	-1.18512  	0.01288  	0.22031  	0.20374  	-3.02442  	0.06893  	-0.08574  	-91.29211  	-1.00163  	60.13175  	65.02244  	-16642.88377  	-4840.17619  	-Inf  	-Inf  	0.00433  	0.00003  	0.00422  	0.00425  	0.00499  	0.00000  	0.00000  
89.81217  	25.28333  	10.11364  	10.31499  	18.07254  	-1.18512  	0.01353  	0.22014  	0.20517  	-3.02442  	0.06990  	-0.08572  	-91.30096  	-0.99820  	60.55401  	64.97324  	-16642.91605  	-4840.14042  	-Inf  	-Inf  	0.00433  	0.00003  	0.00422  	0.00426  	0.00499  	0.00000  	0.00000  
90.81264  	25.28328  	10.11307  	10.31544  	18.07242  	-1.18512  	0.01349  	0.22058  	0.20340  	-3.02442  	0.06712  	-0.08575  	-91.30187  	-1.00327  	60.03117  	65.10195  	-16642.88197  	-4840.13192  	-Inf  	-Inf  	0.00433  	0.00002  	0.00421  	0.00426  	0.00499  	0.00000  	0.00000  
91.81232  	25.28302  	10.11149  	10.31430  	18.07301  	-1.18512  	0.01308  	0.22095  	0.20495  	-3.02442  	0.06761  	-0.08573  	-91.29103  	-1.00542  	60.48887  	65.21164  	-16642.94776  	-4839.95134  	-Inf  	-Inf  	0.00433  	0.00003  	0.00422  	0.00425  	0.00499  	0.00000  	0.00000  
92.81408  	25.28372  	10.11117  	10.31413  	18.07321  	-1.18512  	0.01406  	0.22067  	0.20079  	-3.02442  	0.06805  	-0.08574  	-91.29737  	-1.00617  	59.26161  	65.12971  	-16643.13237  	-4839.91807  	-Inf  	-Inf  	0.00432  	0.00003  	0.00422  	0.00427  	0.00499  	0.00000  	0.00000  
93.81492  	25.28389  	10.11139  	10.31431  	18.07303  	-1.18512  	0.01331  	0.21904  	0.20472  	-3.02442  	0.06791  	-0.08570  	-91.30180  	-1.00597  	60.42096  	64.64737  	-16643.12835  	-4839.94518  	-Inf  	-Inf  	0.00433  	0.00003  	0.00422  	0.00426  	0.00498  	0.00000  	0.00000  
94.81618  	25.28484  	10.11110  	10.31416  	18.07361  	-1.18512  	0.01239  	0.22021  	0.20579  	-3.02442  	0.06741  	-0.08568  	-91.30645  	-1.00668  	60.73690  	64.99161  	-16643.44000  	-4839.91527  	-Inf  	-Inf  	0.00433  	0.00003  	0.00422  	0.00424  	0.00499  	0.00000  	0.00000  
95.81825  	25.28537  	10.11050  	10.31378  	18.07370  	-1.18512  	0.01291  	0.22058  	0.20291  	-3.02442  	0.06876  	-0.08572  	-91.31214  	-1.00777  	59.88708  	65.10127  	-16643.56456  	-4839.85075  	-Inf  	-Inf  	0.00432  	0.00003  	0.00422  	0.00425  	0.00499  	0.00000  	0.00000  
96.81936  	25.28526  	10.11031  	10.31173  	18.07475  	-1.18512  	0.01245  	0.22016  	0.19985  	-3.02442  	0.06933  	-0.08575  	-91.29747  	-0.99855  	58.98237  	64.97864  	-16643.75603  	-4839.70105  	-Inf  	-Inf  	0.00432  	0.00002  	0.00422  	0.00424  	0.00499  	0.00000  	0.00000  
97.82092  	25.28527  	10.11027  	10.31190  	18.07481  	-1.18512  	0.01315  	0.21865  	0.20425  	-3.02442  	0.06832  	-0.08571  	-91.29689  	-0.99958  	60.28354  	64.53214  	-16643.76948  	-4839.71025  	-Inf  	-Inf  	0.00433  	0.00003  	0.00422  	0.00425  	0.00498  	0.00000  	0.00000  
98.82193  	25.28610  	10.10839  	10.31171  	18.07573  	-1.18512  	0.01324  	0.22030  	0.20192  	-3.02442  	0.06757  	-0.08574  	-91.29568  	-1.00797  	59.59373  	65.01765  	-16644.12437  	-4839.57277  	-Inf  	-Inf  	0.00432  	0.00003  	0.00422  	0.00425  	0.00499  	0.00000  	0.00000  
99.82159  	25.28624  	10.10831  	10.31207  	18.07491  	-1.18512  	0.01400  	0.22060  	0.20137  	-3.02442  	0.06877  	-0.08574  	-91.30783  	-1.01013  	59.43235  	65.10906  	-16643.98542  	-4839.59075  	-Inf  	-Inf  	0.00432  	0.00003  	0.00422  	0.00427  	0.00499  	0.00000  	0.00000  
100.82173  	25.28742  	10.10819  	10.31001  	18.07465  	-1.18512  	0.01409  	0.22011  	0.20406  	-3.02442  	0.06971  	-0.08570  	-91.32609  	-1.00049  	60.22676  	64.96314  	-16644.17378  	-4839.44612  	-Inf  	-Inf  	0.00433  	0.00003  	0.00422  	0.00427  	0.00499  	0.00000  	0.00000  
101.82211  	25.28823  	10.10819  	10.31071  	18.07480  	-1.18512  	0.01368  	0.21915  	0.20364  	-3.02442  	0.06812  	-0.08572  	-91.33436  	-1.00401  	60.10289  	64.68053  	-16644.36832  	-4839.49244  	-Inf  	-Inf  	0.00433  	0.00003  	0.00422  	0.00426  	0.00498  	0.00000  	0.00000  
102.82120  	25.28857  	10.10800  	10.31071  	18.07539  	-1.18512  	0.01491  	0.22081  	0.20153  	-3.02442  	0.06887  	-0.08571  	-91.33126  	-1.00493  	59.47846  	65.16973  	-16644.55698  	-4839.48011  	-Inf  	-Inf  	0.00432  	0.00003  	0.00422  	0.00429  	0.00499  	0.00000  	0.00000  
103.82405  	25.28879  	10.10679  	10.30972  	18.07572  	-1.18512  	0.01369  	0.21966  	0.20085  	-3.02442  	0.06909  	-0.08569  	-91.32981  	-1.00601  	59.27845  	64.83094  	-16644.66810  	-4839.33404  	-Inf  	-Inf  	0.00432  	0.00003  	0.00422  	0.00426  	0.00499  	0.00000  	0.00000  
104.82403  	25.29002  	10.10602  	10.30879  	18.07542  	-1.18512  	0.01296  	0.21951  	0.20343  	-3.02442  	0.06892  	-0.08573  	-91.34923  	-1.00525  	60.03868  	64.78709  	-16644.85489  	-4839.22052  	-Inf  	-Inf  	0.00433  	0.00003  	0.00422  	0.00425  	0.00499  	0.00000  	0.00000  
105.82344  	25.28986  	10.10679  	10.30755  	18.07524  	-1.18512  	0.01308  	0.21952  	0.20320  	-3.02442  	0.06878  	-0.08572  	-91.34963  	-0.99530  	59.97290  	64.78840  	-16644.78705  	-4839.18913  	-Inf  	-Inf  	0.00433  	0.00003  	0.00422  	0.00425  	0.00499  	0.00000  	0.00000  
106.82504  	25.29065  	10.10654  	10.30856  	18.07475  	-1.18512  	0.01294  	0.21941  	0.20262  	-3.02442  	0.06827  	-0.08569  	-91.36571  	-1.00152  	59.80204  	64.75685  	-16644.84670  	-4839.24045  	-Inf  	-Inf  	0.00432  	0.00003  	0.00422  	0.00425  	0.00499  	0.00000  	0.00000  
107.82539  	25.29123  	10.10592  	10.30812  	18.07475  	-1.18512  	0.01383  	0.21962  	0.20303  	-3.02442  	0.06715  	-0.08567  	-91.37315  	-1.00243  	59.92338  	64.81703  	-16644.96570  	-4839.16899  	-Inf  	-Inf  	0.00432  	0.00003  	0.00421  	0.00427  	0.00499  	0.00000  	0.00000  
108.82691  	25.29263  	10.10540  	10.30753  	18.07469  	-1.18512  	0.01322  	0.21984  	0.20191  	-3.02442  	0.06760  	-0.08574  	-91.39155  	-1.00207  	59.59280  	64.88398  	-16645.23848  	-4839.09565  	-Inf  	-Inf  	0.00432  	0.00003  	0.00422  	0.00425  	0.00499  	0.00000  	0.00000  
109.82774  	25.29220  	10.10495  	10.30707  	18.07451  	-1.18512  	0.01288  	0.21887  	0.20532  	-3.02442  	0.06900  	-0.08569  	-91.38836  	-1.00200  	60.59789  	64.59663  	-16645.11256  	-4839.03471  	-Inf  	-Inf  	0.00433  	0.00003  	0.00422  	0.00425  	0.00498  	0.00000  	0.00000  
110.82907  	25.29261  	10.10440  	10.30654  	18.07513  	-1.18512  	0.01348  	0.21989  	0.20306  	-3.02442  	0.06807  	-0.08572  	-91.38574  	-1.00213  	59.93177  	64.89926  	-16645.32175  	-4838.96310  	-Inf  	-Inf  	0.00432  	0.00003  	0.00422  	0.00426  	0.00499  	0.00000  	0.00000  
111.82881  	25.29330  	10.10450  	10.30640  	18.07432  	-1.18512  	0.01313  	0.21972  	0.20096  	-3.02442  	0.06820  	-0.08572  	-91.40478  	-1.00091  	59.31238  	64.84921  	-16645.29762  	-4838.96090  	-Inf  	-Inf  	0.00432  	0.00003  	0.00422  	0.00425  	0.00499  	0.00000  	0.00000  
112.82954  	25.29372  	10.10392  	10.30524  	18.07370  	-1.18512  	0.01305  	0.21872  	0.20081  	-3.02442  	0.06807  	-0.08569  	-91.41793  	-0.99807  	59.26596  	64.55133  	-16645.25885  	-4838.84437  	-Inf  	-Inf  	0.00432  	0.00003  	0.00422  	0.00425  	0.00498  	0.00000  	0.00000  
113.82938  	25.29448  	10.10369  	10.30500  	18.07375  	-1.18512  	0.01437  	0.21946  	0.20172  	-3.02442  	0.06968  	-0.08576  	-91.42686  	-0.99799  	59.53662  	64.77049  	-16645.42102  	-4838.81289  	-Inf  	-Inf  	0.00432  	0.00002  	0.00422  	0.00428  	0.00499  	0.00000  	0.00000  
114.83018  	25.29503  	10.10314  	10.30474  	18.07352  	-1.18512  	0.01386  	0.21929  	0.20353  	-3.02442  	0.06823  	-0.08572  	-91.43681  	-0.99947  	60.07047  	64.71976  	-16645.48618  	-4838.75934  	-Inf  	-Inf  	0.00433  	0.00003  	0.00422  	0.00427  	0.00499  	0.00000  	0.00000  
115.83210  	25.29382  	10.10267  	10.30452  	18.07395  	-1.18512  	0.01291  	0.21897  	0.20344  	-3.02442  	0.06804  	-0.08572  	-91.41607  	-1.00069  	60.04251  	64.62682  	-16645.32865  	-4838.71351  	-Inf  	-Inf  	0.00433  	0.00003  	0.00422  	0.00425  	0.00498  	0.00000  	0.00000  
116.83121  	25.29480  	10.10230  	10.30408  	18.07316  	-1.18512  	0.01302  	0.21918  	0.20288  	-3.02442  	0.06849  	-0.08573  	-91.43849  	-1.00030  	59.87909  	64.68774  	-16645.36692  	-4838.65976  	-Inf  	-Inf  	0.00432  	0.00003  	0.00422  	0.00425  	0.00498  	0.00000  	0.00000  
117.83189  	25.29547  	10.10184  	10.30398  	18.07298  	-1.18512  	0.01318  	0.21959  	0.20194  	-3.02442  	0.06750  	-0.08569  	-91.44927  	-1.00212  	59.60088  	64.80819  	-16645.46485  	-4838.62220  	-Inf  	-Inf  	0.00432  	0.00003  	0.00422  	0.00425  	0.00499  	0.00000  	0.00000  
118.83124  	25.29560  	10.10215  	10.30352  	18.07221  	-1.18512  	0.01292  	0.21936  	0.20295  	-3.02442  	0.06869  	-0.08569  	-91.46065  	-0.99830  	59.89852  	64.74172  	-16645.33819  	-4838.61201  	-Inf  	-Inf  	0.00432  	0.00003  	0.00422  	0.00425  	0.00499  	0.00000  	0.00000  
119.83164  	25.29582  	10.10223  	10.30344  	18.07215  	-1.18512  	0.01347  	0.22106  	0.20363  	-3.02442  	0.06838  	-0.08566  	-91.46419  	-0.99751  	60.09960  	65.24207  	-16645.36977  	-4838.61265  	-Inf  	-Inf  	0.00433  	0.00003  	0.00422  	0.00426  	0.00499  	0.00000  	0.00000  
120.83206  	25.29600  	10.10167  	10.30311  	18.07317  	-1.18512  	0.01316  	0.21942  	0.20551  	-3.02442  	0.06821  	-0.08572  	-91.45360  	-0.99865  	60.65534  	64.76001  	-16645.61239  	-4838.55378  	-Inf  	-Inf  	0.00433  	0.00003  	0.00422  	0.00425  	0.00499  	0.00000  	0.00000  
121.83205  	25.29577  	10.10129  	10.30313  	18.07294  	-1.18512  	0.01368  	0.21977  	0.20389  	-3.02442  	0.06941  	-0.08576  	-91.45359  	-1.00061  	60.17596  	64.86137  	-16645.52049  	-4838.52936  	-Inf  	-Inf  	0.00433  	0.00002  	0.00422  	0.00426  	0.00499  	0.00000  	0.00000  
122.83392  	25.29661  	10.10019  	10.30202  	18.07260  	-1.18512  	0.01272  	0.22005  	0.20321  	-3.02442  	0.06935  	-0.08573  	-91.46848  	-1.00061  	59.97608  	64.94553  	-16645.61973  	-4838.38222  	-Inf  	-Inf  	0.00433  	0.00003  	0.00422  	0.00424  	0.00499  	0.00000  	0.00000  
123.83385  	25.29678  	10.09939  	10.30127  	18.07270  	-1.18512  	0.01300  	0.21927  	0.20478  	-3.02442  	0.06912  	-0.08569  	-91.46947  	-1.00085  	60.43807  	64.71396  	-16645.67541  	-4838.27927  	-Inf  	-Inf  	0.00433  	0.00003  	0.00422  	0.00425  	0.00499  	0.00000  	0.00000  
124.83425  	25.29697  	10.09885  	10.30078  	18.07223  	-1.18512  	0.01359  	0.21935  	0.19897  	-3.02442  	0.06772  	-0.08572  	-91.47776  	-1.00105  	58.72523  	64.73892  	-16645.61739  	-4838.21048  	-Inf  	-Inf  	0.00432  	0.00003  	0.00422  	0.00426  	0.00499  	0.00000  	0.00000  
125.83582  	25.29706  	10.09895  	10.30065  	18.07192  	-1.18512  	0.01362  	0.22026  	0.20251  	-3.02442  	0.06773  	-0.08572  	-91.48282  	-0.99994  	59.76822  	65.00715  	-16645.57281  	-4838.20809  	-Inf  	-Inf  	0.00432  	0.00003  	0.00422  	0.00426  	0.00499  	0.00000  	0.00000  
126.83623  	25.29772  	10.09859  	10.29961  	18.07245  	-1.18512  	0.01181  	0.22039  	0.20153  	-3.02442  	0.06880  	-0.08573  	-91.48447  	-0.99659  	59.47980  	65.04492  	-16645.81488  	-4838.11539  	-Inf  	-Inf  	0.00432  	0.00003  	0.00422  	0.00423  	0.00499  	0.00000  	0.00000  
127.83780  	25.29685  	10.09845  	10.29958  	18.07243  	-1.18512  	0.01265  	0.22046  	0.19999  	-3.02442  	0.06782  	-0.08568  	-91.47373  	-0.99711  	59.02583  	65.06543  	-16645.63385  	-4838.10459  	-Inf  	-Inf  	0.00432  	0.00003  	0.00422  	0.00424  	0.00499  	0.00000  	0.00000  
128.83768  	25.29806  	10.09848  	10.30012  	18.07262  	-1.18512  	0.01239  	0.22032  	0.20174  	-3.02442  	0.06703  	-0.08569  	-91.48655  	-0.99961  	59.54185  	65.02588  	-16645.91837  	-4838.14215  	-Inf  	-Inf  	0.00432  	0.00003  	0.00421  	0.00424  	0.00499  	0.00000  	0.00000  
129.83761  	25.29862  	10.09801  	10.29881  	18.07287  	-1.18512  	0.01318  	0.22009  	0.20055  	-3.02442  	0.06751  	-0.08570  	-91.49063  	-0.99548  	59.19010  	64.95801  	-16646.08311  	-4838.02329  	-Inf  	-Inf  	0.00432  	0.00003  	0.00422  	0.00425  	0.00499  	0.00000  	0.00000  
130.83884  	25.29927  	10.09705  	10.29882  	18.07353  	-1.18512  	0.01260  	0.22013  	0.20176  	-3.02442  	0.06682  	-0.08572  	-91.49042  	-1.00027  	59.54583  	64.96824  	-16646.34793  	-4837.96057  	-Inf  	-Inf  	0.00432  	0.00003  	0.00421  	0.00424  	0.00499  	0.00000  	0.00000  
131.83888  	25.29992  	10.09696  	10.29974  	18.07434  	-1.18512  	0.01411  	0.21998  	0.20436  	-3.02442  	0.06996  	-0.08576  	-91.48840  	-1.00525  	60.31482  	64.92356  	-16646.64423  	-4838.01589  	-Inf  	-Inf  	0.00433  	0.00002  	0.00422  	0.00427  	0.00499  	0.00000  	0.00000  
132.83870  	25.30077  	10.09753  	10.29961  	18.07409  	-1.18512  	0.01305  	0.22075  	0.20223  	-3.02442  	0.06849  	-0.08569  	-91.50240  	-1.00183  	59.68634  	65.15091  	-16646.76655  	-4838.04482  	-Inf  	-Inf  	0.00432  	0.00003  	0.00422  	0.00425  	0.00499  	0.00000  	0.00000  
133.83891  	25.30145  	10.09720  	10.29966  	18.07377  	-1.18512  	0.01327  	0.22023  	0.20422  	-3.02442  	0.06744  	-0.08567  	-91.51502  	-1.00370  	60.27201  	64.99772  	-16646.83898  	-4838.02610  	-Inf  	-Inf  	0.00433  	0.00003  	0.00422  	0.00425  	0.00499  	0.00000  	0.00000  
134.83854  	25.30182  	10.09728  	10.29904  	18.07465  	-1.18512  	0.01269  	0.21868  	0.20682  	-3.02442  	0.06920  	-0.08570  	-91.50864  	-1.00021  	61.03990  	64.54214  	-16647.09284  	-4837.99068  	-Inf  	-Inf  	0.00433  	0.00003  	0.00422  	0.00424  	0.00498  	0.00000  	0.00000  
135.83958  	25.30195  	10.09553  	10.29863  	18.07488  	-1.18512  	0.01394  	0.22046  	0.20144  	-3.02442  	0.06902  	-0.08575  	-91.50728  	-1.00689  	59.45364  	65.06687  	-16647.16526  	-4837.84732  	-Inf  	-Inf  	0.00432  	0.00002  	0.00422  	0.00427  	0.00499  	0.00000  	0.00000  
136.83934  	25.30326  	10.09587  	10.29753  	18.07551  	-1.18512  	0.01379  	0.21933  	0.20005  	-3.02442  	0.06837  	-0.08574  	-91.51586  	-0.99970  	59.04334  	64.73252  	-16647.55854  	-4837.79636  	-Inf  	-Inf  	0.00432  	0.00003  	0.00422  	0.00426  	0.00499  	0.00000  	0.00000  
137.83994  	25.30392  	10.09463  	10.29660  	18.07517  	-1.18512  	0.01513  	0.21930  	0.20264  	-3.02442  	0.06939  	-0.08572  	-91.52864  	-1.00127  	59.80709  	64.72266  	-16647.62321  	-4837.65155  	-Inf  	-Inf  	0.00432  	0.00003  	0.00422  	0.00429  	0.00499  	0.00000  	0.00000  
138.84031  	25.30487  	10.09438  	10.29738  	18.07513  	-1.18512  	0.01361  	0.21901  	0.20723  	-3.02442  	0.06931  	-0.08573  	-91.54117  	-1.00639  	61.16303  	64.63763  	-16647.80948  	-4837.68679  	-Inf  	-Inf  	0.00433  	0.00003  	0.00422  	0.00426  	0.00498  	0.00000  	0.00000  
139.84094  	25.30493  	10.09407  	10.29638  	18.07577  	-1.18512  	0.01379  	0.21985  	0.20019  	-3.02442  	0.06757  	-0.08566  	-91.53387  	-1.00296  	59.08333  	64.88657  	-16647.95078  	-4837.60016  	-Inf  	-Inf  	0.00432  	0.00003  	0.00422  	0.00426  	0.00499  	0.00000  	0.00000  
140.84019  	25.30560  	10.09408  	10.29573  	18.07518  	-1.18512  	0.01340  	0.21901  	0.20461  	-3.02442  	0.06985  	-0.08573  	-91.54987  	-0.99971  	60.38719  	64.63881  	-16647.96646  	-4837.55723  	-Inf  	-Inf  	0.00433  	0.00003  	0.00422  	0.00426  	0.00498  	0.00000  	0.00000  
141.84112  	25.30676  	10.09319  	10.29482  	18.07575  	-1.18512  	0.01322  	0.22002  	0.20235  	-3.02442  	0.06735  	-0.08572  	-91.55728  	-0.99956  	59.72045  	64.93643  	-16648.31808  	-4837.43769  	-Inf  	-Inf  	0.00432  	0.00003  	0.00422  	0.00425  	0.00499  	0.00000  	0.00000  
142.84103  	25.30743  	10.09312  	10.29353  	18.07594  	-1.18512  	0.01416  	0.21892  	0.20444  	-3.02442  	0.06852  	-0.08569  	-91.56346  	-0.99352  	60.33771  	64.61310  	-16648.49152  	-4837.34762  	-Inf  	-Inf  	0.00433  	0.00003  	0.00422  	0.00427  	0.00498  	0.00000  	0.00000  
143.84097  	25.30785  	10.09383  	10.29430  	18.07556  	-1.18512  	0.01317  	0.21926  	0.20308  	-3.02442  	0.06894  	-0.08567  	-91.57356  	-0.99385  	59.93735  	64.71306  	-16648.49945  	-4837.44608  	-Inf  	-Inf  	0.00432  	0.00003  	0.00422  	0.00425  	0.00499  	0.00000  	0.00000  
144.84090  	25.30835  	10.09252  	10.29374  	18.07638  	-1.18512  	0.01393  	0.21958  	0.20175  	-3.02442  	0.06931  	-0.08568  	-91.56953  	-0.99756  	59.54462  	64.80680  	-16648.76734  	-4837.32143  	-Inf  	-Inf  	0.00432  	0.00003  	0.00422  	0.00427  	0.00499  	0.00000  	0.00000  
145.84033  	25.30900  	10.09183  	10.29360  	18.07611  	-1.18512  	0.01338  	0.21945  	0.20382  	-3.02442  	0.06878  	-0.08572  	-91.58113  	-1.00032  	60.15427  	64.76956  	-16648.84348  	-4837.26611  	-Inf  	-Inf  	0.00433  	0.00003  	0.00422  	0.00426  	0.00499  	0.00000  	0.00000  
146.84088  	25.30878  	10.09143  	10.29315  	18.07597  	-1.18512  	0.01341  	0.21940  	0.20393  	-3.02442  	0.06835  	-0.08570  	-91.58007  	-1.00007  	60.18836  	64.75444  	-16648.77182  	-4837.20950  	-Inf  	-Inf  	0.00433  	0.00003  	0.00422  	0.00426  	0.00499  	0.00000  	0.00000  
147.84025  	25.30921  	10.09079  	10.29361  	18.07538  	-1.18512  	0.01366  	0.21973  	0.20087  	-3.02442  	0.06930  	-0.08571  	-91.59300  	-1.00548  	59.28486  	64.85029  	-16648.73931  	-4837.19742  	-Inf  	-Inf  	0.00432  	0.00003  	0.00422  	0.00426  	0.00499  	0.00000  	0.00000  
148.84088  	25.30953  	10.09068  	10.29338  	18.07519  	-1.18512  	0.01312  	0.21917  	0.20563  	-3.02442  	0.06650  	-0.08571  	-91.59942  	-1.00489  	60.69048  	64.68579  	-16648.76524  	-4837.17525  	-Inf  	-Inf  	0.00433  	0.00003  	0.00421  	0.00425  	0.00498  	0.00000  	0.00000  
149.84045  	25.31068  	10.09063  	10.29285  	18.07473  	-1.18512  	0.01287  	0.21904  	0.20327  	-3.02442  	0.06715  	-0.08563  	-91.61991  	-1.00251  	59.99346  	64.64838  	-16648.90430  	-4837.13637  	-Inf  	-Inf  	0.00433  	0.00003  	0.00421  	0.00425  	0.00498  	0.00000  	0.00000  
150.84173  	25.31081  	10.09036  	10.29347  	18.07448  	-1.18512  	0.01373  	0.21971  	0.20088  	-3.02442  	0.07010  	-0.08582  	-91.62478  	-1.00689  	59.28697  	64.84517  	-16648.88065  	-4837.15965  	-Inf  	-Inf  	0.00432  	0.00002  	0.00422  	0.00426  	0.00499  	0.00000  	0.00000  
151.84378  	25.31096  	10.09050  	10.29276  	18.07515  	-1.18512  	0.01290  	0.21945  	0.20427  	-3.02442  	0.06724  	-0.08572  	-91.61809  	-1.00271  	60.28828  	64.76692  	-16649.04781  	-4837.12238  	-Inf  	-Inf  	0.00433  	0.00003  	0.00422  	0.00425  	0.00499  	0.00000  	0.00000  
152.84366  	25.31164  	10.08943  	10.29207  	18.07472  	-1.18512  	0.01338  	0.21799  	0.20721  	-3.02442  	0.06938  	-0.08566  	-91.63218  	-1.00460  	61.15658  	64.33674  	-16649.09696  	-4837.00504  	-Inf  	-Inf  	0.00433  	0.00003  	0.00422  	0.00426  	0.00498  	0.00000  	0.00000  
153.84472  	25.31264  	10.08926  	10.29098  	18.07413  	-1.18512  	0.01452  	0.21965  	0.20350  	-3.02442  	0.06676  	-0.08567  	-91.65225  	-1.00005  	60.06064  	64.82728  	-16649.18082  	-4836.92093  	-Inf  	-Inf  	0.00433  	0.00003  	0.00421  	0.00428  	0.00499  	0.00000  	0.00000  
154.84509  	25.31286  	10.08946  	10.29028  	18.07496  	-1.18512  	0.01363  	0.21974  	0.20164  	-3.02442  	0.06814  	-0.08569  	-91.64462  	-0.99555  	59.51325  	64.85464  	-16649.39202  	-4836.88806  	-Inf  	-Inf  	0.00432  	0.00003  	0.00422  	0.00426  	0.00499  	0.00000  	0.00000  
155.84514  	25.31257  	10.08766  	10.29127  	18.07476  	-1.18512  	0.01238  	0.22049  	0.20174  	-3.02442  	0.06906  	-0.08575  	-91.64345  	-1.00939  	59.54012  	65.07532  	-16649.29482  	-4836.83390  	-Inf  	-Inf  	0.00432  	0.00002  	0.00422  	0.00424  	0.00499  	0.00000  	0.00000  
156.84445  	25.31298  	10.08873  	10.29132  	18.07435  	-1.18512  	0.01358  	0.21974  	0.19894  	-3.02442  	0.06894  	-0.08574  	-91.65380  	-1.00437  	58.71492  	64.85249  	-16649.29485  	-4836.90812  	-Inf  	-Inf  	0.00432  	0.00003  	0.00422  	0.00426  	0.00499  	0.00000  	0.00000  
157.84600  	25.31336  	10.08925  	10.29095  	18.07411  	-1.18512  	0.01366  	0.21937  	0.20084  	-3.02442  	0.06863  	-0.08574  	-91.66171  	-0.99995  	59.27574  	64.74569  	-16649.32195  	-4836.91863  	-Inf  	-Inf  	0.00432  	0.00002  	0.00422  	0.00426  	0.00499  	0.00000  	0.00000  
158.84560  	25.31413  	10.08922  	10.29023  	18.07573  	-1.18512  	0.01283  	0.22006  	0.20512  	-3.02442  	0.06889  	-0.08573  	-91.65092  	-0.99653  	60.53745  	64.94697  	-16649.80846  	-4836.86876  	-Inf  	-Inf  	0.00433  	0.00003  	0.00422  	0.00425  	0.00499  	0.00000  	0.00000  
159.84595  	25.31472  	10.08865  	10.29029  	18.07410  	-1.18512  	0.01384  	0.21906  	0.20283  	-3.02442  	0.06837  	-0.08570  	-91.67899  	-0.99964  	59.86327  	64.65314  	-16649.59572  	-4836.83440  	-Inf  	-Inf  	0.00432  	0.00003  	0.00422  	0.00427  	0.00498  	0.00000  	0.00000  
160.84582  	25.31435  	10.08849  	10.28886  	18.07463  	-1.18512  	0.01287  	0.21980  	0.20439  	-3.02442  	0.06712  	-0.08570  	-91.66770  	-0.99338  	60.32199  	64.87243  	-16649.62722  	-4836.72880  	-Inf  	-Inf  	0.00433  	0.00003  	0.00421  	0.00425  	0.00499  	0.00000  	0.00000  
161.84732  	25.31487  	10.08833  	10.28962  	18.07477  	-1.18512  	0.01440  	0.22088  	0.20204  	-3.02442  	0.06776  	-0.08576  	-91.67247  	-0.99788  	59.63085  	65.19029  	-16649.76302  	-4836.76870  	-Inf  	-Inf  	0.00432  	0.00002  	0.00422  	0.00428  	0.00499  	0.00000  	0.00000  
162.84903  	25.31515  	10.08724  	10.29046  	18.07432  	-1.18512  	0.01316  	0.22049  	0.20584  	-3.02442  	0.06818  	-0.08566  	-91.68171  	-1.00742  	60.75093  	65.07616  	-16649.72878  	-4836.75210  	-Inf  	-Inf  	0.00433  	0.00003  	0.00422  	0.00425  	0.00499  	0.00000  	0.00000  
163.85194  	25.31593  	10.08775  	10.28911  	18.07524  	-1.18512  	0.01372  	0.22012  	0.19981  	-3.02442  	0.06795  	-0.08574  	-91.68000  	-0.99826  	58.97096  	64.96500  	-16650.07250  	-4836.69574  	-Inf  	-Inf  	0.00432  	0.00003  	0.00422  	0.00426  	0.00499  	0.00000  	0.00000  
164.85223  	25.31609  	10.08824  	10.28891  	18.07605  	-1.18512  	0.01356  	0.22032  	0.20347  	-3.02442  	0.06976  	-0.08571  	-91.67171  	-0.99480  	60.05088  	65.02433  	-16650.27000  	-4836.71543  	-Inf  	-Inf  	0.00433  	0.00003  	0.00422  	0.00426  	0.00499  	0.00000  	0.00000  
165.85282  	25.31714  	10.08715  	10.28982  	18.07549  	-1.18512  	0.01329  	0.22083  	0.20436  	-3.02442  	0.06880  	-0.08574  	-91.69205  	-1.00475  	60.31469  	65.17695  	-16650.36805  	-4836.70320  	-Inf  	-Inf  	0.00433  	0.00003  	0.00422  	0.00426  	0.00499  	0.00000  	0.00000  
166.85278  	25.31774  	10.08740  	10.28997  	18.07584  	-1.18512  	0.01394  	0.22053  	0.20220  	-3.02442  	0.06858  	-0.08571  	-91.69537  	-1.00425  	59.67686  	65.08727  	-16650.56104  	-4836.73041  	-Inf  	-Inf  	0.00432  	0.00003  	0.00422  	0.00427  	0.00499  	0.00000  	0.00000  
167.85240  	25.31907  	10.08700  	10.28973  	18.07721  	-1.18512  	0.01392  	0.22108  	0.20345  	-3.02442  	0.06947  	-0.08574  	-91.69468  	-1.00502  	60.04745  	65.25064  	-16651.10790  	-4836.68743  	-Inf  	-Inf  	0.00433  	0.00003  	0.00422  	0.00427  	0.00499  	0.00000  	0.00000  
168.85510  	25.31903  	10.08646  	10.28960  	18.07720  	-1.18512  	0.01439  	0.21985  	0.20406  	-3.02442  	0.06920  	-0.08570  	-91.69444  	-1.00705  	60.22536  	64.88726  	-16651.09943  	-4836.64291  	-Inf  	-Inf  	0.00433  	0.00003  	0.00422  	0.00428  	0.00499  	0.00000  	0.00000  
169.85546  	25.31894  	10.08667  	10.28898  	18.07850  	-1.18512  	0.01434  	0.22030  	0.20221  	-3.02442  	0.06851  	-0.08573  	-91.67687  	-1.00298  	59.68031  	65.01944  	-16651.34342  	-4836.61570  	-Inf  	-Inf  	0.00432  	0.00003  	0.00422  	0.00428  	0.00499  	0.00000  	0.00000  
170.85608  	25.32092  	10.08630  	10.28876  	18.07782  	-1.18512  	0.01339  	0.21880  	0.20299  	-3.02442  	0.07003  	-0.08570  	-91.71047  	-1.00372  	59.90958  	64.57566  	-16651.60619  	-4836.57678  	-Inf  	-Inf  	0.00432  	0.00003  	0.00422  	0.00426  	0.00498  	0.00000  	0.00000  
171.85554  	25.32136  	10.08601  	10.28906  	18.07850  	-1.18512  	0.01306  	0.21897  	0.20244  	-3.02442  	0.06704  	-0.08568  	-91.70739  	-1.00662  	59.74815  	64.62703  	-16651.83423  	-4836.57767  	-Inf  	-Inf  	0.00432  	0.00003  	0.00421  	0.00425  	0.00498  	0.00000  	0.00000  
172.85600  	25.32157  	10.08638  	10.28824  	18.07942  	-1.18512  	0.01236  	0.21897  	0.20568  	-3.02442  	0.06910  	-0.08568  	-91.69848  	-1.00071  	60.70500  	64.62745  	-16652.06471  	-4836.54763  	-Inf  	-Inf  	0.00433  	0.00003  	0.00422  	0.00424  	0.00498  	0.00000  	0.00000  
173.85546  	25.32243  	10.08603  	10.28853  	18.07886  	-1.18512  	0.01392  	0.21971  	0.20259  	-3.02442  	0.06708  	-0.08570  	-91.71635  	-1.00388  	59.79260  	64.84553  	-16652.12435  	-4836.54306  	-Inf  	-Inf  	0.00432  	0.00003  	0.00421  	0.00427  	0.00499  	0.00000  	0.00000  
174.85603  	25.32333  	10.08470  	10.28781  	18.07897  	-1.18512  	0.01388  	0.22021  	0.20720  	-3.02442  	0.06857  	-0.08564  	-91.72640  	-1.00693  	61.15180  	64.99250  	-16652.32933  	-4836.40717  	-Inf  	-Inf  	0.00433  	0.00003  	0.00422  	0.00427  	0.00499  	0.00000  	0.00000  
175.85601  	25.32450  	10.08574  	10.28776  	18.08035  	-1.18512  	0.01340  	0.22018  	0.20318  	-3.02442  	0.06801  	-0.08568  	-91.72374  	-1.00149  	59.96670  	64.98373  	-16652.84544  	-4836.47284  	-Inf  	-Inf  	0.00433  	0.00003  	0.00422  	0.00426  	0.00499  	0.00000  	0.00000  
176.85552  	25.32591  	10.08600  	10.28782  	18.08053  	-1.18512  	0.01369  	0.21917  	0.20171  	-3.02442  	0.06976  	-0.08571  	-91.73930  	-1.00050  	59.53351  	64.68420  	-16653.16906  	-4836.49426  	-Inf  	-Inf  	0.00432  	0.00003  	0.00422  	0.00426  	0.00498  	0.00000  	0.00000  
177.85544  	25.32687  	10.08585  	10.28703  	18.08049  	-1.18512  	0.01300  	0.21890  	0.20578  	-3.02442  	0.06952  	-0.08570  	-91.75202  	-0.99734  	60.73270  	64.60724  	-16653.35597  	-4836.43187  	-Inf  	-Inf  	0.00433  	0.00003  	0.00422  	0.00425  	0.00498  	0.00000  	0.00000  
178.85594  	25.32712  	10.08594  	10.28734  	18.08040  	-1.18512  	0.01324  	0.21941  	0.20202  	-3.02442  	0.06858  	-0.08574  	-91.75625  	-0.99841  	59.62312  	64.75594  	-16653.38789  	-4836.45808  	-Inf  	-Inf  	0.00432  	0.00003  	0.00422  	0.00425  	0.00499  	0.00000  	0.00000  
179.85636  	25.32818  	10.08518  	10.28738  	18.08043  	-1.18512  	0.01374  	0.21922  	0.20295  	-3.02442  	0.06841  	-0.08573  	-91.76932  	-1.00239  	59.89788  	64.70058  	-16653.60812  	-4836.41012  	-Inf  	-Inf  	0.00432  	0.00003  	0.00422  	0.00426  	0.00499  	0.00000  	0.00000  
180.85678  	25.32845  	10.08522  	10.28705  	18.08004  	-1.18512  	0.01321  	0.21990  	0.20474  	-3.02442  	0.06743  	-0.08570  	-91.77769  	-1.00060  	60.42679  	64.90097  	-16653.58334  	-4836.39117  	-Inf  	-Inf  	0.00433  	0.00003  	0.00422  	0.00425  	0.00499  	0.00000  	0.00000  
181.86011  	25.32846  	10.08531  	10.28741  	18.08078  	-1.18512  	0.01299  	0.21970  	0.20413  	-3.02442  	0.06975  	-0.08572  	-91.76853  	-1.00192  	60.24620  	64.84241  	-16653.73533  	-4836.42149  	-Inf  	-Inf  	0.00433  	0.00003  	0.00422  	0.00425  	0.00499  	0.00000  	0.00000  
182.86182  	25.32845  	10.08496  	10.28820  	18.08091  	-1.18512  	0.01244  	0.22007  	0.20458  	-3.02442  	0.06982  	-0.08568  	-91.76664  	-1.00761  	60.37936  	64.95091  	-16653.76153  	-4836.45020  	-Inf  	-Inf  	0.00433  	0.00003  	0.00422  	0.00424  	0.00499  	0.00000  	0.00000  
183.86210  	25.33032  	10.08561  	10.28786  	18.08009  	-1.18512  	0.01418  	0.21960  	0.20386  	-3.02442  	0.06915  	-0.08575  	-91.80068  	-1.00264  	60.16596  	64.81250  	-16653.97335  	-4836.47088  	-Inf  	-Inf  	0.00433  	0.00002  	0.00422  	0.00427  	0.00499  	0.00000  	0.00000  
184.86160  	25.33048  	10.08460  	10.28804  	18.08093  	-1.18512  	0.01332  	0.21949  	0.20148  	-3.02442  	0.06869  	-0.08574  	-91.79220  	-1.00860  	59.46328  	64.78149  	-16654.17607  	-4836.41559  	-Inf  	-Inf  	0.00432  	0.00003  	0.00422  	0.00426  	0.00499  	0.00000  	0.00000  
185.86200  	25.33066  	10.08438  	10.28714  	18.08069  	-1.18512  	0.01291  	0.21955  	0.20529  	-3.02442  	0.06794  	-0.08569  	-91.79752  	-1.00515  	60.58822  	64.79838  	-16654.16386  	-4836.34107  	-Inf  	-Inf  	0.00433  	0.00003  	0.00422  	0.00425  	0.00499  	0.00000  	0.00000  
186.86300  	25.33187  	10.08506  	10.28729  	18.08011  	-1.18512  	0.01257  	0.21927  	0.20311  	-3.02442  	0.06857  	-0.08571  	-91.82012  	-1.00255  	59.94608  	64.71634  	-16654.29312  	-4836.39640  	-Inf  	-Inf  	0.00432  	0.00003  	0.00422  	0.00424  	0.00499  	0.00000  	0.00000  
187.86286  	25.33171  	10.08493  	10.28593  	18.08105  	-1.18512  	0.01280  	0.21956  	0.20235  	-3.02442  	0.06993  	-0.08571  	-91.80624  	-0.99649  	59.72133  	64.79996  	-16654.44937  	-4836.29689  	-Inf  	-Inf  	0.00432  	0.00003  	0.00422  	0.00425  	0.00499  	0.00000  	0.00000  
188.86305  	25.33286  	10.08425  	10.28557  	18.08107  	-1.18512  	0.01311  	0.21823  	0.20141  	-3.02442  	0.06761  	-0.08572  	-91.82052  	-0.99804  	59.44484  	64.40872  	-16654.68664  	-4836.22854  	-Inf  	-Inf  	0.00432  	0.00003  	0.00422  	0.00425  	0.00498  	0.00000  	0.00000  
189.86305  	25.33362  	10.08432  	10.28677  	18.08070  	-1.18512  	0.01384  	0.21890  	0.20325  	-3.02442  	0.06669  	-0.08575  	-91.83480  	-1.00364  	59.98614  	64.60510  	-16654.76615  	-4836.31250  	-Inf  	-Inf  	0.00433  	0.00002  	0.00421  	0.00427  	0.00498  	0.00000  	0.00000  
190.86286  	25.33404  	10.08530  	10.28727  	18.08106  	-1.18512  	0.01444  	0.21927  	0.20170  	-3.02442  	0.06846  	-0.08573  	-91.83560  	-1.00125  	59.52996  	64.71623  	-16654.92305  	-4836.41108  	-Inf  	-Inf  	0.00432  	0.00003  	0.00422  	0.00428  	0.00499  	0.00000  	0.00000  
191.86283  	25.33483  	10.08452  	10.28697  	18.08111  	-1.18512  	0.01337  	0.22001  	0.20160  	-3.02442  	0.06912  	-0.08570  	-91.84495  	-1.00364  	59.49946  	64.93472  	-16655.09555  	-4836.33958  	-Inf  	-Inf  	0.00432  	0.00003  	0.00422  	0.00426  	0.00499  	0.00000  	0.00000  
192.86287  	25.33485  	10.08519  	10.28684  	18.08175  	-1.18512  	0.01355  	0.21999  	0.20173  	-3.02442  	0.06614  	-0.08574  	-91.83712  	-0.99973  	59.53893  	64.92665  	-16655.23001  	-4836.37489  	-Inf  	-Inf  	0.00432  	0.00003  	0.00421  	0.00426  	0.00499  	0.00000  	0.00000  
193.86282  	25.33466  	10.08565  	10.28631  	18.08092  	-1.18512  	0.01244  	0.21965  	0.20402  	-3.02442  	0.06851  	-0.08572  	-91.84519  	-0.99478  	60.21408  	64.82837  	-16655.02061  	-4836.36982  	-Inf  	-Inf  	0.00433  	0.00003  	0.00422  	0.00424  	0.00499  	0.00000  	0.00000  
194.86391  	25.33539  	10.08481  	10.28532  	18.08097  	-1.18512  	0.01370  	0.21979  	0.20471  	-3.02442  	0.06905  	-0.08574  	-91.85382  	-0.99405  	60.41875  	64.86857  	-16655.17900  	-4836.24905  	-Inf  	-Inf  	0.00433  	0.00002  	0.00422  	0.00426  	0.00499  	0.00000  	0.00000  
195.86397  	25.33567  	10.08358  	10.28581  	18.08245  	-1.18512  	0.01350  	0.21992  	0.20220  	-3.02442  	0.06837  	-0.08570  	-91.83871  	-1.00257  	59.67840  	64.90642  	-16655.53826  	-4836.19944  	-Inf  	-Inf  	0.00432  	0.00003  	0.00422  	0.00426  	0.00499  	0.00000  	0.00000  
196.86447  	25.33719  	10.08394  	10.28616  	18.08219  	-1.18512  	0.01269  	0.21958  	0.20398  	-3.02442  	0.06744  	-0.08574  	-91.86125  	-1.00252  	60.20139  	64.80697  	-16655.79260  	-4836.24639  	-Inf  	-Inf  	0.00433  	0.00003  	0.00422  	0.00424  	0.00499  	0.00000  	0.00000  
197.86511  	25.33717  	10.08457  	10.28639  	18.08170  	-1.18512  	0.01294  	0.21987  	0.20273  	-3.02442  	0.06649  	-0.08569  	-91.86709  	-1.00055  	59.83389  	64.89341  	-16655.68860  	-4836.30355  	-Inf  	-Inf  	0.00432  	0.00003  	0.00421  	0.00425  	0.00499  	0.00000  	0.00000  
198.86561  	25.33743  	10.08501  	10.28703  	18.08280  	-1.18512  	0.01459  	0.21947  	0.20219  	-3.02442  	0.06803  	-0.08576  	-91.85648  	-1.00152  	59.67313  	64.77555  	-16655.96404  	-4836.37547  	-Inf  	-Inf  	0.00432  	0.00002  	0.00422  	0.00428  	0.00499  	0.00000  	0.00000  
199.86538  	25.33760  	10.08425  	10.28779  	18.08223  	-1.18512  	0.01283  	0.22007  	0.20307  	-3.02442  	0.06867  	-0.08571  	-91.86576  	-1.00903  	59.93442  	64.95122  	-16655.88402  	-4836.37570  	-Inf  	-Inf  	0.00432  	0.00003  	0.00422  	0.00425  	0.00499  	0.00000  	0.00000  
200.86597  	25.33871  	10.08430  	10.28754  	18.08266  	-1.18512  	0.01343  	0.22067  	0.20385  	-3.02442  	0.06746  	-0.08574  	-91.87444  	-1.00756  	60.16465  	65.12693  	-16656.19607  	-4836.36254  	-Inf  	-Inf  	0.00433  	0.00003  	0.00422  	0.00426  	0.00499  	0.00000  	0.00000  
201.86592  	25.33954  	10.08449  	10.28791  	18.08284  	-1.18512  	0.01344  	0.22061  	0.20407  	-3.02442  	0.06842  	-0.08578  	-91.88268  	-1.00850  	60.22917  	65.11198  	-16656.39983  	-4836.39964  	-Inf  	-Inf  	0.00433  	0.00002  	0.00422  	0.00426  	0.00499  	0.00000  	0.00000  
202.86525  	25.34034  	10.08539  	10.28743  	18.08303  	-1.18512  	0.01287  	0.21922  	0.20333  	-3.02442  	0.06876  	-0.08571  	-91.89041  	-1.00161  	60.01106  	64.69951  	-16656.60059  	-4836.42789  	-Inf  	-Inf  	0.00433  	0.00003  	0.00422  	0.00425  	0.00499  	0.00000  	0.00000  
203.86517  	25.33969  	10.08473  	10.28714  	18.08368  	-1.18512  	0.01402  	0.21949  	0.20392  	-3.02442  	0.06810  	-0.08570  	-91.87395  	-1.00349  	60.18600  	64.78136  	-16656.60339  	-4836.36438  	-Inf  	-Inf  	0.00433  	0.00003  	0.00422  	0.00427  	0.00499  	0.00000  	0.00000  
204.86614  	25.34099  	10.08348  	10.28723  	18.08438  	-1.18512  	0.01400  	0.22009  	0.20687  	-3.02442  	0.07002  	-0.08572  	-91.88152  	-1.01009  	61.05494  	64.95783  	-16657.00727  	-4836.28688  	-Inf  	-Inf  	0.00433  	0.00003  	0.00422  	0.00427  	0.00499  	0.00000  	0.00000  
205.86718  	25.34126  	10.08366  	10.28638  	18.08428  	-1.18512  	0.01428  	0.22069  	0.20219  	-3.02442  	0.06798  	-0.08581  	-91.88628  	-1.00502  	59.67495  	65.13359  	-16657.04248  	-4836.24284  	-Inf  	-Inf  	0.00432  	0.00002  	0.00422  	0.00427  	0.00499  	0.00000  	0.00000  
206.86998  	25.34236  	10.08439  	10.28638  	18.08525  	-1.18512  	0.01255  	0.22107  	0.20535  	-3.02442  	0.06809  	-0.08573  	-91.88783  	-1.00141  	60.60605  	65.24655  	-16657.46169  	-4836.29130  	-Inf  	-Inf  	0.00433  	0.00003  	0.00422  	0.00424  	0.00499  	0.00000  	0.00000  
207.86935  	25.34264  	10.08426  	10.28599  	18.08675  	-1.18512  	0.01249  	0.22007  	0.20330  	-3.02442  	0.06708  	-0.08570  	-91.87240  	-1.00009  	60.00268  	64.95189  	-16657.82229  	-4836.25639  	-Inf  	-Inf  	0.00433  	0.00003  	0.00421  	0.00424  	0.00499  	0.00000  	0.00000  
208.87097  	25.34424  	10.08332  	10.28695  	18.08677  	-1.18512  	0.01372  	0.21932  	0.20198  	-3.02442  	0.06858  	-0.08570  	-91.89244  	-1.00951  	59.61299  	64.73131  	-16658.15220  	-4836.25804  	-Inf  	-Inf  	0.00432  	0.00003  	0.00422  	0.00426  	0.00499  	0.00000  	0.00000  
209.87211  	25.34516  	10.08388  	10.28689  	18.08695  	-1.18512  	0.01420  	0.21957  	0.20257  	-3.02442  	0.06831  	-0.08576  	-91.90190  	-1.00644  	59.78591  	64.80440  	-16658.37394  	-4836.29071  	-Inf  	-Inf  	0.00432  	0.00002  	0.00422  	0.00427  	0.00499  	0.00000  	0.00000  
210.87233  	25.34578  	10.08345  	10.28669  	18.08720  	-1.18512  	0.01269  	0.21963  	0.20437  	-3.02442  	0.06869  	-0.08571  	-91.90654  	-1.00754  	60.31615  	64.82035  	-16658.55066  	-4836.24912  	-Inf  	-Inf  	0.00433  	0.00003  	0.00422  	0.00424  	0.00499  	0.00000  	0.00000  
211.87338  	25.34639  	10.08396  	10.28687  	18.08763  	-1.18512  	0.01255  	0.22002  	0.20153  	-3.02442  	0.06931  	-0.08569  	-91.90881  	-1.00593  	59.47895  	64.93730  	-16658.76090  	-4836.29562  	-Inf  	-Inf  	0.00432  	0.00003  	0.00422  	0.00424  	0.00499  	0.00000  	0.00000  
212.87401  	25.34787  	10.08379  	10.28712  	18.08744  	-1.18512  	0.01424  	0.21931  	0.20308  	-3.02442  	0.06849  	-0.08573  	-91.92992  	-1.00801  	59.93763  	64.72624  	-16659.02233  	-4836.30019  	-Inf  	-Inf  	0.00432  	0.00003  	0.00422  	0.00427  	0.00499  	0.00000  	0.00000  
213.87404  	25.34852  	10.08433  	10.28730  	18.08836  	-1.18512  	0.01346  	0.22101  	0.20478  	-3.02442  	0.06810  	-0.08572  	-91.92647  	-1.00625  	60.43965  	65.22984  	-16659.34160  	-4836.34847  	-Inf  	-Inf  	0.00433  	0.00003  	0.00422  	0.00426  	0.00499  	0.00000  	0.00000  
