10/11/2024 13:38:17Time	T_hot_in(C)	T_cold_in(C)	T_cold_out(C)	T_hot_out(C)	mdot_cold(kg/s)	ASFASIFUAS(kg/s)	Diferencial_cold(bar)	Diferencial_hot(bar)	mdot_hot(kg/s)	ABS_cold(bar)	ABS_hot(bar)	q_cold(kW)	q_hot(kW)	ASFASYFY	Tau_cold_haste	Re_hot	Re_cold	U_global	PSIG_cold(bar)	R_fouling	PSIG_hot(bar)	PSID_hot(bar)	m_dot_hot	PSID_cold(bar)	m_dot_cold
1.75316  	0.00000  	0.00000  	0.00000  	0.00000  	-1.18512  	-0.20833  	-0.86278  	-2.50000  	-3.02442  	-1.25000  	-0.08628  	-0.00000  	-0.00000  	-737.84722  	-254.63905  	-9234.48090  	-3618.55272  	NaN  	NaN  	0.00000  	0.00000  	0.00000  	0.00000  	0.00000  	0.00000  	0.00000  
2.75273  	27.08027  	10.11331  	10.30490  	16.82200  	-1.18512  	0.00667  	0.10120  	0.08178  	-3.02442  	0.06500  	-0.08571  	-129.88735  	-0.94980  	24.13501  	29.86676  	-16753.85160  	-4839.44640  	-Inf  	-Inf  	0.00413  	0.00003  	0.00421  	0.00413  	0.00444  	0.00000  	0.00000  
3.75439  	27.07876  	10.11206  	10.30438  	16.81987  	-1.18512  	0.00748  	0.10033  	0.07937  	-3.02442  	0.07083  	-0.08576  	-129.89525  	-0.95345  	23.42382  	29.61098  	-16753.11121  	-4839.32900  	-Inf  	-Inf  	0.00413  	0.00002  	0.00423  	0.00414  	0.00444  	0.00000  	0.00000  
4.75470  	27.07527  	10.11208  	10.30274  	16.81723  	-1.18512  	0.00721  	0.10148  	0.08423  	-3.02442  	0.06920  	-0.08566  	-129.88444  	-0.94521  	24.86040  	29.95181  	-16751.86579  	-4839.22104  	-Inf  	-Inf  	0.00413  	0.00003  	0.00422  	0.00414  	0.00444  	0.00000  	0.00000  
5.75445  	27.07369  	10.11127  	10.30148  	16.81548  	-1.18512  	0.00708  	0.10239  	0.07943  	-3.02442  	0.06782  	-0.08576  	-129.88671  	-0.94297  	23.44158  	30.21894  	-16751.18749  	-4839.08376  	-Inf  	-Inf  	0.00413  	0.00002  	0.00422  	0.00414  	0.00445  	0.00000  	0.00000  
6.75530  	27.07162  	10.11137  	10.30046  	16.81429  	-1.18512  	0.00621  	0.10046  	0.08079  	-3.02442  	0.06772  	-0.08568  	-129.87549  	-0.93743  	23.84334  	29.65109  	-16750.52260  	-4839.02235  	-Inf  	-Inf  	0.00413  	0.00003  	0.00422  	0.00412  	0.00444  	0.00000  	0.00000  
7.75714  	27.07075  	10.11041  	10.30096  	16.81213  	-1.18512  	0.00717  	0.10083  	0.08263  	-3.02442  	0.06949  	-0.08570  	-129.89189  	-0.94465  	24.38713  	29.75914  	-16749.90849  	-4838.99126  	-Inf  	-Inf  	0.00413  	0.00003  	0.00422  	0.00414  	0.00444  	0.00000  	0.00000  
8.75646  	27.06755  	10.10987  	10.30102  	16.81016  	-1.18512  	0.00694  	0.10156  	0.08056  	-3.02442  	0.06881  	-0.08572  	-129.87621  	-0.94763  	23.77742  	29.97487  	-16748.85618  	-4838.95994  	-Inf  	-Inf  	0.00413  	0.00003  	0.00422  	0.00413  	0.00444  	0.00000  	0.00000  
9.75921  	27.06620  	10.10924  	10.30060  	16.80814  	-1.18512  	0.00685  	0.10147  	0.08368  	-3.02442  	0.06861  	-0.08573  	-129.88477  	-0.94867  	24.69858  	29.94680  	-16748.17356  	-4838.89010  	-Inf  	-Inf  	0.00413  	0.00003  	0.00422  	0.00413  	0.00444  	0.00000  	0.00000  
10.75910  	27.06516  	10.10846  	10.29995  	16.80626  	-1.18512  	0.00751  	0.10167  	0.08050  	-3.02442  	0.06754  	-0.08573  	-129.89533  	-0.94929  	23.75750  	30.00815  	-16747.57851  	-4838.79506  	-Inf  	-Inf  	0.00413  	0.00003  	0.00422  	0.00414  	0.00444  	0.00000  	0.00000  
11.76123  	27.06260  	10.10741  	10.29950  	16.80530  	-1.18512  	0.00623  	0.10189  	0.07929  	-3.02442  	0.06934  	-0.08580  	-129.87521  	-0.95227  	23.40123  	30.07143  	-16746.86324  	-4838.69525  	-Inf  	-Inf  	0.00413  	0.00002  	0.00422  	0.00412  	0.00444  	0.00000  	0.00000  
12.76139  	27.06084  	10.10739  	10.29905  	16.80301  	-1.18512  	0.00713  	0.10061  	0.08282  	-3.02442  	0.06966  	-0.08572  	-129.88188  	-0.95016  	24.44373  	29.69377  	-16746.03991  	-4838.66400  	-Inf  	-Inf  	0.00413  	0.00003  	0.00422  	0.00414  	0.00444  	0.00000  	0.00000  
13.76238  	27.05925  	10.10620  	10.29917  	16.80108  	-1.18512  	0.00724  	0.10161  	0.07893  	-3.02442  	0.06767  	-0.08573  	-129.88628  	-0.95667  	23.29506  	29.98826  	-16745.32318  	-4838.59275  	-Inf  	-Inf  	0.00413  	0.00003  	0.00422  	0.00414  	0.00444  	0.00000  	0.00000  
14.76336  	27.05788  	10.10673  	10.29944  	16.79957  	-1.18512  	0.00798  	0.10072  	0.08233  	-3.02442  	0.07022  	-0.08576  	-129.88796  	-0.95535  	24.29761  	29.72656  	-16744.73729  	-4838.64615  	-Inf  	-Inf  	0.00413  	0.00002  	0.00422  	0.00415  	0.00444  	0.00000  	0.00000  
15.76384  	27.05536  	10.10572  	10.29781  	16.79681  	-1.18512  	0.00741  	0.10176  	0.07943  	-3.02442  	0.06832  	-0.08566  	-129.89105  	-0.95230  	23.44309  	30.03275  	-16743.66562  	-4838.46974  	-Inf  	-Inf  	0.00413  	0.00003  	0.00422  	0.00414  	0.00444  	0.00000  	0.00000  
16.76384  	27.05315  	10.10541  	10.29729  	16.79474  	-1.18512  	0.00825  	0.10120  	0.08215  	-3.02442  	0.06862  	-0.08574  	-129.88922  	-0.95124  	24.24682  	29.86662  	-16742.79507  	-4838.41481  	-Inf  	-Inf  	0.00413  	0.00003  	0.00422  	0.00416  	0.00444  	0.00000  	0.00000  
17.76377  	27.05192  	10.10510  	10.29689  	16.79325  	-1.18512  	0.00814  	0.10160  	0.08057  	-3.02442  	0.06875  	-0.08570  	-129.89258  	-0.95080  	23.77796  	29.98478  	-16742.24143  	-4838.36815  	-Inf  	-Inf  	0.00413  	0.00003  	0.00422  	0.00416  	0.00444  	0.00000  	0.00000  
18.76699  	27.04916  	10.10448  	10.29602  	16.79123  	-1.18512  	0.00729  	0.10120  	0.08022  	-3.02442  	0.06799  	-0.08570  	-129.88318  	-0.94957  	23.67601  	29.86911  	-16741.27105  	-4838.26842  	-Inf  	-Inf  	0.00413  	0.00003  	0.00422  	0.00414  	0.00444  	0.00000  	0.00000  
19.76731  	27.04761  	10.10456  	10.29594  	16.79022  	-1.18512  	0.00697  	0.10194  	0.08019  	-3.02442  	0.07000  	-0.08571  	-129.87633  	-0.94874  	23.66781  	30.08709  	-16740.74952  	-4838.26878  	-Inf  	-Inf  	0.00413  	0.00003  	0.00422  	0.00413  	0.00444  	0.00000  	0.00000  
20.76813  	27.04490  	10.10367  	10.29666  	16.78820  	-1.18512  	0.00643  	0.10109  	0.08463  	-3.02442  	0.06769  	-0.08568  	-129.86764  	-0.95675  	24.97833  	29.83519  	-16739.78945  	-4838.25742  	-Inf  	-Inf  	0.00414  	0.00003  	0.00422  	0.00412  	0.00444  	0.00000  	0.00000  
21.76745  	27.04373  	10.10382  	10.29589  	16.78662  	-1.18512  	0.00734  	0.10155  	0.08160  	-3.02442  	0.07002  	-0.08575  	-129.87279  	-0.95222  	24.08266  	29.97169  	-16739.22860  	-4838.21595  	-Inf  	-Inf  	0.00413  	0.00002  	0.00422  	0.00414  	0.00444  	0.00000  	0.00000  
22.76814  	27.04157  	10.10294  	10.29603  	16.78546  	-1.18512  	0.00650  	0.10136  	0.08468  	-3.02442  	0.06846  	-0.08565  	-129.86019  	-0.95724  	24.99192  	29.91617  	-16738.55416  	-4838.16709  	-Inf  	-Inf  	0.00414  	0.00003  	0.00422  	0.00412  	0.00444  	0.00000  	0.00000  
23.76921  	27.03934  	10.10208  	10.29562  	16.78371  	-1.18512  	0.00800  	0.10126  	0.08327  	-3.02442  	0.06971  	-0.08573  	-129.85420  	-0.95949  	24.57676  	29.88702  	-16737.74585  	-4838.08248  	-Inf  	-Inf  	0.00413  	0.00003  	0.00422  	0.00415  	0.00444  	0.00000  	0.00000  
24.76909  	27.03766  	10.10232  	10.29455  	16.78284  	-1.18512  	0.00765  	0.10088  	0.08152  	-3.02442  	0.06973  	-0.08575  	-129.84394  	-0.95300  	24.05948  	29.77359  	-16737.22655  	-4838.02740  	-Inf  	-Inf  	0.00413  	0.00002  	0.00422  	0.00415  	0.00444  	0.00000  	0.00000  
25.76907  	27.03574  	10.10221  	10.29304  	16.78096  	-1.18512  	0.00611  	0.10167  	0.08381  	-3.02442  	0.06803  	-0.08565  	-129.84344  	-0.94607  	24.73577  	30.00753  	-16736.45575  	-4837.91938  	-Inf  	-Inf  	0.00413  	0.00003  	0.00422  	0.00412  	0.00444  	0.00000  	0.00000  
26.77015  	27.03389  	10.10172  	10.29307  	16.77938  	-1.18512  	0.00685  	0.10205  	0.08408  	-3.02442  	0.07033  	-0.08575  	-129.84004  	-0.94860  	24.81486  	30.11867  	-16735.75681  	-4837.88862  	-Inf  	-Inf  	0.00413  	0.00002  	0.00423  	0.00413  	0.00445  	0.00000  	0.00000  
27.77116  	27.03179  	10.10132  	10.29251  	16.77843  	-1.18512  	0.00769  	0.10169  	0.08359  	-3.02442  	0.06825  	-0.08573  	-129.82541  	-0.94783  	24.66944  	30.01319  	-16735.13870  	-4837.82445  	-Inf  	-Inf  	0.00413  	0.00003  	0.00422  	0.00415  	0.00444  	0.00000  	0.00000  
28.77210  	27.02966  	10.10070  	10.29150  	16.77653  	-1.18512  	0.00710  	0.10212  	0.07988  	-3.02442  	0.06869  	-0.08571  	-129.82259  	-0.94591  	23.57547  	30.14046  	-16734.32004  	-4837.71633  	-Inf  	-Inf  	0.00413  	0.00003  	0.00422  	0.00414  	0.00445  	0.00000  	0.00000  
29.77248  	27.02782  	10.10077  	10.29113  	16.77495  	-1.18512  	0.00730  	0.10058  	0.08237  	-3.02442  	0.07029  	-0.08576  	-129.81930  	-0.94373  	24.31112  	29.68505  	-16733.62332  	-4837.69682  	-Inf  	-Inf  	0.00413  	0.00002  	0.00422  	0.00414  	0.00444  	0.00000  	0.00000  
30.77422  	27.02636  	10.10113  	10.29108  	16.77416  	-1.18512  	0.00782  	0.10214  	0.08149  	-3.02442  	0.06885  	-0.08571  	-129.81076  	-0.94166  	24.04976  	30.14511  	-16733.16728  	-4837.71713  	-Inf  	-Inf  	0.00413  	0.00003  	0.00422  	0.00415  	0.00445  	0.00000  	0.00000  
31.77492  	27.02426  	10.10022  	10.29099  	16.77184  	-1.18512  	0.00811  	0.10142  	0.08117  	-3.02442  	0.06902  	-0.08568  	-129.81359  	-0.94573  	23.95668  	29.93241  	-16732.26893  	-4837.65054  	-Inf  	-Inf  	0.00413  	0.00003  	0.00422  	0.00416  	0.00444  	0.00000  	0.00000  
32.77524  	27.02208  	10.09919  	10.28944  	16.77122  	-1.18512  	0.00658  	0.10204  	0.08132  	-3.02442  	0.06941  	-0.08574  	-129.79388  	-0.94318  	24.00057  	30.11570  	-16731.70010  	-4837.47940  	-Inf  	-Inf  	0.00413  	0.00003  	0.00422  	0.00413  	0.00445  	0.00000  	0.00000  
33.77627  	27.02065  	10.09893  	10.28959  	16.76997  	-1.18512  	0.00756  	0.10096  	0.08406  	-3.02442  	0.06903  	-0.08565  	-129.79150  	-0.94519  	24.80839  	29.79712  	-16731.15404  	-4837.47211  	-Inf  	-Inf  	0.00413  	0.00003  	0.00422  	0.00415  	0.00444  	0.00000  	0.00000  
34.77608  	27.01870  	10.09888  	10.28965  	16.76842  	-1.18512  	0.00830  	0.10053  	0.08222  	-3.02442  	0.06799  	-0.08574  	-129.78645  	-0.94572  	24.26618  	29.66941  	-16730.44327  	-4837.47212  	-Inf  	-Inf  	0.00413  	0.00003  	0.00422  	0.00416  	0.00444  	0.00000  	0.00000  
35.77588  	27.01571  	10.09931  	10.28878  	16.76528  	-1.18512  	0.00787  	0.10101  	0.08046  	-3.02442  	0.06907  	-0.08573  	-129.78844  	-0.93931  	23.74592  	29.81292  	-16729.19606  	-4837.44305  	-Inf  	-Inf  	0.00413  	0.00003  	0.00422  	0.00415  	0.00444  	0.00000  	0.00000  
36.77630  	27.01479  	10.09865  	10.28971  	16.76421  	-1.18512  	0.00697  	0.10135  	0.08351  	-3.02442  	0.06872  	-0.08577  	-129.79030  	-0.94719  	24.64683  	29.91090  	-16728.79387  	-4837.46061  	-Inf  	-Inf  	0.00413  	0.00002  	0.00422  	0.00413  	0.00444  	0.00000  	0.00000  
37.77668  	27.01251  	10.09711  	10.28891  	16.76263  	-1.18512  	0.00786  	0.10068  	0.07805  	-3.02442  	0.06960  	-0.08573  	-129.78148  	-0.95085  	23.03428  	29.71467  	-16728.00761  	-4837.30499  	-Inf  	-Inf  	0.00412  	0.00003  	0.00422  	0.00415  	0.00444  	0.00000  	0.00000  
38.78025  	27.01056  	10.09716  	10.28982  	16.76102  	-1.18512  	0.00810  	0.10168  	0.08082  	-3.02442  	0.06905  	-0.08575  	-129.77708  	-0.95514  	23.85345  	30.00884  	-16727.28556  	-4837.36943  	-Inf  	-Inf  	0.00413  	0.00002  	0.00422  	0.00416  	0.00444  	0.00000  	0.00000  
39.78003  	27.00854  	10.09694  	10.28880  	16.75856  	-1.18512  	0.00679  	0.10125  	0.07774  	-3.02442  	0.06789  	-0.08576  	-129.78283  	-0.95116  	22.94410  	29.88317  	-16726.37479  	-4837.28681  	-Inf  	-Inf  	0.00412  	0.00002  	0.00422  	0.00413  	0.00444  	0.00000  	0.00000  
40.78008  	27.00675  	10.09624  	10.28793  	16.75705  	-1.18512  	0.00705  	0.09989  	0.07948  	-3.02442  	0.06736  	-0.08573  	-129.77924  	-0.95033  	23.45718  	29.48085  	-16725.70406  	-4837.18271  	-Inf  	-Inf  	0.00413  	0.00003  	0.00422  	0.00414  	0.00444  	0.00000  	0.00000  
41.78132  	27.00512  	10.09580  	10.28686  	16.75527  	-1.18512  	0.00843  	0.10107  	0.07975  	-3.02442  	0.07057  	-0.08569  	-129.78118  	-0.94720  	23.53709  	29.82872  	-16725.01222  	-4837.08184  	-Inf  	-Inf  	0.00413  	0.00003  	0.00423  	0.00416  	0.00444  	0.00000  	0.00000  
42.78112  	27.00370  	10.09577  	10.28692  	16.75283  	-1.18512  	0.00743  	0.10157  	0.07556  	-3.02442  	0.06747  	-0.08572  	-129.79412  	-0.94762  	22.30128  	29.97666  	-16724.22709  	-4837.08439  	-Inf  	-Inf  	0.00412  	0.00003  	0.00422  	0.00414  	0.00444  	0.00000  	0.00000  
43.78158  	27.00208  	10.09517  	10.28682  	16.75107  	-1.18512  	0.00712  	0.10175  	0.07999  	-3.02442  	0.06774  	-0.08574  	-129.79593  	-0.95011  	23.60755  	30.02995  	-16723.54088  	-4837.03801  	-Inf  	-Inf  	0.00413  	0.00003  	0.00422  	0.00414  	0.00444  	0.00000  	0.00000  
44.78263  	26.99904  	10.09500  	10.28586  	16.74920  	-1.18512  	0.00556  	0.10059  	0.08026  	-3.02442  	0.06781  	-0.08567  	-129.78101  	-0.94619  	23.68855  	29.68770  	-16722.54179  	-4836.96170  	-Inf  	-Inf  	0.00413  	0.00003  	0.00422  	0.00411  	0.00444  	0.00000  	0.00000  
45.78526  	26.99743  	10.09443  	10.28486  	16.74780  	-1.18512  	0.00747  	0.10206  	0.07934  	-3.02442  	0.06819  	-0.08570  	-129.77832  	-0.94408  	23.41507  	30.12335  	-16721.93112  	-4836.85788  	-Inf  	-Inf  	0.00413  	0.00003  	0.00422  	0.00414  	0.00445  	0.00000  	0.00000  
46.78511  	26.99626  	10.09341  	10.28482  	16.74541  	-1.18512  	0.00714  	0.10085  	0.08091  	-3.02442  	0.06915  	-0.08573  	-129.79393  	-0.94891  	23.87902  	29.76574  	-16721.20804  	-4836.78727  	-Inf  	-Inf  	0.00413  	0.00003  	0.00422  	0.00414  	0.00444  	0.00000  	0.00000  
47.78561  	26.99404  	10.09338  	10.28446  	16.74265  	-1.18512  	0.00751  	0.10144  	0.08048  	-3.02442  	0.06819  	-0.08574  	-129.80074  	-0.94730  	23.75354  	29.93944  	-16720.19607  	-4836.76123  	-Inf  	-Inf  	0.00413  	0.00003  	0.00422  	0.00414  	0.00444  	0.00000  	0.00000  
48.78722  	26.99241  	10.09316  	10.28412  	16.74106  	-1.18512  	0.00760  	0.10055  	0.08311  	-3.02442  	0.06824  	-0.08571  	-129.80025  	-0.94671  	24.52996  	29.67522  	-16719.54170  	-4836.72456  	-Inf  	-Inf  	0.00413  	0.00003  	0.00422  	0.00415  	0.00444  	0.00000  	0.00000  
49.78787  	26.99035  	10.09334  	10.28401  	16.73984  	-1.18512  	0.00720  	0.10012  	0.08129  	-3.02442  	0.06950  	-0.08571  	-129.78951  	-0.94522  	23.99183  	29.55033  	-16718.87670  	-4836.72900  	-Inf  	-Inf  	0.00413  	0.00003  	0.00422  	0.00414  	0.00444  	0.00000  	0.00000  
50.78829  	26.98906  	10.09385  	10.28402  	16.73810  	-1.18512  	0.00621  	0.10157  	0.08147  	-3.02442  	0.06857  	-0.08570  	-129.79534  	-0.94276  	24.04385  	29.97720  	-16718.26106  	-4836.76297  	-Inf  	-Inf  	0.00413  	0.00003  	0.00422  	0.00412  	0.00444  	0.00000  	0.00000  
51.78909  	26.98745  	10.09275  	10.28449  	16.73629  	-1.18512  	0.00850  	0.10150  	0.08194  	-3.02442  	0.06832  	-0.08569  	-129.79783  	-0.95053  	24.18395  	29.95779  	-16717.56661  	-4836.72162  	-Inf  	-Inf  	0.00413  	0.00003  	0.00422  	0.00416  	0.00444  	0.00000  	0.00000  
52.79015  	26.98473  	10.09238  	10.28357  	16.73442  	-1.18512  	0.00776  	0.10086  	0.08039  	-3.02442  	0.07018  	-0.08570  	-129.78707  	-0.94782  	23.72570  	29.76757  	-16716.63231  	-4836.63561  	-Inf  	-Inf  	0.00413  	0.00003  	0.00422  	0.00415  	0.00444  	0.00000  	0.00000  
53.79005  	26.98221  	10.09251  	10.28378  	16.73279  	-1.18512  	0.00668  	0.10099  	0.08092  	-3.02442  	0.06834  	-0.08573  	-129.77573  	-0.94827  	23.88407  	29.80619  	-16715.79031  	-4836.65823  	-Inf  	-Inf  	0.00413  	0.00003  	0.00422  	0.00413  	0.00444  	0.00000  	0.00000  
54.79107  	26.98086  	10.09198  	10.28357  	16.73117  	-1.18512  	0.00771  	0.10108  	0.08142  	-3.02442  	0.06878  	-0.08571  	-129.77933  	-0.94979  	24.03116  	29.83175  	-16715.18733  	-4836.60937  	-Inf  	-Inf  	0.00413  	0.00003  	0.00422  	0.00415  	0.00444  	0.00000  	0.00000  
55.79119  	26.97907  	10.09185  	10.28328  	16.72890  	-1.18512  	0.00661  	0.10055  	0.08475  	-3.02442  	0.06850  	-0.08569  	-129.78531  	-0.94903  	25.01391  	29.67569  	-16714.36112  	-4836.58080  	-Inf  	-Inf  	0.00414  	0.00003  	0.00422  	0.00413  	0.00444  	0.00000  	0.00000  
56.79206  	26.97659  	10.09044  	10.28290  	16.72709  	-1.18512  	0.00709  	0.10124  	0.08161  	-3.02442  	0.06917  	-0.08570  	-129.77690  	-0.95411  	24.08745  	29.87931  	-16713.49063  	-4836.46181  	-Inf  	-Inf  	0.00413  	0.00003  	0.00422  	0.00414  	0.00444  	0.00000  	0.00000  
57.79221  	26.97498  	10.09082  	10.28279  	16.72558  	-1.18512  	0.00809  	0.10110  	0.08228  	-3.02442  	0.06864  	-0.08569  	-129.77546  	-0.95168  	24.28520  	29.83982  	-16712.85755  	-4836.48005  	-Inf  	-Inf  	0.00413  	0.00003  	0.00422  	0.00416  	0.00444  	0.00000  	0.00000  
58.79183  	26.97261  	10.08970  	10.28236  	16.72494  	-1.18512  	0.00801  	0.10220  	0.07698  	-3.02442  	0.06892  	-0.08576  	-129.75367  	-0.95511  	22.71910  	30.16240  	-16712.24575  	-4836.37728  	-Inf  	-Inf  	0.00412  	0.00002  	0.00422  	0.00415  	0.00445  	0.00000  	0.00000  
59.79304  	26.97123  	10.09001  	10.28161  	16.72256  	-1.18512  	0.00671  	0.10111  	0.08235  	-3.02442  	0.06890  	-0.08570  	-129.76627  	-0.94986  	24.30568  	29.84280  	-16711.48213  	-4836.34777  	-Inf  	-Inf  	0.00413  	0.00003  	0.00422  	0.00413  	0.00444  	0.00000  	0.00000  
60.79365  	26.97063  	10.08928  	10.28080  	16.72065  	-1.18512  	0.00617  	0.10128  	0.08035  	-3.02442  	0.06926  	-0.08569  	-129.78293  	-0.94949  	23.71447  	29.89063  	-16710.97132  	-4836.24518  	-Inf  	-Inf  	0.00413  	0.00003  	0.00422  	0.00412  	0.00444  	0.00000  	0.00000  
61.79426  	26.96805  	10.08952  	10.28087  	16.71976  	-1.18512  	0.00803  	0.10089  	0.08343  	-3.02442  	0.06726  	-0.08569  	-129.76164  	-0.94864  	24.62341  	29.77652  	-16710.26838  	-4836.26631  	-Inf  	-Inf  	0.00413  	0.00003  	0.00422  	0.00415  	0.00444  	0.00000  	0.00000  
62.79474  	26.96603  	10.08934  	10.27945  	16.71790  	-1.18512  	0.00798  	0.09959  	0.08400  	-3.02442  	0.06838  	-0.08568  	-129.75954  	-0.94249  	24.79063  	29.39158  	-16709.47938  	-4836.15934  	-Inf  	-Inf  	0.00413  	0.00003  	0.00422  	0.00415  	0.00443  	0.00000  	0.00000  
63.79518  	26.96454  	10.08868  	10.28020  	16.71703  	-1.18512  	0.00741  	0.10208  	0.08280  	-3.02442  	0.06906  	-0.08568  	-129.75180  	-0.94949  	24.43897  	30.12732  	-16709.00036  	-4836.16526  	-Inf  	-Inf  	0.00413  	0.00003  	0.00422  	0.00414  	0.00445  	0.00000  	0.00000  
64.79532  	26.96177  	10.08811  	10.27866  	16.71540  	-1.18512  	0.00761  	0.10148  	0.08065  	-3.02442  	0.06704  	-0.08571  	-129.73721  	-0.94464  	23.80199  	29.95107  	-16708.10629  	-4836.02560  	-Inf  	-Inf  	0.00413  	0.00003  	0.00421  	0.00415  	0.00444  	0.00000  	0.00000  
65.79616  	26.95929  	10.08845  	10.27904  	16.71424  	-1.18512  	0.00709  	0.10164  	0.08340  	-3.02442  	0.06856  	-0.08575  	-129.72057  	-0.94484  	24.61429  	29.99664  	-16707.36738  	-4836.07321  	-Inf  	-Inf  	0.00413  	0.00002  	0.00422  	0.00414  	0.00444  	0.00000  	0.00000  
66.79618  	26.95801  	10.08846  	10.27835  	16.71296  	-1.18512  	0.00749  	0.10141  	0.07931  	-3.02442  	0.06852  	-0.08568  	-129.72048  	-0.94136  	23.40807  	29.92860  	-16706.84777  	-4836.02810  	-Inf  	-Inf  	0.00413  	0.00003  	0.00422  	0.00414  	0.00444  	0.00000  	0.00000  
67.79704  	26.95638  	10.08818  	10.27838  	16.71228  	-1.18512  	0.00761  	0.10194  	0.08111  	-3.02442  	0.06950  	-0.08578  	-129.70854  	-0.94290  	23.93903  	30.08599  	-16706.37902  	-4836.01107  	-Inf  	-Inf  	0.00413  	0.00002  	0.00422  	0.00415  	0.00444  	0.00000  	0.00000  
68.79918  	26.95448  	10.08621  	10.27701  	16.70939  	-1.18512  	0.00661  	0.10087  	0.08022  	-3.02442  	0.06885  	-0.08568  	-129.72114  	-0.94587  	23.67718  	29.77203  	-16705.40465  	-4835.78883  	-Inf  	-Inf  	0.00413  	0.00003  	0.00422  	0.00413  	0.00444  	0.00000  	0.00000  
69.79910  	26.95198  	10.08554  	10.27628  	16.70842  	-1.18512  	0.00706  	0.10060  	0.08069  	-3.02442  	0.06805  	-0.08573  	-129.70174  	-0.94557  	23.81438  	29.69111  	-16704.70136  	-4835.69626  	-Inf  	-Inf  	0.00413  	0.00003  	0.00422  	0.00414  	0.00444  	0.00000  	0.00000  
70.79910  	26.94949  	10.08519  	10.27611  	16.70742  	-1.18512  	0.00740  	0.10272  	0.08157  	-3.02442  	0.06772  	-0.08576  	-129.68295  	-0.94650  	24.07575  	30.31561  	-16703.99380  	-4835.66116  	-Inf  	-Inf  	0.00413  	0.00002  	0.00422  	0.00414  	0.00445  	0.00000  	0.00000  
71.79925  	26.94850  	10.08534  	10.27568  	16.70640  	-1.18512  	0.00703  	0.10086  	0.08110  	-3.02442  	0.06754  	-0.08570  	-129.68335  	-0.94361  	23.93651  	29.76671  	-16703.58535  	-4835.64226  	-Inf  	-Inf  	0.00413  	0.00003  	0.00422  	0.00414  	0.00444  	0.00000  	0.00000  
72.79870  	26.94617  	10.08582  	10.27619  	16.70548  	-1.18512  	0.00737  	0.10133  	0.08062  	-3.02442  	0.06965  	-0.08571  	-129.66547  	-0.94378  	23.79518  	29.90497  	-16702.92517  	-4835.70889  	-Inf  	-Inf  	0.00413  	0.00003  	0.00422  	0.00414  	0.00444  	0.00000  	0.00000  
73.79906  	26.94438  	10.08530  	10.27637  	16.70396  	-1.18512  	0.00796  	0.10207  	0.08268  	-3.02442  	0.06921  	-0.08568  	-129.66201  	-0.94722  	24.40289  	30.12580  	-16702.25187  	-4835.68634  	-Inf  	-Inf  	0.00413  	0.00003  	0.00422  	0.00415  	0.00445  	0.00000  	0.00000  
74.79879  	26.94247  	10.08557  	10.27599  	16.70255  	-1.18512  	0.00728  	0.10281  	0.07916  	-3.02442  	0.07067  	-0.08572  	-129.65560  	-0.94401  	23.36281  	30.34244  	-16701.57854  	-4835.67854  	-Inf  	-Inf  	0.00413  	0.00003  	0.00423  	0.00414  	0.00445  	0.00000  	0.00000  
75.79890  	26.93942  	10.08563  	10.27689  	16.70043  	-1.18512  	0.00776  	0.10254  	0.07911  	-3.02442  	0.06920  	-0.08572  	-129.64398  	-0.94818  	23.34809  	30.26356  	-16700.52824  	-4835.74287  	-Inf  	-Inf  	0.00413  	0.00003  	0.00422  	0.00415  	0.00445  	0.00000  	0.00000  
76.79986  	26.93799  	10.08551  	10.27675  	16.69993  	-1.18512  	0.00622  	0.10073  	0.08319  	-3.02442  	0.06879  	-0.08572  	-129.63218  	-0.94804  	24.55289  	29.72842  	-16700.13656  	-4835.72533  	-Inf  	-Inf  	0.00413  	0.00003  	0.00422  	0.00412  	0.00444  	0.00000  	0.00000  
77.80023  	26.93661  	10.08523  	10.27698  	16.69952  	-1.18512  	0.00618  	0.10140  	0.08089  	-3.02442  	0.06923  	-0.08577  	-129.61986  	-0.95060  	23.87449  	29.92702  	-16699.77200  	-4835.72203  	-Inf  	-Inf  	0.00413  	0.00002  	0.00422  	0.00412  	0.00444  	0.00000  	0.00000  
78.80104  	26.93471  	10.08529  	10.27688  	16.69728  	-1.18512  	0.00737  	0.10172  	0.07962  	-3.02442  	0.06889  	-0.08565  	-129.62411  	-0.94982  	23.49768  	30.02274  	-16698.93363  	-4835.71924  	-Inf  	-Inf  	0.00413  	0.00003  	0.00422  	0.00414  	0.00444  	0.00000  	0.00000  
79.80052  	26.93294  	10.08521  	10.27588  	16.69735  	-1.18512  	0.00695  	0.10085  	0.08153  	-3.02442  	0.06775  	-0.08572  	-129.60076  	-0.94526  	24.06280  	29.76558  	-16698.58792  	-4835.64706  	-Inf  	-Inf  	0.00413  	0.00003  	0.00422  	0.00413  	0.00444  	0.00000  	0.00000  
80.80132  	26.93055  	10.08527  	10.27538  	16.69530  	-1.18512  	0.00626  	0.10120  	0.08333  	-3.02442  	0.06849  	-0.08575  	-129.59652  	-0.94249  	24.59248  	29.86949  	-16697.68667  	-4835.61802  	-Inf  	-Inf  	0.00413  	0.00002  	0.00422  	0.00412  	0.00444  	0.00000  	0.00000  
81.80224  	26.92823  	10.08524  	10.27530  	16.69438  	-1.18512  	0.00692  	0.10185  	0.08041  	-3.02442  	0.06840  	-0.08577  	-129.57879  	-0.94222  	23.73306  	30.05862  	-16697.02904  	-4835.61072  	-Inf  	-Inf  	0.00413  	0.00002  	0.00422  	0.00413  	0.00444  	0.00000  	0.00000  
82.80146  	26.92689  	10.08488  	10.27563  	16.69303  	-1.18512  	0.00659  	0.10163  	0.08185  	-3.02442  	0.06853  	-0.08573  	-129.57899  	-0.94566  	24.15603  	29.99633  	-16696.48187  	-4835.60897  	-Inf  	-Inf  	0.00413  	0.00003  	0.00422  	0.00413  	0.00444  	0.00000  	0.00000  
83.80288  	26.92558  	10.08498  	10.27508  	16.69212  	-1.18512  	0.00706  	0.10030  	0.08203  	-3.02442  	0.06851  	-0.08571  	-129.57382  	-0.94244  	24.20948  	29.60365  	-16696.03182  	-4835.57932  	-Inf  	-Inf  	0.00413  	0.00003  	0.00422  	0.00414  	0.00444  	0.00000  	0.00000  
84.80405  	26.92315  	10.08515  	10.27466  	16.69112  	-1.18512  	0.00795  	0.10149  	0.07734  	-3.02442  	0.07032  	-0.08584  	-129.55587  	-0.93951  	22.82729  	29.95365  	-16695.33463  	-4835.56260  	-Inf  	-Inf  	0.00412  	0.00002  	0.00423  	0.00415  	0.00444  	0.00000  	0.00000  
85.80382  	26.92024  	10.08398  	10.27437  	16.69001  	-1.18512  	0.00781  	0.10092  	0.07928  	-3.02442  	0.06753  	-0.08569  	-129.53307  	-0.94388  	23.39946  	29.78648  	-16694.52052  	-4835.46549  	-Inf  	-Inf  	0.00413  	0.00003  	0.00422  	0.00415  	0.00444  	0.00000  	0.00000  
86.80404  	26.91914  	10.08365  	10.27299  	16.68869  	-1.18512  	0.00742  	0.10112  	0.08362  	-3.02442  	0.06810  	-0.08571  	-129.53582  	-0.93866  	24.67997  	29.84557  	-16694.02718  	-4835.35167  	-Inf  	-Inf  	0.00413  	0.00003  	0.00422  	0.00414  	0.00444  	0.00000  	0.00000  
87.80492  	26.91687  	10.08407  	10.27355  	16.68715  	-1.18512  	0.00719  	0.10217  	0.07967  	-3.02442  	0.06908  	-0.08572  	-129.52664  	-0.93931  	23.51472  	30.15461  	-16693.25461  	-4835.41675  	-Inf  	-Inf  	0.00413  	0.00003  	0.00422  	0.00414  	0.00445  	0.00000  	0.00000  
88.80619  	26.91519  	10.08287  	10.27372  	16.68538  	-1.18512  	0.00762  	0.10114  	0.08184  	-3.02442  	0.06723  	-0.08573  	-129.52781  	-0.94614  	24.15391  	29.85091  	-16692.55380  	-4835.34781  	-Inf  	-Inf  	0.00413  	0.00003  	0.00422  	0.00415  	0.00444  	0.00000  	0.00000  
89.80552  	26.91408  	10.08287  	10.27374  	16.68409  	-1.18512  	0.00701  	0.10104  	0.08010  	-3.02442  	0.06972  	-0.08570  	-129.53010  	-0.94627  	23.64199  	29.82226  	-16692.06740  	-4835.34956  	-Inf  	-Inf  	0.00413  	0.00003  	0.00422  	0.00413  	0.00444  	0.00000  	0.00000  
90.80620  	26.91169  	10.08298  	10.27286  	16.68177  	-1.18512  	0.00709  	0.10203  	0.08199  	-3.02442  	0.06874  	-0.08568  	-129.52918  	-0.94133  	24.19984  	30.11406  	-16691.10962  	-4835.29785  	-Inf  	-Inf  	0.00413  	0.00003  	0.00422  	0.00414  	0.00445  	0.00000  	0.00000  
91.80664  	26.90994  	10.08297  	10.27399  	16.68037  	-1.18512  	0.00735  	0.10038  	0.08144  	-3.02442  	0.06933  	-0.08571  	-129.52463  	-0.94702  	24.03660  	29.62537  	-16690.47152  	-4835.37300  	-Inf  	-Inf  	0.00413  	0.00003  	0.00422  	0.00414  	0.00444  	0.00000  	0.00000  
92.80722  	26.90674  	10.08310  	10.27340  	16.67912  	-1.18512  	0.00708  	0.10093  	0.08158  	-3.02442  	0.06930  	-0.08574  	-129.49992  	-0.94344  	24.07783  	29.78825  	-16689.56840  	-4835.34263  	-Inf  	-Inf  	0.00413  	0.00002  	0.00422  	0.00414  	0.00444  	0.00000  	0.00000  
93.80700  	26.90563  	10.08234  	10.27278  	16.67681  	-1.18512  	0.00777  	0.10073  	0.08113  	-3.02442  	0.06939  	-0.08570  	-129.51519  	-0.94409  	23.94332  	29.73063  	-16688.87386  	-4835.25066  	-Inf  	-Inf  	0.00413  	0.00003  	0.00422  	0.00415  	0.00444  	0.00000  	0.00000  
94.80739  	26.90400  	10.08271  	10.27242  	16.67581  	-1.18512  	0.00694  	0.10049  	0.08168  	-3.02442  	0.06851  	-0.08573  	-129.50727  	-0.94046  	24.10671  	29.65883  	-16688.34103  	-4835.25122  	-Inf  	-Inf  	0.00413  	0.00003  	0.00422  	0.00413  	0.00444  	0.00000  	0.00000  
95.80811  	26.90293  	10.08154  	10.27289  	16.67378  	-1.18512  	0.00721  	0.10098  	0.08075  	-3.02442  	0.06858  	-0.08573  	-129.51938  	-0.94864  	23.83168  	29.80328  	-16687.71015  	-4835.20458  	-Inf  	-Inf  	0.00413  	0.00003  	0.00422  	0.00414  	0.00444  	0.00000  	0.00000  
96.80835  	26.89970  	10.08147  	10.27220  	16.67206  	-1.18512  	0.00756  	0.10164  	0.07850  	-3.02442  	0.06862  	-0.08573  	-129.50040  	-0.94559  	23.16761  	29.99934  	-16686.70600  	-4835.15429  	-Inf  	-Inf  	0.00413  	0.00003  	0.00422  	0.00415  	0.00444  	0.00000  	0.00000  
97.80762  	26.89797  	10.08185  	10.27255  	16.67148  	-1.18512  	0.00647  	0.10066  	0.08342  	-3.02442  	0.06878  	-0.08570  	-129.48575  	-0.94537  	24.62182  	29.71006  	-16686.23827  	-4835.20270  	-Inf  	-Inf  	0.00413  	0.00003  	0.00422  	0.00412  	0.00444  	0.00000  	0.00000  
98.80907  	26.89603  	10.08156  	10.27145  	16.67064  	-1.18512  	0.00841  	0.10082  	0.08366  	-3.02442  	0.06940  	-0.08572  	-129.47177  	-0.94141  	24.69209  	29.75647  	-16685.67216  	-4835.11008  	-Inf  	-Inf  	0.00413  	0.00003  	0.00422  	0.00416  	0.00444  	0.00000  	0.00000  
99.81004  	26.89447  	10.08141  	10.27179  	16.66800  	-1.18512  	0.00780  	0.10091  	0.07744  	-3.02442  	0.06844  	-0.08579  	-129.48558  	-0.94380  	22.85477  	29.78264  	-16684.82118  	-4835.12299  	-Inf  	-Inf  	0.00412  	0.00002  	0.00422  	0.00415  	0.00444  	0.00000  	0.00000  
100.81135  	26.89281  	10.08097  	10.27079  	16.66628  	-1.18512  	0.00750  	0.10226  	0.07981  	-3.02442  	0.06928  	-0.08575  	-129.48622  	-0.94102  	23.55369  	30.18171  	-16684.13563  	-4835.02681  	-Inf  	-Inf  	0.00413  	0.00002  	0.00422  	0.00414  	0.00445  	0.00000  	0.00000  
101.81223  	26.89117  	10.08117  	10.27008  	16.66511  	-1.18512  	0.00694  	0.10067  	0.08200  	-3.02442  	0.06918  	-0.08570  	-129.48042  	-0.93650  	24.20046  	29.71143  	-16683.56421  	-4834.99302  	-Inf  	-Inf  	0.00413  	0.00003  	0.00422  	0.00413  	0.00444  	0.00000  	0.00000  
102.81306  	26.88899  	10.08033  	10.27004  	16.66378  	-1.18512  	0.00834  	0.10189  	0.07953  	-3.02442  	0.06767  	-0.08572  	-129.46964  	-0.94051  	23.47340  	30.07308  	-16682.85312  	-4834.93445  	-Inf  	-Inf  	0.00413  	0.00003  	0.00422  	0.00416  	0.00444  	0.00000  	0.00000  
103.81266  	26.88690  	10.08024  	10.27080  	16.66270  	-1.18512  	0.00750  	0.10032  	0.08237  	-3.02442  	0.06923  	-0.08576  	-129.45672  	-0.94472  	24.31002  	29.60762  	-16682.20949  	-4834.97883  	-Inf  	-Inf  	0.00413  	0.00002  	0.00422  	0.00414  	0.00444  	0.00000  	0.00000  
104.81243  	26.88441  	10.08011  	10.27007  	16.66081  	-1.18512  	0.00793  	0.10168  	0.08296  	-3.02442  	0.06895  	-0.08570  	-129.44920  	-0.94174  	24.48560  	30.01000  	-16681.31829  	-4834.92253  	-Inf  	-Inf  	0.00413  	0.00003  	0.00422  	0.00415  	0.00444  	0.00000  	0.00000  
105.81406  	26.88296  	10.07955  	10.26940  	16.65997  	-1.18512  	0.00653  	0.10069  	0.08096  	-3.02442  	0.06745  	-0.08567  	-129.44157  	-0.94115  	23.89528  	29.71620  	-16680.85515  	-4834.84022  	-Inf  	-Inf  	0.00413  	0.00003  	0.00422  	0.00413  	0.00444  	0.00000  	0.00000  
106.81540  	26.88137  	10.07893  	10.26870  	16.65790  	-1.18512  	0.00883  	0.10137  	0.08481  	-3.02442  	0.06936  	-0.08571  	-129.44762  	-0.94077  	25.02987  	29.91965  	-16680.11384  	-4834.75245  	-Inf  	-Inf  	0.00414  	0.00003  	0.00422  	0.00417  	0.00444  	0.00000  	0.00000  
107.81684  	26.87865  	10.07860  	10.26898  	16.65674  	-1.18512  	0.00710  	0.10180  	0.08174  	-3.02442  	0.06984  	-0.08574  	-129.42786  	-0.94386  	24.12344  	30.04473  	-16679.32556  	-4834.74923  	-Inf  	-Inf  	0.00413  	0.00003  	0.00422  	0.00414  	0.00444  	0.00000  	0.00000  
108.82099  	26.87635  	10.07761  	10.26931  	16.65580  	-1.18512  	0.00688  	0.10112  	0.08119  	-3.02442  	0.06855  	-0.08573  	-129.41061  	-0.95033  	23.96195  	29.84314  	-16678.66828  	-4834.70523  	-Inf  	-Inf  	0.00413  	0.00003  	0.00422  	0.00413  	0.00444  	0.00000  	0.00000  
109.82124  	26.87494  	10.07830  	10.26814  	16.65444  	-1.18512  	0.00661  	0.10213  	0.07961  	-3.02442  	0.06867  	-0.08574  	-129.40993  	-0.94115  	23.49497  	30.14359  	-16678.10685  	-4834.67393  	-Inf  	-Inf  	0.00413  	0.00003  	0.00422  	0.00413  	0.00445  	0.00000  	0.00000  
110.82206  	26.87257  	10.07885  	10.26734  	16.65326  	-1.18512  	0.00782  	0.10118  	0.08386  	-3.02442  	0.06890  	-0.08566  	-129.39494  	-0.93448  	24.75118  	29.86250  	-16677.38613  	-4834.65690  	-Inf  	-Inf  	0.00413  	0.00003  	0.00422  	0.00415  	0.00444  	0.00000  	0.00000  
111.82318  	26.87023  	10.07699  	10.26846  	16.65287  	-1.18512  	0.00638  	0.10156  	0.07871  	-3.02442  	0.06710  	-0.08580  	-129.37027  	-0.94921  	23.23173  	29.97431  	-16676.83238  	-4834.60801  	-Inf  	-Inf  	0.00413  	0.00002  	0.00421  	0.00412  	0.00444  	0.00000  	0.00000  
112.82376  	26.86938  	10.07813  	10.26787  	16.65104  	-1.18512  	0.00651  	0.10112  	0.08624  	-3.02442  	0.06887  	-0.08568  	-129.38262  	-0.94068  	25.45144  	29.84380  	-16676.28791  	-4834.64414  	-Inf  	-Inf  	0.00414  	0.00003  	0.00422  	0.00413  	0.00444  	0.00000  	0.00000  
113.82518  	26.86739  	10.07751  	10.26749  	16.64936  	-1.18512  	0.00733  	0.10156  	0.08109  	-3.02442  	0.06767  	-0.08572  	-129.37870  	-0.94180  	23.93282  	29.97505  	-16675.54404  	-4834.57754  	-Inf  	-Inf  	0.00413  	0.00003  	0.00422  	0.00414  	0.00444  	0.00000  	0.00000  
114.82454  	26.86522  	10.07774  	10.26775  	16.64733  	-1.18512  	0.00771  	0.10122  	0.08532  	-3.02442  	0.06801  	-0.08571  	-129.37692  	-0.94200  	25.18073  	29.87258  	-16674.69015  	-4834.61008  	-Inf  	-Inf  	0.00414  	0.00003  	0.00422  	0.00415  	0.00444  	0.00000  	0.00000  
115.82515  	26.86312  	10.07845  	10.26738  	16.64682  	-1.18512  	0.00772  	0.10183  	0.08147  	-3.02442  	0.06855  	-0.08574  	-129.35686  	-0.93664  	24.04505  	30.05547  	-16674.16211  	-4834.63314  	-Inf  	-Inf  	0.00413  	0.00003  	0.00422  	0.00415  	0.00444  	0.00000  	0.00000  
116.82650  	26.86149  	10.07751  	10.26813  	16.64695  	-1.18512  	0.00658  	0.10118  	0.08097  	-3.02442  	0.06818  	-0.08571  	-129.33451  	-0.94500  	23.89840  	29.86251  	-16673.85585  	-4834.62020  	-Inf  	-Inf  	0.00413  	0.00003  	0.00422  	0.00413  	0.00444  	0.00000  	0.00000  
117.82845  	26.85960  	10.07709  	10.26839  	16.64503  	-1.18512  	0.00696  	0.10102  	0.07912  	-3.02442  	0.06871  	-0.08569  	-129.33489  	-0.94841  	23.35240  	29.81584  	-16673.08357  	-4834.60945  	-Inf  	-Inf  	0.00413  	0.00003  	0.00422  	0.00413  	0.00444  	0.00000  	0.00000  
118.83024  	26.85774  	10.07672  	10.26762  	16.64372  	-1.18512  	0.00760  	0.10112  	0.08274  	-3.02442  	0.06888  	-0.08570  	-129.32805  	-0.94635  	24.41856  	29.84564  	-16672.44135  	-4834.53381  	-Inf  	-Inf  	0.00413  	0.00003  	0.00422  	0.00415  	0.00444  	0.00000  	0.00000  
119.83232  	26.85578  	10.07669  	10.26698  	16.64302  	-1.18512  	0.00769  	0.10178  	0.08106  	-3.02442  	0.06827  	-0.08570  	-129.31204  	-0.94336  	23.92446  	30.04068  	-16671.90065  	-4834.48923  	-Inf  	-Inf  	0.00413  	0.00003  	0.00422  	0.00415  	0.00444  	0.00000  	0.00000  
120.83222  	26.85297  	10.07762  	10.26656  	16.64117  	-1.18512  	0.00669  	0.10242  	0.07990  	-3.02442  	0.06738  	-0.08573  	-129.29979  	-0.93667  	23.58105  	30.22893  	-16670.95579  	-4834.52297  	-Inf  	-Inf  	0.00413  	0.00003  	0.00422  	0.00413  	0.00445  	0.00000  	0.00000  
121.83220  	26.85121  	10.07788  	10.26798  	16.64009  	-1.18512  	0.00806  	0.10173  	0.08029  	-3.02442  	0.06808  	-0.08573  	-129.29133  	-0.94245  	23.69582  	30.02437  	-16670.37981  	-4834.63465  	-Inf  	-Inf  	0.00413  	0.00003  	0.00422  	0.00415  	0.00444  	0.00000  	0.00000  
122.83149  	26.85002  	10.07812  	10.26697  	16.64039  	-1.18512  	0.00786  	0.10127  	0.08400  	-3.02442  	0.06860  	-0.08570  	-129.27239  	-0.93624  	24.79246  	29.88981  	-16670.19915  	-4834.58366  	-Inf  	-Inf  	0.00413  	0.00003  	0.00422  	0.00415  	0.00444  	0.00000  	0.00000  
123.83317  	26.84721  	10.07679  	10.26684  	16.63883  	-1.18512  	0.00770  	0.10191  	0.08196  	-3.02442  	0.06974  	-0.08571  	-129.25664  	-0.94218  	24.18884  	30.07734  	-16669.31257  	-4834.48603  	-Inf  	-Inf  	0.00413  	0.00003  	0.00422  	0.00415  	0.00444  	0.00000  	0.00000  
124.83410  	26.84528  	10.07589  	10.26761  	16.63769  	-1.18512  	0.00680  	0.10238  	0.08169  	-3.02442  	0.06745  	-0.08573  	-129.24648  	-0.95045  	24.11052  	30.21772  	-16668.69043  	-4834.47778  	-Inf  	-Inf  	0.00413  	0.00003  	0.00422  	0.00413  	0.00445  	0.00000  	0.00000  
125.83618  	26.84311  	10.07618  	10.26655  	16.63724  	-1.18512  	0.00676  	0.10094  	0.08396  	-3.02442  	0.06846  	-0.08573  	-129.22484  	-0.94378  	24.77941  	29.79015  	-16668.15811  	-4834.42693  	-Inf  	-Inf  	0.00413  	0.00003  	0.00422  	0.00413  	0.00444  	0.00000  	0.00000  
126.83549  	26.84145  	10.07594  	10.26634  	16.63585  	-1.18512  	0.00718  	0.10063  	0.08028  	-3.02442  	0.06618  	-0.08570  	-129.22136  	-0.94391  	23.69392  	29.69886  	-16667.53936  	-4834.39729  	-Inf  	-Inf  	0.00413  	0.00003  	0.00421  	0.00414  	0.00444  	0.00000  	0.00000  
127.83611  	26.83827  	10.07530  	10.26527  	16.63501  	-1.18512  	0.00867  	0.10150  	0.08171  	-3.02442  	0.06903  	-0.08572  	-129.19182  	-0.94179  	24.11654  	29.95618  	-16666.72533  	-4834.28370  	-Inf  	-Inf  	0.00413  	0.00003  	0.00422  	0.00417  	0.00444  	0.00000  	0.00000  
128.83678  	26.83710  	10.07552  	10.26605  	16.63304  	-1.18512  	0.00748  	0.10132  	0.08113  	-3.02442  	0.06864  	-0.08575  	-129.20189  	-0.94453  	23.94390  	29.90213  	-16666.08903  	-4834.34980  	-Inf  	-Inf  	0.00413  	0.00002  	0.00422  	0.00414  	0.00444  	0.00000  	0.00000  
129.83861  	26.83589  	10.07536  	10.26581  	16.63229  	-1.18512  	0.00871  	0.10156  	0.08008  	-3.02442  	0.06894  	-0.08567  	-129.19611  	-0.94420  	23.63408  	29.97356  	-16665.69119  	-4834.32308  	-Inf  	-Inf  	0.00413  	0.00003  	0.00422  	0.00417  	0.00444  	0.00000  	0.00000  
130.83872  	26.83326  	10.07499  	10.26580  	16.63082  	-1.18512  	0.00731  	0.10162  	0.08123  	-3.02442  	0.06856  	-0.08574  	-129.18136  	-0.94597  	23.97476  	29.99155  	-16664.85934  	-4834.29804  	-Inf  	-Inf  	0.00413  	0.00003  	0.00422  	0.00414  	0.00444  	0.00000  	0.00000  
131.83853  	26.83175  	10.07423  	10.26459  	16.62990  	-1.18512  	0.00739  	0.10097  	0.07837  	-3.02442  	0.06732  	-0.08574  	-129.17388  	-0.94369  	23.12894  	29.80125  	-16664.36481  	-4834.16674  	-Inf  	-Inf  	0.00413  	0.00003  	0.00422  	0.00414  	0.00444  	0.00000  	0.00000  
132.83845  	26.82944  	10.07461  	10.26472  	16.62828  	-1.18512  	0.00791  	0.10148  	0.08041  	-3.02442  	0.07003  	-0.08572  	-129.16522  	-0.94247  	23.73287  	29.95178  	-16663.56986  	-4834.20096  	-Inf  	-Inf  	0.00413  	0.00003  	0.00422  	0.00415  	0.00444  	0.00000  	0.00000  
133.84104  	26.82721  	10.07474  	10.26420  	16.62706  	-1.18512  	0.00684  	0.10072  	0.08104  	-3.02442  	0.06902  	-0.08572  	-129.15237  	-0.93921  	23.91665  	29.72650  	-16662.86940  	-4834.17479  	-Inf  	-Inf  	0.00413  	0.00003  	0.00422  	0.00413  	0.00444  	0.00000  	0.00000  
134.84292  	26.82488  	10.07392  	10.26458  	16.62557  	-1.18512  	0.00897  	0.10053  	0.08289  	-3.02442  	0.06954  	-0.08581  	-129.14178  	-0.94522  	24.46339  	29.66985  	-16662.09382  	-4834.14557  	-Inf  	-Inf  	0.00413  	0.00002  	0.00422  	0.00417  	0.00444  	0.00000  	0.00000  
135.84298  	26.82400  	10.07470  	10.26458  	16.62513  	-1.18512  	0.00741  	0.10086  	0.07784  	-3.02442  	0.06858  	-0.08569  	-129.13621  	-0.94136  	22.97389  	29.76841  	-16661.82550  	-4834.19751  	-Inf  	-Inf  	0.00412  	0.00003  	0.00422  	0.00414  	0.00444  	0.00000  	0.00000  
136.84329  	26.82133  	10.07515  	10.26448  	16.62255  	-1.18512  	0.00813  	0.10121  	0.07918  	-3.02442  	0.06929  	-0.08567  	-129.13514  	-0.93862  	23.37037  	29.86976  	-16660.76050  	-4834.22039  	-Inf  	-Inf  	0.00413  	0.00003  	0.00422  	0.00416  	0.00444  	0.00000  	0.00000  
137.84528  	26.81893  	10.07403  	10.26400  	16.62127  	-1.18512  	0.00777  	0.10059  	0.08105  	-3.02442  	0.06694  	-0.08575  	-129.12094  	-0.94180  	23.91954  	29.68792  	-16660.01502  	-4834.11457  	-Inf  	-Inf  	0.00413  	0.00002  	0.00421  	0.00415  	0.00444  	0.00000  	0.00000  
138.84605  	26.81688  	10.07403  	10.26263  	16.61970  	-1.18512  	0.00792  	0.10151  	0.08217  	-3.02442  	0.06776  	-0.08570  	-129.11486  	-0.93498  	24.25236  	29.95882  	-16659.28061  	-4834.02358  	-Inf  	-Inf  	0.00413  	0.00003  	0.00422  	0.00415  	0.00444  	0.00000  	0.00000  
139.84637  	26.81568  	10.07439  	10.26318  	16.61797  	-1.18512  	0.00741  	0.10157  	0.08094  	-3.02442  	0.06831  	-0.08572  	-129.12153  	-0.93591  	23.88737  	29.97616  	-16658.68488  	-4834.08354  	-Inf  	-Inf  	0.00413  	0.00003  	0.00422  	0.00414  	0.00444  	0.00000  	0.00000  
140.84582  	26.81358  	10.07404  	10.26299  	16.61665  	-1.18512  	0.00773  	0.10146  	0.07975  	-3.02442  	0.06850  	-0.08575  	-129.11173  	-0.93672  	23.53676  	29.94347  	-16657.99352  	-4834.04754  	-Inf  	-Inf  	0.00413  	0.00002  	0.00422  	0.00415  	0.00444  	0.00000  	0.00000  
141.84573  	26.81237  	10.07333  	10.26277  	16.61524  	-1.18512  	0.00827  	0.10005  	0.08137  	-3.02442  	0.06888  	-0.08571  	-129.11420  	-0.93917  	24.01656  	29.52733  	-16657.46105  	-4833.98631  	-Inf  	-Inf  	0.00413  	0.00003  	0.00422  	0.00416  	0.00444  	0.00000  	0.00000  
142.84794  	26.81065  	10.07350  	10.26271  	16.61422  	-1.18512  	0.00736  	0.10086  	0.08235  	-3.02442  	0.06961  	-0.08576  	-129.10534  	-0.93802  	24.30568  	29.76837  	-16656.90470  	-4833.99352  	-Inf  	-Inf  	0.00413  	0.00002  	0.00422  	0.00414  	0.00444  	0.00000  	0.00000  
143.84804  	26.80838  	10.07381  	10.26199  	16.61292  	-1.18512  	0.00869  	0.10150  	0.08003  	-3.02442  	0.06960  	-0.08576  	-129.09314  	-0.93292  	23.62051  	29.95781  	-16656.18208  	-4833.96639  	-Inf  	-Inf  	0.00413  	0.00002  	0.00422  	0.00417  	0.00444  	0.00000  	0.00000  
144.84817  	26.80607  	10.07292  	10.26276  	16.61037  	-1.18512  	0.00693  	0.10087  	0.08384  	-3.02442  	0.07022  	-0.08571  	-129.09611  	-0.94111  	24.74329  	29.77099  	-16655.19649  	-4833.95816  	-Inf  	-Inf  	0.00413  	0.00003  	0.00422  	0.00413  	0.00444  	0.00000  	0.00000  
145.84782  	26.80425  	10.07309  	10.26202  	16.60841  	-1.18512  	0.00663  	0.10044  	0.07992  	-3.02442  	0.06988  	-0.08569  	-129.09795  	-0.93663  	23.58785  	29.64235  	-16654.42960  	-4833.92070  	-Inf  	-Inf  	0.00413  	0.00003  	0.00422  	0.00413  	0.00444  	0.00000  	0.00000  
146.84784  	26.80274  	10.07381  	10.26175  	16.60810  	-1.18512  	0.00707  	0.10094  	0.07899  	-3.02442  	0.06781  	-0.08572  	-129.08269  	-0.93174  	23.31246  	29.79008  	-16654.05977  	-4833.95025  	-Inf  	-Inf  	0.00413  	0.00003  	0.00422  	0.00414  	0.00444  	0.00000  	0.00000  
147.84809  	26.80060  	10.07280  	10.26092  	16.60538  	-1.18512  	0.00756  	0.10128  	0.08328  	-3.02442  	0.06981  	-0.08575  	-129.09003  	-0.93263  	24.57913  	29.89024  	-16653.07667  	-4833.82772  	-Inf  	-Inf  	0.00413  	0.00002  	0.00422  	0.00415  	0.00444  	0.00000  	0.00000  
148.85019  	26.79887  	10.07278  	10.26207  	16.60422  	-1.18512  	0.00774  	0.09974  	0.08285  	-3.02442  	0.06713  	-0.08571  	-129.08281  	-0.93841  	24.45321  	29.43692  	-16652.48846  	-4833.90304  	-Inf  	-Inf  	0.00413  	0.00003  	0.00421  	0.00415  	0.00443  	0.00000  	0.00000  
149.85007  	26.79694  	10.07239  	10.26143  	16.60347  	-1.18512  	0.00722  	0.10116  	0.08018  	-3.02442  	0.06898  	-0.08572  	-129.06796  	-0.93714  	23.66447  	29.85614  	-16651.94693  	-4833.83436  	-Inf  	-Inf  	0.00413  	0.00003  	0.00422  	0.00414  	0.00444  	0.00000  	0.00000  
150.85069  	26.79527  	10.07266  	10.26161  	16.60222  	-1.18512  	0.00675  	0.10090  	0.08296  	-3.02442  	0.06888  	-0.08577  	-129.06262  	-0.93671  	24.48388  	29.77980  	-16651.35471  	-4833.86473  	-Inf  	-Inf  	0.00413  	0.00002  	0.00422  	0.00413  	0.00444  	0.00000  	0.00000  
151.85284  	26.79306  	10.07305  	10.26076  	16.60110  	-1.18512  	0.00704  	0.10057  	0.08314  	-3.02442  	0.06947  	-0.08573  	-129.04873  	-0.93059  	24.53733  	29.68206  	-16650.67890  	-4833.83321  	-Inf  	-Inf  	0.00413  	0.00003  	0.00422  	0.00414  	0.00444  	0.00000  	0.00000  
152.85616  	26.79083  	10.07255  	10.26078  	16.59912  	-1.18512  	0.00708  	0.10139  	0.07984  	-3.02442  	0.06842  	-0.08572  	-129.04575  	-0.93318  	23.56526  	29.92452  	-16649.82514  	-4833.80160  	-Inf  	-Inf  	0.00413  	0.00003  	0.00422  	0.00414  	0.00444  	0.00000  	0.00000  
153.85686  	26.78872  	10.07245  	10.26034  	16.59787  	-1.18512  	0.00670  	0.10060  	0.08262  	-3.02442  	0.07007  	-0.08569  	-129.03468  	-0.93145  	24.38398  	29.68977  	-16649.14324  	-4833.76594  	-Inf  	-Inf  	0.00413  	0.00003  	0.00422  	0.00413  	0.00444  	0.00000  	0.00000  
154.85821  	26.78768  	10.07314  	10.26042  	16.59667  	-1.18512  	0.00670  	0.10089  	0.08394  	-3.02442  	0.06779  	-0.08564  	-129.03676  	-0.92846  	24.77453  	29.77699  	-16648.68836  	-4833.81728  	-Inf  	-Inf  	0.00413  	0.00003  	0.00422  	0.00413  	0.00444  	0.00000  	0.00000  
155.85809  	26.78518  	10.07280  	10.26169  	16.59556  	-1.18512  	0.00732  	0.10230  	0.08115  	-3.02442  	0.06871  	-0.08571  	-129.01923  	-0.93646  	23.95182  	30.19200  	-16647.95806  	-4833.87887  	-Inf  	-Inf  	0.00413  	0.00003  	0.00422  	0.00414  	0.00445  	0.00000  	0.00000  
156.85805  	26.78189  	10.07232  	10.26191  	16.59458  	-1.18512  	0.00754  	0.10187  	0.07935  	-3.02442  	0.06779  	-0.08572  	-128.98996  	-0.93993  	23.41824  	30.06516  	-16647.09266  	-4833.86197  	-Inf  	-Inf  	0.00413  	0.00003  	0.00422  	0.00414  	0.00444  	0.00000  	0.00000  
157.85901  	26.78010  	10.07129  	10.26062  	16.59344  	-1.18512  	0.00659  	0.10121  	0.08094  	-3.02442  	0.06740  	-0.08572  	-128.98171  	-0.93863  	23.88758  	29.86994  	-16646.49687  	-4833.70716  	-Inf  	-Inf  	0.00413  	0.00003  	0.00422  	0.00413  	0.00444  	0.00000  	0.00000  
158.85896  	26.77823  	10.07132  	10.26034  	16.59248  	-1.18512  	0.00740  	0.10210  	0.08072  	-3.02442  	0.06821  	-0.08569  	-128.97019  	-0.93707  	23.82319  	30.13488  	-16645.92430  	-4833.69108  	-Inf  	-Inf  	0.00413  	0.00003  	0.00422  	0.00414  	0.00445  	0.00000  	0.00000  
159.85992  	26.77645  	10.07195  	10.26069  	16.59058  	-1.18512  	0.00885  	0.10050  	0.08132  	-3.02442  	0.06964  	-0.08570  	-128.97169  	-0.93568  	24.00139  	29.66045  	-16645.17651  	-4833.75636  	-Inf  	-Inf  	0.00413  	0.00003  	0.00422  	0.00417  	0.00444  	0.00000  	0.00000  
160.86222  	26.77475  	10.07120  	10.26018  	16.58870  	-1.18512  	0.00742  	0.10206  	0.08043  	-3.02442  	0.06890  	-0.08573  	-128.97394  	-0.93689  	23.73859  	30.12197  	-16644.45170  	-4833.67251  	-Inf  	-Inf  	0.00413  	0.00003  	0.00422  	0.00414  	0.00445  	0.00000  	0.00000  
161.86187  	26.77274  	10.07070  	10.25968  	16.58851  	-1.18512  	0.00666  	0.10160  	0.08082  	-3.02442  	0.06950  	-0.08576  	-128.95094  	-0.93689  	23.85440  	29.98633  	-16644.00672  	-4833.60537  	-Inf  	-Inf  	0.00413  	0.00002  	0.00422  	0.00413  	0.00444  	0.00000  	0.00000  
162.86240  	26.77088  	10.07017  	10.26033  	16.58767  	-1.18512  	0.00735  	0.10220  	0.07952  	-3.02442  	0.06859  	-0.08568  	-128.93810  	-0.94273  	23.46887  	30.16273  	-16643.45959  	-4833.61379  	-Inf  	-Inf  	0.00413  	0.00003  	0.00422  	0.00414  	0.00445  	0.00000  	0.00000  
163.86273  	26.76920  	10.07015  	10.25937  	16.58717  	-1.18512  	0.00728  	0.10111  	0.08400  	-3.02442  	0.06921  	-0.08571  	-128.92317  	-0.93806  	24.79189  	29.84057  	-16643.01726  	-4833.54883  	-Inf  	-Inf  	0.00413  	0.00003  	0.00422  	0.00414  	0.00444  	0.00000  	0.00000  
164.86296  	26.76703  	10.07078  	10.25946  	16.58541  	-1.18512  	0.00672  	0.10126  	0.08325  	-3.02442  	0.06822  	-0.08567  	-128.91790  	-0.93537  	24.57106  	29.88654  	-16642.22132  	-4833.59645  	-Inf  	-Inf  	0.00413  	0.00003  	0.00422  	0.00413  	0.00444  	0.00000  	0.00000  
165.86376  	26.76446  	10.07087  	10.26016  	16.58388  	-1.18512  	0.00805  	0.10173  	0.08026  	-3.02442  	0.06786  	-0.08573  	-128.90463  	-0.93842  	23.68855  	30.02344  	-16641.38995  	-4833.64892  	-Inf  	-Inf  	0.00413  	0.00003  	0.00422  	0.00415  	0.00444  	0.00000  	0.00000  
166.86526  	26.76240  	10.07046  	10.26056  	16.58315  	-1.18512  	0.00744  	0.10173  	0.08240  	-3.02442  	0.06973  	-0.08569  	-128.88789  	-0.94244  	24.31856  	30.02505  	-16640.82541  	-4833.64866  	-Inf  	-Inf  	0.00413  	0.00003  	0.00422  	0.00414  	0.00444  	0.00000  	0.00000  
167.86545  	26.76113  	10.07033  	10.25998  	16.58202  	-1.18512  	0.00673  	0.10224  	0.08209  	-3.02442  	0.06863  	-0.08563  	-128.88609  	-0.94016  	24.22904  	30.17496  	-16640.33740  	-4833.60107  	-Inf  	-Inf  	0.00413  	0.00003  	0.00422  	0.00413  	0.00445  	0.00000  	0.00000  
168.86639  	26.75882  	10.07074  	10.25969  	16.58177  	-1.18512  	0.00674  	0.10155  	0.08252  	-3.02442  	0.06960  	-0.08569  	-128.86010  	-0.93670  	24.35531  	29.97261  	-16639.81995  	-4833.60917  	-Inf  	-Inf  	0.00413  	0.00003  	0.00422  	0.00413  	0.00444  	0.00000  	0.00000  
169.86703  	26.75618  	10.07008  	10.25981  	16.58014  	-1.18512  	0.00719  	0.10126  	0.08076  	-3.02442  	0.06924  	-0.08571  	-128.84729  	-0.94057  	23.83630  	29.88595  	-16638.95255  	-4833.57305  	-Inf  	-Inf  	0.00413  	0.00003  	0.00422  	0.00414  	0.00444  	0.00000  	0.00000  
170.86644  	26.75400  	10.07037  	10.25949  	16.57971  	-1.18512  	0.00908  	0.10158  	0.08056  	-3.02442  	0.06849  	-0.08572  	-128.82504  	-0.93757  	23.77778  	29.98164  	-16638.42447  	-4833.57156  	-Inf  	-Inf  	0.00413  	0.00003  	0.00422  	0.00417  	0.00444  	0.00000  	0.00000  
171.86820  	26.75236  	10.06993  	10.25947  	16.57915  	-1.18512  	0.00679  	0.10064  	0.08319  	-3.02442  	0.06845  	-0.08569  	-128.81148  	-0.93965  	24.55292  	29.70272  	-16637.97879  	-4833.54090  	-Inf  	-Inf  	0.00413  	0.00003  	0.00422  	0.00413  	0.00444  	0.00000  	0.00000  
172.86909  	26.75063  	10.07011  	10.25908  	16.57761  	-1.18512  	0.00618  	0.10150  	0.08442  	-3.02442  	0.06890  	-0.08566  	-128.80909  	-0.93681  	24.91607  	29.95680  	-16637.31622  	-4833.52661  	-Inf  	-Inf  	0.00414  	0.00003  	0.00422  	0.00412  	0.00444  	0.00000  	0.00000  
173.86857  	26.74922  	10.06949  	10.25849  	16.57710  	-1.18512  	0.00800  	0.10132  	0.08303  	-3.02442  	0.06935  	-0.08578  	-128.79758  	-0.93697  	24.50409  	29.90397  	-16636.92727  	-4833.44564  	-Inf  	-Inf  	0.00413  	0.00002  	0.00422  	0.00415  	0.00444  	0.00000  	0.00000  
174.86909  	26.74699  	10.06946  	10.25789  	16.57569  	-1.18512  	0.00727  	0.10157  	0.08187  	-3.02442  	0.06896  	-0.08576  	-128.78724  	-0.93419  	24.16422  	29.97679  	-16636.18858  	-4833.40443  	-Inf  	-Inf  	0.00413  	0.00002  	0.00422  	0.00414  	0.00444  	0.00000  	0.00000  
175.86921  	26.74467  	10.06973  	10.25731  	16.57560  	-1.18512  	0.00734  	0.10242  	0.08123  	-3.02442  	0.06789  	-0.08571  	-128.75909  	-0.92994  	23.97383  	30.22684  	-16635.70035  	-4833.38438  	-Inf  	-Inf  	0.00413  	0.00003  	0.00422  	0.00414  	0.00445  	0.00000  	0.00000  
176.87040  	26.74241  	10.06946  	10.25725  	16.57460  	-1.18512  	0.00749  	0.10179  	0.08239  	-3.02442  	0.06893  	-0.08570  	-128.74304  	-0.93098  	24.31676  	30.04126  	-16635.04052  	-4833.36150  	-Inf  	-Inf  	0.00413  	0.00003  	0.00422  	0.00414  	0.00444  	0.00000  	0.00000  
177.87063  	26.74049  	10.06888  	10.25839  	16.57407  	-1.18512  	0.00702  	0.10207  	0.08208  	-3.02442  	0.06767  	-0.08573  	-128.72545  	-0.93948  	24.22408  	30.12362  	-16634.54287  	-4833.39896  	-Inf  	-Inf  	0.00413  	0.00003  	0.00422  	0.00413  	0.00445  	0.00000  	0.00000  
178.87219  	26.73833  	10.06930  	10.25863  	16.57297  	-1.18512  	0.00735  	0.10227  	0.07776  	-3.02442  	0.06797  	-0.08578  	-128.71208  	-0.93857  	22.94975  	30.18514  	-16633.88155  	-4833.44293  	-Inf  	-Inf  	0.00412  	0.00002  	0.00422  	0.00414  	0.00445  	0.00000  	0.00000  
179.87431  	26.73643  	10.06884  	10.25855  	16.57185  	-1.18512  	0.00682  	0.10196  	0.08220  	-3.02442  	0.06834  	-0.08567  	-128.70220  	-0.94050  	24.26007  	30.09286  	-16633.27153  	-4833.40749  	-Inf  	-Inf  	0.00413  	0.00003  	0.00422  	0.00413  	0.00444  	0.00000  	0.00000  
180.87515  	26.73471  	10.06828  	10.25816  	16.57181  	-1.18512  	0.00850  	0.10090  	0.08243  	-3.02442  	0.06814  	-0.08574  	-128.68089  	-0.94138  	24.32759  	29.77885  	-16632.91419  	-4833.34374  	-Inf  	-Inf  	0.00413  	0.00003  	0.00422  	0.00416  	0.00444  	0.00000  	0.00000  
181.87586  	26.73274  	10.06890  	10.25818  	16.57122  	-1.18512  	0.00719  	0.10107  	0.08420  	-3.02442  	0.07030  	-0.08580  	-128.66350  	-0.93840  	24.85014  	29.83034  	-16632.39585  	-4833.38631  	-Inf  	-Inf  	0.00413  	0.00002  	0.00422  	0.00414  	0.00444  	0.00000  	0.00000  
182.87551  	26.72941  	10.06928  	10.25745  	16.57010  	-1.18512  	0.00720  	0.10082  	0.08089  	-3.02442  	0.06714  	-0.08566  	-128.63553  	-0.93283  	23.87416  	29.75482  	-16631.49272  	-4833.36336  	-Inf  	-Inf  	0.00413  	0.00003  	0.00421  	0.00414  	0.00444  	0.00000  	0.00000  
183.87565  	26.72814  	10.06931  	10.25811  	16.56813  	-1.18512  	0.00766  	0.10144  	0.08108  	-3.02442  	0.06977  	-0.08578  	-128.64424  	-0.93597  	23.93091  	29.93889  	-16630.83637  	-4833.40870  	-Inf  	-Inf  	0.00413  	0.00002  	0.00422  	0.00415  	0.00444  	0.00000  	0.00000  
184.87556  	26.72679  	10.06944  	10.25786  	16.56745  	-1.18512  	0.00758  	0.10083  	0.08025  	-3.02442  	0.06904  	-0.08571  	-128.63594  	-0.93410  	23.68613  	29.76009  	-16630.42505  	-4833.40092  	-Inf  	-Inf  	0.00413  	0.00003  	0.00422  	0.00415  	0.00444  	0.00000  	0.00000  
185.87811  	26.72485  	10.06925  	10.25814  	16.56616  	-1.18512  	0.00645  	0.09921  	0.08269  	-3.02442  	0.06888  	-0.08574  	-128.62764  	-0.93645  	24.40504  	29.27991  	-16629.77049  	-4833.40744  	-Inf  	-Inf  	0.00413  	0.00003  	0.00422  	0.00412  	0.00443  	0.00000  	0.00000  
186.87839  	26.72162  	10.06853  	10.25736  	16.56547  	-1.18512  	0.00704  	0.10068  	0.08387  	-3.02442  	0.06831  	-0.08570  	-128.59540  	-0.93613  	24.75226  	29.71561  	-16628.97664  	-4833.30722  	-Inf  	-Inf  	0.00413  	0.00003  	0.00422  	0.00414  	0.00444  	0.00000  	0.00000  
187.87916  	26.71991  	10.06919  	10.25689  	16.56342  	-1.18512  	0.00830  	0.10187  	0.07976  	-3.02442  	0.06918  	-0.08574  	-128.59976  	-0.93053  	23.54110  	30.06469  	-16628.21307  	-4833.31997  	-Inf  	-Inf  	0.00413  	0.00002  	0.00422  	0.00416  	0.00444  	0.00000  	0.00000  
188.88041  	26.71830  	10.06863  	10.25719  	16.56271  	-1.18512  	0.00824  	0.10137  	0.07889  	-3.02442  	0.06779  	-0.08575  	-128.58840  	-0.93478  	23.28468  	29.91732  	-16627.74434  	-4833.30268  	-Inf  	-Inf  	0.00413  	0.00002  	0.00422  	0.00416  	0.00444  	0.00000  	0.00000  
189.88146  	26.71609  	10.06901  	10.25756  	16.56117  	-1.18512  	0.00703  	0.10103  	0.07786  	-3.02442  	0.06938  	-0.08570  	-128.57985  	-0.93475  	22.97902  	29.81655  	-16626.98606  	-4833.35239  	-Inf  	-Inf  	0.00412  	0.00003  	0.00422  	0.00414  	0.00444  	0.00000  	0.00000  
190.88265  	26.71484  	10.06858  	10.25799  	16.55980  	-1.18512  	0.00807  	0.10117  	0.08060  	-3.02442  	0.06995  	-0.08571  	-128.58146  	-0.93897  	23.78731  	29.86000  	-16626.45504  	-4833.35239  	-Inf  	-Inf  	0.00413  	0.00003  	0.00422  	0.00415  	0.00444  	0.00000  	0.00000  
191.88311  	26.71274  	10.06933  	10.25796  	16.55780  	-1.18512  	0.00809  	0.10047  	0.08148  	-3.02442  	0.06991  	-0.08570  	-128.58016  	-0.93512  	24.04780  	29.65132  	-16625.62298  	-4833.40058  	-Inf  	-Inf  	0.00413  	0.00003  	0.00422  	0.00416  	0.00444  	0.00000  	0.00000  
192.88389  	26.71108  	10.06971  	10.25850  	16.55661  	-1.18512  	0.00796  	0.10176  	0.07549  	-3.02442  	0.06703  	-0.08574  	-128.57410  	-0.93594  	22.27874  	30.03300  	-16625.04501  	-4833.46172  	-Inf  	-Inf  	0.00412  	0.00003  	0.00421  	0.00415  	0.00444  	0.00000  	0.00000  
193.88505  	26.70822  	10.06935  	10.25924  	16.55515  	-1.18512  	0.00693  	0.10104  	0.08212  	-3.02442  	0.07015  	-0.08568  	-128.55635  	-0.94142  	24.23720  	29.82055  	-16624.17044  	-4833.48682  	-Inf  	-Inf  	0.00413  	0.00003  	0.00422  	0.00413  	0.00444  	0.00000  	0.00000  
194.88639  	26.70722  	10.06910  	10.25760  	16.55300  	-1.18512  	0.00733  	0.10184  	0.07860  	-3.02442  	0.06999  	-0.08576  	-128.57096  	-0.93453  	23.19803  	30.05799  	-16623.53207  	-4833.36138  	-Inf  	-Inf  	0.00413  	0.00002  	0.00422  	0.00414  	0.00444  	0.00000  	0.00000  
195.88707  	26.70526  	10.07005  	10.25707  	16.55125  	-1.18512  	0.00725  	0.10066  	0.08257  	-3.02442  	0.06863  	-0.08565  	-128.56837  	-0.92718  	24.36896  	29.70759  	-16622.78248  	-4833.38892  	-Inf  	-Inf  	0.00413  	0.00003  	0.00422  	0.00414  	0.00444  	0.00000  	0.00000  
196.88788  	26.70366  	10.06931  	10.25750  	16.55070  	-1.18512  	0.00681  	0.10067  	0.08039  	-3.02442  	0.07018  	-0.08570  	-128.55506  	-0.93295  	23.72664  	29.71216  	-16622.34333  	-4833.36835  	-Inf  	-Inf  	0.00413  	0.00003  	0.00422  	0.00413  	0.00444  	0.00000  	0.00000  
197.88817  	26.70227  	10.06977  	10.25723  	16.54932  	-1.18512  	0.00774  	0.10161  	0.08132  	-3.02442  	0.06914  	-0.08569  	-128.55497  	-0.92932  	24.00184  	29.98905  	-16621.78366  	-4833.38104  	-Inf  	-Inf  	0.00413  	0.00003  	0.00422  	0.00415  	0.00444  	0.00000  	0.00000  
198.88740  	26.69988  	10.06910  	10.25783  	16.54784  	-1.18512  	0.00731  	0.10119  	0.07845  	-3.02442  	0.06916  	-0.08569  	-128.54330  	-0.93566  	23.15345  	29.86511  	-16621.00000  	-4833.37672  	-Inf  	-Inf  	0.00413  	0.00003  	0.00422  	0.00414  	0.00444  	0.00000  	0.00000  
199.88752  	26.69748  	10.06855  	10.25808  	16.54662  	-1.18512  	0.00728  	0.10139  	0.08113  	-3.02442  	0.06981  	-0.08569  	-128.52846  	-0.93962  	23.94322  	29.92445  	-16620.26549  	-4833.35656  	-Inf  	-Inf  	0.00413  	0.00003  	0.00422  	0.00414  	0.00444  	0.00000  	0.00000  
200.88795  	26.69514  	10.06824  	10.25741  	16.54570  	-1.18512  	0.00704  	0.10127  	0.08206  	-3.02442  	0.06904  	-0.08572  	-128.51052  	-0.93780  	24.21848  	29.88731  	-16619.60586  	-4833.29137  	-Inf  	-Inf  	0.00413  	0.00003  	0.00422  	0.00414  	0.00444  	0.00000  	0.00000  
201.88907  	26.69329  	10.06824  	10.25723  	16.54478  	-1.18512  	0.00680  	0.10227  	0.08115  	-3.02442  	0.06981  	-0.08573  	-128.49881  	-0.93689  	23.95047  	30.18455  	-16619.04519  	-4833.27921  	-Inf  	-Inf  	0.00413  	0.00003  	0.00422  	0.00413  	0.00445  	0.00000  	0.00000  
202.88907  	26.69206  	10.06794  	10.25655  	16.54386  	-1.18512  	0.00767  	0.10088  	0.08210  	-3.02442  	0.06785  	-0.08573  	-128.49488  	-0.93507  	24.23095  	29.77461  	-16618.61001  	-4833.21418  	-Inf  	-Inf  	0.00413  	0.00003  	0.00422  	0.00415  	0.00444  	0.00000  	0.00000  
203.88859  	26.68991  	10.06956  	10.25686  	16.54236  	-1.18512  	0.00744  	0.10097  	0.07994  	-3.02442  	0.06987  	-0.08576  	-128.48664  	-0.92854  	23.59350  	29.79986  	-16617.86966  	-4833.34217  	-Inf  	-Inf  	0.00413  	0.00002  	0.00422  	0.00414  	0.00444  	0.00000  	0.00000  
204.88886  	26.68745  	10.06821  	10.25753  	16.54107  	-1.18512  	0.00773  	0.10080  	0.08206  	-3.02442  	0.06953  	-0.08570  	-128.47180  	-0.93856  	24.22027  	29.75086  	-16617.11069  	-4833.29748  	-Inf  	-Inf  	0.00413  	0.00003  	0.00422  	0.00415  	0.00444  	0.00000  	0.00000  
205.88896  	26.68579  	10.06849  	10.25726  	16.53914  	-1.18512  	0.00722  	0.10218  	0.07694  	-3.02442  	0.06777  	-0.08574  	-128.47524  	-0.93583  	22.70692  	30.15762  	-16616.38297  	-4833.29747  	-Inf  	-Inf  	0.00412  	0.00003  	0.00422  	0.00414  	0.00445  	0.00000  	0.00000  
206.88968  	26.68370  	10.06904  	10.25738  	16.53865  	-1.18512  	0.00680  	0.10075  	0.08267  	-3.02442  	0.06821  	-0.08571  	-128.45498  	-0.93371  	24.39999  	29.73627  	-16615.86031  	-4833.34220  	-Inf  	-Inf  	0.00413  	0.00003  	0.00422  	0.00413  	0.00444  	0.00000  	0.00000  
207.89048  	26.68127  	10.06815  	10.25713  	16.53770  	-1.18512  	0.00715  	0.10050  	0.08129  	-3.02442  	0.06834  	-0.08570  	-128.43628  	-0.93689  	23.99178  	29.66036  	-16615.17580  	-4833.26710  	-Inf  	-Inf  	0.00413  	0.00003  	0.00422  	0.00414  	0.00444  	0.00000  	0.00000  
208.89173  	26.68090  	10.06876  	10.25750  	16.53659  	-1.18512  	0.00729  	0.10074  	0.08218  	-3.02442  	0.06827  	-0.08566  	-128.44557  	-0.93567  	24.25386  	29.73215  	-16614.87699  	-4833.33186  	-Inf  	-Inf  	0.00413  	0.00003  	0.00422  	0.00414  	0.00444  	0.00000  	0.00000  
209.89212  	26.67813  	10.06858  	10.25667  	16.53549  	-1.18512  	0.00684  	0.10073  	0.08279  	-3.02442  	0.06910  	-0.08578  	-128.42446  	-0.93249  	24.43377  	29.72915  	-16614.09257  	-4833.26506  	-Inf  	-Inf  	0.00413  	0.00002  	0.00422  	0.00413  	0.00444  	0.00000  	0.00000  
210.89138  	26.67604  	10.06858  	10.25686  	16.53438  	-1.18512  	0.00836  	0.10212  	0.08177  	-3.02442  	0.06909  	-0.08573  	-128.41196  	-0.93342  	24.13424  	30.13815  	-16613.44499  	-4833.27720  	-Inf  	-Inf  	0.00413  	0.00003  	0.00422  	0.00416  	0.00445  	0.00000  	0.00000  
211.89148  	26.67383  	10.06846  	10.25744  	16.53413  	-1.18512  	0.00819  	0.10123  	0.08315  	-3.02442  	0.06741  	-0.08576  	-128.38712  	-0.93688  	24.54192  	29.87789  	-16612.94732  	-4833.30744  	-Inf  	-Inf  	0.00413  	0.00002  	0.00422  	0.00416  	0.00444  	0.00000  	0.00000  
212.89314  	26.67223  	10.06852  	10.25652  	16.53248  	-1.18512  	0.00768  	0.10126  	0.08288  	-3.02442  	0.06765  	-0.08570  	-128.38779  	-0.93202  	24.46112  	29.88594  	-16612.28780  	-4833.25069  	-Inf  	-Inf  	0.00413  	0.00003  	0.00422  	0.00415  	0.00444  	0.00000  	0.00000  
213.89318  	26.67039  	10.06833  	10.25551  	16.53147  	-1.18512  	0.00713  	0.10253  	0.08156  	-3.02442  	0.06848  	-0.08572  	-128.37729  	-0.92793  	24.07104  	30.25987  	-16611.71032  	-4833.17095  	-Inf  	-Inf  	0.00413  	0.00003  	0.00422  	0.00414  	0.00445  	0.00000  	0.00000  
214.89418  	26.66853  	10.06828  	10.25539  	16.53135  	-1.18512  	0.00701  	0.10204  	0.08040  	-3.02442  	0.06823  	-0.08571  	-128.35541  	-0.92765  	23.72923  	30.11477  	-16611.30970  	-4833.15974  	-Inf  	-Inf  	0.00413  	0.00003  	0.00422  	0.00413  	0.00445  	0.00000  	0.00000  
215.89611  	26.66654  	10.06864  	10.25671  	16.52994  	-1.18512  	0.00726  	0.10095  	0.07759  	-3.02442  	0.06813  	-0.08573  	-128.34793  	-0.93238  	22.90086  	29.79291  	-16610.62056  	-4833.27103  	-Inf  	-Inf  	0.00412  	0.00003  	0.00422  	0.00414  	0.00444  	0.00000  	0.00000  
216.89686  	26.66433  	10.06803  	10.25713  	16.52926  	-1.18512  	0.00663  	0.10191  	0.07931  	-3.02442  	0.06911  	-0.08570  	-128.32852  	-0.93749  	23.40620  	30.07648  	-16610.03535  	-4833.25869  	-Inf  	-Inf  	0.00413  	0.00003  	0.00422  	0.00413  	0.00444  	0.00000  	0.00000  
217.89641  	26.66285  	10.06775  	10.25602  	16.52788  	-1.18512  	0.00722  	0.10156  	0.08089  	-3.02442  	0.06794  	-0.08568  	-128.32737  	-0.93338  	23.87281  	29.97575  	-16609.45724  	-4833.16662  	-Inf  	-Inf  	0.00413  	0.00003  	0.00422  	0.00414  	0.00444  	0.00000  	0.00000  
218.89765  	26.66061  	10.06744  	10.25659  	16.52727  	-1.18512  	0.00731  	0.10246  	0.08091  	-3.02442  	0.06869  	-0.08570  	-128.30663  	-0.93769  	23.87907  	30.23961  	-16608.87852  	-4833.18360  	-Inf  	-Inf  	0.00413  	0.00003  	0.00422  	0.00414  	0.00445  	0.00000  	0.00000  
219.89907  	26.65730  	10.06724  	10.25612  	16.52684  	-1.18512  	0.00746  	0.10228  	0.08182  	-3.02442  	0.07005  	-0.08576  	-128.27017  	-0.93642  	24.14919  	30.18720  	-16608.12133  	-4833.13928  	-Inf  	-Inf  	0.00413  	0.00002  	0.00422  	0.00414  	0.00445  	0.00000  	0.00000  
220.90036  	26.65691  	10.06766  	10.25656  	16.52616  	-1.18512  	0.00622  	0.10097  	0.08164  	-3.02442  	0.06978  	-0.08576  	-128.27391  	-0.93648  	24.09525  	29.79972  	-16607.90685  	-4833.19616  	-Inf  	-Inf  	0.00413  	0.00002  	0.00422  	0.00412  	0.00444  	0.00000  	0.00000  
221.90180  	26.65506  	10.06757  	10.25645  	16.52580  	-1.18512  	0.00811  	0.10115  	0.08139  	-3.02442  	0.06874  	-0.08573  	-128.25502  	-0.93639  	24.02145  	29.85234  	-16607.45929  	-4833.18299  	-Inf  	-Inf  	0.00413  	0.00003  	0.00422  	0.00416  	0.00444  	0.00000  	0.00000  
222.90332  	26.65308  	10.06796  	10.25572  	16.52523  	-1.18512  	0.00701  	0.10168  	0.08374  	-3.02442  	0.06789  	-0.08572  	-128.23718  	-0.93086  	24.71359  	30.00902  	-16606.94033  	-4833.16056  	-Inf  	-Inf  	0.00413  	0.00003  	0.00422  	0.00413  	0.00444  	0.00000  	0.00000  
223.90362  	26.65063  	10.06926  	10.25614  	16.52378  	-1.18512  	0.00625  	0.10215  	0.08043  	-3.02442  	0.06868  	-0.08574  	-128.22451  	-0.92642  	23.73746  	30.14942  	-16606.15321  	-4833.27469  	-Inf  	-Inf  	0.00413  	0.00003  	0.00422  	0.00412  	0.00445  	0.00000  	0.00000  
224.90519  	26.64923  	10.06818  	10.25711  	16.52364  	-1.18512  	0.00776  	0.10200  	0.07868  	-3.02442  	0.06947  	-0.08580  	-128.20855  	-0.93663  	23.22300  	30.10502  	-16605.84143  	-4833.26754  	-Inf  	-Inf  	0.00413  	0.00002  	0.00422  	0.00415  	0.00445  	0.00000  	0.00000  
225.90544  	26.64830  	10.06809  	10.25756  	16.52244  	-1.18512  	0.00772  	0.10154  	0.08123  	-3.02442  	0.07014  	-0.08571  	-128.21193  	-0.93934  	23.97506  	29.96705  	-16605.41005  	-4833.29137  	-Inf  	-Inf  	0.00413  	0.00003  	0.00422  	0.00415  	0.00444  	0.00000  	0.00000  
226.90768  	26.64550  	10.06851  	10.25786  	16.52091  	-1.18512  	0.00647  	0.10154  	0.08429  	-3.02442  	0.06819  	-0.08569  	-128.19582  	-0.93870  	24.87579  	29.96781  	-16604.53049  	-4833.33968  	-Inf  	-Inf  	0.00413  	0.00003  	0.00422  	0.00412  	0.00444  	0.00000  	0.00000  
227.90916  	26.64392  	10.06811  	10.25718  	16.52057  	-1.18512  	0.00764  	0.10108  	0.08119  	-3.02442  	0.06967  	-0.08574  	-128.18013  	-0.93735  	23.96277  	29.83379  	-16604.14307  	-4833.26750  	-Inf  	-Inf  	0.00413  	0.00003  	0.00422  	0.00415  	0.00444  	0.00000  	0.00000  
228.91106  	26.64158  	10.06843  	10.25619  	16.51935  	-1.18512  	0.00710  	0.10193  	0.08119  	-3.02442  	0.06856  	-0.08574  	-128.16608  	-0.93082  	23.96376  	30.08281  	-16603.42235  	-4833.22328  	-Inf  	-Inf  	0.00413  	0.00003  	0.00422  	0.00414  	0.00444  	0.00000  	0.00000  
229.91114  	26.63965  	10.06725  	10.25586  	16.51910  	-1.18512  	0.00642  	0.10217  	0.07846  	-3.02442  	0.06943  	-0.08571  	-128.14484  	-0.93505  	23.15790  	30.15580  	-16602.98113  	-4833.12237  	-Inf  	-Inf  	0.00413  	0.00003  	0.00422  	0.00412  	0.00445  	0.00000  	0.00000  