10/11/2024 13:55:48Time	T_hot_in(C)	T_cold_in(C)	T_cold_out(C)	T_hot_out(C)	mdot_cold(kg/s)	ASFASIFUAS(kg/s)	Diferencial_cold(bar)	Diferencial_hot(bar)	mdot_hot(kg/s)	ABS_cold(bar)	ABS_hot(bar)	q_cold(kW)	q_hot(kW)	ASFASYFY	Tau_cold_haste	Re_hot	Re_cold	U_global	PSIG_cold(bar)	R_fouling	PSIG_hot(bar)	PSID_hot(bar)	m_dot_hot	PSID_cold(bar)	m_dot_cold
1.74127  	0.00000  	0.00000  	0.00000  	0.00000  	-1.18512  	-0.20833  	-0.86278  	-2.50000  	-3.02442  	-1.25000  	-0.08628  	-0.00000  	-0.00000  	-737.84722  	-254.63905  	-9234.48090  	-3618.55272  	NaN  	NaN  	0.00000  	0.00000  	0.00000  	0.00000  	0.00000  	0.00000  	0.00000  
2.74187  	25.54389  	10.08271  	10.27797  	17.21567  	-1.18512  	0.01004  	0.15056  	0.13546  	-3.02442  	0.06870  	-0.08562  	-105.45024  	-0.96799  	39.97948  	44.43658  	-16522.24754  	-4835.62048  	-Inf  	-Inf  	0.00422  	0.00003  	0.00422  	0.00419  	0.00467  	0.00000  	0.00000  
3.74177  	25.54367  	10.08393  	10.27787  	17.21503  	-1.18512  	0.01000  	0.15170  	0.13362  	-3.02442  	0.06906  	-0.08574  	-105.45547  	-0.96145  	39.43787  	44.77187  	-16522.07402  	-4835.69491  	-Inf  	-Inf  	0.00421  	0.00002  	0.00422  	0.00419  	0.00467  	0.00000  	0.00000  
4.74168  	25.54394  	10.08345  	10.27827  	17.21585  	-1.18512  	0.00994  	0.15164  	0.13646  	-3.02442  	0.06916  	-0.08568  	-105.44852  	-0.96584  	40.27566  	44.75343  	-16522.29547  	-4835.68902  	-Inf  	-Inf  	0.00422  	0.00003  	0.00422  	0.00419  	0.00467  	0.00000  	0.00000  
5.74299  	25.54207  	10.08364  	10.27768  	17.21509  	-1.18512  	0.00915  	0.15116  	0.13365  	-3.02442  	0.06900  	-0.08565  	-105.43450  	-0.96193  	39.44436  	44.61216  	-16521.76300  	-4835.66272  	-Inf  	-Inf  	0.00421  	0.00003  	0.00422  	0.00418  	0.00467  	0.00000  	0.00000  
6.74338  	25.54215  	10.08358  	10.27781  	17.21429  	-1.18512  	0.01045  	0.15223  	0.13535  	-3.02442  	0.06960  	-0.08569  	-105.44559  	-0.96293  	39.94820  	44.93033  	-16521.61693  	-4835.66777  	-Inf  	-Inf  	0.00422  	0.00003  	0.00422  	0.00420  	0.00468  	0.00000  	0.00000  
7.74429  	25.54134  	10.08295  	10.27737  	17.21396  	-1.18512  	0.01069  	0.15226  	0.13378  	-3.02442  	0.06988  	-0.08579  	-105.43951  	-0.96386  	39.48276  	44.93826  	-16521.38791  	-4835.59676  	-Inf  	-Inf  	0.00421  	0.00002  	0.00422  	0.00421  	0.00468  	0.00000  	0.00000  
8.74514  	25.54010  	10.08288  	10.27649  	17.21381  	-1.18512  	0.01009  	0.15174  	0.13520  	-3.02442  	0.06907  	-0.08570  	-105.42572  	-0.95981  	39.90412  	44.78505  	-16521.10675  	-4835.53327  	-Inf  	-Inf  	0.00422  	0.00003  	0.00422  	0.00419  	0.00467  	0.00000  	0.00000  
9.74562  	25.54009  	10.08300  	10.27712  	17.21455  	-1.18512  	0.01077  	0.15380  	0.13110  	-3.02442  	0.07025  	-0.08574  	-105.41624  	-0.96236  	38.69192  	45.39090  	-16521.25598  	-4835.58343  	-Inf  	-Inf  	0.00421  	0.00003  	0.00422  	0.00421  	0.00468  	0.00000  	0.00000  
10.74695  	25.53913  	10.08261  	10.27741  	17.21378  	-1.18512  	0.00951  	0.15128  	0.13474  	-3.02442  	0.06893  	-0.08571  	-105.41388  	-0.96572  	39.76777  	44.64876  	-16520.90371  	-4835.57628  	-Inf  	-Inf  	0.00422  	0.00003  	0.00422  	0.00418  	0.00467  	0.00000  	0.00000  
11.74687  	25.53823  	10.08329  	10.27702  	17.21398  	-1.18512  	0.00981  	0.15280  	0.13395  	-3.02442  	0.06880  	-0.08566  	-105.39989  	-0.96041  	39.53484  	45.09585  	-16520.76269  	-4835.59609  	-Inf  	-Inf  	0.00421  	0.00003  	0.00422  	0.00419  	0.00468  	0.00000  	0.00000  
12.74715  	25.53833  	10.08370  	10.27772  	17.21288  	-1.18512  	0.00945  	0.15229  	0.13543  	-3.02442  	0.06698  	-0.08566  	-105.41512  	-0.96183  	39.97069  	44.94573  	-16520.56029  	-4835.66932  	-Inf  	-Inf  	0.00422  	0.00003  	0.00421  	0.00418  	0.00468  	0.00000  	0.00000  
13.74695  	25.53741  	10.08319  	10.27792  	17.21350  	-1.18512  	0.00975  	0.15250  	0.13369  	-3.02442  	0.06946  	-0.08567  	-105.39557  	-0.96536  	39.45772  	45.00999  	-16520.50020  	-4835.64893  	-Inf  	-Inf  	0.00421  	0.00003  	0.00422  	0.00419  	0.00468  	0.00000  	0.00000  
14.74784  	25.53636  	10.08307  	10.27741  	17.21362  	-1.18512  	0.01004  	0.15281  	0.13506  	-3.02442  	0.07010  	-0.08569  	-105.38079  	-0.96344  	39.86207  	45.10090  	-16520.31369  	-4835.60692  	-Inf  	-Inf  	0.00422  	0.00003  	0.00422  	0.00419  	0.00468  	0.00000  	0.00000  
15.74758  	25.53637  	10.08329  	10.27778  	17.21363  	-1.18512  	0.00968  	0.15223  	0.13630  	-3.02442  	0.06812  	-0.08566  	-105.38079  	-0.96415  	40.22643  	44.93007  	-16520.31787  	-4835.64628  	-Inf  	-Inf  	0.00422  	0.00003  	0.00422  	0.00419  	0.00468  	0.00000  	0.00000  
16.74925  	25.53592  	10.08325  	10.27775  	17.21324  	-1.18512  	0.00970  	0.15162  	0.13404  	-3.02442  	0.06755  	-0.08569  	-105.37999  	-0.96424  	39.56169  	44.74856  	-16520.14815  	-4835.64211  	-Inf  	-Inf  	0.00421  	0.00003  	0.00422  	0.00419  	0.00467  	0.00000  	0.00000  
17.74984  	25.53528  	10.08291  	10.27696  	17.21319  	-1.18512  	0.01052  	0.15268  	0.13248  	-3.02442  	0.06784  	-0.08577  	-105.37248  	-0.96204  	39.09902  	45.06190  	-16520.00803  	-4835.56616  	-Inf  	-Inf  	0.00421  	0.00002  	0.00422  	0.00420  	0.00468  	0.00000  	0.00000  
18.74975  	25.53513  	10.08236  	10.27680  	17.21352  	-1.18512  	0.01045  	0.15270  	0.13318  	-3.02442  	0.06968  	-0.08567  	-105.36653  	-0.96394  	39.30560  	45.06663  	-16520.04471  	-4835.51870  	-Inf  	-Inf  	0.00421  	0.00003  	0.00422  	0.00420  	0.00468  	0.00000  	0.00000  
19.74990  	25.53472  	10.08295  	10.27697  	17.21323  	-1.18512  	0.01100  	0.15180  	0.13424  	-3.02442  	0.06779  	-0.08575  	-105.36498  	-0.96187  	39.62027  	44.80126  	-16519.90390  	-4835.56978  	-Inf  	-Inf  	0.00421  	0.00002  	0.00422  	0.00421  	0.00467  	0.00000  	0.00000  
20.74968  	25.53429  	10.08313  	10.27699  	17.21266  	-1.18512  	0.01004  	0.15152  	0.13509  	-3.02442  	0.06755  	-0.08578  	-105.36672  	-0.96108  	39.87019  	44.71856  	-16519.69995  	-4835.58334  	-Inf  	-Inf  	0.00422  	0.00002  	0.00422  	0.00419  	0.00467  	0.00000  	0.00000  
21.75397  	25.53377  	10.08324  	10.27759  	17.21242  	-1.18512  	0.00959  	0.15174  	0.13551  	-3.02442  	0.06864  	-0.08572  	-105.36316  	-0.96353  	39.99443  	44.78313  	-16519.54665  	-4835.63004  	-Inf  	-Inf  	0.00422  	0.00003  	0.00422  	0.00418  	0.00467  	0.00000  	0.00000  
22.75507  	25.53369  	10.08327  	10.27659  	17.21239  	-1.18512  	0.01056  	0.15145  	0.13344  	-3.02442  	0.06868  	-0.08569  	-105.36256  	-0.95837  	39.38380  	44.70006  	-16519.52629  	-4835.56581  	-Inf  	-Inf  	0.00421  	0.00003  	0.00422  	0.00420  	0.00467  	0.00000  	0.00000  
23.75766  	25.53334  	10.08363  	10.27738  	17.21278  	-1.18512  	0.00922  	0.15360  	0.13304  	-3.02442  	0.06749  	-0.08576  	-105.35309  	-0.96053  	39.26387  	45.33265  	-16519.53260  	-4835.64169  	-Inf  	-Inf  	0.00421  	0.00002  	0.00422  	0.00418  	0.00468  	0.00000  	0.00000  
24.75881  	25.53273  	10.08271  	10.27720  	17.21104  	-1.18512  	0.00893  	0.15170  	0.13315  	-3.02442  	0.06666  	-0.08568  	-105.36753  	-0.96418  	39.29875  	44.77131  	-16519.05936  	-4835.56931  	-Inf  	-Inf  	0.00421  	0.00003  	0.00421  	0.00417  	0.00467  	0.00000  	0.00000  
25.76090  	25.53256  	10.08249  	10.27846  	17.21137  	-1.18512  	0.01074  	0.15190  	0.13683  	-3.02442  	0.06966  	-0.08572  	-105.36105  	-0.97152  	40.38267  	44.83164  	-16519.09061  	-4835.63866  	-Inf  	-Inf  	0.00422  	0.00003  	0.00422  	0.00421  	0.00468  	0.00000  	0.00000  
26.76111  	25.53155  	10.08246  	10.27756  	17.21085  	-1.18512  	0.00920  	0.15125  	0.13398  	-3.02442  	0.06856  	-0.08565  	-105.35486  	-0.96721  	39.54373  	44.64117  	-16518.78120  	-4835.57653  	-Inf  	-Inf  	0.00421  	0.00003  	0.00422  	0.00418  	0.00467  	0.00000  	0.00000  
27.76103  	25.53190  	10.08239  	10.27714  	17.20971  	-1.18512  	0.01028  	0.15235  	0.13417  	-3.02442  	0.06826  	-0.08570  	-105.37382  	-0.96550  	39.59998  	44.96355  	-16518.62291  	-4835.54407  	-Inf  	-Inf  	0.00421  	0.00003  	0.00422  	0.00420  	0.00468  	0.00000  	0.00000  
28.76041  	25.53218  	10.08313  	10.27773  	17.20980  	-1.18512  	0.00971  	0.15118  	0.13452  	-3.02442  	0.07012  	-0.08570  	-105.37614  	-0.96470  	39.70323  	44.62023  	-16518.69666  	-4835.63225  	-Inf  	-Inf  	0.00422  	0.00003  	0.00422  	0.00419  	0.00467  	0.00000  	0.00000  
29.76190  	25.53100  	10.08262  	10.27769  	17.20892  	-1.18512  	0.00909  	0.15170  	0.13150  	-3.02442  	0.06650  	-0.08567  	-105.37238  	-0.96705  	38.80982  	44.77364  	-16518.28037  	-4835.59564  	-Inf  	-Inf  	0.00421  	0.00003  	0.00421  	0.00417  	0.00467  	0.00000  	0.00000  
30.76210  	25.53016  	10.08302  	10.27695  	17.20756  	-1.18512  	0.01089  	0.15184  	0.13150  	-3.02442  	0.06981  	-0.08580  	-105.37890  	-0.96141  	38.81216  	44.81446  	-16517.83612  	-4835.57286  	-Inf  	-Inf  	0.00421  	0.00002  	0.00422  	0.00421  	0.00467  	0.00000  	0.00000  
31.76325  	25.52903  	10.08330  	10.27771  	17.20769  	-1.18512  	0.00958  	0.15202  	0.13483  	-3.02442  	0.06766  	-0.08571  	-105.36308  	-0.96379  	39.79368  	44.86676  	-16517.63554  	-4835.64207  	-Inf  	-Inf  	0.00422  	0.00003  	0.00422  	0.00418  	0.00468  	0.00000  	0.00000  
32.76404  	25.52848  	10.08221  	10.27773  	17.20859  	-1.18512  	0.01078  	0.15143  	0.13620  	-3.02442  	0.06866  	-0.08569  	-105.34464  	-0.96931  	40.19659  	44.69230  	-16517.70599  	-4835.57093  	-Inf  	-Inf  	0.00422  	0.00003  	0.00422  	0.00421  	0.00467  	0.00000  	0.00000  
33.76332  	25.52899  	10.08279  	10.27788  	17.20719  	-1.18512  	0.01001  	0.15163  	0.13010  	-3.02442  	0.06901  	-0.08575  	-105.36890  	-0.96716  	38.39818  	44.75176  	-16517.52628  	-4835.61980  	-Inf  	-Inf  	0.00421  	0.00002  	0.00422  	0.00419  	0.00467  	0.00000  	0.00000  
34.76524  	25.52852  	10.08303  	10.27775  	17.20595  	-1.18512  	0.01013  	0.15148  	0.13709  	-3.02442  	0.07031  	-0.08569  	-105.37859  	-0.96536  	40.46145  	44.70616  	-16517.18010  	-4835.62691  	-Inf  	-Inf  	0.00422  	0.00003  	0.00422  	0.00419  	0.00467  	0.00000  	0.00000  
35.76564  	25.52768  	10.08351  	10.27674  	17.20618  	-1.18512  	0.01022  	0.15199  	0.13280  	-3.02442  	0.06805  	-0.08579  	-105.36504  	-0.95791  	39.19437  	44.85742  	-16517.05786  	-4835.59178  	-Inf  	-Inf  	0.00421  	0.00002  	0.00422  	0.00420  	0.00468  	0.00000  	0.00000  
36.76605  	25.52750  	10.08322  	10.27736  	17.20548  	-1.18512  	0.01000  	0.15203  	0.13087  	-3.02442  	0.06723  	-0.08573  	-105.37158  	-0.96247  	38.62454  	44.86898  	-16516.87851  	-4835.61310  	-Inf  	-Inf  	0.00421  	0.00003  	0.00422  	0.00419  	0.00468  	0.00000  	0.00000  
37.76550  	25.52664  	10.08364  	10.27835  	17.20518  	-1.18512  	0.00980  	0.15224  	0.13353  	-3.02442  	0.06899  	-0.08572  	-105.36449  	-0.96524  	39.40935  	44.93267  	-16516.64376  	-4835.70738  	-Inf  	-Inf  	0.00421  	0.00003  	0.00422  	0.00419  	0.00468  	0.00000  	0.00000  
38.76588  	25.52624  	10.08391  	10.27732  	17.20484  	-1.18512  	0.01091  	0.15221  	0.13149  	-3.02442  	0.06907  	-0.08571  	-105.36383  	-0.95886  	38.80865  	44.92259  	-16516.49506  	-4835.65679  	-Inf  	-Inf  	0.00421  	0.00003  	0.00422  	0.00421  	0.00468  	0.00000  	0.00000  
39.76622  	25.52620  	10.08410  	10.27784  	17.20442  	-1.18512  	0.00945  	0.15188  	0.13565  	-3.02442  	0.06780  	-0.08568  	-105.36870  	-0.96050  	40.03653  	44.82713  	-16516.40281  	-4835.70422  	-Inf  	-Inf  	0.00422  	0.00003  	0.00422  	0.00418  	0.00467  	0.00000  	0.00000  
40.76648  	25.52565  	10.08304  	10.27804  	17.20472  	-1.18512  	0.01035  	0.15345  	0.13228  	-3.02442  	0.06818  	-0.08576  	-105.35793  	-0.96669  	39.04170  	45.29021  	-16516.35142  	-4835.64669  	-Inf  	-Inf  	0.00421  	0.00002  	0.00422  	0.00420  	0.00468  	0.00000  	0.00000  
41.76912  	25.52546  	10.08357  	10.27774  	17.20441  	-1.18512  	0.01024  	0.15280  	0.13423  	-3.02442  	0.06889  	-0.08564  	-105.35937  	-0.96260  	39.61560  	45.09870  	-16516.25194  	-4835.66254  	-Inf  	-Inf  	0.00421  	0.00003  	0.00422  	0.00420  	0.00468  	0.00000  	0.00000  
42.77099  	25.52451  	10.08371  	10.27798  	17.20439  	-1.18512  	0.01099  	0.15273  	0.13481  	-3.02442  	0.06793  	-0.08581  	-105.34765  	-0.96311  	39.78866  	45.07716  	-16516.05533  	-4835.68723  	-Inf  	-Inf  	0.00422  	0.00002  	0.00422  	0.00421  	0.00468  	0.00000  	0.00000  
43.77075  	25.52371  	10.08391  	10.27679  	17.20403  	-1.18512  	0.01074  	0.15228  	0.13220  	-3.02442  	0.06871  	-0.08566  	-105.34200  	-0.95620  	39.01611  	44.94285  	-16515.81963  	-4835.62179  	-Inf  	-Inf  	0.00421  	0.00003  	0.00422  	0.00421  	0.00468  	0.00000  	0.00000  
44.77070  	25.52383  	10.08348  	10.27725  	17.20434  	-1.18512  	0.00968  	0.15290  	0.13674  	-3.02442  	0.06892  	-0.08572  	-105.33966  	-0.96065  	40.35615  	45.12715  	-16515.90643  	-4835.62378  	-Inf  	-Inf  	0.00422  	0.00003  	0.00422  	0.00419  	0.00468  	0.00000  	0.00000  
45.77209  	25.52316  	10.08325  	10.27782  	17.20302  	-1.18512  	0.01102  	0.15320  	0.13466  	-3.02442  	0.06763  	-0.08576  	-105.34779  	-0.96459  	39.74312  	45.21429  	-16515.50570  	-4835.64655  	-Inf  	-Inf  	0.00422  	0.00002  	0.00422  	0.00421  	0.00468  	0.00000  	0.00000  
46.77293  	25.52195  	10.08397  	10.27741  	17.20247  	-1.18512  	0.01047  	0.15164  	0.13487  	-3.02442  	0.06885  	-0.08571  	-105.33942  	-0.95896  	39.80590  	44.75553  	-16515.14937  	-4835.66654  	-Inf  	-Inf  	0.00422  	0.00003  	0.00422  	0.00420  	0.00467  	0.00000  	0.00000  
47.77410  	25.52257  	10.08373  	10.27660  	17.20252  	-1.18512  	0.00983  	0.15230  	0.13346  	-3.02442  	0.06852  	-0.08575  	-105.34671  	-0.95615  	39.38944  	44.94914  	-16515.28385  	-4835.59669  	-Inf  	-Inf  	0.00421  	0.00002  	0.00422  	0.00419  	0.00468  	0.00000  	0.00000  
48.77481  	25.52126  	10.08423  	10.27723  	17.20208  	-1.18512  	0.00957  	0.15265  	0.13704  	-3.02442  	0.06891  	-0.08573  	-105.33576  	-0.95680  	40.44628  	45.05213  	-16514.93119  	-4835.67243  	-Inf  	-Inf  	0.00422  	0.00003  	0.00422  	0.00418  	0.00468  	0.00000  	0.00000  
49.77481  	25.52130  	10.08494  	10.27759  	17.20287  	-1.18512  	0.01060  	0.15269  	0.13573  	-3.02442  	0.06833  	-0.08570  	-105.32628  	-0.95508  	40.05813  	45.06423  	-16515.09967  	-4835.74291  	-Inf  	-Inf  	0.00422  	0.00003  	0.00422  	0.00420  	0.00468  	0.00000  	0.00000  
50.77609  	25.52114  	10.08476  	10.27751  	17.20258  	-1.18512  	0.01031  	0.15341  	0.13292  	-3.02442  	0.06730  	-0.08573  	-105.32788  	-0.95556  	39.23133  	45.27713  	-16515.00767  	-4835.72617  	-Inf  	-Inf  	0.00421  	0.00003  	0.00422  	0.00420  	0.00468  	0.00000  	0.00000  
51.77675  	25.52013  	10.08436  	10.27747  	17.20160  	-1.18512  	0.00968  	0.15202  	0.13396  	-3.02442  	0.06901  	-0.08575  	-105.32748  	-0.95735  	39.53596  	44.86792  	-16514.60846  	-4835.69632  	-Inf  	-Inf  	0.00421  	0.00002  	0.00422  	0.00419  	0.00468  	0.00000  	0.00000  
52.77694  	25.51857  	10.08330  	10.27732  	17.20278  	-1.18512  	0.00992  	0.15264  	0.13374  	-3.02442  	0.06852  	-0.08571  	-105.29270  	-0.96189  	39.47160  	45.04915  	-16514.53066  	-4835.61632  	-Inf  	-Inf  	0.00421  	0.00003  	0.00422  	0.00419  	0.00468  	0.00000  	0.00000  
53.77639  	25.51915  	10.08302  	10.27820  	17.20118  	-1.18512  	0.01003  	0.15216  	0.13202  	-3.02442  	0.06809  	-0.08575  	-105.32046  	-0.96761  	38.96489  	44.90823  	-16514.32430  	-4835.65591  	-Inf  	-Inf  	0.00421  	0.00002  	0.00422  	0.00419  	0.00468  	0.00000  	0.00000  
54.77655  	25.51899  	10.08360  	10.27747  	17.20173  	-1.18512  	0.01060  	0.15283  	0.13438  	-3.02442  	0.06800  	-0.08567  	-105.31135  	-0.96112  	39.66085  	45.10632  	-16514.40217  	-4835.64605  	-Inf  	-Inf  	0.00422  	0.00003  	0.00422  	0.00420  	0.00468  	0.00000  	0.00000  
55.77892  	25.51722  	10.08325  	10.27779  	17.20110  	-1.18512  	0.01151  	0.15326  	0.13596  	-3.02442  	0.06876  	-0.08566  	-105.29695  	-0.96442  	40.12663  	45.23388  	-16513.91928  	-4835.64398  	-Inf  	-Inf  	0.00422  	0.00003  	0.00422  	0.00422  	0.00468  	0.00000  	0.00000  
56.77959  	25.51740  	10.08374  	10.27673  	17.20156  	-1.18512  	0.01050  	0.15258  	0.13369  	-3.02442  	0.06879  	-0.08573  	-105.29342  	-0.95679  	39.45653  	45.03363  	-16514.04838  	-4835.60620  	-Inf  	-Inf  	0.00421  	0.00003  	0.00422  	0.00420  	0.00468  	0.00000  	0.00000  
57.77942  	25.51731  	10.08402  	10.27674  	17.20172  	-1.18512  	0.00961  	0.15264  	0.13611  	-3.02442  	0.06887  	-0.08565  	-105.29032  	-0.95547  	40.17094  	45.04972  	-16514.06090  	-4835.62555  	-Inf  	-Inf  	0.00422  	0.00003  	0.00422  	0.00418  	0.00468  	0.00000  	0.00000  
58.78005  	25.51711  	10.08268  	10.27740  	17.20123  	-1.18512  	0.01091  	0.15186  	0.13294  	-3.02442  	0.06943  	-0.08575  	-105.29400  	-0.96534  	39.23510  	44.82062  	-16513.92146  	-4835.58082  	-Inf  	-Inf  	0.00421  	0.00002  	0.00422  	0.00421  	0.00467  	0.00000  	0.00000  
59.77943  	25.51596  	10.08383  	10.27717  	17.20155  	-1.18512  	0.00997  	0.15244  	0.13199  	-3.02442  	0.06824  	-0.08574  	-105.27532  	-0.95851  	38.95487  	44.99034  	-16513.75367  	-4835.64188  	-Inf  	-Inf  	0.00421  	0.00003  	0.00422  	0.00419  	0.00468  	0.00000  	0.00000  
60.78213  	25.51587  	10.08449  	10.27797  	17.20098  	-1.18512  	0.00955  	0.15200  	0.13455  	-3.02442  	0.06839  	-0.08572  	-105.28131  	-0.95919  	39.71194  	44.86003  	-16513.62047  	-4835.73849  	-Inf  	-Inf  	0.00422  	0.00003  	0.00422  	0.00418  	0.00468  	0.00000  	0.00000  
61.78190  	25.51447  	10.08432  	10.27835  	17.20141  	-1.18512  	0.01054  	0.15273  	0.13203  	-3.02442  	0.06899  	-0.08566  	-105.25817  	-0.96193  	38.96706  	45.07697  	-16513.42462  	-4835.75272  	-Inf  	-Inf  	0.00421  	0.00003  	0.00422  	0.00420  	0.00468  	0.00000  	0.00000  
62.78165  	25.51447  	10.08286  	10.27841  	17.20076  	-1.18512  	0.01009  	0.15206  	0.13389  	-3.02442  	0.06955  	-0.08569  	-105.26639  	-0.96944  	39.51619  	44.87834  	-16513.29478  	-4835.65996  	-Inf  	-Inf  	0.00421  	0.00003  	0.00422  	0.00419  	0.00468  	0.00000  	0.00000  
63.78207  	25.51461  	10.08354  	10.27723  	17.20137  	-1.18512  	0.00945  	0.15148  	0.13314  	-3.02442  	0.06777  	-0.08566  	-105.26051  	-0.96025  	39.29534  	44.70662  	-16513.44426  	-4835.62652  	-Inf  	-Inf  	0.00421  	0.00003  	0.00422  	0.00418  	0.00467  	0.00000  	0.00000  
64.78312  	25.51519  	10.08318  	10.27752  	17.20168  	-1.18512  	0.01024  	0.15223  	0.13580  	-3.02442  	0.06888  	-0.08573  	-105.26389  	-0.96349  	40.08005  	44.92914  	-16513.62643  	-4835.62167  	-Inf  	-Inf  	0.00422  	0.00003  	0.00422  	0.00420  	0.00468  	0.00000  	0.00000  
65.78291  	25.51469  	10.08401  	10.27690  	17.20102  	-1.18512  	0.00995  	0.15188  	0.13348  	-3.02442  	0.06837  	-0.08565  	-105.26593  	-0.95624  	39.39434  	44.82469  	-16513.39289  	-4835.63557  	-Inf  	-Inf  	0.00421  	0.00003  	0.00422  	0.00419  	0.00467  	0.00000  	0.00000  
66.78354  	25.51399  	10.08443  	10.27659  	17.20058  	-1.18512  	0.00945  	0.15160  	0.13532  	-3.02442  	0.06711  	-0.08566  	-105.26268  	-0.95266  	39.93686  	44.74347  	-16513.16149  	-4835.64302  	-Inf  	-Inf  	0.00422  	0.00003  	0.00421  	0.00418  	0.00467  	0.00000  	0.00000  
67.78433  	25.51341  	10.08374  	10.27606  	17.19989  	-1.18512  	0.00984  	0.15209  	0.13467  	-3.02442  	0.06848  	-0.08566  	-105.26403  	-0.95342  	39.74719  	44.88682  	-16512.90301  	-4835.56142  	-Inf  	-Inf  	0.00422  	0.00003  	0.00422  	0.00419  	0.00468  	0.00000  	0.00000  
68.78591  	25.51366  	10.08406  	10.27623  	17.19960  	-1.18512  	0.01046  	0.15224  	0.13601  	-3.02442  	0.06898  	-0.08574  	-105.27080  	-0.95267  	40.14279  	44.93103  	-16512.89629  	-4835.59430  	-Inf  	-Inf  	0.00422  	0.00003  	0.00422  	0.00420  	0.00468  	0.00000  	0.00000  
69.78599  	25.51354  	10.08249  	10.27667  	17.19933  	-1.18512  	0.00986  	0.15164  	0.13527  	-3.02442  	0.06894  	-0.08575  	-105.27277  	-0.96268  	39.92468  	44.75564  	-16512.81814  	-4835.51907  	-Inf  	-Inf  	0.00422  	0.00002  	0.00422  	0.00419  	0.00467  	0.00000  	0.00000  
70.78629  	25.51312  	10.08325  	10.27658  	17.19941  	-1.18512  	0.01106  	0.15310  	0.13532  	-3.02442  	0.06905  	-0.08576  	-105.26646  	-0.95840  	39.93787  	45.18589  	-16512.74760  	-4835.56363  	-Inf  	-Inf  	0.00422  	0.00002  	0.00422  	0.00421  	0.00468  	0.00000  	0.00000  
71.78906  	25.51282  	10.08343  	10.27615  	17.19849  	-1.18512  	0.01064  	0.15145  	0.13332  	-3.02442  	0.06801  	-0.08575  	-105.27431  	-0.95540  	39.34653  	44.69919  	-16512.50166  	-4835.54682  	-Inf  	-Inf  	0.00421  	0.00002  	0.00422  	0.00420  	0.00467  	0.00000  	0.00000  
72.79019  	25.51224  	10.08278  	10.27641  	17.19850  	-1.18512  	0.01061  	0.15160  	0.13487  	-3.02442  	0.06912  	-0.08578  	-105.26689  	-0.95989  	39.80529  	44.74437  	-16512.38670  	-4835.52112  	-Inf  	-Inf  	0.00422  	0.00002  	0.00422  	0.00420  	0.00467  	0.00000  	0.00000  
73.78972  	25.51201  	10.08272  	10.27681  	17.19826  	-1.18512  	0.01024  	0.15151  	0.13269  	-3.02442  	0.06758  	-0.08572  	-105.26688  	-0.96221  	39.16266  	44.71680  	-16512.29201  	-4835.54409  	-Inf  	-Inf  	0.00421  	0.00003  	0.00422  	0.00420  	0.00467  	0.00000  	0.00000  
74.79034  	25.51113  	10.08306  	10.27596  	17.19782  	-1.18512  	0.01096  	0.15241  	0.12965  	-3.02442  	0.06926  	-0.08577  	-105.26135  	-0.95630  	38.26564  	44.98278  	-16512.02461  	-4835.51021  	-Inf  	-Inf  	0.00421  	0.00002  	0.00422  	0.00421  	0.00468  	0.00000  	0.00000  
75.79128  	25.51066  	10.08311  	10.27700  	17.19801  	-1.18512  	0.01037  	0.15272  	0.13559  	-3.02442  	0.06767  	-0.08575  	-105.25305  	-0.96120  	40.01771  	45.07229  	-16511.97039  	-4835.58213  	-Inf  	-Inf  	0.00422  	0.00002  	0.00422  	0.00420  	0.00468  	0.00000  	0.00000  
76.79197  	25.51118  	10.08198  	10.27644  	17.19696  	-1.18512  	0.01012  	0.15078  	0.13702  	-3.02442  	0.07025  	-0.08569  	-105.27282  	-0.96406  	40.44008  	44.50219  	-16511.86193  	-4835.46974  	-Inf  	-Inf  	0.00422  	0.00003  	0.00422  	0.00419  	0.00467  	0.00000  	0.00000  
77.79212  	25.51070  	10.08271  	10.27620  	17.19673  	-1.18512  	0.01094  	0.15156  	0.13232  	-3.02442  	0.06890  	-0.08573  	-105.26979  	-0.95924  	39.05158  	44.73143  	-16511.71854  	-4835.50313  	-Inf  	-Inf  	0.00421  	0.00003  	0.00422  	0.00421  	0.00467  	0.00000  	0.00000  
78.79404  	25.51099  	10.08293  	10.27653  	17.19694  	-1.18512  	0.00964  	0.15242  	0.13366  	-3.02442  	0.06879  	-0.08570  	-105.27074  	-0.95975  	39.44906  	44.98614  	-16511.81956  	-4835.53897  	-Inf  	-Inf  	0.00421  	0.00003  	0.00422  	0.00419  	0.00468  	0.00000  	0.00000  
79.79375  	25.51113  	10.08277  	10.27720  	17.19624  	-1.18512  	0.01000  	0.15229  	0.13192  	-3.02442  	0.06799  	-0.08573  	-105.28137  	-0.96388  	38.93511  	44.94806  	-16511.70741  	-4835.57346  	-Inf  	-Inf  	0.00421  	0.00003  	0.00422  	0.00419  	0.00468  	0.00000  	0.00000  
80.79339  	25.51028  	10.08273  	10.27630  	17.19560  	-1.18512  	0.01078  	0.15191  	0.13551  	-3.02442  	0.06927  	-0.08566  	-105.27872  	-0.95960  	39.99544  	44.83495  	-16511.40628  	-4835.51042  	-Inf  	-Inf  	0.00422  	0.00003  	0.00422  	0.00421  	0.00468  	0.00000  	0.00000  
81.79487  	25.50909  	10.08226  	10.27614  	17.19529  	-1.18512  	0.01031  	0.15213  	0.13464  	-3.02442  	0.06932  	-0.08571  	-105.26770  	-0.96117  	39.73623  	44.90035  	-16511.10268  	-4835.46847  	-Inf  	-Inf  	0.00422  	0.00003  	0.00422  	0.00420  	0.00468  	0.00000  	0.00000  
82.79596  	25.50895  	10.08274  	10.27607  	17.19493  	-1.18512  	0.01062  	0.15211  	0.13071  	-3.02442  	0.06948  	-0.08571  	-105.27041  	-0.95846  	38.57643  	44.89490  	-16511.00087  	-4835.49551  	-Inf  	-Inf  	0.00421  	0.00003  	0.00422  	0.00420  	0.00468  	0.00000  	0.00000  
83.79616  	25.50826  	10.08238  	10.27617  	17.19449  	-1.18512  	0.01005  	0.15158  	0.13425  	-3.02442  	0.06842  	-0.08572  	-105.26725  	-0.96076  	39.62330  	44.73729  	-16510.77326  	-4835.47844  	-Inf  	-Inf  	0.00421  	0.00003  	0.00422  	0.00419  	0.00467  	0.00000  	0.00000  
84.79549  	25.50716  	10.08194  	10.27581  	17.19411  	-1.18512  	0.00925  	0.15170  	0.13251  	-3.02442  	0.06793  	-0.08570  	-105.25810  	-0.96113  	39.10790  	44.77226  	-16510.47324  	-4835.42569  	-Inf  	-Inf  	0.00421  	0.00003  	0.00422  	0.00418  	0.00467  	0.00000  	0.00000  
85.79589  	25.50755  	10.08210  	10.27652  	17.19453  	-1.18512  	0.00962  	0.15232  	0.13483  	-3.02442  	0.06872  	-0.08568  	-105.25767  	-0.96386  	39.79504  	44.95418  	-16510.63803  	-4835.48298  	-Inf  	-Inf  	0.00422  	0.00003  	0.00422  	0.00418  	0.00468  	0.00000  	0.00000  
86.79676  	25.50765  	10.08162  	10.27637  	17.19446  	-1.18512  	0.01084  	0.15110  	0.13476  	-3.02442  	0.07064  	-0.08579  	-105.25989  	-0.96550  	39.77373  	44.59664  	-16510.64629  	-4835.44161  	-Inf  	-Inf  	0.00422  	0.00002  	0.00423  	0.00421  	0.00467  	0.00000  	0.00000  
87.79801  	25.50708  	10.08235  	10.27623  	17.19474  	-1.18512  	0.01097  	0.15217  	0.13297  	-3.02442  	0.06850  	-0.08568  	-105.24903  	-0.96119  	39.24377  	44.91050  	-16510.58637  	-4835.48076  	-Inf  	-Inf  	0.00421  	0.00003  	0.00422  	0.00421  	0.00468  	0.00000  	0.00000  
88.79881  	25.50609  	10.08276  	10.27588  	17.19354  	-1.18512  	0.01078  	0.15142  	0.13490  	-3.02442  	0.06838  	-0.08568  	-105.25173  	-0.95741  	39.81570  	44.68949  	-16510.14365  	-4835.48407  	-Inf  	-Inf  	0.00422  	0.00003  	0.00422  	0.00421  	0.00467  	0.00000  	0.00000  
89.79937  	25.50569  	10.08278  	10.27669  	17.19328  	-1.18512  	0.01126  	0.15239  	0.13347  	-3.02442  	0.06833  	-0.08573  	-105.24996  	-0.96136  	39.39097  	44.97604  	-16510.00919  	-4835.53985  	-Inf  	-Inf  	0.00421  	0.00003  	0.00422  	0.00422  	0.00468  	0.00000  	0.00000  
90.80010  	25.50414  	10.08230  	10.27681  	17.19313  	-1.18512  	0.01034  	0.15237  	0.13144  	-3.02442  	0.06787  	-0.08569  	-105.23221  	-0.96430  	38.79210  	44.97055  	-16509.66647  	-4835.51558  	-Inf  	-Inf  	0.00421  	0.00003  	0.00422  	0.00420  	0.00468  	0.00000  	0.00000  
91.80201  	25.50421  	10.08341  	10.27702  	17.19217  	-1.18512  	0.00969  	0.15295  	0.13039  	-3.02442  	0.06842  	-0.08568  	-105.24537  	-0.95983  	38.48408  	45.14128  	-16509.48797  	-4835.60302  	-Inf  	-Inf  	0.00421  	0.00003  	0.00422  	0.00419  	0.00468  	0.00000  	0.00000  
92.80169  	25.50435  	10.08406  	10.27710  	17.19353  	-1.18512  	0.01021  	0.15187  	0.13558  	-3.02442  	0.06909  	-0.08570  	-105.22984  	-0.95700  	40.01550  	44.82329  	-16509.79037  	-4835.65246  	-Inf  	-Inf  	0.00422  	0.00003  	0.00422  	0.00420  	0.00467  	0.00000  	0.00000  
93.80212  	25.50480  	10.08271  	10.27681  	17.19357  	-1.18512  	0.01016  	0.15255  	0.13375  	-3.02442  	0.06930  	-0.08566  	-105.23504  	-0.96222  	39.47506  	45.02419  	-16509.88914  	-4835.54306  	-Inf  	-Inf  	0.00421  	0.00003  	0.00422  	0.00420  	0.00468  	0.00000  	0.00000  
94.80219  	25.50335  	10.08271  	10.27633  	17.19302  	-1.18512  	0.00964  	0.15292  	0.13220  	-3.02442  	0.06868  	-0.08572  	-105.22371  	-0.95986  	39.01797  	45.13250  	-16509.48620  	-4835.51140  	-Inf  	-Inf  	0.00421  	0.00003  	0.00422  	0.00419  	0.00468  	0.00000  	0.00000  
95.80191  	25.50368  	10.08253  	10.27649  	17.19229  	-1.18512  	0.01024  	0.15250  	0.13370  	-3.02442  	0.06840  	-0.08571  	-105.23709  	-0.96161  	39.45901  	45.00760  	-16509.40427  	-4835.50983  	-Inf  	-Inf  	0.00421  	0.00003  	0.00422  	0.00420  	0.00468  	0.00000  	0.00000  
96.80203  	25.50271  	10.08317  	10.27623  	17.19256  	-1.18512  	0.01019  	0.15263  	0.13089  	-3.02442  	0.06741  	-0.08569  	-105.22135  	-0.95708  	38.63163  	45.04609  	-16509.26363  	-4835.53516  	-Inf  	-Inf  	0.00421  	0.00003  	0.00422  	0.00420  	0.00468  	0.00000  	0.00000  
97.80312  	25.50206  	10.08269  	10.27659  	17.19306  	-1.18512  	0.00965  	0.15296  	0.13278  	-3.02442  	0.06828  	-0.08571  	-105.20683  	-0.96124  	39.18759  	45.14586  	-16509.23217  	-4835.52709  	-Inf  	-Inf  	0.00421  	0.00003  	0.00422  	0.00419  	0.00468  	0.00000  	0.00000  
98.80429  	25.50140  	10.08303  	10.27567  	17.19280  	-1.18512  	0.01116  	0.15143  	0.13428  	-3.02442  	0.06921  	-0.08570  	-105.20179  	-0.95501  	39.63242  	44.69217  	-16509.04693  	-4835.48824  	-Inf  	-Inf  	0.00421  	0.00003  	0.00422  	0.00421  	0.00467  	0.00000  	0.00000  
99.80558  	25.50139  	10.08187  	10.27511  	17.19250  	-1.18512  	0.01125  	0.15315  	0.13473  	-3.02442  	0.06822  	-0.08571  	-105.20546  	-0.95795  	39.76405  	45.20005  	-16508.98455  	-4835.37423  	-Inf  	-Inf  	0.00422  	0.00003  	0.00422  	0.00422  	0.00468  	0.00000  	0.00000  
100.80664  	25.50097  	10.08164  	10.27517  	17.19179  	-1.18512  	0.00995  	0.15265  	0.13747  	-3.02442  	0.06850  	-0.08576  	-105.20909  	-0.95942  	40.57270  	45.05442  	-16508.75600  	-4835.36263  	-Inf  	-Inf  	0.00422  	0.00002  	0.00422  	0.00419  	0.00468  	0.00000  	0.00000  
101.80767  	25.50124  	10.08235  	10.27530  	17.19266  	-1.18512  	0.00943  	0.15275  	0.13335  	-3.02442  	0.06902  	-0.08564  	-105.20152  	-0.95658  	39.35619  	45.08145  	-16508.98766  	-4835.41923  	-Inf  	-Inf  	0.00421  	0.00003  	0.00422  	0.00418  	0.00468  	0.00000  	0.00000  
102.80768  	25.50024  	10.08205  	10.27574  	17.19263  	-1.18512  	0.00864  	0.15183  	0.13301  	-3.02442  	0.06782  	-0.08566  	-105.18927  	-0.96028  	39.25707  	44.80985  	-16508.77878  	-4835.42810  	-Inf  	-Inf  	0.00421  	0.00003  	0.00422  	0.00417  	0.00467  	0.00000  	0.00000  
103.80820  	25.49964  	10.08151  	10.27581  	17.19320  	-1.18512  	0.01026  	0.15254  	0.13344  	-3.02442  	0.06839  	-0.08575  	-105.17441  	-0.96326  	39.38451  	45.01997  	-16508.77444  	-4835.39654  	-Inf  	-Inf  	0.00421  	0.00002  	0.00422  	0.00420  	0.00468  	0.00000  	0.00000  
104.80895  	25.49944  	10.08251  	10.27562  	17.19201  	-1.18512  	0.01072  	0.15192  	0.13374  	-3.02442  	0.06797  	-0.08574  	-105.18696  	-0.95739  	39.47060  	44.83685  	-16508.49086  	-4835.45089  	-Inf  	-Inf  	0.00421  	0.00003  	0.00422  	0.00421  	0.00468  	0.00000  	0.00000  
105.80919  	25.49925  	10.08231  	10.27609  	17.19199  	-1.18512  	0.01013  	0.15176  	0.13373  	-3.02442  	0.06897  	-0.08573  	-105.18490  	-0.96067  	39.46761  	44.78882  	-16508.44922  	-4835.46849  	-Inf  	-Inf  	0.00421  	0.00003  	0.00422  	0.00419  	0.00467  	0.00000  	0.00000  
106.81004  	25.49952  	10.08240  	10.27603  	17.19306  	-1.18512  	0.00976  	0.15136  	0.13411  	-3.02442  	0.06869  	-0.08570  	-105.17458  	-0.95998  	39.58128  	44.67244  	-16508.72036  	-4835.47064  	-Inf  	-Inf  	0.00421  	0.00003  	0.00422  	0.00419  	0.00467  	0.00000  	0.00000  
107.81190  	25.49901  	10.08256  	10.27526  	17.19291  	-1.18512  	0.00976  	0.15223  	0.13336  	-3.02442  	0.06988  	-0.08572  	-105.17020  	-0.95530  	39.35825  	44.93018  	-16508.58715  	-4835.42987  	-Inf  	-Inf  	0.00421  	0.00003  	0.00422  	0.00419  	0.00468  	0.00000  	0.00000  
108.81351  	25.49785  	10.08221  	10.27578  	17.19288  	-1.18512  	0.01036  	0.15061  	0.13628  	-3.02442  	0.06803  	-0.08567  	-105.15581  	-0.95965  	40.22122  	44.45062  	-16508.34548  	-4835.44114  	-Inf  	-Inf  	0.00422  	0.00003  	0.00422  	0.00420  	0.00467  	0.00000  	0.00000  
109.81415  	25.49810  	10.08157  	10.27571  	17.19220  	-1.18512  	0.01020  	0.15301  	0.13613  	-3.02442  	0.06792  	-0.08575  	-105.16752  	-0.96248  	40.17670  	45.15877  	-16508.25895  	-4835.39457  	-Inf  	-Inf  	0.00422  	0.00002  	0.00422  	0.00420  	0.00468  	0.00000  	0.00000  
110.81484  	25.49852  	10.08175  	10.27528  	17.19194  	-1.18512  	0.00967  	0.15200  	0.13306  	-3.02442  	0.06870  	-0.08570  	-105.17608  	-0.95939  	39.27185  	44.86245  	-16508.29213  	-4835.37764  	-Inf  	-Inf  	0.00421  	0.00003  	0.00422  	0.00419  	0.00468  	0.00000  	0.00000  
111.81734  	25.49839  	10.08279  	10.27521  	17.19188  	-1.18512  	0.01048  	0.15275  	0.13392  	-3.02442  	0.06864  	-0.08569  	-105.17532  	-0.95393  	39.52641  	45.08272  	-16508.25460  	-4835.44271  	-Inf  	-Inf  	0.00421  	0.00003  	0.00422  	0.00420  	0.00468  	0.00000  	0.00000  
112.81916  	25.49856  	10.08210  	10.27466  	17.19093  	-1.18512  	0.00919  	0.15180  	0.13621  	-3.02442  	0.06851  	-0.08571  	-105.18948  	-0.95460  	40.20139  	44.80337  	-16508.09753  	-4835.35957  	-Inf  	-Inf  	0.00422  	0.00003  	0.00422  	0.00418  	0.00467  	0.00000  	0.00000  
113.81894  	25.49822  	10.08265  	10.27539  	17.19122  	-1.18512  	0.01026  	0.15199  	0.13291  	-3.02442  	0.06838  	-0.08576  	-105.18154  	-0.95551  	39.22600  	44.85671  	-16508.08657  	-4835.44513  	-Inf  	-Inf  	0.00421  	0.00002  	0.00422  	0.00420  	0.00468  	0.00000  	0.00000  
114.81892  	25.49895  	10.08208  	10.27579  	17.19152  	-1.18512  	0.00994  	0.15153  	0.13252  	-3.02442  	0.06851  	-0.08576  	-105.18695  	-0.96034  	39.11251  	44.72206  	-16508.29294  	-4835.43296  	-Inf  	-Inf  	0.00421  	0.00002  	0.00422  	0.00419  	0.00467  	0.00000  	0.00000  
115.82011  	25.49840  	10.08177  	10.27437  	17.19118  	-1.18512  	0.01060  	0.15195  	0.13067  	-3.02442  	0.06719  	-0.08573  	-105.18431  	-0.95485  	38.56693  	44.84679  	-16508.11472  	-4835.31805  	-Inf  	-Inf  	0.00421  	0.00003  	0.00421  	0.00420  	0.00468  	0.00000  	0.00000  
116.82201  	25.49744  	10.08275  	10.27425  	17.19063  	-1.18512  	0.01039  	0.15177  	0.13711  	-3.02442  	0.06833  	-0.08573  	-105.17915  	-0.94935  	40.46513  	44.79250  	-16507.81076  	-4835.37572  	-Inf  	-Inf  	0.00422  	0.00003  	0.00422  	0.00420  	0.00467  	0.00000  	0.00000  
117.82208  	25.49754  	10.08189  	10.27445  	17.19155  	-1.18512  	0.01074  	0.15168  	0.13247  	-3.02442  	0.07014  	-0.08572  	-105.16867  	-0.95463  	39.09569  	44.76621  	-16508.01507  	-4835.33179  	-Inf  	-Inf  	0.00421  	0.00003  	0.00422  	0.00421  	0.00467  	0.00000  	0.00000  
118.82143  	25.49730  	10.08176  	10.27422  	17.18975  	-1.18512  	0.00968  	0.15177  	0.13443  	-3.02442  	0.06877  	-0.08568  	-105.18851  	-0.95414  	39.67481  	44.79362  	-16507.60212  	-4835.30814  	-Inf  	-Inf  	0.00422  	0.00003  	0.00422  	0.00419  	0.00467  	0.00000  	0.00000  
119.82307  	25.49682  	10.08248  	10.27452  	17.18912  	-1.18512  	0.01035  	0.15304  	0.13441  	-3.02442  	0.07011  	-0.08569  	-105.19039  	-0.95206  	39.66972  	45.16879  	-16507.38040  	-4835.37551  	-Inf  	-Inf  	0.00422  	0.00003  	0.00422  	0.00420  	0.00468  	0.00000  	0.00000  
120.82304  	25.49703  	10.08212  	10.27538  	17.18965  	-1.18512  	0.01053  	0.15228  	0.13370  	-3.02442  	0.06835  	-0.08574  	-105.18629  	-0.95809  	39.46150  	44.94287  	-16507.52756  	-4835.40857  	-Inf  	-Inf  	0.00421  	0.00003  	0.00422  	0.00420  	0.00468  	0.00000  	0.00000  
121.82512  	25.49639  	10.08291  	10.27557  	17.18881  	-1.18512  	0.01076  	0.15130  	0.13431  	-3.02442  	0.06791  	-0.08567  	-105.18881  	-0.95510  	39.63870  	44.65425  	-16507.22991  	-4835.47364  	-Inf  	-Inf  	0.00421  	0.00003  	0.00422  	0.00421  	0.00467  	0.00000  	0.00000  
122.82521  	25.49599  	10.08267  	10.27556  	17.18773  	-1.18512  	0.00985  	0.15230  	0.13503  	-3.02442  	0.06889  	-0.08572  	-105.19747  	-0.95623  	39.85195  	44.94874  	-16506.93240  	-4835.45748  	-Inf  	-Inf  	0.00422  	0.00003  	0.00422  	0.00419  	0.00468  	0.00000  	0.00000  
123.82476  	25.49551  	10.08231  	10.27507  	17.18878  	-1.18512  	0.01035  	0.15235  	0.13065  	-3.02442  	0.06777  	-0.08573  	-105.17804  	-0.95563  	38.55893  	44.96329  	-16507.04641  	-4835.40133  	-Inf  	-Inf  	0.00421  	0.00003  	0.00422  	0.00420  	0.00468  	0.00000  	0.00000  
124.82522  	25.49605  	10.08180  	10.27517  	17.18778  	-1.18512  	0.01128  	0.15249  	0.13608  	-3.02442  	0.06997  	-0.08568  	-105.19756  	-0.95866  	40.16114  	45.00614  	-16506.95352  	-4835.37396  	-Inf  	-Inf  	0.00422  	0.00003  	0.00422  	0.00422  	0.00468  	0.00000  	0.00000  
125.82507  	25.49523  	10.08260  	10.27551  	17.18776  	-1.18512  	0.01010  	0.15227  	0.13512  	-3.02442  	0.06772  	-0.08570  	-105.18737  	-0.95634  	39.87820  	44.94154  	-16506.78412  	-4835.44941  	-Inf  	-Inf  	0.00422  	0.00003  	0.00422  	0.00419  	0.00468  	0.00000  	0.00000  
126.82594  	25.49511  	10.08268  	10.27468  	17.18757  	-1.18512  	0.01054  	0.15259  	0.13413  	-3.02442  	0.07025  	-0.08571  	-105.18832  	-0.95189  	39.58819  	45.03451  	-16506.72074  	-4835.39959  	-Inf  	-Inf  	0.00421  	0.00003  	0.00422  	0.00420  	0.00468  	0.00000  	0.00000  
127.82599  	25.49467  	10.08317  	10.27494  	17.18675  	-1.18512  	0.01160  	0.15173  	0.13581  	-3.02442  	0.06869  	-0.08570  	-105.19318  	-0.95070  	40.08310  	44.78077  	-16506.46723  	-4835.44952  	-Inf  	-Inf  	0.00422  	0.00003  	0.00422  	0.00422  	0.00467  	0.00000  	0.00000  
128.82597  	25.49482  	10.08219  	10.27440  	17.18664  	-1.18512  	0.00998  	0.15137  	0.13498  	-3.02442  	0.06747  	-0.08567  	-105.19647  	-0.95289  	39.83723  	44.67535  	-16506.47435  	-4835.34813  	-Inf  	-Inf  	0.00422  	0.00003  	0.00422  	0.00419  	0.00467  	0.00000  	0.00000  
129.82603  	25.49475  	10.08224  	10.27421  	17.18662  	-1.18512  	0.00966  	0.15211  	0.13443  	-3.02442  	0.06777  	-0.08566  	-105.19585  	-0.95171  	39.67584  	44.89373  	-16506.45789  	-4835.33948  	-Inf  	-Inf  	0.00422  	0.00003  	0.00422  	0.00419  	0.00468  	0.00000  	0.00000  
130.82601  	25.49434  	10.08310  	10.27472  	17.18692  	-1.18512  	0.01009  	0.15209  	0.13513  	-3.02442  	0.06852  	-0.08571  	-105.18686  	-0.94997  	39.88293  	44.88742  	-16506.43531  	-4835.42953  	-Inf  	-Inf  	0.00422  	0.00003  	0.00422  	0.00419  	0.00468  	0.00000  	0.00000  
131.82683  	25.49361  	10.08304  	10.27515  	17.18533  	-1.18512  	0.01007  	0.15257  	0.13479  	-3.02442  	0.06910  	-0.08576  	-105.19761  	-0.95243  	39.78091  	45.02933  	-16505.96619  	-4835.45483  	-Inf  	-Inf  	0.00422  	0.00002  	0.00422  	0.00419  	0.00468  	0.00000  	0.00000  
132.82632  	25.49330  	10.08199  	10.27480  	17.18533  	-1.18512  	0.01035  	0.15234  	0.13489  	-3.02442  	0.06932  	-0.08571  	-105.19373  	-0.95589  	39.81217  	44.96192  	-16505.90261  	-4835.36180  	-Inf  	-Inf  	0.00422  	0.00003  	0.00422  	0.00420  	0.00468  	0.00000  	0.00000  
133.82817  	25.49392  	10.08191  	10.27444  	17.18539  	-1.18512  	0.00976  	0.15291  	0.13455  	-3.02442  	0.06910  	-0.08575  	-105.20082  	-0.95447  	39.71080  	45.12892  	-16506.04048  	-4835.33202  	-Inf  	-Inf  	0.00422  	0.00002  	0.00422  	0.00419  	0.00468  	0.00000  	0.00000  
134.82807  	25.49346  	10.08214  	10.27533  	17.18493  	-1.18512  	0.00924  	0.15235  	0.13022  	-3.02442  	0.06709  	-0.08574  	-105.20091  	-0.95774  	38.43167  	44.96530  	-16505.85448  	-4835.40669  	-Inf  	-Inf  	0.00421  	0.00003  	0.00421  	0.00418  	0.00468  	0.00000  	0.00000  
135.82900  	25.49222  	10.08250  	10.27514  	17.18510  	-1.18512  	0.01024  	0.15115  	0.13495  	-3.02442  	0.06811  	-0.08571  	-105.18301  	-0.95503  	39.82975  	44.60976  	-16505.64060  	-4835.41812  	-Inf  	-Inf  	0.00422  	0.00003  	0.00422  	0.00420  	0.00467  	0.00000  	0.00000  
136.82900  	25.49181  	10.08176  	10.27537  	17.18480  	-1.18512  	0.01100  	0.15212  	0.13696  	-3.02442  	0.06850  	-0.08569  	-105.18170  	-0.95984  	40.42286  	44.89780  	-16505.49589  	-4835.38396  	-Inf  	-Inf  	0.00422  	0.00003  	0.00422  	0.00421  	0.00468  	0.00000  	0.00000  
137.82948  	25.49169  	10.08167  	10.27512  	17.18470  	-1.18512  	0.01006  	0.15240  	0.13348  	-3.02442  	0.06794  	-0.08568  	-105.18141  	-0.95904  	39.39418  	44.97937  	-16505.45093  	-4835.36107  	-Inf  	-Inf  	0.00421  	0.00003  	0.00422  	0.00419  	0.00468  	0.00000  	0.00000  
138.82945  	25.49111  	10.08222  	10.27491  	17.18435  	-1.18512  	0.00991  	0.15190  	0.13436  	-3.02442  	0.06870  	-0.08571  	-105.17848  	-0.95529  	39.65596  	44.83085  	-16505.26496  	-4835.38399  	-Inf  	-Inf  	0.00421  	0.00003  	0.00422  	0.00419  	0.00467  	0.00000  	0.00000  
139.83099  	25.49031  	10.08260  	10.27478  	17.18430  	-1.18512  	0.00959  	0.15173  	0.13402  	-3.02442  	0.06834  	-0.08568  	-105.16896  	-0.95276  	39.55470  	44.78180  	-16505.09105  	-4835.40073  	-Inf  	-Inf  	0.00421  	0.00003  	0.00422  	0.00418  	0.00467  	0.00000  	0.00000  
140.83210  	25.49054  	10.08135  	10.27530  	17.18361  	-1.18512  	0.01059  	0.15248  	0.13364  	-3.02442  	0.06837  	-0.08572  	-105.18069  	-0.96153  	39.44382  	45.00225  	-16504.99777  	-4835.35187  	-Inf  	-Inf  	0.00421  	0.00003  	0.00422  	0.00420  	0.00468  	0.00000  	0.00000  
141.83211  	25.49061  	10.08198  	10.27520  	17.18453  	-1.18512  	0.00967  	0.15252  	0.13384  	-3.02442  	0.06915  	-0.08573  	-105.16991  	-0.95787  	39.49995  	45.01507  	-16505.19919  	-4835.38732  	-Inf  	-Inf  	0.00421  	0.00003  	0.00422  	0.00419  	0.00468  	0.00000  	0.00000  
142.83313  	25.49085  	10.08237  	10.27556  	17.18381  	-1.18512  	0.01034  	0.15258  	0.13354  	-3.02442  	0.06847  	-0.08573  	-105.18193  	-0.95775  	39.41173  	45.03106  	-16505.10237  	-4835.43738  	-Inf  	-Inf  	0.00421  	0.00003  	0.00422  	0.00420  	0.00468  	0.00000  	0.00000  
143.83390  	25.49016  	10.08268  	10.27589  	17.18367  	-1.18512  	0.00935  	0.15275  	0.13543  	-3.02442  	0.06908  	-0.08570  	-105.17500  	-0.95786  	39.97118  	45.08168  	-16504.93461  	-4835.47959  	-Inf  	-Inf  	0.00422  	0.00003  	0.00422  	0.00418  	0.00468  	0.00000  	0.00000  
144.83522  	25.48957  	10.08240  	10.27563  	17.18382  	-1.18512  	0.00964  	0.15146  	0.13536  	-3.02442  	0.06735  	-0.08562  	-105.16566  	-0.95796  	39.95081  	44.70267  	-16504.84662  	-4835.44395  	-Inf  	-Inf  	0.00422  	0.00003  	0.00422  	0.00419  	0.00467  	0.00000  	0.00000  
145.83686  	25.48858  	10.08253  	10.27523  	17.18371  	-1.18512  	0.01026  	0.15267  	0.13492  	-3.02442  	0.06839  	-0.08571  	-105.15452  	-0.95536  	39.82136  	45.05992  	-16504.62327  	-4835.42609  	-Inf  	-Inf  	0.00422  	0.00003  	0.00422  	0.00420  	0.00468  	0.00000  	0.00000  
146.83889  	25.48893  	10.08229  	10.27510  	17.18401  	-1.18512  	0.01055  	0.15265  	0.13237  	-3.02442  	0.06980  	-0.08572  	-105.15514  	-0.95589  	39.06622  	45.05258  	-16504.75422  	-4835.40165  	-Inf  	-Inf  	0.00421  	0.00003  	0.00422  	0.00420  	0.00468  	0.00000  	0.00000  
147.84095  	25.48767  	10.08186  	10.27485  	17.18306  	-1.18512  	0.00980  	0.15267  	0.13129  	-3.02442  	0.06796  	-0.08571  	-105.15125  	-0.95676  	38.74987  	45.05826  	-16504.30719  	-4835.35608  	-Inf  	-Inf  	0.00421  	0.00003  	0.00422  	0.00419  	0.00468  	0.00000  	0.00000  
148.84079  	25.48828  	10.08194  	10.27576  	17.18361  	-1.18512  	0.00992  	0.15174  	0.13184  	-3.02442  	0.06944  	-0.08569  	-105.15203  	-0.96085  	38.91087  	44.78403  	-16504.54407  	-4835.42241  	-Inf  	-Inf  	0.00421  	0.00003  	0.00422  	0.00419  	0.00467  	0.00000  	0.00000  
149.84119  	25.48823  	10.08233  	10.27571  	17.18366  	-1.18512  	0.00859  	0.15280  	0.13312  	-3.02442  	0.06706  	-0.08566  	-105.15073  	-0.95870  	39.28773  	45.09683  	-16504.54404  	-4835.44501  	-Inf  	-Inf  	0.00421  	0.00003  	0.00421  	0.00417  	0.00468  	0.00000  	0.00000  
150.84311  	25.48855  	10.08203  	10.27551  	17.18370  	-1.18512  	0.01057  	0.15256  	0.13475  	-3.02442  	0.06929  	-0.08575  	-105.15431  	-0.95921  	39.76857  	45.02707  	-16504.61499  	-4835.41169  	-Inf  	-Inf  	0.00422  	0.00002  	0.00422  	0.00420  	0.00468  	0.00000  	0.00000  
151.84399  	25.48772  	10.08122  	10.27512  	17.18343  	-1.18512  	0.01068  	0.15198  	0.13491  	-3.02442  	0.06854  	-0.08570  	-105.14727  	-0.96125  	39.81629  	44.85541  	-16504.39337  	-4835.33201  	-Inf  	-Inf  	0.00422  	0.00003  	0.00422  	0.00421  	0.00468  	0.00000  	0.00000  
152.84400  	25.48775  	10.08337  	10.27367  	17.18344  	-1.18512  	0.00965  	0.15153  	0.13148  	-3.02442  	0.06846  	-0.08571  	-105.14747  	-0.94345  	38.80484  	44.72199  	-16504.40313  	-4835.37819  	-Inf  	-Inf  	0.00421  	0.00003  	0.00422  	0.00419  	0.00467  	0.00000  	0.00000  
153.84404  	25.48757  	10.08196  	10.27355  	17.18333  	-1.18512  	0.00858  	0.15189  	0.13578  	-3.02442  	0.06679  	-0.08564  	-105.14664  	-0.94982  	40.07518  	44.82939  	-16504.34203  	-4835.27690  	-Inf  	-Inf  	0.00422  	0.00003  	0.00421  	0.00416  	0.00467  	0.00000  	0.00000  
154.84429  	25.48715  	10.08290  	10.27439  	17.18321  	-1.18512  	0.01048  	0.15121  	0.13613  	-3.02442  	0.06807  	-0.08570  	-105.14277  	-0.94930  	40.17740  	44.62668  	-16504.23403  	-4835.39503  	-Inf  	-Inf  	0.00422  	0.00003  	0.00422  	0.00420  	0.00467  	0.00000  	0.00000  
155.84552  	25.48830  	10.08232  	10.27522  	17.18383  	-1.18512  	0.01040  	0.15142  	0.13340  	-3.02442  	0.06788  	-0.08567  	-105.14943  	-0.95628  	39.37254  	44.68870  	-16504.59091  	-4835.41139  	-Inf  	-Inf  	0.00421  	0.00003  	0.00422  	0.00420  	0.00467  	0.00000  	0.00000  
156.84692  	25.48731  	10.08196  	10.27483  	17.18265  	-1.18512  	0.00902  	0.15173  	0.13568  	-3.02442  	0.06910  	-0.08569  	-105.15188  	-0.95616  	40.04464  	44.78241  	-16504.15258  	-4835.36145  	-Inf  	-Inf  	0.00422  	0.00003  	0.00422  	0.00417  	0.00467  	0.00000  	0.00000  
157.84929  	25.48759  	10.08127  	10.27504  	17.18255  	-1.18512  	0.01029  	0.15317  	0.13403  	-3.02442  	0.06886  	-0.08572  	-105.15669  	-0.96063  	39.55616  	45.20765  	-16504.18989  	-4835.32988  	-Inf  	-Inf  	0.00421  	0.00003  	0.00422  	0.00420  	0.00468  	0.00000  	0.00000  
158.84941  	25.48766  	10.08157  	10.27409  	17.18255  	-1.18512  	0.01087  	0.15131  	0.13518  	-3.02442  	0.06935  	-0.08577  	-105.15753  	-0.95441  	39.89597  	44.65834  	-16504.20331  	-4835.28640  	-Inf  	-Inf  	0.00422  	0.00002  	0.00422  	0.00421  	0.00467  	0.00000  	0.00000  
159.84927  	25.48668  	10.08119  	10.27396  	17.18178  	-1.18512  	0.01065  	0.15188  	0.13058  	-3.02442  	0.06943  	-0.08572  	-105.15497  	-0.95568  	38.53869  	44.82442  	-16503.85162  	-4835.25261  	-Inf  	-Inf  	0.00421  	0.00003  	0.00422  	0.00420  	0.00467  	0.00000  	0.00000  
160.85322  	25.48622  	10.08087  	10.27384  	17.18175  	-1.18512  	0.00965  	0.15209  	0.13356  	-3.02442  	0.06959  	-0.08571  	-105.14952  	-0.95664  	39.41905  	44.88811  	-16503.74986  	-4835.22342  	-Inf  	-Inf  	0.00421  	0.00003  	0.00422  	0.00419  	0.00468  	0.00000  	0.00000  
161.85355  	25.48595  	10.08138  	10.27393  	17.18159  	-1.18512  	0.01045  	0.15257  	0.13258  	-3.02442  	0.06881  	-0.08568  	-105.14806  	-0.95456  	39.12870  	45.03030  	-16503.66315  	-4835.26300  	-Inf  	-Inf  	0.00421  	0.00003  	0.00422  	0.00420  	0.00468  	0.00000  	0.00000  
162.85514  	25.48688  	10.08166  	10.27399  	17.18026  	-1.18512  	0.01110  	0.15128  	0.13108  	-3.02442  	0.06962  	-0.08569  	-105.17673  	-0.95352  	38.68826  	44.64860  	-16503.58393  	-4835.28570  	-Inf  	-Inf  	0.00421  	0.00003  	0.00422  	0.00421  	0.00467  	0.00000  	0.00000  
163.85515  	25.48671  	10.08053  	10.27368  	17.18011  	-1.18512  	0.01010  	0.15107  	0.13180  	-3.02442  	0.06863  	-0.08570  	-105.17643  	-0.95753  	38.90054  	44.58771  	-16503.51807  	-4835.19036  	-Inf  	-Inf  	0.00421  	0.00003  	0.00422  	0.00419  	0.00467  	0.00000  	0.00000  
164.85473  	25.48708  	10.08071  	10.27378  	17.17989  	-1.18512  	0.01052  	0.15184  	0.13092  	-3.02442  	0.06806  	-0.08574  	-105.18396  	-0.95718  	38.64003  	44.81372  	-16503.54933  	-4835.20840  	-Inf  	-Inf  	0.00421  	0.00003  	0.00422  	0.00420  	0.00467  	0.00000  	0.00000  
165.85601  	25.48636  	10.08042  	10.27354  	17.17977  	-1.18512  	0.01027  	0.15139  	0.13482  	-3.02442  	0.06779  	-0.08569  	-105.17640  	-0.95740  	39.78940  	44.68071  	-16503.37838  	-4835.17320  	-Inf  	-Inf  	0.00422  	0.00003  	0.00422  	0.00420  	0.00467  	0.00000  	0.00000  
166.85653  	25.48668  	10.08042  	10.27387  	17.17918  	-1.18512  	0.00923  	0.15263  	0.13194  	-3.02442  	0.06681  	-0.08567  	-105.18791  	-0.95906  	38.93919  	45.04640  	-16503.32558  	-4835.19553  	-Inf  	-Inf  	0.00421  	0.00003  	0.00421  	0.00418  	0.00468  	0.00000  	0.00000  
167.85667  	25.48642  	10.08049  	10.27351  	17.17854  	-1.18512  	0.01059  	0.15202  	0.13254  	-3.02442  	0.06934  	-0.08573  	-105.19275  	-0.95694  	39.11646  	44.86647  	-16503.14444  	-4835.17607  	-Inf  	-Inf  	0.00421  	0.00003  	0.00422  	0.00420  	0.00468  	0.00000  	0.00000  
168.85694  	25.48514  	10.08023  	10.27326  	17.17879  	-1.18512  	0.00985  	0.15187  	0.13348  	-3.02442  	0.06760  	-0.08571  	-105.17323  	-0.95699  	39.39538  	44.82350  	-16502.93582  	-4835.14239  	-Inf  	-Inf  	0.00421  	0.00003  	0.00422  	0.00419  	0.00467  	0.00000  	0.00000  
169.85649  	25.48490  	10.08007  	10.27228  	17.17797  	-1.18512  	0.01034  	0.15262  	0.13255  	-3.02442  	0.06915  	-0.08573  	-105.18066  	-0.95291  	39.11923  	45.04284  	-16502.72123  	-4835.06596  	-Inf  	-Inf  	0.00421  	0.00003  	0.00422  	0.00420  	0.00468  	0.00000  	0.00000  
170.85728  	25.48404  	10.08112  	10.27289  	17.17812  	-1.18512  	0.01055  	0.15243  	0.13426  	-3.02442  	0.06911  	-0.08574  	-105.16779  	-0.95072  	39.62582  	44.98937  	-16502.57836  	-4835.17639  	-Inf  	-Inf  	0.00421  	0.00003  	0.00422  	0.00420  	0.00468  	0.00000  	0.00000  
171.85807  	25.48467  	10.08101  	10.27389  	17.17717  	-1.18512  	0.01075  	0.15220  	0.13368  	-3.02442  	0.06929  	-0.08564  	-105.18790  	-0.95621  	39.45478  	44.91910  	-16502.51395  	-4835.23637  	-Inf  	-Inf  	0.00421  	0.00003  	0.00422  	0.00421  	0.00468  	0.00000  	0.00000  
172.85808  	25.48370  	10.08117  	10.27359  	17.17736  	-1.18512  	0.01037  	0.15234  	0.13270  	-3.02442  	0.06950  	-0.08571  	-105.17323  	-0.95395  	39.16538  	44.96120  	-16502.35507  	-4835.22659  	-Inf  	-Inf  	0.00421  	0.00003  	0.00422  	0.00420  	0.00468  	0.00000  	0.00000  
173.85802  	25.48386  	10.08049  	10.27360  	17.17661  	-1.18512  	0.01035  	0.15111  	0.13202  	-3.02442  	0.06926  	-0.08568  	-105.18473  	-0.95734  	38.96390  	44.59878  	-16502.23867  	-4835.18191  	-Inf  	-Inf  	0.00421  	0.00003  	0.00422  	0.00420  	0.00467  	0.00000  	0.00000  
174.85771  	25.48364  	10.08013  	10.27365  	17.17642  	-1.18512  	0.01056  	0.15262  	0.13324  	-3.02442  	0.06784  	-0.08568  	-105.18439  	-0.95939  	39.32539  	45.04494  	-16502.15507  	-4835.16170  	-Inf  	-Inf  	0.00421  	0.00003  	0.00422  	0.00420  	0.00468  	0.00000  	0.00000  
175.85881  	25.48423  	10.07994  	10.27290  	17.17616  	-1.18512  	0.00999  	0.15175  	0.12972  	-3.02442  	0.06973  	-0.08572  	-105.19515  	-0.95660  	38.28578  	44.78710  	-16502.22161  	-4835.09866  	-Inf  	-Inf  	0.00421  	0.00003  	0.00422  	0.00419  	0.00467  	0.00000  	0.00000  
176.85992  	25.48395  	10.07952  	10.27373  	17.17577  	-1.18512  	0.01109  	0.15245  	0.13473  	-3.02442  	0.06662  	-0.08579  	-105.19647  	-0.96282  	39.76376  	44.99295  	-16502.08522  	-4835.12591  	-Inf  	-Inf  	0.00422  	0.00002  	0.00421  	0.00421  	0.00468  	0.00000  	0.00000  
177.86026  	25.48304  	10.07940  	10.27341  	17.17560  	-1.18512  	0.01031  	0.15120  	0.13438  	-3.02442  	0.06856  	-0.08569  	-105.18705  	-0.96183  	39.66065  	44.62429  	-16501.86796  	-4835.09679  	-Inf  	-Inf  	0.00422  	0.00003  	0.00422  	0.00420  	0.00467  	0.00000  	0.00000  
178.86171  	25.48295  	10.08025  	10.27372  	17.17559  	-1.18512  	0.01022  	0.15157  	0.13610  	-3.02442  	0.06916  	-0.08569  	-105.18611  	-0.95915  	40.16971  	44.73551  	-16501.84598  	-4835.17446  	-Inf  	-Inf  	0.00422  	0.00003  	0.00422  	0.00420  	0.00467  	0.00000  	0.00000  
179.86201  	25.48229  	10.07945  	10.27267  	17.17605  	-1.18512  	0.00949  	0.15195  	0.13333  	-3.02442  	0.06854  	-0.08571  	-105.17200  	-0.95788  	39.35147  	44.84680  	-16501.80749  	-4835.05110  	-Inf  	-Inf  	0.00421  	0.00003  	0.00422  	0.00418  	0.00468  	0.00000  	0.00000  
180.86314  	25.48246  	10.07992  	10.27236  	17.17581  	-1.18512  	0.01132  	0.15236  	0.13320  	-3.02442  	0.06816  	-0.08575  	-105.17713  	-0.95400  	39.31130  	44.96738  	-16501.79146  	-4835.06186  	-Inf  	-Inf  	0.00421  	0.00002  	0.00422  	0.00422  	0.00468  	0.00000  	0.00000  
181.86467  	25.48184  	10.07922  	10.27205  	17.17518  	-1.18512  	0.01043  	0.15200  	0.13365  	-3.02442  	0.06939  	-0.08564  	-105.17731  	-0.95599  	39.44436  	44.86005  	-16501.54133  	-4834.99488  	-Inf  	-Inf  	0.00421  	0.00003  	0.00422  	0.00420  	0.00468  	0.00000  	0.00000  
182.86455  	25.48193  	10.07906  	10.27255  	17.17413  	-1.18512  	0.00917  	0.15235  	0.13429  	-3.02442  	0.06876  	-0.08572  	-105.19163  	-0.95922  	39.63559  	44.96543  	-16501.34659  	-4835.01732  	-Inf  	-Inf  	0.00421  	0.00003  	0.00422  	0.00418  	0.00468  	0.00000  	0.00000  
183.86693  	25.48149  	10.07952  	10.27245  	17.17389  	-1.18512  	0.00996  	0.15163  	0.13182  	-3.02442  	0.06793  	-0.08570  	-105.18914  	-0.95645  	38.90548  	44.75128  	-16501.21049  	-4835.04162  	-Inf  	-Inf  	0.00421  	0.00003  	0.00422  	0.00419  	0.00467  	0.00000  	0.00000  
184.86691  	25.48100  	10.07924  	10.27138  	17.17495  	-1.18512  	0.01053  	0.15174  	0.13372  	-3.02442  	0.06762  	-0.08569  	-105.16962  	-0.95255  	39.46705  	44.78474  	-16501.32403  	-4834.95144  	-Inf  	-Inf  	0.00421  	0.00003  	0.00422  	0.00420  	0.00467  	0.00000  	0.00000  
185.86818  	25.48062  	10.07921  	10.27131  	17.17477  	-1.18512  	0.01023  	0.15227  	0.13486  	-3.02442  	0.06873  	-0.08569  	-105.16697  	-0.95234  	39.80204  	44.94092  	-16501.21071  	-4834.94493  	-Inf  	-Inf  	0.00422  	0.00003  	0.00422  	0.00420  	0.00468  	0.00000  	0.00000  
186.86907  	25.48050  	10.07965  	10.27166  	17.17337  	-1.18512  	0.01086  	0.15357  	0.13272  	-3.02442  	0.06819  	-0.08570  	-105.18321  	-0.95186  	39.16991  	45.32536  	-16500.90502  	-4834.99725  	-Inf  	-Inf  	0.00421  	0.00003  	0.00422  	0.00421  	0.00468  	0.00000  	0.00000  
187.87022  	25.47995  	10.07908  	10.27208  	17.17435  	-1.18512  	0.00993  	0.15290  	0.13537  	-3.02442  	0.06900  	-0.08567  	-105.16390  	-0.95678  	39.95336  	45.12605  	-16500.99093  	-4834.98744  	-Inf  	-Inf  	0.00422  	0.00003  	0.00422  	0.00419  	0.00468  	0.00000  	0.00000  
188.87001  	25.47982  	10.07870  	10.27065  	17.17485  	-1.18512  	0.00931  	0.15218  	0.13356  	-3.02442  	0.06861  	-0.08572  	-105.15586  	-0.95160  	39.41954  	44.91403  	-16501.06700  	-4834.86727  	-Inf  	-Inf  	0.00421  	0.00003  	0.00422  	0.00418  	0.00468  	0.00000  	0.00000  
189.87020  	25.48046  	10.07862  	10.27175  	17.17423  	-1.18512  	0.01032  	0.15269  	0.13351  	-3.02442  	0.06864  	-0.08578  	-105.17186  	-0.95744  	39.40409  	45.06549  	-16501.06844  	-4834.93434  	-Inf  	-Inf  	0.00421  	0.00002  	0.00422  	0.00420  	0.00468  	0.00000  	0.00000  
190.86974  	25.47968  	10.07916  	10.27231  	17.17415  	-1.18512  	0.01095  	0.15183  	0.13689  	-3.02442  	0.06883  	-0.08570  	-105.16303  	-0.95757  	40.40259  	44.81194  	-16500.89585  	-4835.00759  	-Inf  	-Inf  	0.00422  	0.00003  	0.00422  	0.00421  	0.00467  	0.00000  	0.00000  
191.86932  	25.47961  	10.07899  	10.27191  	17.17338  	-1.18512  	0.01027  	0.15229  	0.13637  	-3.02442  	0.06811  	-0.08568  	-105.17185  	-0.95642  	40.24689  	44.94525  	-16500.72731  	-4834.97028  	-Inf  	-Inf  	0.00422  	0.00003  	0.00422  	0.00420  	0.00468  	0.00000  	0.00000  
192.86991  	25.47851  	10.07818  	10.27216  	17.17455  	-1.18512  	0.01046  	0.15165  	0.13330  	-3.02442  	0.07037  	-0.08575  	-105.14298  	-0.96163  	39.34245  	44.75701  	-16500.74081  	-4834.93277  	-Inf  	-Inf  	0.00421  	0.00002  	0.00423  	0.00420  	0.00467  	0.00000  	0.00000  
193.87219  	25.47849  	10.07819  	10.27143  	17.17400  	-1.18512  	0.01046  	0.15261  	0.13483  	-3.02442  	0.06885  	-0.08572  	-105.14985  	-0.95803  	39.79394  	45.04078  	-16500.62726  	-4834.88481  	-Inf  	-Inf  	0.00422  	0.00003  	0.00422  	0.00420  	0.00468  	0.00000  	0.00000  
194.87140  	25.47826  	10.07921  	10.27202  	17.17394  	-1.18512  	0.00907  	0.15280  	0.13690  	-3.02442  	0.06931  	-0.08566  	-105.14769  	-0.95586  	40.40395  	45.09777  	-16500.56629  	-4834.99236  	-Inf  	-Inf  	0.00422  	0.00003  	0.00422  	0.00417  	0.00468  	0.00000  	0.00000  
195.87127  	25.47819  	10.07834  	10.27166  	17.17421  	-1.18512  	0.01035  	0.15169  	0.13394  	-3.02442  	0.06874  	-0.08570  	-105.14332  	-0.95841  	39.53104  	44.76956  	-16500.60837  	-4834.91046  	-Inf  	-Inf  	0.00421  	0.00003  	0.00422  	0.00420  	0.00467  	0.00000  	0.00000  
196.87205  	25.47826  	10.07907  	10.27187  	17.17439  	-1.18512  	0.00977  	0.15190  	0.13419  	-3.02442  	0.06823  	-0.08573  	-105.14192  	-0.95577  	39.60366  	44.83148  	-16500.65754  	-4834.97266  	-Inf  	-Inf  	0.00421  	0.00003  	0.00422  	0.00419  	0.00468  	0.00000  	0.00000  
197.87245  	25.47780  	10.07907  	10.27102  	17.17431  	-1.18512  	0.01078  	0.15257  	0.13329  	-3.02442  	0.06881  	-0.08571  	-105.13705  	-0.95159  	39.33792  	45.03052  	-16500.54881  	-4834.91603  	-Inf  	-Inf  	0.00421  	0.00003  	0.00422  	0.00421  	0.00468  	0.00000  	0.00000  
198.87313  	25.47779  	10.07907  	10.27176  	17.17369  	-1.18512  	0.01057  	0.15151  	0.13387  	-3.02442  	0.06822  	-0.08572  	-105.14486  	-0.95523  	39.51013  	44.71605  	-16500.42294  	-4834.96526  	-Inf  	-Inf  	0.00421  	0.00003  	0.00422  	0.00420  	0.00467  	0.00000  	0.00000  
199.87316  	25.47828  	10.07883  	10.27145  	17.17418  	-1.18512  	0.00970  	0.15198  	0.13545  	-3.02442  	0.07067  	-0.08570  	-105.14484  	-0.95496  	39.97771  	44.85438  	-16500.62096  	-4834.92884  	-Inf  	-Inf  	0.00422  	0.00003  	0.00423  	0.00419  	0.00468  	0.00000  	0.00000  
200.87372  	25.47841  	10.07913  	10.27091  	17.17344  	-1.18512  	0.01028  	0.15268  	0.13260  	-3.02442  	0.06892  	-0.08569  	-105.15580  	-0.95075  	39.13628  	45.06168  	-16500.49641  	-4834.91334  	-Inf  	-Inf  	0.00421  	0.00003  	0.00422  	0.00420  	0.00468  	0.00000  	0.00000  
201.87416  	25.47804  	10.07904  	10.27089  	17.17400  	-1.18512  	0.01073  	0.15179  	0.13227  	-3.02442  	0.06884  	-0.08573  	-105.14421  	-0.95110  	39.03779  	44.79827  	-16500.53515  	-4834.90568  	-Inf  	-Inf  	0.00421  	0.00003  	0.00422  	0.00421  	0.00467  	0.00000  	0.00000  
202.87502  	25.47730  	10.07880  	10.27072  	17.17363  	-1.18512  	0.00952  	0.15198  	0.13343  	-3.02442  	0.06831  	-0.08573  	-105.13944  	-0.95148  	39.37910  	44.85654  	-16500.31234  	-4834.87841  	-Inf  	-Inf  	0.00421  	0.00003  	0.00422  	0.00418  	0.00468  	0.00000  	0.00000  
203.87489  	25.47880  	10.07794  	10.27175  	17.17284  	-1.18512  	0.01029  	0.15250  	0.13284  	-3.02442  	0.06785  	-0.08570  	-105.16845  	-0.96083  	39.20618  	45.00794  	-16500.45448  	-4834.88995  	-Inf  	-Inf  	0.00421  	0.00003  	0.00422  	0.00420  	0.00468  	0.00000  	0.00000  
204.87488  	25.47862  	10.07849  	10.27133  	17.17179  	-1.18512  	0.01027  	0.15153  	0.13457  	-3.02442  	0.06932  	-0.08571  	-105.17943  	-0.95601  	39.71791  	44.72188  	-16500.20668  	-4834.89827  	-Inf  	-Inf  	0.00422  	0.00003  	0.00422  	0.00420  	0.00467  	0.00000  	0.00000  
205.87565  	25.47798  	10.07886  	10.27096  	17.17170  	-1.18512  	0.01079  	0.15199  	0.13588  	-3.02442  	0.06834  	-0.08565  	-105.17253  	-0.95238  	40.10290  	44.85933  	-16500.05860  	-4834.89827  	-Inf  	-Inf  	0.00422  	0.00003  	0.00422  	0.00421  	0.00468  	0.00000  	0.00000  
206.87738  	25.47724  	10.07880  	10.27175  	17.17145  	-1.18512  	0.01015  	0.15333  	0.13280  	-3.02442  	0.06870  	-0.08569  	-105.16621  	-0.95659  	39.19331  	45.25396  	-16499.85983  	-4834.94690  	-Inf  	-Inf  	0.00421  	0.00003  	0.00422  	0.00419  	0.00468  	0.00000  	0.00000  
207.88005  	25.47770  	10.07922  	10.27197  	17.17115  	-1.18512  	0.01131  	0.15123  	0.13177  	-3.02442  	0.06836  	-0.08566  	-105.17595  	-0.95556  	38.89120  	44.63514  	-16499.89085  	-4834.98985  	-Inf  	-Inf  	0.00421  	0.00003  	0.00422  	0.00422  	0.00467  	0.00000  	0.00000  
208.88068  	25.47660  	10.07935  	10.27173  	17.17108  	-1.18512  	0.01141  	0.15148  	0.13393  	-3.02442  	0.06932  	-0.08570  	-105.16272  	-0.95373  	39.52807  	44.70754  	-16499.65493  	-4834.98176  	-Inf  	-Inf  	0.00421  	0.00003  	0.00422  	0.00422  	0.00467  	0.00000  	0.00000  
209.88246  	25.47733  	10.07971  	10.27219  	17.17100  	-1.18512  	0.01074  	0.15316  	0.13467  	-3.02442  	0.06849  	-0.08570  	-105.17316  	-0.95419  	39.74510  	45.20481  	-16499.78548  	-4835.03640  	-Inf  	-Inf  	0.00422  	0.00003  	0.00422  	0.00421  	0.00468  	0.00000  	0.00000  
210.88306  	25.47807  	10.07874  	10.27090  	17.17075  	-1.18512  	0.00974  	0.15112  	0.13635  	-3.02442  	0.06822  	-0.08567  	-105.18569  	-0.95267  	40.24191  	44.59997  	-16499.88459  	-4834.88594  	-Inf  	-Inf  	0.00422  	0.00003  	0.00422  	0.00419  	0.00467  	0.00000  	0.00000  
211.88410  	25.47723  	10.07892  	10.27166  	17.17096  	-1.18512  	0.01019  	0.15121  	0.13299  	-3.02442  	0.06796  	-0.08569  	-105.17239  	-0.95555  	39.25063  	44.62938  	-16499.75892  	-4834.94872  	-Inf  	-Inf  	0.00421  	0.00003  	0.00422  	0.00420  	0.00467  	0.00000  	0.00000  
212.88558  	25.47688  	10.07824  	10.27124  	17.17041  	-1.18512  	0.01025  	0.15117  	0.13492  	-3.02442  	0.06917  	-0.08572  	-105.17489  	-0.95679  	39.82041  	44.61714  	-16499.57578  	-4834.87598  	-Inf  	-Inf  	0.00422  	0.00003  	0.00422  	0.00420  	0.00467  	0.00000  	0.00000  
213.88551  	25.47714  	10.07862  	10.27133  	17.16976  	-1.18512  	0.01042  	0.15239  	0.13296  	-3.02442  	0.07016  	-0.08567  	-105.18636  	-0.95536  	39.24115  	44.97691  	-16499.49815  	-4834.90658  	-Inf  	-Inf  	0.00421  	0.00003  	0.00422  	0.00420  	0.00468  	0.00000  	0.00000  
