10/07/2024 16:23:46Time	T_hot_in(C)	T_cold_in(C)	T_cold_out(C)	T_hot_out(C)	mdot_cold(kg/s)	ASFASIFUAS(kg/s)	Diferencial_cold(bar)	Diferencial_hot(bar)	mdot_hot(kg/s)	ABS_cold(bar)	ABS_hot(bar)	q_cold(kW)	q_hot(kW)	ASFASYFY	Tau_cold_haste	Re_hot	Re_cold	U_global	PSIG_cold(bar)	R_fouling	PSIG_hot(bar)	PSID_hot(bar)	m_dot_hot	PSID_cold(bar)	m_dot_cold
1.74916  	0.00000  	0.00000  	0.00000  	0.00000  	-1.18512  	-0.20833  	-0.86278  	-2.50000  	-3.02442  	-1.25000  	-0.08628  	-0.00000  	-0.00000  	-737.84722  	-254.63905  	-9234.48090  	-3618.55272  	NaN  	NaN  	0.00000  	0.00000  	0.00000  	0.00000  	0.00000  	0.00000  	0.00000  
2.74972  	25.72904  	39.83893  	39.76273  	32.31578  	-1.18512  	0.01395  	0.22073  	0.20524  	-3.02442  	0.06364  	-0.08570  	-83.31305  	-0.37778  	60.57385  	65.14560  	-19732.34217  	-9620.50195  	Inf  	-Inf  	0.00433  	0.00003  	0.00420  	0.00427  	0.00499  	0.00000  	0.00000  
3.75044  	25.72914  	39.83860  	39.76326  	32.31585  	-1.18512  	0.01359  	0.22058  	0.20752  	-3.02442  	0.06372  	-0.08566  	-83.31266  	-0.37349  	61.24828  	65.10264  	-19732.37513  	-9620.51928  	Inf  	-Inf  	0.00433  	0.00003  	0.00420  	0.00426  	0.00499  	0.00000  	0.00000  
4.75028  	25.72851  	39.83773  	39.76269  	32.31463  	-1.18512  	0.01326  	0.22104  	0.20266  	-3.02442  	0.06480  	-0.08568  	-83.30515  	-0.37202  	59.81284  	65.23769  	-19731.97493  	-9620.39054  	Inf  	-Inf  	0.00432  	0.00003  	0.00421  	0.00425  	0.00499  	0.00000  	0.00000  
5.75020  	25.72781  	39.83746  	39.76215  	32.31468  	-1.18512  	0.01307  	0.22048  	0.20115  	-3.02442  	0.06353  	-0.08567  	-83.31469  	-0.37337  	59.36755  	65.07120  	-19731.83623  	-9620.31769  	Inf  	-Inf  	0.00432  	0.00003  	0.00420  	0.00425  	0.00499  	0.00000  	0.00000  
6.75016  	25.72643  	39.83744  	39.76165  	32.31379  	-1.18512  	0.01348  	0.22082  	0.20605  	-3.02442  	0.06398  	-0.08571  	-83.32084  	-0.37574  	60.81197  	65.17244  	-19731.34330  	-9620.27132  	Inf  	-Inf  	0.00433  	0.00003  	0.00420  	0.00426  	0.00499  	0.00000  	0.00000  
7.75024  	25.72690  	39.83728  	39.75996  	32.31305  	-1.18512  	0.01246  	0.22124  	0.20518  	-3.02442  	0.06345  	-0.08569  	-83.30561  	-0.38330  	60.55567  	65.29548  	-19731.28459  	-9620.10456  	Inf  	-Inf  	0.00433  	0.00003  	0.00420  	0.00424  	0.00499  	0.00000  	0.00000  
8.75027  	25.72427  	39.83598  	39.76071  	32.31308  	-1.18512  	0.01286  	0.22060  	0.19986  	-3.02442  	0.06545  	-0.08567  	-83.33917  	-0.37319  	58.98636  	65.10771  	-19730.72000  	-9620.05589  	Inf  	-Inf  	0.00432  	0.00003  	0.00421  	0.00425  	0.00499  	0.00000  	0.00000  
9.75004  	25.72389  	39.83674  	39.76160  	32.31211  	-1.18512  	0.01225  	0.22098  	0.20692  	-3.02442  	0.06396  	-0.08569  	-83.33178  	-0.37248  	61.06901  	65.21871  	-19730.42742  	-9620.20369  	Inf  	-Inf  	0.00433  	0.00003  	0.00420  	0.00424  	0.00499  	0.00000  	0.00000  
10.74996  	25.72377  	39.83585  	39.76067  	32.31096  	-1.18512  	0.01359  	0.22172  	0.20401  	-3.02442  	0.06322  	-0.08569  	-83.31880  	-0.37267  	60.21028  	65.43904  	-19730.15230  	-9620.04105  	Inf  	-Inf  	0.00433  	0.00003  	0.00420  	0.00426  	0.00500  	0.00000  	0.00000  
11.75128  	25.72316  	39.83642  	39.76078  	32.30933  	-1.18512  	0.01320  	0.22147  	0.20241  	-3.02442  	0.06332  	-0.08569  	-83.30583  	-0.37499  	59.74045  	65.36305  	-19729.66735  	-9620.10089  	Inf  	-Inf  	0.00432  	0.00003  	0.00420  	0.00425  	0.00500  	0.00000  	0.00000  
12.75125  	25.72323  	39.83674  	39.76014  	32.30861  	-1.18512  	0.01280  	0.22004  	0.20396  	-3.02442  	0.06436  	-0.08569  	-83.29587  	-0.37975  	60.19556  	64.94333  	-19729.52454  	-9620.07284  	Inf  	-Inf  	0.00433  	0.00003  	0.00421  	0.00425  	0.00499  	0.00000  	0.00000  
13.75116  	25.72215  	39.83499  	39.76001  	32.30750  	-1.18512  	0.01312  	0.22167  	0.20136  	-3.02442  	0.06445  	-0.08571  	-83.29547  	-0.37171  	59.42982  	65.42352  	-19729.05023  	-9619.90476  	Inf  	-Inf  	0.00432  	0.00003  	0.00421  	0.00425  	0.00500  	0.00000  	0.00000  
14.75128  	25.72203  	39.83518  	39.75995  	32.30690  	-1.18512  	0.01303  	0.22025  	0.20333  	-3.02442  	0.06436  	-0.08570  	-83.28950  	-0.37292  	60.01097  	65.00460  	-19728.89326  	-9619.91609  	Inf  	-Inf  	0.00433  	0.00003  	0.00421  	0.00425  	0.00499  	0.00000  	0.00000  
15.75236  	25.72240  	39.83577  	39.75957  	32.30629  	-1.18512  	0.01299  	0.22099  	0.20342  	-3.02442  	0.06363  	-0.08568  	-83.27701  	-0.37777  	60.03828  	65.22401  	-19728.84147  	-9619.93509  	Inf  	-Inf  	0.00433  	0.00003  	0.00420  	0.00425  	0.00499  	0.00000  	0.00000  
16.75267  	25.72063  	39.83576  	39.76006  	32.30565  	-1.18512  	0.01267  	0.22090  	0.20240  	-3.02442  	0.06261  	-0.08571  	-83.29128  	-0.37524  	59.73555  	65.19510  	-19728.31964  	-9619.97813  	Inf  	-Inf  	0.00432  	0.00003  	0.00420  	0.00424  	0.00499  	0.00000  	0.00000  
17.75311  	25.72053  	39.83508  	39.75988  	32.30460  	-1.18512  	0.01168  	0.22056  	0.20472  	-3.02442  	0.06447  	-0.08565  	-83.27921  	-0.37278  	60.42049  	65.09693  	-19728.06877  	-9619.90035  	Inf  	-Inf  	0.00433  	0.00003  	0.00421  	0.00422  	0.00499  	0.00000  	0.00000  
18.75361  	25.72039  	39.83467  	39.75918  	32.30347  	-1.18512  	0.01317  	0.22120  	0.20215  	-3.02442  	0.06690  	-0.08568  	-83.26672  	-0.37421  	59.66252  	65.28406  	-19727.79182  	-9619.80087  	Inf  	-Inf  	0.00432  	0.00003  	0.00421  	0.00425  	0.00499  	0.00000  	0.00000  
19.75375  	25.71979  	39.83403  	39.75914  	32.30254  	-1.18512  	0.01398  	0.22018  	0.20134  	-3.02442  	0.06510  	-0.08568  	-83.26257  	-0.37126  	59.42430  	64.98292  	-19727.46316  	-9619.73983  	Inf  	-Inf  	0.00432  	0.00003  	0.00421  	0.00427  	0.00499  	0.00000  	0.00000  
20.75424  	25.71973  	39.83361  	39.75902  	32.30108  	-1.18512  	0.01364  	0.22070  	0.20435  	-3.02442  	0.06525  	-0.08567  	-83.24486  	-0.36982  	60.31142  	65.13573  	-19727.13294  	-9619.69181  	Inf  	-Inf  	0.00433  	0.00003  	0.00421  	0.00426  	0.00499  	0.00000  	0.00000  
21.75482  	25.71927  	39.83334  	39.75835  	32.30109  	-1.18512  	0.01363  	0.22032  	0.20622  	-3.02442  	0.06313  	-0.08572  	-83.25085  	-0.37176  	60.86348  	65.02407  	-19727.03504  	-9619.60698  	Inf  	-Inf  	0.00433  	0.00003  	0.00420  	0.00426  	0.00499  	0.00000  	0.00000  
22.75470  	25.71890  	39.83348  	39.75830  	32.30054  	-1.18512  	0.01343  	0.22023  	0.20317  	-3.02442  	0.06381  	-0.08564  	-83.24849  	-0.37268  	59.96253  	64.99960  	-19726.83485  	-9619.61609  	Inf  	-Inf  	0.00433  	0.00003  	0.00420  	0.00426  	0.00499  	0.00000  	0.00000  
23.75530  	25.71892  	39.83463  	39.75854  	32.30010  	-1.18512  	0.01329  	0.22056  	0.20391  	-3.02442  	0.06453  	-0.08570  	-83.24265  	-0.37722  	60.18283  	65.09578  	-19726.74365  	-9619.74071  	Inf  	-Inf  	0.00433  	0.00003  	0.00421  	0.00426  	0.00499  	0.00000  	0.00000  
24.75572  	25.71782  	39.83470  	39.75844  	32.29796  	-1.18512  	0.01212  	0.22044  	0.20424  	-3.02442  	0.06489  	-0.08568  	-83.22963  	-0.37804  	60.27882  	65.05911  	-19726.04020  	-9619.73699  	Inf  	-Inf  	0.00433  	0.00003  	0.00421  	0.00423  	0.00499  	0.00000  	0.00000  
25.75639  	25.71765  	39.83463  	39.75889  	32.29829  	-1.18512  	0.01343  	0.22066  	0.20285  	-3.02442  	0.06469  	-0.08564  	-83.23586  	-0.37547  	59.86995  	65.12462  	-19726.07618  	-9619.77215  	Inf  	-Inf  	0.00432  	0.00003  	0.00421  	0.00426  	0.00499  	0.00000  	0.00000  
26.75767  	25.71767  	39.83554  	39.75990  	32.29926  	-1.18512  	0.01229  	0.22032  	0.20488  	-3.02442  	0.06535  	-0.08569  	-83.24783  	-0.37498  	60.46948  	65.02447  	-19726.28992  	-9619.94393  	Inf  	-Inf  	0.00433  	0.00003  	0.00421  	0.00424  	0.00499  	0.00000  	0.00000  
27.75756  	25.71729  	39.83529  	39.76043  	32.29870  	-1.18512  	0.01263  	0.22062  	0.20260  	-3.02442  	0.06334  	-0.08572  	-83.24575  	-0.37111  	59.79511  	65.11480  	-19726.08605  	-9619.96953  	Inf  	-Inf  	0.00432  	0.00003  	0.00420  	0.00424  	0.00499  	0.00000  	0.00000  
28.75692  	25.71755  	39.83616  	39.75955  	32.29728  	-1.18512  	0.01319  	0.22070  	0.20569  	-3.02442  	0.06432  	-0.08565  	-83.22434  	-0.37978  	60.70809  	65.13604  	-19725.83326  	-9619.96739  	Inf  	-Inf  	0.00433  	0.00003  	0.00421  	0.00425  	0.00499  	0.00000  	0.00000  
29.75817  	25.71656  	39.83608  	39.75931  	32.29689  	-1.18512  	0.01319  	0.22122  	0.20117  	-3.02442  	0.06408  	-0.08572  	-83.23192  	-0.38062  	59.37319  	65.29188  	-19725.53530  	-9619.93932  	Inf  	-Inf  	0.00432  	0.00003  	0.00421  	0.00425  	0.00499  	0.00000  	0.00000  
30.75966  	25.71531  	39.83683  	39.75959  	32.29649  	-1.18512  	0.01239  	0.21939  	0.20507  	-3.02442  	0.06255  	-0.08570  	-83.24261  	-0.38291  	60.52285  	64.75131  	-19725.17724  	-9620.03166  	Inf  	-Inf  	0.00433  	0.00003  	0.00420  	0.00424  	0.00499  	0.00000  	0.00000  
31.75915  	25.71543  	39.83669  	39.76005  	32.29641  	-1.18512  	0.01209  	0.21930  	0.20397  	-3.02442  	0.06394  	-0.08568  	-83.24019  	-0.37993  	60.19917  	64.72351  	-19725.18569  	-9620.06016  	Inf  	-Inf  	0.00433  	0.00003  	0.00420  	0.00423  	0.00499  	0.00000  	0.00000  
32.75950  	25.71498  	39.83646  	39.75905  	32.29627  	-1.18512  	0.01346  	0.22001  	0.20296  	-3.02442  	0.06495  	-0.08565  	-83.24412  	-0.38377  	59.90095  	64.93329  	-19725.05710  	-9619.95072  	Inf  	-Inf  	0.00432  	0.00003  	0.00421  	0.00426  	0.00499  	0.00000  	0.00000  
33.76021  	25.71417  	39.83719  	39.76032  	32.29594  	-1.18512  	0.01381  	0.21970  	0.20111  	-3.02442  	0.06489  	-0.08566  	-83.25019  	-0.38111  	59.35406  	64.84213  	-19724.81251  	-9620.12930  	Inf  	-Inf  	0.00432  	0.00003  	0.00421  	0.00427  	0.00499  	0.00000  	0.00000  
34.76201  	25.71352  	39.83739  	39.76062  	32.29494  	-1.18512  	0.01265  	0.21943  	0.20487  	-3.02442  	0.06492  	-0.08569  	-83.24568  	-0.38056  	60.46627  	64.76320  	-19724.45358  	-9620.17386  	Inf  	-Inf  	0.00433  	0.00003  	0.00421  	0.00424  	0.00499  	0.00000  	0.00000  
35.76285  	25.71252  	39.83783  	39.76075  	32.29431  	-1.18512  	0.01240  	0.21966  	0.20423  	-3.02442  	0.06489  	-0.08566  	-83.25038  	-0.38214  	60.27574  	64.83067  	-19724.09839  	-9620.22558  	Inf  	-Inf  	0.00433  	0.00003  	0.00421  	0.00424  	0.00499  	0.00000  	0.00000  
36.76261  	25.71275  	39.83749  	39.76138  	32.29453  	-1.18512  	0.01285  	0.22053  	0.20148  	-3.02442  	0.06489  	-0.08571  	-83.25030  	-0.37730  	59.46564  	65.08578  	-19724.19796  	-9620.25175  	Inf  	-Inf  	0.00432  	0.00003  	0.00421  	0.00425  	0.00499  	0.00000  	0.00000  
37.76278  	25.71124  	39.83831  	39.76149  	32.29446  	-1.18512  	0.01344  	0.21927  	0.20380  	-3.02442  	0.06501  	-0.08569  	-83.26857  	-0.38080  	60.14879  	64.71420  	-19723.85289  	-9620.33516  	Inf  	-Inf  	0.00433  	0.00003  	0.00421  	0.00426  	0.00499  	0.00000  	0.00000  
38.76281  	25.71174  	39.83816  	39.76222  	32.29417  	-1.18512  	0.01255  	0.21967  	0.20371  	-3.02442  	0.06400  	-0.08569  	-83.25851  	-0.37644  	60.12187  	64.83282  	-19723.90020  	-9620.38705  	Inf  	-Inf  	0.00433  	0.00003  	0.00420  	0.00424  	0.00499  	0.00000  	0.00000  
39.76245  	25.71029  	39.83828  	39.76246  	32.29432  	-1.18512  	0.01428  	0.21910  	0.19938  	-3.02442  	0.06552  	-0.08569  	-83.27867  	-0.37587  	58.84547  	64.66495  	-19723.61791  	-9620.41959  	Inf  	-Inf  	0.00432  	0.00003  	0.00421  	0.00427  	0.00498  	0.00000  	0.00000  
40.76327  	25.71016  	39.83968  	39.76315  	32.29403  	-1.18512  	0.01244  	0.21938  	0.20503  	-3.02442  	0.06349  	-0.08566  	-83.27677  	-0.37935  	60.51165  	64.74885  	-19723.52525  	-9620.60645  	Inf  	-Inf  	0.00433  	0.00003  	0.00420  	0.00424  	0.00499  	0.00000  	0.00000  
41.76392  	25.70916  	39.83871  	39.76391  	32.29370  	-1.18512  	0.01237  	0.22062  	0.20316  	-3.02442  	0.06367  	-0.08564  	-83.28521  	-0.37082  	59.95985  	65.11285  	-19723.23672  	-9620.58706  	Inf  	-Inf  	0.00433  	0.00003  	0.00420  	0.00424  	0.00499  	0.00000  	0.00000  
42.76458  	25.70881  	39.83904  	39.76392  	32.29450  	-1.18512  	0.01361  	0.21961  	0.20226  	-3.02442  	0.06384  	-0.08558  	-83.29969  	-0.37242  	59.69597  	64.81509  	-19723.33491  	-9620.61832  	Inf  	-Inf  	0.00432  	0.00003  	0.00420  	0.00426  	0.00499  	0.00000  	0.00000  
43.76489  	25.70765  	39.83930  	39.76463  	32.29408  	-1.18512  	0.01266  	0.22047  	0.20146  	-3.02442  	0.06348  	-0.08569  	-83.30911  	-0.37019  	59.45836  	65.06891  	-19722.99180  	-9620.70531  	Inf  	-Inf  	0.00432  	0.00003  	0.00420  	0.00424  	0.00499  	0.00000  	0.00000  
44.76459  	25.70728  	39.83993  	39.76294  	32.29256  	-1.18512  	0.01398  	0.22113  	0.20307  	-3.02442  	0.06338  	-0.08575  	-83.29448  	-0.38165  	59.93391  	65.26526  	-19722.58307  	-9620.61035  	Inf  	-Inf  	0.00432  	0.00002  	0.00420  	0.00427  	0.00499  	0.00000  	0.00000  
45.76490  	25.70740  	39.84022  	39.76380  	32.29281  	-1.18512  	0.01312  	0.22074  	0.20383  	-3.02442  	0.06405  	-0.08568  	-83.29622  	-0.37887  	60.15945  	65.14780  	-19722.66317  	-9620.71297  	Inf  	-Inf  	0.00433  	0.00003  	0.00420  	0.00425  	0.00499  	0.00000  	0.00000  
46.76480  	25.70609  	39.84152  	39.76401  	32.29179  	-1.18512  	0.01325  	0.22070  	0.20447  	-3.02442  	0.06407  	-0.08572  	-83.29990  	-0.38422  	60.34711  	65.13575  	-19722.15617  	-9620.84882  	Inf  	-Inf  	0.00433  	0.00003  	0.00421  	0.00425  	0.00499  	0.00000  	0.00000  
47.76461  	25.70608  	39.84191  	39.76517  	32.29142  	-1.18512  	0.01286  	0.22096  	0.20420  	-3.02442  	0.06461  	-0.08572  	-83.29531  	-0.38044  	60.26860  	65.21306  	-19722.07544  	-9620.98707  	Inf  	-Inf  	0.00433  	0.00003  	0.00421  	0.00425  	0.00499  	0.00000  	0.00000  
48.76420  	25.70578  	39.84138  	39.76674  	32.29176  	-1.18512  	0.01188  	0.22031  	0.20288  	-3.02442  	0.06404  	-0.08570  	-83.30339  	-0.37003  	59.87854  	65.02325  	-19722.08482  	-9621.08154  	Inf  	-Inf  	0.00432  	0.00003  	0.00420  	0.00423  	0.00499  	0.00000  	0.00000  
49.76459  	25.70442  	39.84287  	39.76704  	32.29198  	-1.18512  	0.01256  	0.21910  	0.20527  	-3.02442  	0.06431  	-0.08566  	-83.32339  	-0.37596  	60.58370  	64.66628  	-19721.83734  	-9621.24148  	Inf  	-Inf  	0.00433  	0.00003  	0.00421  	0.00424  	0.00498  	0.00000  	0.00000  
50.76403  	25.70406  	39.84332  	39.76705  	32.29160  	-1.18512  	0.01325  	0.22064  	0.20428  	-3.02442  	0.06428  	-0.08572  	-83.32316  	-0.37810  	60.29221  	65.11980  	-19721.67502  	-9621.28196  	Inf  	-Inf  	0.00433  	0.00003  	0.00421  	0.00425  	0.00499  	0.00000  	0.00000  
51.76454  	25.70326  	39.84371  	39.76735  	32.29088  	-1.18512  	0.01389  	0.22102  	0.20424  	-3.02442  	0.06417  	-0.08567  	-83.32419  	-0.37854  	60.27932  	65.23121  	-19721.34825  	-9621.34451  	Inf  	-Inf  	0.00433  	0.00003  	0.00421  	0.00427  	0.00499  	0.00000  	0.00000  
52.76563  	25.70379  	39.84542  	39.76802  	32.28944  	-1.18512  	0.01353  	0.22109  	0.20431  	-3.02442  	0.06507  	-0.08569  	-83.29923  	-0.38369  	60.30108  	65.25262  	-19721.14998  	-9621.55773  	Inf  	-Inf  	0.00433  	0.00003  	0.00421  	0.00426  	0.00499  	0.00000  	0.00000  
53.76612  	25.70409  	39.84497  	39.76806  	32.28956  	-1.18512  	0.01340  	0.22078  	0.19997  	-3.02442  	0.06447  	-0.08566  	-83.29693  	-0.38131  	59.01810  	65.16097  	-19721.24062  	-9621.52150  	Inf  	-Inf  	0.00432  	0.00003  	0.00421  	0.00426  	0.00499  	0.00000  	0.00000  
54.76610  	25.70275  	39.84512  	39.76892  	32.28977  	-1.18512  	0.01422  	0.22022  	0.20211  	-3.02442  	0.06437  	-0.08568  	-83.31658  	-0.37775  	59.64960  	64.99555  	-19720.99679  	-9621.61159  	Inf  	-Inf  	0.00432  	0.00003  	0.00421  	0.00427  	0.00499  	0.00000  	0.00000  
55.76634  	25.70300  	39.84534  	39.76852  	32.28937  	-1.18512  	0.01257  	0.22061  	0.20717  	-3.02442  	0.06380  	-0.08568  	-83.30845  	-0.38086  	61.14412  	65.11049  	-19720.96207  	-9621.59554  	Inf  	-Inf  	0.00433  	0.00003  	0.00420  	0.00424  	0.00499  	0.00000  	0.00000  
56.76688  	25.70332  	39.84608  	39.76832  	32.28905  	-1.18512  	0.01325  	0.22032  	0.20612  	-3.02442  	0.06476  	-0.08570  	-83.30030  	-0.38547  	60.83547  	65.02434  	-19720.96156  	-9621.64403  	Inf  	-Inf  	0.00433  	0.00003  	0.00421  	0.00425  	0.00499  	0.00000  	0.00000  
57.76647  	25.70324  	39.84663  	39.76966  	32.28916  	-1.18512  	0.01393  	0.22053  	0.20184  	-3.02442  	0.06439  	-0.08567  	-83.30265  	-0.38161  	59.57106  	65.08825  	-19720.97013  	-9621.81341  	Inf  	-Inf  	0.00432  	0.00003  	0.00421  	0.00427  	0.00499  	0.00000  	0.00000  
58.76676  	25.70292  	39.84722  	39.77077  	32.28879  	-1.18512  	0.01319  	0.21982  	0.20218  	-3.02442  	0.06427  	-0.08569  	-83.30193  	-0.37901  	59.67067  	64.87738  	-19720.81897  	-9621.96573  	Inf  	-Inf  	0.00432  	0.00003  	0.00421  	0.00425  	0.00499  	0.00000  	0.00000  
59.76609  	25.70201  	39.84753  	39.77105  	32.28823  	-1.18512  	0.01304  	0.22117  	0.20497  	-3.02442  	0.06427  	-0.08568  	-83.30641  	-0.37913  	60.49529  	65.27482  	-19720.50159  	-9622.01875  	Inf  	-Inf  	0.00433  	0.00003  	0.00421  	0.00425  	0.00499  	0.00000  	0.00000  
60.76600  	25.70231  	39.84875  	39.77254  	32.28895  	-1.18512  	0.01371  	0.21980  	0.20153  	-3.02442  	0.06269  	-0.08569  	-83.31173  	-0.37781  	59.47975  	64.87098  	-19720.72044  	-9622.26206  	Inf  	-Inf  	0.00432  	0.00003  	0.00420  	0.00426  	0.00499  	0.00000  	0.00000  
61.76609  	25.70201  	39.84879  	39.77276  	32.28810  	-1.18512  	0.01332  	0.22051  	0.20586  	-3.02442  	0.06356  	-0.08567  	-83.30471  	-0.37689  	60.75715  	65.08125  	-19720.47239  	-9622.28521  	Inf  	-Inf  	0.00433  	0.00003  	0.00420  	0.00426  	0.00499  	0.00000  	0.00000  
62.76721  	25.70128  	39.84985  	39.77370  	32.28761  	-1.18512  	0.01249  	0.21902  	0.20631  	-3.02442  	0.06544  	-0.08561  	-83.30786  	-0.37748  	60.89055  	64.64121  	-19720.20656  	-9622.46505  	Inf  	-Inf  	0.00433  	0.00003  	0.00421  	0.00424  	0.00498  	0.00000  	0.00000  
63.76837  	25.70094  	39.85036  	39.77316  	32.28726  	-1.18512  	0.01234  	0.21956  	0.20434  	-3.02442  	0.06498  	-0.08565  	-83.30772  	-0.38267  	60.30749  	64.80170  	-19720.05993  	-9622.46208  	Inf  	-Inf  	0.00433  	0.00003  	0.00421  	0.00424  	0.00499  	0.00000  	0.00000  
64.76817  	25.70075  	39.85086  	39.77419  	32.28776  	-1.18512  	0.01309  	0.21938  	0.20251  	-3.02442  	0.06492  	-0.08571  	-83.31635  	-0.38008  	59.76894  	64.74898  	-19720.12527  	-9622.59978  	Inf  	-Inf  	0.00432  	0.00003  	0.00421  	0.00425  	0.00499  	0.00000  	0.00000  
65.76920  	25.69994  	39.85127  	39.77364  	32.28835  	-1.18512  	0.01270  	0.22007  	0.20557  	-3.02442  	0.06398  	-0.08568  	-83.33410  	-0.38485  	60.67126  	64.95000  	-19720.07760  	-9622.58647  	Inf  	-Inf  	0.00433  	0.00003  	0.00420  	0.00424  	0.00499  	0.00000  	0.00000  
66.76950  	25.69954  	39.85180  	39.77365  	32.28899  	-1.18512  	0.01317  	0.21968  	0.20183  	-3.02442  	0.06424  	-0.08573  	-83.34725  	-0.38742  	59.56758  	64.83524  	-19720.12987  	-9622.63538  	Inf  	-Inf  	0.00432  	0.00003  	0.00421  	0.00425  	0.00499  	0.00000  	0.00000  
67.77020  	25.69917  	39.85222  	39.77592  	32.28899  	-1.18512  	0.01251  	0.21961  	0.20357  	-3.02442  	0.06279  	-0.08570  	-83.35191  	-0.37828  	60.08253  	64.81432  	-19720.04983  	-9622.87621  	Inf  	-Inf  	0.00433  	0.00003  	0.00420  	0.00424  	0.00499  	0.00000  	0.00000  
68.77021  	25.69963  	39.85296  	39.77627  	32.28890  	-1.18512  	0.01368  	0.22025  	0.20380  	-3.02442  	0.06411  	-0.08567  	-83.34505  	-0.38018  	60.14830  	65.00523  	-19720.12983  	-9622.97358  	Inf  	-Inf  	0.00433  	0.00003  	0.00421  	0.00426  	0.00499  	0.00000  	0.00000  
69.77016  	25.69940  	39.85351  	39.77705  	32.28838  	-1.18512  	0.01352  	0.21904  	0.20359  	-3.02442  	0.06484  	-0.08564  	-83.34133  	-0.37905  	60.08870  	64.64748  	-19719.96867  	-9623.09369  	Inf  	-Inf  	0.00433  	0.00003  	0.00421  	0.00426  	0.00498  	0.00000  	0.00000  
70.77028  	25.69809  	39.85438  	39.77759  	32.28891  	-1.18512  	0.01334  	0.21965  	0.20235  	-3.02442  	0.06506  	-0.08572  	-83.36459  	-0.38071  	59.72168  	64.82727  	-19719.79655  	-9623.21998  	Inf  	-Inf  	0.00432  	0.00003  	0.00421  	0.00426  	0.00499  	0.00000  	0.00000  
71.77130  	25.69794  	39.85531  	39.77772  	32.28976  	-1.18512  	0.01170  	0.22051  	0.20370  	-3.02442  	0.06347  	-0.08570  	-83.37726  	-0.38466  	60.12029  	65.08031  	-19719.95141  	-9623.31431  	Inf  	-Inf  	0.00433  	0.00003  	0.00420  	0.00422  	0.00499  	0.00000  	0.00000  
72.77128  	25.69774  	39.85501  	39.77832  	32.28916  	-1.18512  	0.01218  	0.21960  	0.20122  	-3.02442  	0.06583  	-0.08569  	-83.37222  	-0.38018  	59.38737  	64.81130  	-19719.77732  	-9623.34137  	Inf  	-Inf  	0.00432  	0.00003  	0.00421  	0.00423  	0.00499  	0.00000  	0.00000  
73.77134  	25.69674  	39.85642  	39.77892  	32.28938  	-1.18512  	0.01254  	0.22040  	0.20458  	-3.02442  	0.06356  	-0.08569  	-83.38770  	-0.38422  	60.37933  	65.04821  	-19719.60629  	-9623.52177  	Inf  	-Inf  	0.00433  	0.00003  	0.00420  	0.00424  	0.00499  	0.00000  	0.00000  
74.77128  	25.69628  	39.85693  	39.77913  	32.28999  	-1.18512  	0.01304  	0.22011  	0.20836  	-3.02442  	0.06375  	-0.08565  	-83.40107  	-0.38567  	61.49371  	64.96293  	-19719.63920  	-9623.58647  	Inf  	-Inf  	0.00433  	0.00003  	0.00420  	0.00425  	0.00499  	0.00000  	0.00000  
75.77125  	25.69566  	39.85759  	39.78059  	32.28953  	-1.18512  	0.01303  	0.21943  	0.20461  	-3.02442  	0.06320  	-0.08566  	-83.40323  	-0.38169  	60.38721  	64.76129  	-19719.40531  	-9623.77678  	Inf  	-Inf  	0.00433  	0.00003  	0.00420  	0.00425  	0.00499  	0.00000  	0.00000  
76.77470  	25.69552  	39.85732  	39.78218  	32.28923  	-1.18512  	0.01327  	0.21951  	0.20686  	-3.02442  	0.06451  	-0.08567  	-83.40111  	-0.37252  	61.05096  	64.78665  	-19719.31083  	-9623.89522  	Inf  	-Inf  	0.00433  	0.00003  	0.00421  	0.00425  	0.00499  	0.00000  	0.00000  
77.77402  	25.69585  	39.85866  	39.78185  	32.28967  	-1.18512  	0.01264  	0.22018  	0.20316  	-3.02442  	0.06412  	-0.08570  	-83.40256  	-0.38077  	59.96027  	64.98309  	-19719.47883  	-9623.98640  	Inf  	-Inf  	0.00433  	0.00003  	0.00421  	0.00424  	0.00499  	0.00000  	0.00000  
78.77446  	25.69543  	39.86004  	39.78275  	32.29002  	-1.18512  	0.01386  	0.22056  	0.20227  	-3.02442  	0.06551  	-0.08568  	-83.41224  	-0.38314  	59.69717  	65.09442  	-19719.46180  	-9624.19070  	Inf  	-Inf  	0.00432  	0.00003  	0.00421  	0.00427  	0.00499  	0.00000  	0.00000  
79.77491  	25.69438  	39.86051  	39.78280  	32.28916  	-1.18512  	0.01392  	0.21930  	0.20216  	-3.02442  	0.06501  	-0.08571  	-83.41472  	-0.38525  	59.66515  	64.72464  	-19719.04836  	-9624.23624  	Inf  	-Inf  	0.00432  	0.00003  	0.00421  	0.00427  	0.00499  	0.00000  	0.00000  
80.77580  	25.69346  	39.86081  	39.78398  	32.28983  	-1.18512  	0.01266  	0.21910  	0.20242  	-3.02442  	0.06377  	-0.08567  	-83.43476  	-0.38085  	59.74081  	64.66466  	-19718.99214  	-9624.36987  	Inf  	-Inf  	0.00432  	0.00003  	0.00420  	0.00424  	0.00498  	0.00000  	0.00000  
81.77630  	25.69270  	39.86185  	39.78433  	32.29000  	-1.18512  	0.01315  	0.22070  	0.20519  	-3.02442  	0.06219  	-0.08562  	-83.44656  	-0.38429  	60.55895  	65.13853  	-19718.86471  	-9624.49348  	Inf  	-Inf  	0.00433  	0.00003  	0.00420  	0.00425  	0.00499  	0.00000  	0.00000  
82.77659  	25.69272  	39.86139  	39.78544  	32.28960  	-1.18512  	0.01305  	0.22033  	0.20336  	-3.02442  	0.06546  	-0.08572  	-83.44127  	-0.37653  	60.01914  	65.02920  	-19718.78449  	-9624.55240  	Inf  	-Inf  	0.00433  	0.00003  	0.00421  	0.00425  	0.00499  	0.00000  	0.00000  
83.77658  	25.69321  	39.86295  	39.78593  	32.28882  	-1.18512  	0.01371  	0.22028  	0.20219  	-3.02442  	0.06280  	-0.08560  	-83.42518  	-0.38183  	59.67321  	65.01188  	-19718.72181  	-9624.73703  	Inf  	-Inf  	0.00432  	0.00003  	0.00420  	0.00426  	0.00499  	0.00000  	0.00000  
84.77685  	25.69232  	39.86370  	39.78679  	32.28914  	-1.18512  	0.01276  	0.22047  	0.20527  	-3.02442  	0.06438  	-0.08568  	-83.44052  	-0.38128  	60.58294  	65.06986  	-19718.59687  	-9624.88036  	Inf  	-Inf  	0.00433  	0.00003  	0.00421  	0.00424  	0.00499  	0.00000  	0.00000  
85.77648  	25.69187  	39.86440  	39.78681  	32.28914  	-1.18512  	0.01412  	0.22154  	0.20213  	-3.02442  	0.06432  	-0.08565  	-83.44622  	-0.38462  	59.65772  	65.38452  	-19718.49899  	-9624.94550  	Inf  	-Inf  	0.00432  	0.00003  	0.00421  	0.00427  	0.00500  	0.00000  	0.00000  
86.77663  	25.69119  	39.86456  	39.78714  	32.28893  	-1.18512  	0.01360  	0.22052  	0.20504  	-3.02442  	0.06584  	-0.08564  	-83.45217  	-0.38380  	60.51481  	65.08337  	-19718.30490  	-9624.98862  	Inf  	-Inf  	0.00433  	0.00003  	0.00421  	0.00426  	0.00499  	0.00000  	0.00000  
87.77601  	25.69192  	39.86513  	39.78819  	32.28851  	-1.18512  	0.01416  	0.22084  	0.20501  	-3.02442  	0.06548  	-0.08563  	-83.43748  	-0.38142  	60.50573  	65.17908  	-19718.37264  	-9625.13510  	Inf  	-Inf  	0.00433  	0.00003  	0.00421  	0.00427  	0.00499  	0.00000  	0.00000  
88.77640  	25.69065  	39.86557  	39.78894  	32.28818  	-1.18512  	0.01323  	0.22090  	0.20559  	-3.02442  	0.06528  	-0.08570  	-83.44944  	-0.37988  	60.67766  	65.19652  	-19718.02548  	-9625.24172  	Inf  	-Inf  	0.00433  	0.00003  	0.00421  	0.00425  	0.00499  	0.00000  	0.00000  
89.77659  	25.69092  	39.86602  	39.78934  	32.28846  	-1.18512  	0.01290  	0.22149  	0.20543  	-3.02442  	0.06329  	-0.08566  	-83.44950  	-0.38014  	60.63109  	65.36982  	-19718.14557  	-9625.31692  	Inf  	-Inf  	0.00433  	0.00003  	0.00420  	0.00425  	0.00500  	0.00000  	0.00000  
90.77655  	25.69113  	39.86689  	39.78999  	32.28806  	-1.18512  	0.01391  	0.21951  	0.20208  	-3.02442  	0.06549  	-0.08572  	-83.44195  	-0.38124  	59.64294  	64.78644  	-19718.10453  	-9625.45403  	Inf  	-Inf  	0.00432  	0.00003  	0.00421  	0.00427  	0.00499  	0.00000  	0.00000  
91.77593  	25.69061  	39.86745  	39.79016  	32.28760  	-1.18512  	0.01355  	0.22054  	0.20524  	-3.02442  	0.06494  	-0.08565  	-83.44262  	-0.38320  	60.57540  	65.09073  	-19717.89082  	-9625.51931  	Inf  	-Inf  	0.00433  	0.00003  	0.00421  	0.00426  	0.00499  	0.00000  	0.00000  
92.77632  	25.69010  	39.86762  	39.79162  	32.28708  	-1.18512  	0.01280  	0.22034  	0.20280  	-3.02442  	0.06311  	-0.08571  	-83.44239  	-0.37679  	59.85438  	65.03231  	-19717.66799  	-9625.66540  	Inf  	-Inf  	0.00432  	0.00003  	0.00420  	0.00425  	0.00499  	0.00000  	0.00000  
93.77609  	25.69092  	39.86848  	39.79198  	32.28729  	-1.18512  	0.01236  	0.22018  	0.20348  	-3.02442  	0.06420  	-0.08574  	-83.43479  	-0.37925  	60.05340  	64.98512  	-19717.89325  	-9625.77488  	Inf  	-Inf  	0.00433  	0.00003  	0.00421  	0.00424  	0.00499  	0.00000  	0.00000  
94.77649  	25.69092  	39.86935  	39.79158  	32.28772  	-1.18512  	0.01273  	0.22045  	0.20416  	-3.02442  	0.06327  	-0.08569  	-83.44025  	-0.38554  	60.25591  	65.06434  	-19717.98369  	-9625.81730  	Inf  	-Inf  	0.00433  	0.00003  	0.00420  	0.00424  	0.00499  	0.00000  	0.00000  
95.77680  	25.69018  	39.87010  	39.79215  	32.28743  	-1.18512  	0.01287  	0.21954  	0.20076  	-3.02442  	0.06529  	-0.08566  	-83.44593  	-0.38642  	59.25268  	64.79575  	-19717.76129  	-9625.93551  	Inf  	-Inf  	0.00432  	0.00003  	0.00421  	0.00425  	0.00499  	0.00000  	0.00000  
96.77615  	25.69109  	39.87091  	39.79319  	32.28704  	-1.18512  	0.01482  	0.21976  	0.20392  	-3.02442  	0.06423  	-0.08572  	-83.42939  	-0.38529  	60.18523  	64.86025  	-19717.87318  	-9626.10108  	Inf  	-Inf  	0.00433  	0.00003  	0.00421  	0.00428  	0.00499  	0.00000  	0.00000  
97.77650  	25.69094  	39.87150  	39.79461  	32.28791  	-1.18512  	0.01406  	0.22009  	0.20411  	-3.02442  	0.06541  	-0.08567  	-83.44237  	-0.38118  	60.24129  	64.95715  	-19718.03043  	-9626.28118  	Inf  	-Inf  	0.00433  	0.00003  	0.00421  	0.00427  	0.00499  	0.00000  	0.00000  
98.77645  	25.69047  	39.87208  	39.79501  	32.28759  	-1.18512  	0.01388  	0.21944  	0.20069  	-3.02442  	0.06488  	-0.08570  	-83.44434  	-0.38208  	59.23134  	64.76522  	-19717.85844  	-9626.36951  	Inf  	-Inf  	0.00432  	0.00003  	0.00421  	0.00427  	0.00499  	0.00000  	0.00000  
99.77683  	25.69069  	39.87171  	39.79519  	32.28760  	-1.18512  	0.01310  	0.21914  	0.20146  	-3.02442  	0.06419  	-0.08564  	-83.44158  	-0.37936  	59.45985  	64.67532  	-19717.90887  	-9626.35231  	Inf  	-Inf  	0.00432  	0.00003  	0.00421  	0.00425  	0.00498  	0.00000  	0.00000  
100.77627  	25.69055  	39.87316  	39.79585  	32.28767  	-1.18512  	0.01287  	0.21950  	0.20468  	-3.02442  	0.06469  	-0.08567  	-83.44429  	-0.38324  	60.40958  	64.78354  	-19717.89192  	-9626.54189  	Inf  	-Inf  	0.00433  	0.00003  	0.00421  	0.00425  	0.00499  	0.00000  	0.00000  
101.77609  	25.69049  	39.87442  	39.79722  	32.28752  	-1.18512  	0.01258  	0.21962  	0.20534  	-3.02442  	0.06395  	-0.08563  	-83.44318  	-0.38273  	60.60293  	64.81866  	-19717.84873  	-9626.77746  	Inf  	-Inf  	0.00433  	0.00003  	0.00420  	0.00424  	0.00499  	0.00000  	0.00000  
102.77667  	25.69060  	39.87558  	39.79836  	32.28771  	-1.18512  	0.01295  	0.22013  	0.20364  	-3.02442  	0.06608  	-0.08570  	-83.44408  	-0.38285  	60.10154  	64.96980  	-19717.91341  	-9626.98384  	Inf  	-Inf  	0.00433  	0.00003  	0.00421  	0.00425  	0.00499  	0.00000  	0.00000  
103.77737  	25.69006  	39.87593  	39.79916  	32.28792  	-1.18512  	0.01286  	0.21956  	0.20402  	-3.02442  	0.06414  	-0.08569  	-83.45360  	-0.38060  	60.21557  	64.80032  	-19717.84223  	-9627.08727  	Inf  	-Inf  	0.00433  	0.00003  	0.00421  	0.00425  	0.00499  	0.00000  	0.00000  
104.77780  	25.68940  	39.87719  	39.80026  	32.28822  	-1.18512  	0.01324  	0.21853  	0.20402  	-3.02442  	0.06318  	-0.08567  	-83.46573  	-0.38136  	60.21395  	64.49766  	-19717.76325  	-9627.29931  	Inf  	-Inf  	0.00433  	0.00003  	0.00420  	0.00425  	0.00498  	0.00000  	0.00000  
105.77748  	25.69030  	39.87722  	39.80155  	32.28845  	-1.18512  	0.01282  	0.22030  	0.20278  	-3.02442  	0.06392  	-0.08571  	-83.45716  	-0.37514  	59.84952  	65.01940  	-19718.00846  	-9627.41658  	Inf  	-Inf  	0.00432  	0.00003  	0.00420  	0.00425  	0.00499  	0.00000  	0.00000  
106.77808  	25.69018  	39.87786  	39.80130  	32.28889  	-1.18512  	0.01381  	0.21903  	0.20259  	-3.02442  	0.06448  	-0.08571  	-83.46436  	-0.37953  	59.79345  	64.64367  	-19718.07932  	-9627.45278  	Inf  	-Inf  	0.00432  	0.00003  	0.00421  	0.00427  	0.00498  	0.00000  	0.00000  
107.77817  	25.68987  	39.87925  	39.80148  	32.28967  	-1.18512  	0.01263  	0.21996  	0.20488  	-3.02442  	0.06482  	-0.08567  	-83.47820  	-0.38557  	60.46709  	64.91818  	-19718.18084  	-9627.59326  	Inf  	-Inf  	0.00433  	0.00003  	0.00421  	0.00424  	0.00499  	0.00000  	0.00000  
108.77817  	25.68901  	39.87960  	39.80202  	32.28962  	-1.18512  	0.01457  	0.21897  	0.20332  	-3.02442  	0.06402  	-0.08569  	-83.48844  	-0.38457  	60.00857  	64.62642  	-19717.98330  	-9627.67282  	Inf  	-Inf  	0.00433  	0.00003  	0.00420  	0.00428  	0.00498  	0.00000  	0.00000  
109.77814  	25.68940  	39.88014  	39.80292  	32.28967  	-1.18512  	0.01259  	0.21967  	0.20164  	-3.02442  	0.06344  	-0.08568  	-83.48411  	-0.38281  	59.51040  	64.83420  	-19718.07970  	-9627.80272  	Inf  	-Inf  	0.00432  	0.00003  	0.00420  	0.00424  	0.00499  	0.00000  	0.00000  
110.77816  	25.68903  	39.87950  	39.80384  	32.29071  	-1.18512  	0.01412  	0.21983  	0.20304  	-3.02442  	0.06344  	-0.08564  	-83.50181  	-0.37508  	59.92548  	64.87995  	-19718.22321  	-9627.82780  	Inf  	-Inf  	0.00432  	0.00003  	0.00420  	0.00427  	0.00499  	0.00000  	0.00000  
111.77815  	25.68836  	39.88095  	39.80292  	32.29007  	-1.18512  	0.01271  	0.21972  	0.20402  	-3.02442  	0.06204  	-0.08565  	-83.50228  	-0.38683  	60.21331  	64.84809  	-19717.94031  	-9627.87526  	Inf  	-Inf  	0.00433  	0.00003  	0.00420  	0.00424  	0.00499  	0.00000  	0.00000  
112.78052  	25.68820  	39.88159  	39.80377  	32.29055  	-1.18512  	0.01339  	0.21981  	0.20309  	-3.02442  	0.06580  	-0.08568  	-83.51048  	-0.38582  	59.93971  	64.87305  	-19718.00870  	-9628.00801  	Inf  	-Inf  	0.00432  	0.00003  	0.00421  	0.00426  	0.00499  	0.00000  	0.00000  
113.78028  	25.68825  	39.88106  	39.80485  	32.29122  	-1.18512  	0.01346  	0.21954  	0.20213  	-3.02442  	0.06336  	-0.08569  	-83.51816  	-0.37781  	59.65496  	64.79365  	-19718.16514  	-9628.05817  	Inf  	-Inf  	0.00432  	0.00003  	0.00420  	0.00426  	0.00499  	0.00000  	0.00000  
114.78029  	25.68818  	39.88228  	39.80510  	32.29028  	-1.18512  	0.01466  	0.21981  	0.19932  	-3.02442  	0.06294  	-0.08569  	-83.50716  	-0.38262  	58.82744  	64.87529  	-19717.94602  	-9628.18984  	Inf  	-Inf  	0.00432  	0.00003  	0.00420  	0.00428  	0.00499  	0.00000  	0.00000  
115.78026  	25.68773  	39.88240  	39.80614  	32.29149  	-1.18512  	0.01367  	0.22049  	0.20326  	-3.02442  	0.06490  	-0.08568  	-83.52819  	-0.37806  	59.99119  	65.07606  	-19718.11100  	-9628.29270  	Inf  	-Inf  	0.00433  	0.00003  	0.00421  	0.00426  	0.00499  	0.00000  	0.00000  
116.78026  	25.68716  	39.88288  	39.80634  	32.29123  	-1.18512  	0.01296  	0.22004  	0.20362  	-3.02442  	0.06448  	-0.08571  	-83.53222  	-0.37945  	60.09521  	64.94113  	-19717.93134  	-9628.35392  	Inf  	-Inf  	0.00433  	0.00003  	0.00421  	0.00425  	0.00499  	0.00000  	0.00000  
117.78118  	25.68687  	39.88353  	39.80655  	32.29115  	-1.18512  	0.01371  	0.21884  	0.20323  	-3.02442  	0.06471  	-0.08564  	-83.53483  	-0.38161  	59.98211  	64.58882  	-19717.84906  	-9628.43188  	Inf  	-Inf  	0.00433  	0.00003  	0.00421  	0.00426  	0.00498  	0.00000  	0.00000  
118.78133  	25.68690  	39.88399  	39.80648  	32.29169  	-1.18512  	0.01262  	0.21980  	0.20389  	-3.02442  	0.06311  	-0.08568  	-83.54133  	-0.38426  	60.17509  	64.87167  	-19717.97306  	-9628.46644  	Inf  	-Inf  	0.00433  	0.00003  	0.00420  	0.00424  	0.00499  	0.00000  	0.00000  
119.78125  	25.68636  	39.88475  	39.80774  	32.29181  	-1.18512  	0.01243  	0.21983  	0.20542  	-3.02442  	0.06444  	-0.08568  	-83.54961  	-0.38179  	60.62664  	64.88093  	-19717.88433  	-9628.64739  	Inf  	-Inf  	0.00433  	0.00003  	0.00421  	0.00424  	0.00499  	0.00000  	0.00000  
120.78227  	25.68602  	39.88568  	39.80908  	32.29095  	-1.18512  	0.01321  	0.22013  	0.20290  	-3.02442  	0.06261  	-0.08568  	-83.54307  	-0.37976  	59.88221  	64.97032  	-19717.62352  	-9628.85146  	Inf  	-Inf  	0.00432  	0.00003  	0.00420  	0.00425  	0.00499  	0.00000  	0.00000  
121.78289  	25.68587  	39.88616  	39.80911  	32.29222  	-1.18512  	0.01216  	0.22067  	0.20365  	-3.02442  	0.06495  	-0.08567  	-83.56096  	-0.38198  	60.10423  	65.12748  	-19717.86418  	-9628.89737  	Inf  	-Inf  	0.00433  	0.00003  	0.00421  	0.00423  	0.00499  	0.00000  	0.00000  
122.78269  	25.68571  	39.88718  	39.80968  	32.29198  	-1.18512  	0.01360  	0.22048  	0.20027  	-3.02442  	0.06461  	-0.08571  	-83.55994  	-0.38420  	59.10786  	65.07194  	-19717.77955  	-9629.03919  	Inf  	-Inf  	0.00432  	0.00003  	0.00421  	0.00426  	0.00499  	0.00000  	0.00000  
123.78310  	25.68451  	39.88662  	39.81031  	32.29174  	-1.18512  	0.01311  	0.22039  	0.20364  	-3.02442  	0.06486  	-0.08573  	-83.57213  	-0.37830  	60.10344  	65.04548  	-19717.46786  	-9629.04676  	Inf  	-Inf  	0.00433  	0.00003  	0.00421  	0.00425  	0.00499  	0.00000  	0.00000  
124.78307  	25.68575  	39.88803  	39.81008  	32.29162  	-1.18512  	0.01178  	0.22057  	0.20480  	-3.02442  	0.06315  	-0.08567  	-83.55498  	-0.38646  	60.44513  	65.09849  	-19717.70943  	-9629.15200  	Inf  	-Inf  	0.00433  	0.00003  	0.00420  	0.00423  	0.00499  	0.00000  	0.00000  
125.78361  	25.68525  	39.88817  	39.81134  	32.29206  	-1.18512  	0.01187  	0.22095  	0.20522  	-3.02442  	0.06472  	-0.08571  	-83.56682  	-0.38085  	60.56722  	65.21107  	-19717.69705  	-9629.27747  	Inf  	-Inf  	0.00433  	0.00003  	0.00421  	0.00423  	0.00499  	0.00000  	0.00000  
126.78304  	25.68583  	39.88928  	39.81196  	32.29230  	-1.18512  	0.01360  	0.22073  	0.20441  	-3.02442  	0.06537  	-0.08564  	-83.56247  	-0.38328  	60.32984  	65.14503  	-19717.87531  	-9629.43293  	Inf  	-Inf  	0.00433  	0.00003  	0.00421  	0.00426  	0.00499  	0.00000  	0.00000  
127.78430  	25.68669  	39.88905  	39.81238  	32.29089  	-1.18512  	0.01433  	0.21997  	0.20183  	-3.02442  	0.06428  	-0.08566  	-83.53367  	-0.38007  	59.56884  	64.92077  	-19717.75468  	-9629.44940  	Inf  	-Inf  	0.00432  	0.00003  	0.00421  	0.00428  	0.00499  	0.00000  	0.00000  
128.78413  	25.68632  	39.89059  	39.81289  	32.29134  	-1.18512  	0.01346  	0.22027  	0.20079  	-3.02442  	0.06371  	-0.08570  	-83.54426  	-0.38523  	59.26064  	65.00984  	-19717.77197  	-9629.63360  	Inf  	-Inf  	0.00432  	0.00003  	0.00420  	0.00426  	0.00499  	0.00000  	0.00000  
129.78541  	25.68594  	39.89072  	39.81397  	32.29168  	-1.18512  	0.01319  	0.21971  	0.20204  	-3.02442  	0.06217  	-0.08570  	-83.55326  	-0.38046  	59.63050  	64.84620  	-19717.76428  	-9629.74182  	Inf  	-Inf  	0.00432  	0.00003  	0.00420  	0.00425  	0.00499  	0.00000  	0.00000  
130.78640  	25.68601  	39.89170  	39.81397  	32.29213  	-1.18512  	0.01283  	0.22091  	0.20006  	-3.02442  	0.06285  	-0.08571  	-83.55810  	-0.38535  	59.04409  	65.19924  	-19717.87519  	-9629.83030  	Inf  	-Inf  	0.00432  	0.00003  	0.00420  	0.00425  	0.00499  	0.00000  	0.00000  
131.78749  	25.68642  	39.89277  	39.81406  	32.29096  	-1.18512  	0.01264  	0.22020  	0.20426  	-3.02442  	0.06406  	-0.08567  	-83.53813  	-0.39017  	60.28461  	64.99008  	-19717.71169  	-9629.93416  	Inf  	-Inf  	0.00433  	0.00003  	0.00420  	0.00424  	0.00499  	0.00000  	0.00000  
132.78971  	25.68644  	39.89240  	39.81513  	32.29164  	-1.18512  	0.01305  	0.21930  	0.20552  	-3.02442  	0.06298  	-0.08568  	-83.54645  	-0.38306  	60.65790  	64.72357  	-19717.86160  	-9629.99661  	Inf  	-Inf  	0.00433  	0.00003  	0.00420  	0.00425  	0.00499  	0.00000  	0.00000  
133.79034  	25.68664  	39.89319  	39.81575  	32.29107  	-1.18512  	0.01267  	0.22047  	0.20396  	-3.02442  	0.06387  	-0.08570  	-83.53671  	-0.38390  	60.19697  	65.06922  	-19717.78132  	-9630.12263  	Inf  	-Inf  	0.00433  	0.00003  	0.00420  	0.00424  	0.00499  	0.00000  	0.00000  
134.79029  	25.68683  	39.89333  	39.81572  	32.29158  	-1.18512  	0.01322  	0.21865  	0.20358  	-3.02442  	0.06382  	-0.08567  	-83.54063  	-0.38475  	60.08557  	64.53291  	-19717.93501  	-9630.13235  	Inf  	-Inf  	0.00433  	0.00003  	0.00420  	0.00425  	0.00498  	0.00000  	0.00000  
135.79020  	25.68734  	39.89439  	39.81597  	32.29151  	-1.18512  	0.01298  	0.22016  	0.20118  	-3.02442  	0.06452  	-0.08570  	-83.53344  	-0.38879  	59.37563  	64.97869  	-19718.03100  	-9630.25094  	Inf  	-Inf  	0.00432  	0.00003  	0.00421  	0.00425  	0.00499  	0.00000  	0.00000  
136.79127  	25.68631  	39.89473  	39.81723  	32.29129  	-1.18512  	0.01370  	0.21926  	0.20563  	-3.02442  	0.06330  	-0.08572  	-83.54362  	-0.38423  	60.68922  	64.71345  	-19717.76053  	-9630.39408  	Inf  	-Inf  	0.00433  	0.00003  	0.00420  	0.00426  	0.00499  	0.00000  	0.00000  
137.79248  	25.68718  	39.89519  	39.81784  	32.29092  	-1.18512  	0.01385  	0.22043  	0.20390  	-3.02442  	0.06433  	-0.08569  	-83.52797  	-0.38348  	60.17949  	65.05817  	-19717.86682  	-9630.49016  	Inf  	-Inf  	0.00433  	0.00003  	0.00421  	0.00427  	0.00499  	0.00000  	0.00000  
138.79328  	25.68706  	39.89544  	39.81843  	32.29193  	-1.18512  	0.01259  	0.21928  	0.20435  	-3.02442  	0.06468  	-0.08570  	-83.54226  	-0.38179  	60.31224  	64.71830  	-19718.06114  	-9630.56565  	Inf  	-Inf  	0.00433  	0.00003  	0.00421  	0.00424  	0.00499  	0.00000  	0.00000  
139.79325  	25.68676  	39.89648  	39.81904  	32.29210  	-1.18512  	0.01305  	0.22008  	0.19966  	-3.02442  	0.06252  	-0.08566  	-83.54815  	-0.38391  	58.92781  	64.95479  	-19718.03349  	-9630.71392  	Inf  	-Inf  	0.00432  	0.00003  	0.00420  	0.00425  	0.00499  	0.00000  	0.00000  
140.79336  	25.68780  	39.89736  	39.82010  	32.29238  	-1.18512  	0.01369  	0.21893  	0.20359  	-3.02442  	0.06462  	-0.08567  	-83.53846  	-0.38303  	60.08665  	64.61489  	-19718.31893  	-9630.88704  	Inf  	-Inf  	0.00433  	0.00003  	0.00421  	0.00426  	0.00498  	0.00000  	0.00000  
141.79353  	25.68747  	39.89766  	39.82146  	32.29300  	-1.18512  	0.01293  	0.21970  	0.20112  	-3.02442  	0.06443  	-0.08570  	-83.55056  	-0.37776  	59.35830  	64.84133  	-19718.38233  	-9631.03617  	Inf  	-Inf  	0.00432  	0.00003  	0.00421  	0.00425  	0.00499  	0.00000  	0.00000  
142.79367  	25.68618  	39.89852  	39.82186  	32.29296  	-1.18512  	0.01339  	0.21860  	0.20361  	-3.02442  	0.06475  	-0.08562  	-83.56631  	-0.38004  	60.09231  	64.51827  	-19718.09250  	-9631.14973  	Inf  	-Inf  	0.00433  	0.00003  	0.00421  	0.00426  	0.00498  	0.00000  	0.00000  
143.79401  	25.68728  	39.89864  	39.82143  	32.29383  	-1.18512  	0.01272  	0.21956  	0.20625  	-3.02442  	0.06427  	-0.08567  	-83.56347  	-0.38279  	60.87167  	64.79995  	-19718.51882  	-9631.12201  	Inf  	-Inf  	0.00433  	0.00003  	0.00421  	0.00424  	0.00499  	0.00000  	0.00000  
144.79479  	25.68732  	39.89853  	39.82270  	32.29365  	-1.18512  	0.01243  	0.22021  	0.20175  	-3.02442  	0.06262  	-0.08568  	-83.56075  	-0.37596  	59.54376  	64.99392  	-19718.49123  	-9631.22584  	Inf  	-Inf  	0.00432  	0.00003  	0.00420  	0.00424  	0.00499  	0.00000  	0.00000  
145.79493  	25.68671  	39.89991  	39.82268  	32.29413  	-1.18512  	0.01320  	0.21887  	0.20124  	-3.02442  	0.06545  	-0.08567  	-83.57451  	-0.38284  	59.39412  	64.59756  	-19718.46247  	-9631.34796  	Inf  	-Inf  	0.00432  	0.00003  	0.00421  	0.00425  	0.00498  	0.00000  	0.00000  
146.79549  	25.68685  	39.90041  	39.82314  	32.29380  	-1.18512  	0.01304  	0.21846  	0.20203  	-3.02442  	0.06447  	-0.08566  	-83.56851  	-0.38308  	59.62802  	64.47725  	-19718.42129  	-9631.43320  	Inf  	-Inf  	0.00432  	0.00003  	0.00421  	0.00425  	0.00498  	0.00000  	0.00000  
147.79588  	25.68605  	39.90110  	39.82454  	32.29361  	-1.18512  	0.01398  	0.22030  	0.20345  	-3.02442  	0.06514  	-0.08572  	-83.57622  	-0.37954  	60.04474  	65.01963  	-19718.20713  	-9631.62103  	Inf  	-Inf  	0.00433  	0.00003  	0.00421  	0.00427  	0.00499  	0.00000  	0.00000  
148.79496  	25.68575  	39.90221  	39.82468  	32.29481  	-1.18512  	0.01280  	0.21968  	0.20425  	-3.02442  	0.06366  	-0.08567  	-83.59519  	-0.38434  	60.28134  	64.83515  	-19718.40029  	-9631.73314  	Inf  	-Inf  	0.00433  	0.00003  	0.00420  	0.00425  	0.00499  	0.00000  	0.00000  
149.79522  	25.68649  	39.90321  	39.82517  	32.29576  	-1.18512  	0.01356  	0.22010  	0.20224  	-3.02442  	0.06520  	-0.08569  	-83.59797  	-0.38684  	59.68940  	64.96087  	-19718.76793  	-9631.86703  	Inf  	-Inf  	0.00432  	0.00003  	0.00421  	0.00426  	0.00499  	0.00000  	0.00000  
150.79530  	25.68668  	39.90362  	39.82586  	32.29500  	-1.18512  	0.01189  	0.21952  	0.20055  	-3.02442  	0.06314  	-0.08568  	-83.58586  	-0.38550  	59.18962  	64.78831  	-19718.64393  	-9631.96520  	Inf  	-Inf  	0.00432  	0.00003  	0.00420  	0.00423  	0.00499  	0.00000  	0.00000  
151.79776  	25.68613  	39.90458  	39.82733  	32.29485  	-1.18512  	0.01266  	0.21923  	0.20429  	-3.02442  	0.06512  	-0.08562  	-83.59094  	-0.38297  	60.29347  	64.70285  	-19718.49359  	-9632.18314  	Inf  	-Inf  	0.00433  	0.00003  	0.00421  	0.00424  	0.00499  	0.00000  	0.00000  
152.79982  	25.68545  	39.90413  	39.82825  	32.29599  	-1.18512  	0.01349  	0.21971  	0.20021  	-3.02442  	0.06499  	-0.08568  	-83.61388  	-0.37613  	59.08956  	64.84489  	-19718.59233  	-9632.22598  	Inf  	-Inf  	0.00432  	0.00003  	0.00421  	0.00426  	0.00499  	0.00000  	0.00000  
153.80022  	25.68603  	39.90454  	39.82895  	32.29546  	-1.18512  	0.01356  	0.21984  	0.20444  	-3.02442  	0.06337  	-0.08569  	-83.59985  	-0.37477  	60.33799  	64.88271  	-19718.60197  	-9632.32533  	Inf  	-Inf  	0.00433  	0.00003  	0.00420  	0.00426  	0.00499  	0.00000  	0.00000  
154.80034  	25.68615  	39.90592  	39.82932  	32.29590  	-1.18512  	0.01281  	0.22026  	0.20371  	-3.02442  	0.06314  	-0.08568  	-83.60384  	-0.37974  	60.12382  	65.00633  	-19718.72385  	-9632.48189  	Inf  	-Inf  	0.00433  	0.00003  	0.00420  	0.00425  	0.00499  	0.00000  	0.00000  
155.80026  	25.68586  	39.90676  	39.83006  	32.29678  	-1.18512  	0.01146  	0.22068  	0.20078  	-3.02442  	0.06490  	-0.08568  	-83.61866  	-0.38023  	59.25778  	65.13049  	-19718.85198  	-9632.62370  	Inf  	-Inf  	0.00432  	0.00003  	0.00421  	0.00422  	0.00499  	0.00000  	0.00000  
156.80017  	25.68586  	39.90654  	39.83044  	32.29601  	-1.18512  	0.01372  	0.21945  	0.20612  	-3.02442  	0.06390  	-0.08568  	-83.60898  	-0.37724  	60.83393  	64.76921  	-19718.68385  	-9632.63828  	Inf  	-Inf  	0.00433  	0.00003  	0.00420  	0.00426  	0.00499  	0.00000  	0.00000  
157.80026  	25.68554  	39.90725  	39.83203  	32.29646  	-1.18512  	0.01352  	0.22102  	0.20254  	-3.02442  	0.06397  	-0.08573  	-83.61864  	-0.37291  	59.77829  	65.23200  	-19718.71291  	-9632.84481  	Inf  	-Inf  	0.00432  	0.00003  	0.00420  	0.00426  	0.00499  	0.00000  	0.00000  
158.80128  	25.68505  	39.90837  	39.83104  	32.29726  	-1.18512  	0.01234  	0.22016  	0.20923  	-3.02442  	0.06391  	-0.08563  	-83.63499  	-0.38335  	61.75148  	64.97850  	-19718.78156  	-9632.85598  	Inf  	-Inf  	0.00433  	0.00003  	0.00420  	0.00424  	0.00499  	0.00000  	0.00000  
159.80287  	25.68505  	39.90830  	39.83180  	32.29742  	-1.18512  	0.01395  	0.22056  	0.20326  	-3.02442  	0.06465  	-0.08573  	-83.63710  	-0.37922  	59.98855  	65.09721  	-19718.81423  	-9632.91846  	Inf  	-Inf  	0.00433  	0.00003  	0.00421  	0.00427  	0.00499  	0.00000  	0.00000  
160.80249  	25.68576  	39.90967  	39.83164  	32.29719  	-1.18512  	0.01305  	0.22062  	0.20466  	-3.02442  	0.06538  	-0.08572  	-83.62518  	-0.38684  	60.40181  	65.11408  	-19718.92001  	-9633.02710  	Inf  	-Inf  	0.00433  	0.00003  	0.00421  	0.00425  	0.00499  	0.00000  	0.00000  
161.80241  	25.68555  	39.90986  	39.83304  	32.29737  	-1.18512  	0.01280  	0.22060  	0.20234  	-3.02442  	0.06340  	-0.08567  	-83.63017  	-0.38082  	59.71980  	65.10764  	-19718.91370  	-9633.16934  	Inf  	-Inf  	0.00432  	0.00003  	0.00420  	0.00425  	0.00499  	0.00000  	0.00000  
162.80256  	25.68569  	39.91015  	39.83404  	32.29759  	-1.18512  	0.01303  	0.21983  	0.20339  	-3.02442  	0.06433  	-0.08573  	-83.63112  	-0.37734  	60.02796  	64.88107  	-19718.99181  	-9633.28536  	Inf  	-Inf  	0.00433  	0.00003  	0.00421  	0.00425  	0.00499  	0.00000  	0.00000  
163.80248  	25.68641  	39.91130  	39.83486  	32.29729  	-1.18512  	0.01293  	0.22022  	0.20525  	-3.02442  	0.06260  	-0.08563  	-83.61819  	-0.37897  	60.57741  	64.99502  	-19719.08250  	-9633.46197  	Inf  	-Inf  	0.00433  	0.00003  	0.00420  	0.00425  	0.00499  	0.00000  	0.00000  
164.80247  	25.68623  	39.91223  	39.83499  	32.29689  	-1.18512  	0.01363  	0.22032  	0.20286  	-3.02442  	0.06579  	-0.08569  	-83.61544  	-0.38290  	59.87047  	65.02532  	-19718.95668  	-9633.55757  	Inf  	-Inf  	0.00432  	0.00003  	0.00421  	0.00426  	0.00499  	0.00000  	0.00000  
165.80332  	25.68618  	39.91255  	39.83444  	32.29723  	-1.18512  	0.01376  	0.22004  	0.20219  	-3.02442  	0.06382  	-0.08566  	-83.62044  	-0.38719  	59.67291  	64.94237  	-19719.02003  	-9633.53646  	Inf  	-Inf  	0.00432  	0.00003  	0.00420  	0.00426  	0.00499  	0.00000  	0.00000  
166.80362  	25.68677  	39.91313  	39.83578  	32.29724  	-1.18512  	0.01235  	0.21980  	0.20479  	-3.02442  	0.06349  	-0.08567  	-83.61303  	-0.38347  	60.44092  	64.87023  	-19719.14841  	-9633.70873  	Inf  	-Inf  	0.00433  	0.00003  	0.00420  	0.00424  	0.00499  	0.00000  	0.00000  
167.80330  	25.68708  	39.91286  	39.83671  	32.29696  	-1.18512  	0.01323  	0.21970  	0.20176  	-3.02442  	0.06352  	-0.08568  	-83.60551  	-0.37751  	59.54578  	64.84114  	-19719.15619  	-9633.76837  	Inf  	-Inf  	0.00432  	0.00003  	0.00420  	0.00425  	0.00499  	0.00000  	0.00000  
168.80301  	25.68719  	39.91309  	39.83704  	32.29737  	-1.18512  	0.01315  	0.21989  	0.20381  	-3.02442  	0.06417  	-0.08572  	-83.60930  	-0.37698  	60.15092  	64.89955  	-19719.26903  	-9633.81811  	Inf  	-Inf  	0.00433  	0.00003  	0.00421  	0.00425  	0.00499  	0.00000  	0.00000  
169.80347  	25.68772  	39.91464  	39.83788  	32.29724  	-1.18512  	0.01308  	0.21962  	0.20523  	-3.02442  	0.06244  	-0.08568  	-83.60101  	-0.38053  	60.57209  	64.81716  	-19719.35577  	-9634.03307  	Inf  	-Inf  	0.00433  	0.00003  	0.00420  	0.00425  	0.00499  	0.00000  	0.00000  
170.80336  	25.68868  	39.91516  	39.83703  	32.29805  	-1.18512  	0.01370  	0.21841  	0.19970  	-3.02442  	0.06351  	-0.08572  	-83.59918  	-0.38731  	58.93896  	64.46035  	-19719.74007  	-9634.00308  	Inf  	-Inf  	0.00432  	0.00003  	0.00420  	0.00426  	0.00498  	0.00000  	0.00000  
171.80334  	25.68760  	39.91641  	39.83735  	32.29766  	-1.18512  	0.01298  	0.21895  	0.19958  	-3.02442  	0.06367  	-0.08568  	-83.60789  	-0.39195  	58.90354  	64.62125  	-19719.42117  	-9634.14398  	Inf  	-Inf  	0.00432  	0.00003  	0.00420  	0.00425  	0.00498  	0.00000  	0.00000  
172.80421  	25.68753  	39.91650  	39.83938  	32.29800  	-1.18512  	0.01339  	0.21881  	0.20266  	-3.02442  	0.06374  	-0.08564  	-83.61310  	-0.38230  	59.81173  	64.58020  	-19719.47922  	-9634.33385  	Inf  	-Inf  	0.00432  	0.00003  	0.00420  	0.00426  	0.00498  	0.00000  	0.00000  
173.80480  	25.68902  	39.91726  	39.83951  	32.29916  	-1.18512  	0.01323  	0.21977  	0.20106  	-3.02442  	0.06452  	-0.08567  	-83.60883  	-0.38544  	59.33938  	64.86142  	-19720.05554  	-9634.41404  	Inf  	-Inf  	0.00432  	0.00003  	0.00421  	0.00425  	0.00499  	0.00000  	0.00000  
174.80428  	25.68881  	39.91774  	39.83977  	32.29824  	-1.18512  	0.01431  	0.21877  	0.20266  	-3.02442  	0.06357  	-0.08568  	-83.59998  	-0.38653  	59.81151  	64.56661  	-19719.80881  	-9634.48019  	Inf  	-Inf  	0.00432  	0.00003  	0.00420  	0.00427  	0.00498  	0.00000  	0.00000  
175.80440  	25.68976  	39.91823  	39.84024  	32.29802  	-1.18512  	0.01295  	0.22001  	0.20186  	-3.02442  	0.06345  	-0.08570  	-83.58510  	-0.38661  	59.57684  	64.93282  	-19719.96663  	-9634.56621  	Inf  	-Inf  	0.00432  	0.00003  	0.00420  	0.00425  	0.00499  	0.00000  	0.00000  
176.80451  	25.68893  	39.91880  	39.84151  	32.29992  	-1.18512  	0.01416  	0.21953  	0.20306  	-3.02442  	0.06281  	-0.08573  	-83.61959  	-0.38318  	59.93062  	64.79049  	-19720.20028  	-9634.73109  	Inf  	-Inf  	0.00432  	0.00003  	0.00420  	0.00427  	0.00499  	0.00000  	0.00000  
177.80550  	25.68925  	39.91804  	39.84146  	32.30024  	-1.18512  	0.01257  	0.21970  	0.20386  	-3.02442  	0.06462  	-0.08572  	-83.61966  	-0.37963  	60.16601  	64.84130  	-19720.33772  	-9634.65861  	Inf  	-Inf  	0.00433  	0.00003  	0.00421  	0.00424  	0.00499  	0.00000  	0.00000  
178.80615  	25.68980  	39.91944  	39.84268  	32.30153  	-1.18512  	0.01241  	0.21941  	0.20471  	-3.02442  	0.06456  	-0.08567  	-83.62902  	-0.38053  	60.41934  	64.75589  	-19720.73781  	-9634.89430  	Inf  	-Inf  	0.00433  	0.00003  	0.00421  	0.00424  	0.00499  	0.00000  	0.00000  
179.80673  	25.68967  	39.92008  	39.84290  	32.30143  	-1.18512  	0.01306  	0.22015  	0.20286  	-3.02442  	0.06327  	-0.08568  	-83.62942  	-0.38262  	59.87113  	64.97479  	-19720.68659  	-9634.97000  	Inf  	-Inf  	0.00432  	0.00003  	0.00420  	0.00425  	0.00499  	0.00000  	0.00000  
180.80627  	25.69002  	39.92094  	39.84261  	32.30217  	-1.18512  	0.01380  	0.21938  	0.20262  	-3.02442  	0.06367  	-0.08565  	-83.63426  	-0.38831  	59.79990  	64.74824  	-19720.92412  	-9635.02207  	Inf  	-Inf  	0.00432  	0.00003  	0.00420  	0.00426  	0.00499  	0.00000  	0.00000  
181.80648  	25.68955  	39.92113  	39.84369  	32.30229  	-1.18512  	0.01335  	0.21989  	0.20447  	-3.02442  	0.06481  	-0.08574  	-83.64180  	-0.38388  	60.34569  	64.89720  	-19720.84818  	-9635.13561  	Inf  	-Inf  	0.00433  	0.00003  	0.00421  	0.00426  	0.00499  	0.00000  	0.00000  
182.80596  	25.68874  	39.92209  	39.84391  	32.30192  	-1.18512  	0.01273  	0.21957  	0.20466  	-3.02442  	0.06406  	-0.08568  	-83.64738  	-0.38755  	60.40293  	64.80455  	-19720.59207  	-9635.24192  	Inf  	-Inf  	0.00433  	0.00003  	0.00420  	0.00424  	0.00499  	0.00000  	0.00000  
183.80605  	25.68973  	39.92226  	39.84502  	32.30322  	-1.18512  	0.01318  	0.21876  	0.20511  	-3.02442  	0.06395  	-0.08566  	-83.65115  	-0.38293  	60.53569  	64.56450  	-19721.08863  	-9635.35667  	Inf  	-Inf  	0.00433  	0.00003  	0.00420  	0.00425  	0.00498  	0.00000  	0.00000  
184.80661  	25.68961  	39.92300  	39.84562  	32.30361  	-1.18512  	0.01257  	0.21962  	0.20154  	-3.02442  	0.06327  	-0.08567  	-83.65770  	-0.38360  	59.48231  	64.81834  	-19721.14747  	-9635.47726  	Inf  	-Inf  	0.00432  	0.00003  	0.00420  	0.00424  	0.00499  	0.00000  	0.00000  
185.80708  	25.68956  	39.92322  	39.84475  	32.30337  	-1.18512  	0.01304  	0.22064  	0.20391  	-3.02442  	0.06365  	-0.08565  	-83.65519  	-0.38899  	60.18324  	65.12013  	-19721.08327  	-9635.41862  	Inf  	-Inf  	0.00433  	0.00003  	0.00420  	0.00425  	0.00499  	0.00000  	0.00000  
186.80774  	25.68915  	39.92340  	39.84487  	32.30429  	-1.18512  	0.01285  	0.21931  	0.20310  	-3.02442  	0.06371  	-0.08570  	-83.67203  	-0.38935  	59.94170  	64.72691  	-19721.19585  	-9635.44520  	Inf  	-Inf  	0.00432  	0.00003  	0.00420  	0.00425  	0.00499  	0.00000  	0.00000  
187.80821  	25.68980  	39.92342  	39.84624  	32.30478  	-1.18512  	0.01364  	0.21892  	0.20482  	-3.02442  	0.06478  	-0.08566  	-83.67000  	-0.38262  	60.45125  	64.61236  	-19721.44104  	-9635.56935  	Inf  	-Inf  	0.00433  	0.00003  	0.00421  	0.00426  	0.00498  	0.00000  	0.00000  
188.80980  	25.68929  	39.92412  	39.84603  	32.30443  	-1.18512  	0.01385  	0.21957  	0.20100  	-3.02442  	0.06455  	-0.08566  	-83.67216  	-0.38716  	59.32290  	64.80350  	-19721.25518  	-9635.61369  	Inf  	-Inf  	0.00432  	0.00003  	0.00421  	0.00427  	0.00499  	0.00000  	0.00000  
189.80957  	25.69018  	39.92459  	39.84616  	32.30517  	-1.18512  	0.01329  	0.22050  	0.20741  	-3.02442  	0.06545  	-0.08566  	-83.67026  	-0.38879  	61.21497  	65.07889  	-19721.60867  	-9635.66787  	Inf  	-Inf  	0.00433  	0.00003  	0.00421  	0.00426  	0.00499  	0.00000  	0.00000  
190.80991  	25.68932  	39.92422  	39.84716  	32.30524  	-1.18512  	0.01202  	0.21963  	0.20618  	-3.02442  	0.06349  	-0.08565  	-83.68195  	-0.38199  	60.85154  	64.82178  	-19721.43902  	-9635.72455  	Inf  	-Inf  	0.00433  	0.00003  	0.00420  	0.00423  	0.00499  	0.00000  	0.00000  
191.81028  	25.68915  	39.92466  	39.84676  	32.30608  	-1.18512  	0.01320  	0.22012  	0.20558  	-3.02442  	0.06483  	-0.08565  	-83.69470  	-0.38616  	60.67369  	64.96507  	-19721.58216  	-9635.72751  	Inf  	-Inf  	0.00433  	0.00003  	0.00421  	0.00425  	0.00499  	0.00000  	0.00000  
192.81173  	25.69013  	39.92572  	39.84652  	32.30592  	-1.18512  	0.01304  	0.21913  	0.20403  	-3.02442  	0.06410  	-0.08568  	-83.68027  	-0.39264  	60.21780  	64.67427  	-19721.76128  	-9635.80087  	Inf  	-Inf  	0.00433  	0.00003  	0.00421  	0.00425  	0.00498  	0.00000  	0.00000  
193.81227  	25.68934  	39.92653  	39.84832  	32.30671  	-1.18512  	0.01360  	0.22022  	0.20338  	-3.02442  	0.06411  	-0.08571  	-83.70029  	-0.38770  	60.02392  	64.99491  	-19721.75889  	-9636.03582  	Inf  	-Inf  	0.00433  	0.00003  	0.00421  	0.00426  	0.00499  	0.00000  	0.00000  
194.81263  	25.69000  	39.92582  	39.84843  	32.30652  	-1.18512  	0.01215  	0.22108  	0.20395  	-3.02442  	0.06290  	-0.08573  	-83.68950  	-0.38364  	60.19430  	65.25006  	-19721.86224  	-9635.98191  	Inf  	-Inf  	0.00433  	0.00003  	0.00420  	0.00423  	0.00499  	0.00000  	0.00000  
195.81388  	25.68987  	39.92800  	39.84992  	32.30640  	-1.18512  	0.01334  	0.22136  	0.20421  	-3.02442  	0.06380  	-0.08571  	-83.68975  	-0.38704  	60.26908  	65.33144  	-19721.80829  	-9636.31077  	Inf  	-Inf  	0.00433  	0.00003  	0.00420  	0.00426  	0.00500  	0.00000  	0.00000  
196.81455  	25.68971  	39.92768  	39.84983  	32.30727  	-1.18512  	0.01276  	0.22097  	0.20329  	-3.02442  	0.06244  	-0.08568  	-83.70267  	-0.38594  	59.99873  	65.21632  	-19721.96155  	-9636.27410  	Inf  	-Inf  	0.00433  	0.00003  	0.00420  	0.00424  	0.00499  	0.00000  	0.00000  
197.81424  	25.68938  	39.92815  	39.84961  	32.30637  	-1.18512  	0.01301  	0.21992  	0.20314  	-3.02442  	0.06418  	-0.08570  	-83.69536  	-0.38939  	59.95330  	64.90657  	-19721.69574  	-9636.29681  	Inf  	-Inf  	0.00433  	0.00003  	0.00421  	0.00425  	0.00499  	0.00000  	0.00000  
198.81475  	25.69032  	39.92853  	39.85055  	32.30682  	-1.18512  	0.01360  	0.22032  	0.20559  	-3.02442  	0.06328  	-0.08570  	-83.68929  	-0.38655  	60.67776  	65.02566  	-19721.99889  	-9636.41463  	Inf  	-Inf  	0.00433  	0.00003  	0.00420  	0.00426  	0.00499  	0.00000  	0.00000  
199.81412  	25.69005  	39.92939  	39.85159  	32.30796  	-1.18512  	0.01356  	0.22034  	0.20181  	-3.02442  	0.06536  	-0.08569  	-83.70713  	-0.38570  	59.56306  	65.03020  	-19722.18494  	-9636.58513  	Inf  	-Inf  	0.00432  	0.00003  	0.00421  	0.00426  	0.00499  	0.00000  	0.00000  
200.81406  	25.69099  	39.92897  	39.85153  	32.30727  	-1.18512  	0.01280  	0.21956  	0.20336  	-3.02442  	0.06418  	-0.08564  	-83.68653  	-0.38389  	60.01867  	64.80157  	-19722.23893  	-9636.54224  	Inf  	-Inf  	0.00433  	0.00003  	0.00421  	0.00425  	0.00499  	0.00000  	0.00000  
201.81472  	25.69091  	39.92891  	39.85214  	32.30646  	-1.18512  	0.01346  	0.22088  	0.20238  	-3.02442  	0.06535  	-0.08567  	-83.67727  	-0.38059  	59.73155  	65.19135  	-19722.04811  	-9636.59145  	Inf  	-Inf  	0.00432  	0.00003  	0.00421  	0.00426  	0.00499  	0.00000  	0.00000  
202.81464  	25.69070  	39.92978  	39.85275  	32.30673  	-1.18512  	0.01376  	0.21972  	0.20466  	-3.02442  	0.06222  	-0.08575  	-83.68328  	-0.38183  	60.40413  	64.84728  	-19722.05961  	-9636.72442  	Inf  	-Inf  	0.00433  	0.00002  	0.00420  	0.00426  	0.00499  	0.00000  	0.00000  
203.81757  	25.69158  	39.93165  	39.85282  	32.30718  	-1.18512  	0.01264  	0.21976  	0.20155  	-3.02442  	0.06423  	-0.08568  	-83.67790  	-0.39079  	59.48425  	64.86082  	-19722.34732  	-9636.89765  	Inf  	-Inf  	0.00432  	0.00003  	0.00421  	0.00424  	0.00499  	0.00000  	0.00000  
204.81955  	25.69247  	39.93211  	39.85291  	32.30711  	-1.18512  	0.01273  	0.21971  	0.20501  	-3.02442  	0.06318  	-0.08567  	-83.66577  	-0.39260  	60.50567  	64.84533  	-19722.52731  	-9636.94800  	Inf  	-Inf  	0.00433  	0.00003  	0.00420  	0.00424  	0.00499  	0.00000  	0.00000  
205.81961  	25.69284  	39.93184  	39.85429  	32.30688  	-1.18512  	0.01336  	0.21995  	0.20311  	-3.02442  	0.06314  	-0.08568  	-83.65812  	-0.38443  	59.94581  	64.91449  	-19722.55801  	-9637.04787  	Inf  	-Inf  	0.00432  	0.00003  	0.00420  	0.00426  	0.00499  	0.00000  	0.00000  
206.81956  	25.69319  	39.93181  	39.85419  	32.30709  	-1.18512  	0.01253  	0.22004  	0.20426  	-3.02442  	0.06307  	-0.08568  	-83.65634  	-0.38477  	60.28492  	64.94120  	-19722.67827  	-9637.03601  	Inf  	-Inf  	0.00433  	0.00003  	0.00420  	0.00424  	0.00499  	0.00000  	0.00000  
207.82029  	25.69280  	39.93222  	39.85432  	32.30814  	-1.18512  	0.01340  	0.21982  	0.20339  	-3.02442  	0.06300  	-0.08568  	-83.67451  	-0.38620  	60.02851  	64.87799  	-19722.82097  	-9637.08402  	Inf  	-Inf  	0.00433  	0.00003  	0.00420  	0.00426  	0.00499  	0.00000  	0.00000  
208.82128  	25.69217  	39.93262  	39.85415  	32.30819  	-1.18512  	0.01298  	0.21885  	0.20235  	-3.02442  	0.06476  	-0.08568  	-83.68318  	-0.38900  	59.72010  	64.59249  	-19722.69462  	-9637.10525  	Inf  	-Inf  	0.00432  	0.00003  	0.00421  	0.00425  	0.00498  	0.00000  	0.00000  
209.82125  	25.69358  	39.93248  	39.85432  	32.30806  	-1.18512  	0.01383  	0.21973  	0.20257  	-3.02442  	0.06380  	-0.08566  	-83.66373  	-0.38748  	59.78749  	64.85110  	-19722.97436  	-9637.10707  	Inf  	-Inf  	0.00432  	0.00003  	0.00420  	0.00427  	0.00499  	0.00000  	0.00000  
210.82280  	25.69480  	39.93319  	39.85512  	32.30857  	-1.18512  	0.01345  	0.21924  	0.20353  	-3.02442  	0.06422  	-0.08573  	-83.65470  	-0.38701  	60.06816  	64.70770  	-19723.34874  	-9637.24317  	Inf  	-Inf  	0.00433  	0.00003  	0.00421  	0.00426  	0.00499  	0.00000  	0.00000  
211.82271  	25.69355  	39.93403  	39.85494  	32.30844  	-1.18512  	0.01222  	0.21962  	0.20455  	-3.02442  	0.06391  	-0.08570  	-83.66894  	-0.39211  	60.36934  	64.81913  	-19723.04999  	-9637.30202  	Inf  	-Inf  	0.00433  	0.00003  	0.00420  	0.00423  	0.00499  	0.00000  	0.00000  
