Tempo	T_cold_in(C)	T_hot_in(C)	T_hot_out(C)	T_cold_out(C)	mdot_cold(kg/s)	mdot_air(kg/s)	Diferencial_cold(bar)	Diferencial_hot(bar)	mdot_hot(kg/s)	ABS_cold(bar)	ABS_hot(bar)	q_cold(kW)	q_hot(kW)	ASFASYFY	Tau_cold_haste	Re_hot	Re_cold	U_global	PSIG_cold(bar)	R_fouling	PSIG_hot(bar)	PSID_hot(bar)	m_dot_hot	PSID_cold(bar)	m_dot_cold	
81.76187	24.529	39.69682	39.5592	26.5236	-1.18512	0.04867	1.38408	1.41904	-3.02442	0.06341	-0.08562	-25.22902	-0.68229	418.81313	408.49641	-18235.73726	-9589.51491	Inf  	#NOME?	0.00627	0.00003	0.0042	0.00493	0.01035	0	0
82.76217	24.53662	39.69444	39.55797	26.52603	-1.18512	0.04917	1.38468	1.42264	-3.02442	0.06502	-0.08565	-25.16348	-0.67654	419.8777	408.67258	-18237.85551	-9589.19175	Inf  	#NOME?	0.00628	0.00003	0.00421	0.00494	0.01035	0	0
83.76182	24.54372	39.69193	39.55583	26.52866	-1.18512	0.04988	1.38543	1.41911	-3.02442	0.06612	-0.0857	-25.1069	-0.67474	418.83361	408.89455	-18239.90844	-9588.77486	Inf  	#NOME?	0.00627	0.00003	0.00421	0.00496	0.01036	0	0
84.76141	24.55033	39.69049	39.55421	26.53162	-1.18512	0.05049	1.38539	1.4212	-3.02442	0.06589	-0.08566	-25.0607	-0.67563	419.45132	408.88275	-18241.92779	-9588.50029	Inf  	#NOME?	0.00627	0.00003	0.00421	0.00497	0.01036	0	0
85.76277	24.55741	39.68806	39.55177	26.53421	-1.18512	0.05026	1.38653	1.41972	-3.02442	0.06569	-0.08568	-25.00384	-0.67566	419.01591	409.21994	-18243.96728	-9588.0635	Inf  	#NOME?	0.00627	0.00003	0.00421	0.00497	0.01036	0	0
86.76638	24.56466	39.68672	39.55023	26.53675	-1.18512	0.05111	1.38522	1.42147	-3.02442	0.06622	-0.08563	-24.94423	-0.67661	419.53067	408.83201	-18246.03136	-9587.80588	Inf  	#NOME?	0.00627	0.00003	0.00421	0.00498	0.01036	0	0
87.76659	24.57221	39.68383	39.54715	26.53988	-1.18512	0.05037	1.38556	1.42099	-3.02442	0.06604	-0.08568	-24.88838	-0.67758	419.39065	408.934	-18248.28499	-9587.27119	Inf  	#NOME?	0.00627	0.00003	0.00421	0.00497	0.01036	0	0
88.76811	24.58022	39.68181	39.54619	26.5438	-1.18512	0.05096	1.38451	1.41859	-3.02442	0.06483	-0.08567	-24.83667	-0.67234	418.68145	408.62355	-18250.80172	-9587.00414	Inf  	#NOME?	0.00627	0.00003	0.00421	0.00498	0.01035	0	0
89.76772	24.58657	39.68012	39.54435	26.547	-1.18512	0.05027	1.38527	1.41974	-3.02442	0.06637	-0.08576	-24.79683	-0.67309	419.02107	408.84721	-18252.81704	-9586.68759	Inf  	#NOME?	0.00627	0.00002	0.00421	0.00497	0.01036	0	0
90.7678	24.59316	39.67943	39.54319	26.54975	-1.18512	0.05041	1.3846	1.42033	-3.02442	0.06635	-0.08569	-24.74826	-0.67545	419.19514	408.64846	-18254.78506	-9586.52136	Inf  	#NOME?	0.00627	0.00003	0.00421	0.00497	0.01035	0	0
91.76923	24.60105	39.67752	39.54052	26.55368	-1.18512	0.04856	1.3844	1.4223	-3.02442	0.06455	-0.08563	-24.6981	-0.67916	419.77482	408.58959	-18257.28102	-9586.11112	Inf  	#NOME?	0.00628	0.00003	0.00421	0.00493	0.01035	0	0
92.76856	24.60896	39.67524	39.53914	26.55731	-1.18512	0.0499	1.38701	1.4175	-3.02442	0.06472	-0.08572	-24.64409	-0.67474	418.358	409.36165	-18259.7159	-9585.78295	Inf  	#NOME?	0.00627	0.00003	0.00421	0.00496	0.01037	0	0
93.7687	24.61585	39.67456	39.53772	26.56052	-1.18512	0.0498	1.38569	1.42106	-3.02442	0.06504	-0.08566	-24.59756	-0.67834	419.41019	408.96962	-18261.84781	-9585.59483	Inf  	#NOME?	0.00627	0.00003	0.00421	0.00496	0.01036	0	0
94.7688	24.62262	39.6737	39.53672	26.56406	-1.18512	0.04918	1.38531	1.41861	-3.02442	0.06334	-0.08567	-24.55662	-0.67907	418.68764	408.85942	-18264.02239	-9585.42846	Inf  	#NOME?	0.00627	0.00003	0.0042	0.00494	0.01036	0	0
95.7687	24.63116	39.6722	39.5359	26.56821	-1.18512	0.05069	1.38353	1.42119	-3.02442	0.06486	-0.08562	-24.50118	-0.67571	419.44903	408.33338	-18266.70175	-9585.21992	Inf  	#NOME?	0.00627	0.00003	0.00421	0.00497	0.01035	0	0
96.76858	24.63824	39.67158	39.53436	26.57166	-1.18512	0.0506	1.38309	1.41375	-3.02442	0.06463	-0.08573	-24.45523	-0.68027	417.25273	408.20254	-18268.92319	-9585.02689	Inf  	#NOME?	0.00626	0.00003	0.00421	0.00497	0.01035	0	0
97.7697	24.64579	39.67078	39.53516	26.57574	-1.18512	0.05053	1.38326	1.41754	-3.02442	0.0644	-0.08569	-24.41131	-0.67232	418.37046	408.2545	-18271.38034	-9585.02689	Inf  	#NOME?	0.00627	0.00003	0.00421	0.00497	0.01035	0	0
98.76975	24.6524	39.67107	39.53487	26.58002	-1.18512	0.05046	1.38367	1.41814	-3.02442	0.06475	-0.08564	-24.38185	-0.67521	418.54748	408.37384	-18273.67706	-9585.02689	Inf  	#NOME?	0.00627	0.00003	0.00421	0.00497	0.01035	0	0
99.77002	24.66058	39.67046	39.53333	26.58466	-1.18512	0.05114	1.38333	1.41783	-3.02442	0.06504	-0.08571	-24.337	-0.67982	418.45719	408.27521	-18276.3836	-9584.83457	Inf  	#NOME?	0.00627	0.00003	0.00421	0.00498	0.01035	0	0
100.7697	24.6678	39.66876	39.53362	26.59048	-1.18512	0.05082	1.3836	1.41752	-3.02442	0.06376	-0.08565	-24.31939	-0.66995	418.36481	408.35402	-18279.13501	-9584.70828	Inf  	#NOME?	0.00627	0.00003	0.0042	0.00498	0.01035	0	0
101.7697	24.6743	39.66794	39.533	26.59381	-1.18512	0.05038	1.38379	1.42177	-3.02442	0.06484	-0.08565	-24.27926	-0.66894	419.6193	408.40922	-18281.21049	-9584.57852	Inf  	#NOME?	0.00627	0.00003	0.00421	0.00497	0.01035	0	0
102.76991	24.68178	39.66763	39.5326	26.59821	-1.18512	0.0509	1.38418	1.41707	-3.02442	0.06492	-0.08564	-24.24037	-0.66939	418.23121	408.52464	-18283.71962	-9584.51516	Inf  	#NOME?	0.00627	0.00003	0.00421	0.00498	0.01035	0	0
103.76967	24.69007	39.66788	39.53266	26.60332	-1.18512	0.05135	1.38375	1.41688	-3.02442	0.06426	-0.08567	-24.20005	-0.67033	418.17683	408.39971	-18286.54942	-9584.54332	Inf  	#NOME?	0.00627	0.00003	0.00421	0.00499	0.01035	0	0
104.76967	24.69843	39.66708	39.53182	26.60875	-1.18512	0.05017	1.38318	1.41703	-3.02442	0.06504	-0.08562	-24.16293	-0.67056	418.22071	408.22893	-18289.46116	-9584.39542	Inf  	#NOME?	0.00627	0.00003	0.00421	0.00496	0.01035	0	0
105.77093	24.70586	39.66531	39.5313	26.61209	-1.18512	0.04918	1.38466	1.42234	-3.02442	0.06311	-0.08565	-24.11136	-0.66434	419.78879	408.66659	-18291.73531	-9584.19101	Inf  	#NOME?	0.00628	0.00003	0.0042	0.00494	0.01035	0	0
106.77153	24.71426	39.66548	39.5292	26.61697	-1.18512	0.04953	1.38393	1.42265	-3.02442	0.06538	-0.08572	-24.06675	-0.67561	419.88062	408.45282	-18294.5393	-9584.01746	Inf  	#NOME?	0.00628	0.00003	0.00421	0.00495	0.01035	0	0
107.77195	24.72248	39.66476	39.52782	26.62173	-1.18512	0.04954	1.38454	1.41817	-3.02442	0.06407	-0.08568	-24.023	-0.67886	418.55641	408.6314	-18297.27942	-9583.82962	Inf  	#NOME?	0.00627	0.00003	0.00421	0.00495	0.01035	0	0
108.77146	24.72997	39.66463	39.52721	26.62641	-1.18512	0.04984	1.38508	1.41717	-3.02442	0.06563	-0.08573	-23.98746	-0.68124	418.26107	408.78977	-18299.85149	-9583.7633	Inf  	#NOME?	0.00627	0.00003	0.00421	0.00496	0.01036	0	0
109.77253	24.73765	39.66455	39.52782	26.63016	-1.18512	0.05082	1.38485	1.42047	-3.02442	0.06534	-0.08568	-23.93775	-0.67782	419.23621	408.72294	-18302.26618	-9583.81043	Inf  	#NOME?	0.00627	0.00003	0.00421	0.00498	0.01036	0	0
110.77382	24.74529	39.66324	39.52781	26.63576	-1.18512	0.05065	1.38429	1.42037	-3.02442	0.06594	-0.08569	-23.91192	-0.6714	419.20549	408.55866	-18305.06045	-9583.69165	Inf  	#NOME?	0.00627	0.00003	0.00421	0.00497	0.01035	0	0
111.77451	24.75338	39.66366	39.52811	26.64093	-1.18512	0.05109	1.38436	1.41803	-3.02442	0.06666	-0.0857	-23.87502	-0.67201	418.51707	408.5797	-18307.86124	-9583.75735	Inf  	#NOME?	0.00627	0.00003	0.00421	0.00498	0.01035	0	0
112.77549	24.76124	39.66304	39.52703	26.64584	-1.18512	0.05019	1.38468	1.41584	-3.02442	0.06372	-0.08568	-23.83773	-0.67427	417.86995	408.67224	-18310.56077	-9583.60464	Inf  	#NOME?	0.00627	0.00003	0.0042	0.00496	0.01035	0	0
113.77587	24.77079	39.66244	39.52667	26.651	-1.18512	0.04847	1.38547	1.41537	-3.02442	0.0655	-0.08571	-23.78224	-0.67309	417.73067	408.90716	-18313.66788	-9583.51904	Inf  	#NOME?	0.00626	0.00003	0.00421	0.00493	0.01036	0	0
114.77632	24.77776	39.66273	39.52772	26.65543	-1.18512	0.04879	1.38491	1.41938	-3.02442	0.06428	-0.08567	-23.75	-0.66931	418.91308	408.74154	-18316.07631	-9583.63791	Inf  	#NOME?	0.00627	0.00003	0.00421	0.00494	0.01036	0	0
115.77729	24.7858	39.66276	39.52746	26.6603	-1.18512	0.05089	1.38427	1.42087	-3.02442	0.06621	-0.08567	-23.70993	-0.67073	419.35529	408.55141	-18318.80501	-9583.61788	Inf  	#NOME?	0.00627	0.00003	0.00421	0.00498	0.01035	0	0
116.77647	24.79433	39.66235	39.52743	26.66608	-1.18512	0.04904	1.38402	1.4197	-3.02442	0.06342	-0.08563	-23.67507	-0.66888	419.00833	408.47732	-18321.82742	-9583.57882	Inf  	#NOME?	0.00627	0.00003	0.0042	0.00494	0.01035	0	0
117.77735	24.80283	39.6626	39.52775	26.67177	-1.18512	0.05052	1.38267	1.41993	-3.02442	0.06468	-0.08568	-23.63964	-0.66853	419.07526	408.07863	-18324.82598	-9583.62982	Inf  	#NOME?	0.00627	0.00003	0.00421	0.00497	0.01035	0	0
118.77783	24.81047	39.66199	39.52829	26.67714	-1.18512	0.04923	1.3844	1.41703	-3.02442	0.06539	-0.08567	-23.61083	-0.66278	418.22121	408.59097	-18327.57556	-9583.62323	Inf  	#NOME?	0.00627	0.00003	0.00421	0.00495	0.01035	0	0
119.77858	24.81894	39.66181	39.52754	26.6826	-1.18512	0.04936	1.38381	1.41978	-3.02442	0.06547	-0.08561	-23.57286	-0.66566	419.03262	408.41531	-18330.51771	-9583.54008	Inf  	#NOME?	0.00627	0.00003	0.00421	0.00495	0.01035	0	0
120.7787	24.82701	39.66342	39.52709	26.68661	-1.18512	0.04984	1.38409	1.41955	-3.02442	0.06373	-0.08571	-23.52156	-0.67586	418.96529	408.49741	-18333.07173	-9583.64386	Inf  	#NOME?	0.00627	0.00003	0.0042	0.00496	0.01035	0	0
121.7787	24.8348	39.66322	39.52775	26.69238	-1.18512	0.0498	1.38521	1.42146	-3.02442	0.06397	-0.08564	-23.49595	-0.67157	419.52874	408.82923	-18335.9376	-9583.68532	Inf  	#NOME?	0.00627	0.00003	0.0042	0.00496	0.01036	0	0
122.77868	24.84302	39.66421	39.52842	26.69783	-1.18512	0.04915	1.38357	1.42003	-3.02442	0.06388	-0.0857	-23.46083	-0.67318	419.10566	408.34469	-18338.82586	-9583.83333	Inf  	#NOME?	0.00627	0.00003	0.0042	0.00494	0.01035	0	0
123.77867	24.85047	39.66529	39.53028	26.70345	-1.18512	0.04932	1.38444	1.41958	-3.02442	0.06467	-0.08563	-23.43777	-0.66928	418.97378	408.60165	-18341.58993	-9584.09745	Inf  	#NOME?	0.00627	0.00003	0.00421	0.00495	0.01035	0	0
124.7787	24.85953	39.66601	39.53093	26.70965	-1.18512	0.04882	1.38548	1.41704	-3.02442	0.0661	-0.08572	-23.40149	-0.66966	418.22363	408.90761	-18344.81606	-9584.22058	Inf  	#NOME?	0.00627	0.00003	0.00421	0.00494	0.01036	0	0
125.77866	24.86783	39.66638	39.532	26.71444	-1.18512	0.0478	1.38381	1.42121	-3.02442	0.06659	-0.08566	-23.35724	-0.66622	419.45345	408.41658	-18347.58385	-9584.3492	Inf  	#NOME?	0.00627	0.00003	0.00421	0.00492	0.01035	0	0
126.77974	24.87473	39.66654	39.53198	26.71903	-1.18512	0.05044	1.38416	1.42053	-3.02442	0.06445	-0.08563	-23.32794	-0.66706	419.25377	408.51937	-18350.01074	-9584.36165	Inf  	#NOME?	0.00627	0.00003	0.00421	0.00497	0.01035	0	0
127.7807	24.88414	39.66745	39.53309	26.72485	-1.18512	0.0499	1.38441	1.41863	-3.02442	0.06563	-0.08567	-23.28254	-0.66606	418.69308	408.59385	-18353.2333	-9584.54281	Inf  	#NOME?	0.00627	0.00003	0.00421	0.00496	0.01035	0	0
128.78182	24.89239	39.66861	39.53351	26.73092	-1.18512	0.0484	1.384	1.41915	-3.02442	0.06484	-0.08569	-23.25499	-0.66974	418.84718	408.47318	-18356.25938	-9584.68418	Inf  	#NOME?	0.00627	0.00003	0.00421	0.00493	0.01035	0	0
129.78278	24.90064	39.66931	39.53517	26.73651	-1.18512	0.04892	1.38367	1.42315	-3.02442	0.06427	-0.08562	-23.22132	-0.66504	420.02803	408.37351	-18359.1885	-9584.89583	Inf  	#NOME?	0.00628	0.00003	0.00421	0.00494	0.01035	0	0
130.78323	24.90889	39.66938	39.53616	26.74201	-1.18512	0.05005	1.38321	1.41763	-3.02442	0.06458	-0.08563	-23.1865	-0.66041	418.39903	408.23981	-18362.09505	-9584.99099	Inf  	#NOME?	0.00627	0.00003	0.00421	0.00496	0.01035	0	0
131.7824	24.91756	39.67049	39.53689	26.74909	-1.18512	0.05058	1.38472	1.41527	-3.02442	0.06531	-0.08567	-23.1664	-0.66232	417.70227	408.68492	-18365.42535	-9585.15637	Inf  	#NOME?	0.00626	0.00003	0.00421	0.00497	0.01036	0	0
132.78355	24.9261	39.67134	39.53786	26.75479	-1.18512	0.04984	1.385	1.41874	-3.02442	0.06438	-0.08572	-23.13059	-0.66176	418.72415	408.76673	-18368.43727	-9585.3186	Inf  	#NOME?	0.00627	0.00003	0.00421	0.00496	0.01036	0	0
133.78414	24.93407	39.67225	39.53894	26.76121	-1.18512	0.0478	1.38421	1.41895	-3.02442	0.06335	-0.0857	-23.11089	-0.66088	418.78733	408.53387	-18371.48202	-9585.49699	Inf  	#NOME?	0.00627	0.00003	0.0042	0.00492	0.01035	0	0
134.78472	24.94215	39.67349	39.53961	26.76643	-1.18512	0.05004	1.38406	1.42074	-3.02442	0.06533	-0.08566	-23.07462	-0.6637	419.31593	408.49006	-18374.29391	-9585.66855	Inf  	#NOME?	0.00627	0.00003	0.00421	0.00496	0.01035	0	0
135.78504	24.95001	39.67503	39.54028	26.77267	-1.18512	0.05052	1.3852	1.41667	-3.02442	0.06526	-0.0857	-23.05417	-0.66804	418.11544	408.82756	-18377.27732	-9585.86611	Inf  	#NOME?	0.00627	0.00003	0.00421	0.00497	0.01036	0	0
136.78633	24.95898	39.6752	39.54154	26.77928	-1.18512	0.05006	1.38436	1.42105	-3.02442	0.0646	-0.08564	-23.0244	-0.66263	419.40763	408.57859	-18380.57439	-9585.99477	Inf  	#NOME?	0.00627	0.00003	0.00421	0.00496	0.01035	0	0
137.78641	24.96704	39.67658	39.5421	26.7842	-1.18512	0.05017	1.38431	1.42105	-3.02442	0.06626	-0.08563	-22.98469	-0.66665	419.40759	408.56237	-18383.31924	-9586.16856	Inf  	#NOME?	0.00627	0.00003	0.00421	0.00496	0.01035	0	0
138.78659	24.97574	39.67762	39.54312	26.78953	-1.18512	0.05058	1.38432	1.41911	-3.02442	0.06512	-0.08565	-22.94205	-0.6668	418.83503	408.56698	-18386.28821	-9586.35328	Inf  	#NOME?	0.00627	0.00003	0.00421	0.00497	0.01035	0	0
139.78964	24.98475	39.6784	39.54467	26.7963	-1.18512	0.05137	1.38454	1.42033	-3.02442	0.06402	-0.08567	-22.91368	-0.66295	419.19413	408.63015	-18389.62725	-9586.56159	Inf  	#NOME?	0.00627	0.00003	0.0042	0.00499	0.01035	0	0
140.78965	24.99312	39.67921	39.54607	26.80234	-1.18512	0.05063	1.38413	1.42258	-3.02442	0.06618	-0.08564	-22.88423	-0.66004	419.85993	408.51204	-18392.67474	-9586.75929	Inf  	#NOME?	0.00628	0.00003	0.00421	0.00497	0.01035	0	0
141.78982	25.0007	39.68114	39.54697	26.80857	-1.18512	0.05072	1.38375	1.4201	-3.02442	0.0651	-0.08567	-22.86714	-0.66514	419.12601	408.39725	-18395.60069	-9587.01348	Inf  	#NOME?	0.00627	0.00003	0.00421	0.00497	0.01035	0	0
142.78969	25.00926	39.68186	39.54811	26.81421	-1.18512	0.04927	1.38537	1.41945	-3.02442	0.06486	-0.08571	-22.8302	-0.66307	418.93369	408.87526	-18398.60322	-9587.1802	Inf  	#NOME?	0.00627	0.00003	0.00421	0.00495	0.01036	0	0
143.78977	25.01841	39.68282	39.54935	26.82127	-1.18512	0.04947	1.38314	1.41811	-3.02442	0.06454	-0.08572	-22.80383	-0.66163	418.53888	408.21749	-18402.03456	-9587.37728	Inf  	#NOME?	0.00627	0.00003	0.00421	0.00495	0.01035	0	0
144.7897	25.02686	39.68384	39.5503	26.8261	-1.18512	0.04884	1.38249	1.41965	-3.02442	0.06618	-0.08565	-22.75795	-0.66203	418.99343	408.02802	-18404.84423	-9587.55429	Inf  	#NOME?	0.00627	0.00003	0.00421	0.00494	0.01034	0	0
145.78979	25.0345	39.68455	39.55221	26.83297	-1.18512	0.04988	1.38152	1.41468	-3.02442	0.06486	-0.08568	-22.74831	-0.65604	417.52807	407.73924	-18407.91731	-9587.78882	Inf  	#NOME?	0.00626	0.00003	0.00421	0.00496	0.01034	0	0
146.7909	25.04194	39.68616	39.55298	26.83995	-1.18512	0.0498	1.381	1.41876	-3.02442	0.06513	-0.08568	-22.74241	-0.66022	418.72998	407.58727	-18410.96969	-9588.0021	Inf  	#NOME?	0.00627	0.00003	0.00421	0.00496	0.01034	0	0
147.79069	25.0508	39.6881	39.55488	26.84778	-1.18512	0.05008	1.3825	1.41872	-3.02442	0.06466	-0.08567	-22.72931	-0.66044	418.71881	408.02886	-18414.5038	-9588.34555	Inf  	#NOME?	0.00627	0.00003	0.00421	0.00496	0.01034	0	0
148.79118	25.05941	39.68982	39.55588	26.85427	-1.18512	0.0512	1.38234	1.41651	-3.02442	0.0648	-0.08568	-22.70247	-0.66402	418.06706	407.98269	-18417.69982	-9588.59009	Inf  	#NOME?	0.00627	0.00003	0.00421	0.00498	0.01034	0	0
149.7918	25.06714	39.68955	39.55644	26.8598	-1.18512	0.05035	1.38247	1.41796	-3.02442	0.06434	-0.08566	-22.67478	-0.6599	418.49581	408.02096	-18420.50684	-9588.6162	Inf  	#NOME?	0.00627	0.00003	0.00421	0.00497	0.01034	0	0
150.79195	25.07537	39.69096	39.55741	26.86706	-1.18512	0.05033	1.38315	1.41819	-3.02442	0.06536	-0.08569	-22.66246	-0.66208	418.56392	408.22072	-18423.78708	-9588.82992	Inf  	#NOME?	0.00627	0.00003	0.00421	0.00497	0.01035	0	0
151.79212	25.08426	39.69257	39.55848	26.87333	-1.18512	0.05049	1.38287	1.41758	-3.02442	0.06531	-0.08569	-22.62933	-0.66473	418.38308	408.13751	-18426.99617	-9589.06958	Inf  	#NOME?	0.00627	0.00003	0.00421	0.00497	0.01035	0	0
152.7921	25.09288	39.69353	39.56103	26.87987	-1.18512	0.04897	1.38266	1.41884	-3.02442	0.06565	-0.08568	-22.6031	-0.65684	418.75353	408.07638	-18430.208	-9589.38397	Inf  	#NOME?	0.00627	0.00003	0.00421	0.00494	0.01035	0	0
153.79243	25.10167	39.69504	39.56249	26.88578	-1.18512	0.04851	1.38337	1.41994	-3.02442	0.06556	-0.08569	-22.56653	-0.6571	419.08055	408.28569	-18433.32091	-9589.6495	Inf  	#NOME?	0.00627	0.00003	0.00421	0.00493	0.01035	0	0
154.79302	25.10968	39.69597	39.56396	26.89094	-1.18512	0.05009	1.38226	1.41936	-3.02442	0.06452	-0.0857	-22.53054	-0.65442	418.90703	407.95926	-18436.11166	-9589.86569	Inf  	#NOME?	0.00627	0.00003	0.00421	0.00496	0.01034	0	0
155.79461	25.11852	39.69767	39.56501	26.89883	-1.18512	0.05049	1.38215	1.41924	-3.02442	0.06687	-0.0857	-22.51849	-0.65769	418.87164	407.92628	-18439.65592	-9590.11156	Inf  	#NOME?	0.00627	0.00003	0.00421	0.00497	0.01034	0	0
156.79489	25.12765	39.69922	39.56661	26.90581	-1.18512	0.04964	1.38351	1.41534	-3.02442	0.06574	-0.08568	-22.49135	-0.65744	417.72124	408.32756	-18443.06852	-9590.39394	Inf  	#NOME?	0.00626	0.00003	0.00421	0.00495	0.01035	0	0
157.79523	25.13648	39.70081	39.56711	26.91241	-1.18512	0.04989	1.38183	1.41715	-3.02442	0.06444	-0.08567	-22.46308	-0.66281	418.25567	407.83121	-18446.33589	-9590.58123	Inf  	#NOME?	0.00627	0.00003	0.00421	0.00496	0.01034	0	0
158.79492	25.14475	39.70144	39.56785	26.91854	-1.18512	0.05032	1.3822	1.41818	-3.02442	0.06415	-0.0857	-22.43608	-0.66228	418.55935	407.94027	-18449.38747	-9590.70393	Inf  	#NOME?	0.00627	0.00003	0.00421	0.00497	0.01034	0	0
159.79505	25.15318	39.70281	39.5703	26.92596	-1.18512	0.05005	1.38311	1.41695	-3.02442	0.0657	-0.08571	-22.42326	-0.6569	418.19694	408.20816	-18452.7436	-9591.04698	Inf  	#NOME?	0.00627	0.00003	0.00421	0.00496	0.01035	0	0
160.7958	25.16199	39.70427	39.57143	26.93278	-1.18512	0.05008	1.38277	1.41824	-3.02442	0.06527	-0.08565	-22.3981	-0.65853	418.57699	408.10892	-18456.05586	-9591.27887	Inf  	#NOME?	0.00627	0.00003	0.00421	0.00496	0.01035	0	0
161.79608	25.17037	39.70623	39.57212	26.9386	-1.18512	0.04909	1.38139	1.41958	-3.02442	0.06476	-0.08566	-22.36576	-0.66485	418.97328	407.70181	-18459.0653	-9591.51568	Inf  	#NOME?	0.00627	0.00003	0.00421	0.00494	0.01034	0	0
162.7968	25.17871	39.70775	39.57363	26.94468	-1.18512	0.04812	1.38347	1.41938	-3.02442	0.06416	-0.08568	-22.33725	-0.66489	418.91427	408.3162	-18462.12194	-9591.78734	Inf  	#NOME?	0.00627	0.00003	0.00421	0.00492	0.01035	0	0
163.79647	25.1875	39.70871	39.57668	26.9512	-1.18512	0.0495	1.38318	1.41654	-3.02442	0.06424	-0.08565	-22.30841	-0.65456	418.07648	408.23088	-18465.36568	-9592.14686	Inf  	#NOME?	0.00627	0.00003	0.00421	0.00495	0.01035	0	0
164.79659	25.19717	39.71023	39.57823	26.95836	-1.18512	0.05001	1.38265	1.41786	-3.02442	0.06539	-0.08566	-22.27669	-0.6544	418.46577	408.07338	-18468.9324	-9592.42177	Inf  	#NOME?	0.00627	0.00003	0.00421	0.00496	0.01035	0	0
165.79657	25.2057	39.71175	39.57947	26.96476	-1.18512	0.04902	1.38304	1.42038	-3.02442	0.06405	-0.08565	-22.24977	-0.6558	419.2096	408.18784	-18472.09808	-9592.66961	Inf  	#NOME?	0.00627	0.00003	0.0042	0.00494	0.01035	0	0
166.79782	25.21337	39.7126	39.58128	26.97129	-1.18512	0.0516	1.38324	1.41782	-3.02442	0.06604	-0.08571	-22.23536	-0.65102	418.45431	408.24866	-18475.10826	-9592.90822	Inf  	#NOME?	0.00627	0.00003	0.00421	0.00499	0.01035	0	0
167.80002	25.2229	39.71353	39.58206	26.9788	-1.18512	0.05046	1.38299	1.41775	-3.02442	0.06606	-0.08564	-22.20972	-0.65176	418.43237	408.17478	-18478.71964	-9593.06151	Inf  	#NOME?	0.00627	0.00003	0.00421	0.00497	0.01035	0	0
168.7997	25.23168	39.7162	39.58355	26.98687	-1.18512	0.05024	1.38292	1.41706	-3.02442	0.06402	-0.0856	-22.2008	-0.6576	418.22889	408.1539	-18482.2916	-9593.43442	Inf  	#NOME?	0.00627	0.00003	0.0042	0.00496	0.01035	0	0
169.79993	25.24002	39.7185	39.58683	26.99267	-1.18512	0.05024	1.3825	1.419	-3.02442	0.06596	-0.08571	-22.1687	-0.65273	418.8011	408.02979	-18485.29164	-9593.93468	Inf  	#NOME?	0.00627	0.00003	0.00421	0.00496	0.01034	0	0
170.79976	25.24825	39.72073	39.58913	26.99903	-1.18512	0.05058	1.38243	1.41901	-3.02442	0.06403	-0.08567	-22.14493	-0.65237	418.8042	408.00937	-18488.38459	-9594.34013	Inf  	#NOME?	0.00627	0.00003	0.0042	0.00497	0.01034	0	0
171.79976	25.2577	39.72306	39.59203	27.00639	-1.18512	0.05087	1.38328	1.4196	-3.02442	0.0644	-0.08569	-22.11854	-0.6496	418.97853	408.25874	-18491.94974	-9594.80874	Inf  	#NOME?	0.00627	0.00003	0.00421	0.00498	0.01035	0	0
172.79968	25.26675	39.72451	39.59407	27.0131	-1.18512	0.04851	1.38342	1.41639	-3.02442	0.06538	-0.08572	-22.089	-0.64666	418.03045	408.30091	-18495.29079	-9595.12228	Inf  	#NOME?	0.00627	0.00003	0.00421	0.00493	0.01035	0	0
173.79967	25.27447	39.72625	39.59496	27.02061	-1.18512	0.05069	1.38183	1.41716	-3.02442	0.06452	-0.08575	-22.08633	-0.65089	418.26	407.8312	-18498.52023	-9595.35756	Inf  	#NOME?	0.00627	0.00002	0.00421	0.00497	0.01034	0	0
174.79943	25.28262	39.72821	39.59626	27.02725	-1.18512	0.04881	1.38278	1.41872	-3.02442	0.06465	-0.08569	-22.06725	-0.65416	418.72069	408.11358	-18501.65709	-9595.64975	Inf  	#NOME?	0.00627	0.00003	0.00421	0.00494	0.01035	0	0
175.79975	25.29251	39.73037	39.59915	27.03356	-1.18512	0.05014	1.38263	1.41766	-3.02442	0.06466	-0.08568	-22.02196	-0.65052	418.4066	408.06727	-18505.09389	-9596.10223	Inf  	#NOME?	0.00627	0.00003	0.00421	0.00496	0.01035	0	0
176.80178	25.30065	39.732	39.60025	27.04115	-1.18512	0.05074	1.3825	1.41775	-3.02442	0.06528	-0.08566	-22.01493	-0.65317	418.43431	408.02876	-18508.42878	-9596.34663	Inf  	#NOME?	0.00627	0.00003	0.00421	0.00497	0.01034	0	0
177.80255	25.30938	39.73432	39.60202	27.0483	-1.18512	0.05039	1.38181	1.41922	-3.02442	0.06575	-0.08568	-21.99491	-0.65588	418.86602	407.82641	-18511.79891	-9596.71346	Inf  	#NOME?	0.00627	0.00003	0.00421	0.00497	0.01034	0	0
178.80412	25.31805	39.73603	39.60424	27.05431	-1.18512	0.04936	1.38224	1.41921	-3.02442	0.06599	-0.08567	-21.96133	-0.6533	418.86486	407.95243	-18514.91421	-9597.06604	Inf  	#NOME?	0.00627	0.00003	0.00421	0.00495	0.01034	0	0
179.80343	25.32729	39.73623	39.60581	27.06188	-1.18512	0.05153	1.38393	1.41744	-3.02442	0.06761	-0.08573	-21.94019	-0.64656	418.34285	408.45196	-18518.47808	-9597.22544	Inf  	#NOME?	0.00627	0.00003	0.00422	0.00499	0.01035	0	0
180.80417	25.33734	39.73819	39.60705	27.06926	-1.18512	0.04926	1.38345	1.4156	-3.02442	0.06556	-0.08575	-21.90642	-0.65014	417.79923	408.30936	-18522.17587	-9597.51105	Inf  	#NOME?	0.00626	0.00002	0.00421	0.00495	0.01035	0	0
181.80472	25.34514	39.7402	39.60834	27.07574	-1.18512	0.0488	1.38308	1.41773	-3.02442	0.06524	-0.08568	-21.88973	-0.6537	418.42761	408.20176	-18525.20671	-9597.80788	Inf  	#NOME?	0.00627	0.00003	0.00421	0.00494	0.01035	0	0
182.80505	25.35393	39.74198	39.6093	27.08279	-1.18512	0.05028	1.38422	1.41643	-3.02442	0.06448	-0.08567	-21.86773	-0.65774	418.04311	408.53663	-18528.56952	-9598.053	Inf  	#NOME?	0.00627	0.00003	0.00421	0.00497	0.01035	0	0
183.80486	25.36331	39.74405	39.61141	27.09025	-1.18512	0.04962	1.38308	1.41499	-3.02442	0.06458	-0.08574	-21.8435	-0.65758	417.61904	408.20035	-18532.14291	-9598.42772	Inf  	#NOME?	0.00626	0.00003	0.00421	0.00495	0.01035	0	0
184.80549	25.37207	39.74432	39.61275	27.09623	-1.18512	0.04972	1.3837	1.4172	-3.02442	0.06573	-0.08569	-21.80822	-0.65227	418.27156	408.38416	-18535.27159	-9598.57232	Inf  	#NOME?	0.00627	0.00003	0.00421	0.00495	0.01035	0	0
185.80589	25.37958	39.74554	39.61418	27.10277	-1.18512	0.05035	1.38218	1.41776	-3.02442	0.06541	-0.08566	-21.7961	-0.65121	418.43507	407.93607	-18538.25293	-9598.81005	Inf  	#NOME?	0.00627	0.00003	0.00421	0.00497	0.01034	0	0
186.80616	25.38833	39.74697	39.61549	27.11063	-1.18512	0.04921	1.38229	1.41879	-3.02442	0.06578	-0.08569	-21.78473	-0.65183	418.73946	407.96705	-18541.77987	-9599.05564	Inf  	#NOME?	0.00627	0.00003	0.00421	0.00494	0.01034	0	0
187.80692	25.39863	39.74863	39.61693	27.11758	-1.18512	0.04872	1.38311	1.41902	-3.02442	0.06374	-0.08569	-21.74239	-0.6529	418.8088	408.20983	-18545.44005	-9599.33327	Inf  	#NOME?	0.00627	0.00003	0.0042	0.00494	0.01035	0	0
188.8066	25.40761	39.74997	39.61826	27.12519	-1.18512	0.04881	1.38372	1.41932	-3.02442	0.06404	-0.08571	-21.72497	-0.65296	418.897	408.3906	-18548.96302	-9599.57283	Inf  	#NOME?	0.00627	0.00003	0.0042	0.00494	0.01035	0	0
189.80657	25.41677	39.75185	39.61993	27.13197	-1.18512	0.04878	1.38377	1.42053	-3.02442	0.06496	-0.08565	-21.69501	-0.65399	419.25494	408.40468	-18552.34655	-9599.89031	Inf  	#NOME?	0.00627	0.00003	0.00421	0.00494	0.01035	0	0
190.80676	25.42452	39.75284	39.62137	27.13816	-1.18512	0.05006	1.3832	1.42068	-3.02442	0.06468	-0.08563	-21.67525	-0.65176	419.29823	408.23494	-18555.30614	-9600.10853	Inf  	#NOME?	0.00627	0.00003	0.00421	0.00496	0.01035	0	0
191.8066	25.43368	39.75425	39.62246	27.14582	-1.18512	0.05021	1.38393	1.42048	-3.02442	0.06538	-0.08568	-21.65622	-0.65335	419.24012	408.45075	-18558.87654	-9600.33188	Inf  	#NOME?	0.00627	0.00003	0.00421	0.00496	0.01035	0	0
192.80656	25.44328	39.75626	39.62444	27.15266	-1.18512	0.04976	1.38332	1.41583	-3.02442	0.0664	-0.08569	-21.62142	-0.65351	417.8677	408.27106	-18562.36858	-9600.68961	Inf  	#NOME?	0.00627	0.00003	0.00421	0.00496	0.01035	0	0
193.80668	25.45122	39.75734	39.62659	27.15959	-1.18512	0.05164	1.38156	1.4144	-3.02442	0.06483	-0.0857	-21.60852	-0.64818	417.44407	407.75159	-18565.52584	-9600.97995	Inf  	#NOME?	0.00626	0.00003	0.00421	0.00499	0.01034	0	0
194.80659	25.45899	39.75945	39.62915	27.16655	-1.18512	0.04842	1.38017	1.41662	-3.02442	0.06413	-0.08568	-21.59834	-0.64599	418.09858	407.34303	-18568.65532	-9601.39798	Inf  	#NOME?	0.00627	0.00003	0.00421	0.00493	0.01033	0	0
195.80819	25.46829	39.76001	39.62932	27.17289	-1.18512	0.04928	1.38068	1.41749	-3.02442	0.06538	-0.08567	-21.5608	-0.6479	418.35514	407.49249	-18571.9762	-9601.46305	Inf  	#NOME?	0.00627	0.00003	0.00421	0.00495	0.01034	0	0
196.80869	25.47734	39.76207	39.63107	27.18054	-1.18512	0.04985	1.38128	1.41399	-3.02442	0.06376	-0.08572	-21.54317	-0.6494	417.32217	407.66832	-18575.52254	-9601.80519	Inf  	#NOME?	0.00626	0.00003	0.0042	0.00496	0.01034	0	0
197.80867	25.48567	39.76422	39.63323	27.18791	-1.18512	0.05023	1.38159	1.41128	-3.02442	0.06352	-0.08566	-21.53104	-0.6494	416.52392	407.76011	-18578.8595	-9602.19214	Inf  	#NOME?	0.00626	0.00003	0.0042	0.00496	0.01034	0	0
198.80857	25.49422	39.76576	39.63421	27.19397	-1.18512	0.04943	1.38107	1.41613	-3.02442	0.06512	-0.08567	-21.49962	-0.65219	417.95546	407.60679	-18581.96245	-9602.41773	Inf  	#NOME?	0.00627	0.00003	0.00421	0.00495	0.01034	0	0
199.80859	25.50426	39.76693	39.63642	27.20298	-1.18512	0.04873	1.38142	1.41746	-3.02442	0.06502	-0.08571	-21.48647	-0.64703	418.34886	407.71204	-18586.00863	-9602.72045	Inf  	#NOME?	0.00627	0.00003	0.00421	0.00494	0.01034	0	0
200.8107	25.51237	39.76907	39.639	27.20987	-1.18512	0.04999	1.38045	1.41359	-3.02442	0.06514	-0.08568	-21.47109	-0.6448	417.20652	407.42487	-18589.19844	-9603.1437	Inf  	#NOME?	0.00626	0.00003	0.00421	0.00496	0.01034	0	0
201.81205	25.5216	39.77071	39.64068	27.21641	-1.18512	0.0502	1.38143	1.41749	-3.02442	0.06503	-0.0857	-21.4371	-0.64462	418.35697	407.71338	-18592.54822	-9603.44149	Inf  	#NOME?	0.00627	0.00003	0.00421	0.00496	0.01034	0	0
202.81249	25.53047	39.77338	39.64393	27.22365	-1.18512	0.05	1.38202	1.41811	-3.02442	0.06486	-0.08565	-21.41644	-0.64175	418.54053	407.88787	-18595.96992	-9603.9717	Inf  	#NOME?	0.00627	0.00003	0.00421	0.00496	0.01034	0	0
203.8129	25.53987	39.77515	39.64601	27.23107	-1.18512	0.04955	1.38089	1.41719	-3.02442	0.06554	-0.08563	-21.39134	-0.64022	418.26933	407.55461	-18599.54398	-9604.31753	Inf  	#NOME?	0.00627	0.00003	0.00421	0.00495	0.01034	0	0
204.81304	25.54918	39.77782	39.64816	27.23921	-1.18512	0.04774	1.3812	1.41477	-3.02442	0.06373	-0.0856	-21.37663	-0.64276	417.55261	407.64553	-18603.25359	-9604.74919	Inf  	#NOME?	0.00626	0.00003	0.0042	0.00492	0.01034	0	0
205.81279	25.55743	39.77915	39.65009	27.24582	-1.18512	0.05001	1.38098	1.41576	-3.02442	0.06465	-0.0857	-21.35572	-0.63981	417.84679	407.58133	-18606.41288	-9605.04234	Inf  	#NOME?	0.00627	0.00003	0.00421	0.00496	0.01034	0	0
206.81393	25.5661	39.78065	39.65132	27.25409	-1.18512	0.04921	1.38163	1.41433	-3.02442	0.06544	-0.08564	-21.35076	-0.64114	417.42346	407.77157	-18610.01371	-9605.28602	Inf  	#NOME?	0.00626	0.00003	0.00421	0.00494	0.01034	0	0
207.81381	25.57587	39.78213	39.65306	27.26103	-1.18512	0.04778	1.38218	1.41676	-3.02442	0.06543	-0.08568	-21.31496	-0.6399	418.1414	407.93442	-18613.56435	-9605.57496	Inf  	#NOME?	0.00627	0.00003	0.00421	0.00492	0.01034	0	0
208.81531	25.58376	39.78471	39.65598	27.26746	-1.18512	0.04918	1.3814	1.41706	-3.02442	0.0646	-0.08563	-21.2966	-0.63819	418.22912	407.70542	-18616.60947	-9606.06808	Inf  	#NOME?	0.00627	0.00003	0.00421	0.00494	0.01034	0	0
209.81532	25.59218	39.78572	39.65683	27.27551	-1.18512	0.04867	1.38125	1.41871	-3.02442	0.0627	-0.08567	-21.29171	-0.63899	418.7156	407.66069	-18620.11049	-9606.23458	Inf  	#NOME?	0.00627	0.00003	0.0042	0.00493	0.01034	0	0
210.815	25.601	39.78786	39.65929	27.28333	-1.18512	0.04959	1.38185	1.41664	-3.02442	0.06623	-0.0857	-21.27922	-0.63736	418.10642	407.83782	-18623.64771	-9606.64694	Inf  	#NOME?	0.00627	0.00003	0.00421	0.00495	0.01034	0	0
211.81459	25.61085	39.79041	39.66172	27.29073	-1.18512	0.0497	1.38175	1.415	-3.02442	0.06485	-0.08567	-21.24813	-0.63798	417.62191	407.80955	-18627.31634	-9607.09382	Inf  	#NOME?	0.00626	0.00003	0.00421	0.00495	0.01034	0	0
212.81496	25.61993	39.79233	39.66329	27.29889	-1.18512	0.04854	1.3819	1.41993	-3.02442	0.06578	-0.08566	-21.23652	-0.63972	419.07598	407.85115	-18630.9809	-9607.40609	Inf  	#NOME?	0.00627	0.00003	0.00421	0.00493	0.01034	0	0
213.81478	25.62869	39.79399	39.66487	27.30586	-1.18512	0.05001	1.38181	1.41458	-3.02442	0.06614	-0.08574	-21.21393	-0.64011	417.49759	407.82536	-18634.32666	-9607.698	Inf  	#NOME?	0.00626	0.00002	0.00421	0.00496	0.01034	0	0
214.81445	25.63721	39.79578	39.66603	27.31211	-1.18512	0.04939	1.38122	1.41568	-3.02442	0.06501	-0.08568	-21.18517	-0.6432	417.82178	407.65076	-18637.4682	-9607.9614	Inf  	#NOME?	0.00627	0.00003	0.00421	0.00495	0.01034	0	0
215.81465	25.64668	39.79832	39.66868	27.31911	-1.18512	0.04997	1.38164	1.41546	-3.02442	0.06454	-0.08567	-21.15396	-0.64266	417.75775	407.77509	-18640.97069	-9608.42678	Inf  	#NOME?	0.00626	0.00003	0.00421	0.00496	0.01034	0	0
216.81588	25.65537	39.8004	39.6709	27.32713	-1.18512	0.04863	1.38178	1.41384	-3.02442	0.06404	-0.08569	-21.14548	-0.642	417.28045	407.81803	-18644.527	-9608.8131	Inf  	#NOME?	0.00626	0.00003	0.0042	0.00493	0.01034	0	0
217.81564	25.66471	39.80187	39.6729	27.33478	-1.18512	0.05012	1.3811	1.41759	-3.02442	0.06474	-0.08565	-21.12407	-0.63934	418.38625	407.61608	-18648.14118	-9609.12342	Inf  	#NOME?	0.00627	0.00003	0.00421	0.00496	0.01034	0	0
218.81619	25.67273	39.80297	39.67497	27.34151	-1.18512	0.04974	1.38194	1.41434	-3.02442	0.06435	-0.08568	-21.1078	-0.63454	417.42738	407.86301	-18651.27918	-9609.40723	Inf  	#NOME?	0.00626	0.00003	0.00421	0.00495	0.01034	0	0
219.81547	25.68229	39.80538	39.67638	27.34928	-1.18512	0.04878	1.38231	1.41518	-3.02442	0.06488	-0.08568	-21.08515	-0.63956	417.67547	407.97442	-18654.96497	-9609.75029	Inf  	#NOME?	0.00626	0.00003	0.00421	0.00494	0.01034	0	0
220.8168	25.69173	39.8069	39.67894	27.35682	-1.18512	0.04868	1.381	1.41786	-3.02442	0.06513	-0.08565	-21.06106	-0.63436	418.46672	407.58558	-18658.57792	-9610.11525	Inf  	#NOME?	0.00627	0.00003	0.00421	0.00493	0.01034	0	0
221.81799	25.69972	39.80903	39.68138	27.36347	-1.18512	0.04972	1.38229	1.41822	-3.02442	0.06393	-0.08565	-21.0442	-0.63281	418.5704	407.96728	-18661.69267	-9610.52562	Inf  	#NOME?	0.00627	0.00003	0.0042	0.00495	0.01034	0	0
222.81774	25.70812	39.81014	39.68228	27.36946	-1.18512	0.05095	1.38244	1.41874	-3.02442	0.06462	-0.08565	-21.01375	-0.63387	418.72518	408.01128	-18664.75446	-9610.70578	Inf  	#NOME?	0.00627	0.00003	0.00421	0.00498	0.01034	0	0
223.8187	25.7182	39.81285	39.68545	27.37772	-1.18512	0.04966	1.38166	1.4188	-3.02442	0.06344	-0.08569	-20.99059	-0.63156	418.7442	407.78115	-18668.65648	-9611.23321	Inf  	#NOME?	0.00627	0.00003	0.0042	0.00495	0.01034	0	0
224.8186	25.72868	39.81379	39.68665	27.38451	-1.18512	0.05013	1.38132	1.41922	-3.02442	0.06672	-0.08579	-20.94402	-0.63031	418.86682	407.67995	-18672.33247	-9611.4253	Inf  	#NOME?	0.00627	0.00002	0.00421	0.00496	0.01034	0	0
225.81868	25.7368	39.81582	39.68807	27.39188	-1.18512	0.05032	1.38126	1.41802	-3.02442	0.0655	-0.08569	-20.93452	-0.63334	418.51236	407.66312	-18675.63106	-9611.73421	Inf  	#NOME?	0.00627	0.00003	0.00421	0.00497	0.01034	0	0
226.81877	25.7455	39.81659	39.68986	27.39823	-1.18512	0.04956	1.38209	1.41641	-3.02442	0.06437	-0.08572	-20.90479	-0.62823	418.03854	407.90858	-18678.83337	-9611.96434	Inf  	#NOME?	0.00627	0.00003	0.00421	0.00495	0.01034	0	0
227.81968	25.75528	39.81809	39.6912	27.40632	-1.18512	0.04958	1.38158	1.41291	-3.02442	0.06489	-0.08571	-20.88337	-0.62904	417.00606	407.75842	-18682.63801	-9612.21865	Inf  	#NOME?	0.00626	0.00003	0.00421	0.00495	0.01034	0	0
228.8197	25.76363	39.81986	39.69278	27.41363	-1.18512	0.04958	1.38084	1.41996	-3.02442	0.06381	-0.08567	-20.87021	-0.62998	419.08661	407.53892	-18685.97083	-9612.51873	Inf  	#NOME?	0.00627	0.00003	0.0042	0.00495	0.01034	0	0
229.81965	25.77244	39.82166	39.69429	27.42125	-1.18512	0.05052	1.38156	1.41519	-3.02442	0.06555	-0.08571	-20.85515	-0.63143	417.6764	407.75101	-18689.46685	-9612.81507	Inf  	#NOME?	0.00626	0.00003	0.00421	0.00497	0.01034	0	0
230.81969	25.78028	39.82372	39.69527	27.42834	-1.18512	0.04848	1.38189	1.41781	-3.02442	0.0648	-0.08571	-20.84567	-0.63677	418.44994	407.84884	-18692.64662	-9613.08867	Inf  	#NOME?	0.00627	0.00003	0.00421	0.00493	0.01034	0	0
231.81976	25.79045	39.82587	39.69925	27.4352	-1.18512	0.04984	1.38171	1.41832	-3.02442	0.06424	-0.08568	-20.80382	-0.62772	418.60264	407.79706	-18696.27361	-9613.63804	Inf  	#NOME?	0.00627	0.00003	0.00421	0.00496	0.01034	0	0
232.81976	25.79914	39.82716	39.70034	27.44399	-1.18512	0.04948	1.38166	1.41837	-3.02442	0.06519	-0.08571	-20.80511	-0.62869	418.61658	407.78037	-18699.99524	-9613.85179	Inf  	#NOME?	0.00627	0.00003	0.00421	0.00495	0.01034	0	0
233.81975	25.80871	39.82884	39.70227	27.45153	-1.18512	0.04898	1.38122	1.41675	-3.02442	0.06554	-0.08566	-20.77937	-0.62748	418.13949	407.65047	-18703.64043	-9614.17482	Inf  	#NOME?	0.00627	0.00003	0.00421	0.00494	0.01034	0	0
234.81982	25.81681	39.83132	39.70349	27.45725	-1.18512	0.04977	1.38178	1.41435	-3.02442	0.06536	-0.08564	-20.74932	-0.63369	417.4301	407.81803	-18706.58292	-9614.50697	Inf  	#NOME?	0.00626	0.00003	0.00421	0.00496	0.01034	0	0
235.81967	25.82658	39.83306	39.70518	27.46533	-1.18512	0.04829	1.38054	1.4169	-3.02442	0.06446	-0.08572	-20.72796	-0.63397	418.18283	407.45092	-18710.38425	-9614.81402	Inf  	#NOME?	0.00627	0.00003	0.00421	0.00493	0.01034	0	0
236.81981	25.83433	39.83571	39.7075	27.47227	-1.18512	0.04898	1.38103	1.41663	-3.02442	0.06541	-0.08568	-20.71771	-0.63559	418.10138	407.59588	-18713.51198	-9615.25941	Inf  	#NOME?	0.00627	0.00003	0.00421	0.00494	0.01034	0	0
237.81975	25.8439	39.83687	39.71011	27.47985	-1.18512	0.05068	1.38155	1.41441	-3.02442	0.06666	-0.08567	-20.69243	-0.62843	417.44817	407.74873	-18717.16602	-9615.59796	Inf  	#NOME?	0.00626	0.00003	0.00421	0.00497	0.01034	0	0
238.81971	25.85325	39.83857	39.71194	27.48754	-1.18512	0.04996	1.38156	1.41427	-3.02442	0.06454	-0.08565	-20.67142	-0.62776	417.40571	407.7513	-18720.79606	-9615.91504	Inf  	#NOME?	0.00626	0.00003	0.00421	0.00496	0.01034	0	0
239.81982	25.86203	39.84018	39.71361	27.49578	-1.18512	0.05043	1.38184	1.41652	-3.02442	0.06573	-0.08566	-20.66455	-0.62746	418.07079	407.83564	-18724.42188	-9616.20919	Inf  	#NOME?	0.00627	0.00003	0.00421	0.00497	0.01034	0	0
240.82068	25.87201	39.84188	39.71454	27.50333	-1.18512	0.05077	1.38074	1.4169	-3.02442	0.06433	-0.08564	-20.63386	-0.63127	418.1811	407.51148	-18728.15726	-9616.44416	Inf  	#NOME?	0.00627	0.00003	0.00421	0.00497	0.01034	0	0
241.82235	25.88087	39.84315	39.71725	27.50969	-1.18512	0.04994	1.38057	1.41863	-3.02442	0.06467	-0.08568	-20.6023	-0.62418	418.69295	407.4605	-18731.39925	-9616.80174	Inf  	#NOME?	0.00627	0.00003	0.00421	0.00496	0.01034	0	0
242.82273	25.88995	39.84464	39.71916	27.51764	-1.18512	0.05038	1.37897	1.4172	-3.02442	0.06572	-0.08566	-20.58793	-0.62204	418.26963	406.98896	-18735.02848	-9617.10636	Inf  	#NOME?	0.00627	0.00003	0.00421	0.00497	0.01033	0	0
243.82247	25.89932	39.84666	39.72056	27.52546	-1.18512	0.05036	1.37919	1.41276	-3.02442	0.06345	-0.08569	-20.56839	-0.62513	416.96142	407.05347	-18738.69348	-9617.41249	Inf  	#NOME?	0.00626	0.00003	0.0042	0.00497	0.01033	0	0
244.82294	25.90766	39.84857	39.72221	27.53322	-1.18512	0.04944	1.37786	1.41444	-3.02442	0.06486	-0.08569	-20.561	-0.62643	417.45501	406.66031	-18742.12362	-9617.73201	Inf  	#NOME?	0.00626	0.00003	0.00421	0.00495	0.01032	0	0
245.82243	25.91564	39.85079	39.72355	27.53949	-1.18512	0.04891	1.37913	1.41212	-3.02442	0.06443	-0.08568	-20.53943	-0.63077	416.77248	407.03371	-18745.16159	-9618.05212	Inf  	#NOME?	0.00626	0.00003	0.00421	0.00494	0.01033	0	0
246.82389	25.92443	39.85263	39.72476	27.54665	-1.18512	0.04904	1.38125	1.41374	-3.02442	0.06496	-0.08563	-20.51875	-0.63393	417.25019	407.6598	-18748.55903	-9618.32468	Inf  	#NOME?	0.00626	0.00003	0.00421	0.00494	0.01034	0	0
247.82416	25.93364	39.85267	39.72754	27.55498	-1.18512	0.0499	1.37947	1.41297	-3.02442	0.06533	-0.0857	-20.50771	-0.62032	417.02175	407.13579	-18752.29991	-9618.57815	Inf  	#NOME?	0.00626	0.00003	0.00421	0.00496	0.01033	0	0
248.82494	25.94257	39.85562	39.72879	27.56212	-1.18512	0.0503	1.37955	1.41482	-3.02442	0.06499	-0.08566	-20.485	-0.62878	417.56743	407.1581	-18755.72405	-9618.95453	Inf  	#NOME?	0.00626	0.00003	0.00421	0.00497	0.01033	0	0
249.82433	25.95121	39.85594	39.72981	27.56985	-1.18512	0.04896	1.37918	1.41665	-3.02442	0.06555	-0.08563	-20.47359	-0.62526	418.1095	407.05107	-18759.21402	-9619.07507	Inf  	#NOME?	0.00627	0.00003	0.00421	0.00494	0.01033	0	0
250.82486	25.96002	39.85672	39.73155	27.57634	-1.18512	0.04952	1.37931	1.41759	-3.02442	0.06396	-0.08568	-20.4442	-0.62053	418.38701	407.08781	-18762.47473	-9619.30037	Inf  	#NOME?	0.00627	0.00003	0.0042	0.00495	0.01033	0	0
251.82506	25.97048	39.85882	39.73319	27.5848	-1.18512	0.049	1.37976	1.41649	-3.02442	0.06426	-0.08562	-20.4189	-0.62283	418.06164	407.22098	-18766.50939	-9619.63644	Inf  	#NOME?	0.00627	0.00003	0.00421	0.00494	0.01033	0	0
252.82441	25.97951	39.85995	39.73516	27.59312	-1.18512	0.0489	1.38069	1.41206	-3.02442	0.06337	-0.0857	-20.40991	-0.61864	416.75455	407.49536	-18770.21054	-9619.91456	Inf  	#NOME?	0.00626	0.00003	0.0042	0.00494	0.01034	0	0
253.82482	25.98825	39.86158	39.73616	27.60032	-1.18512	0.05002	1.38084	1.4147	-3.02442	0.06435	-0.08567	-20.39046	-0.62179	417.53443	407.53854	-18773.60863	-9620.15004	Inf  	#NOME?	0.00626	0.00003	0.00421	0.00496	0.01034	0	0
254.82515	25.99706	39.86239	39.73642	27.6066	-1.18512	0.0499	1.37999	1.41354	-3.02442	0.06626	-0.08574	-20.35847	-0.62453	417.19018	407.28801	-18776.82515	-9620.24587	Inf  	#NOME?	0.00626	0.00003	0.00421	0.00496	0.01033	0	0
255.82439	26.00646	39.86368	39.73916	27.61348	-1.18512	0.04857	1.37946	1.41702	-3.02442	0.06362	-0.08564	-20.32658	-0.61729	418.2167	407.13241	-18780.29972	-9620.60717	Inf  	#NOME?	0.00627	0.00003	0.0042	0.00493	0.01033	0	0
256.82495	26.01641	39.86539	39.74071	27.62151	-1.18512	0.05025	1.37938	1.41352	-3.02442	0.06476	-0.08567	-20.30234	-0.61811	417.18419	407.10904	-18784.13423	-9620.89914	Inf  	#NOME?	0.00626	0.00003	0.00421	0.00496	0.01033	0	0
257.8248	26.02406	39.86664	39.7435	27.62797	-1.18512	0.0496	1.37996	1.41397	-3.02442	0.06511	-0.08569	-20.28723	-0.61046	417.31718	407.27986	-18787.14414	-9621.26129	Inf  	#NOME?	0.00626	0.00003	0.00421	0.00495	0.01033	0	0
258.82518	26.03251	39.86883	39.74405	27.635	-1.18512	0.04996	1.37884	1.41152	-3.02442	0.06444	-0.0857	-20.26933	-0.61859	416.59488	406.94799	-18790.44618	-9621.50848	Inf  	#NOME?	0.00626	0.00003	0.00421	0.00496	0.01033	0	0
259.82562	26.04205	39.8698	39.74565	27.64289	-1.18512	0.04871	1.38012	1.41514	-3.02442	0.06585	-0.08565	-20.24833	-0.61548	417.66156	407.32754	-18794.1636	-9621.73896	Inf  	#NOME?	0.00626	0.00003	0.00421	0.00494	0.01033	0	0
260.82584	26.05128	39.87192	39.7469	27.65041	-1.18512	0.04936	1.38039	1.41718	-3.02442	0.06487	-0.08568	-20.22671	-0.6198	418.26493	407.40783	-18797.73631	-9622.0408	Inf  	#NOME?	0.00627	0.00003	0.00421	0.00495	0.01034	0	0
261.8258	26.06044	39.87336	39.74794	27.65844	-1.18512	0.04952	1.37952	1.41538	-3.02442	0.06538	-0.0857	-20.21247	-0.62174	417.73401	407.1513	-18801.40468	-9622.26295	Inf  	#NOME?	0.00626	0.00003	0.00421	0.00495	0.01033	0	0
262.82576	26.06936	39.87482	39.7503	27.66504	-1.18512	0.04995	1.37949	1.41465	-3.02442	0.06606	-0.08572	-20.18305	-0.61729	417.51732	407.14224	-18804.71736	-9622.60541	Inf  	#NOME?	0.00626	0.00003	0.00421	0.00496	0.01033	0	0
263.82783	26.07894	39.87577	39.75148	27.67367	-1.18512	0.04859	1.38071	1.41486	-3.02442	0.06323	-0.08571	-20.17109	-0.61621	417.58034	407.50213	-18808.60112	-9622.79653	Inf  	#NOME?	0.00626	0.00003	0.0042	0.00493	0.01034	0	0
264.82762	26.08778	39.87703	39.7527	27.68034	-1.18512	0.0488	1.38103	1.413	-3.02442	0.06532	-0.08569	-20.14362	-0.61632	417.03093	407.5966	-18811.91111	-9623.01897	Inf  	#NOME?	0.00626	0.00003	0.00421	0.00494	0.01034	0	0
265.8287	26.09663	39.87817	39.75394	27.68665	-1.18512	0.04993	1.38095	1.41518	-3.02442	0.06355	-0.08567	-20.11159	-0.61586	417.67555	407.57212	-18815.14873	-9623.23229	Inf  	#NOME?	0.00626	0.00003	0.0042	0.00496	0.01034	0	0
266.8287	26.1053	39.87984	39.75563	27.69347	-1.18512	0.04989	1.38067	1.41479	-3.02442	0.06488	-0.08573	-20.08803	-0.61575	417.55865	407.48949	-18818.45365	-9623.53359	Inf  	#NOME?	0.00626	0.00003	0.00421	0.00496	0.01034	0	0
267.82862	26.11622	39.88168	39.75711	27.70148	-1.18512	0.04996	1.38038	1.41394	-3.02442	0.06456	-0.08572	-20.05132	-0.61759	417.30979	407.40513	-18822.494	-9623.83152	Inf  	#NOME?	0.00626	0.00003	0.00421	0.00496	0.01034	0	0
268.83079	26.12374	39.88325	39.75849	27.70829	-1.18512	0.04987	1.38004	1.41544	-3.02442	0.06331	-0.08566	-20.04228	-0.6185	417.75255	407.30347	-18825.55226	-9624.09563	Inf  	#NOME?	0.00626	0.00003	0.0042	0.00496	0.01033	0	0
269.83175	26.13258	39.88444	39.75974	27.71602	-1.18512	0.04974	1.3805	1.41547	-3.02442	0.06639	-0.08565	-20.02835	-0.6182	417.7605	407.44014	-18829.09176	-9624.31568	Inf  	#NOME?	0.00626	0.00003	0.00421	0.00495	0.01034	0	0
270.83175	26.14093	39.88609	39.76065	27.72339	-1.18512	0.04878	1.38022	1.4145	-3.02442	0.06365	-0.08568	-20.01587	-0.62188	417.47469	407.35729	-18832.44665	-9624.5445	Inf  	#NOME?	0.00626	0.00003	0.0042	0.00494	0.01033	0	0
271.83169	26.15052	39.88645	39.76291	27.73139	-1.18512	0.05007	1.37981	1.41554	-3.02442	0.06453	-0.08572	-19.99575	-0.61245	417.78106	407.23583	-18836.20262	-9624.77915	Inf  	#NOME?	0.00626	0.00003	0.00421	0.00496	0.01033	0	0
272.8318	26.16008	39.88697	39.76437	27.73801	-1.18512	0.04959	1.37886	1.41538	-3.02442	0.06469	-0.08565	-19.95856	-0.6078	417.73471	406.95446	-18839.6584	-9624.95771	Inf  	#NOME?	0.00626	0.00003	0.00421	0.00495	0.01033	0	0
273.83183	26.16894	39.88928	39.76487	27.74521	-1.18512	0.0488	1.37938	1.41778	-3.02442	0.06552	-0.08573	-19.93765	-0.61676	418.4425	407.10989	-18843.08576	-9625.20953	Inf  	#NOME?	0.00627	0.00003	0.00421	0.00494	0.01033	0	0
274.83279	26.17756	39.89018	39.76559	27.75126	-1.18512	0.0495	1.37931	1.41334	-3.02442	0.06704	-0.08566	-19.90517	-0.61765	417.13135	407.08919	-18846.21906	-9625.35374	Inf  	#NOME?	0.00626	0.00003	0.00421	0.00495	0.01033	0	0
275.83276	26.18678	39.8913	39.76804	27.76115	-1.18512	0.0491	1.37983	1.41395	-3.02442	0.06563	-0.08563	-19.91357	-0.61108	417.31222	407.24227	-18850.29986	-9625.67455	Inf  	#NOME?	0.00626	0.00003	0.00421	0.00494	0.01033	0	0
276.83268	26.19518	39.89331	39.76994	27.76762	-1.18512	0.04975	1.37902	1.41583	-3.02442	0.06518	-0.0857	-19.8892	-0.61159	417.86785	407.00312	-18853.47639	-9626.02478	Inf  	#NOME?	0.00627	0.00003	0.00421	0.00496	0.01033	0	0
277.83238	26.20443	39.89493	39.77048	27.77483	-1.18512	0.04995	1.38023	1.41339	-3.02442	0.06504	-0.08566	-19.86339	-0.61694	417.14506	407.35827	-18856.99254	-9626.21884	Inf  	#NOME?	0.00626	0.00003	0.00421	0.00496	0.01033	0	0
278.8332	26.21306	39.8962	39.77227	27.78243	-1.18512	0.04974	1.3797	1.41283	-3.02442	0.06599	-0.08566	-19.85025	-0.61439	416.98126	407.20338	-18860.45851	-9626.49392	Inf  	#NOME?	0.00626	0.00003	0.00421	0.00496	0.01033	0	0
279.8327	26.2223	39.89744	39.77337	27.7901	-1.18512	0.04894	1.38156	1.41251	-3.02442	0.06664	-0.08569	-19.8304	-0.61505	416.88541	407.75126	-18864.07083	-9626.70338	Inf  	#NOME?	0.00626	0.00003	0.00421	0.00494	0.01034	0	0
280.83288	26.23072	39.89796	39.7748	27.79767	-1.18512	0.04875	1.37991	1.414	-3.02442	0.06443	-0.08564	-19.81976	-0.61056	417.32664	407.2645	-18867.48703	-9626.87799	Inf  	#NOME?	0.00626	0.00003	0.00421	0.00494	0.01033	0	0
281.83342	26.23934	39.89921	39.77629	27.80494	-1.18512	0.04929	1.38002	1.41446	-3.02442	0.06467	-0.08565	-19.80256	-0.60937	417.46123	407.29879	-18870.88244	-9627.12469	Inf  	#NOME?	0.00626	0.00003	0.00421	0.00495	0.01033	0	0
282.83387	26.24799	39.90025	39.77736	27.81168	-1.18512	0.05025	1.37927	1.41627	-3.02442	0.06554	-0.08567	-19.7785	-0.60924	417.9967	407.07602	-18874.16974	-9627.31304	Inf  	#NOME?	0.00627	0.00003	0.00421	0.00496	0.01033	0	0
283.83404	26.25879	39.90196	39.77781	27.82005	-1.18512	0.04913	1.3802	1.41728	-3.02442	0.06502	-0.08568	-19.74775	-0.61545	418.29456	407.34993	-18878.26652	-9627.50693	Inf  	#NOME?	0.00627	0.00003	0.00421	0.00494	0.01033	0	0
284.83397	26.26803	39.9034	39.77952	27.82734	-1.18512	0.05029	1.3792	1.41687	-3.02442	0.06321	-0.08563	-19.72312	-0.61411	418.17331	407.05568	-18881.79824	-9627.78897	Inf  	#NOME?	0.00627	0.00003	0.0042	0.00497	0.01033	0	0
285.83407	26.27642	39.90373	39.78105	27.8341	-1.18512	0.0504	1.37995	1.41354	-3.02442	0.06516	-0.0856	-19.70236	-0.60818	417.19012	407.27673	-18885.03617	-9627.95554	Inf  	#NOME?	0.00626	0.00003	0.00421	0.00497	0.01033	0	0
286.83401	26.28426	39.90454	39.78222	27.8409	-1.18512	0.0473	1.37998	1.41468	-3.02442	0.06328	-0.08565	-19.68939	-0.60638	417.52774	407.28572	-18888.16549	-9628.13324	Inf  	#NOME?	0.00626	0.00003	0.0042	0.00491	0.01033	0	0
287.83441	26.294	39.90552	39.78302	27.84846	-1.18512	0.04952	1.37975	1.41461	-3.02442	0.06597	-0.08571	-19.66167	-0.6073	417.5059	407.2191	-18891.86227	-9628.29283	Inf  	#NOME?	0.00626	0.00003	0.00421	0.00495	0.01033	0	0
288.83472	26.30328	39.90701	39.78456	27.85687	-1.18512	0.04932	1.37851	1.41359	-3.02442	0.06393	-0.08565	-19.65066	-0.60706	417.20629	406.8509	-18895.64485	-9628.56516	Inf  	#NOME?	0.00626	0.00003	0.0042	0.00495	0.01033	0	0
289.83533	26.31157	39.90808	39.7853	27.8625	-1.18512	0.04897	1.37937	1.41504	-3.02442	0.06687	-0.08565	-19.6171	-0.6087	417.63312	407.106	-18898.61936	-9628.72777	Inf  	#NOME?	0.00626	0.00003	0.00421	0.00494	0.01033	0	0
290.83586	26.32005	39.90917	39.78674	27.87045	-1.18512	0.04983	1.37908	1.41084	-3.02442	0.06273	-0.08573	-19.61042	-0.60692	416.39365	407.01918	-18902.13146	-9628.95438	Inf  	#NOME?	0.00626	0.00003	0.0042	0.00496	0.01033	0	0
291.83623	26.32968	39.90988	39.78746	27.87829	-1.18512	0.0492	1.3785	1.41394	-3.02442	0.06376	-0.08567	-19.5878	-0.60692	417.30854	406.84769	-18905.86772	-9629.08289	Inf  	#NOME?	0.00626	0.00003	0.0042	0.00494	0.01033	0	0
Médias	25.44319368	39.76567498	39.63552751	27.16674035	-1.18512	0.049701891	1.38210592	1.417101791	0.235																	
