10/08/2024 09:07:37Time	T_hot_in(C)	T_cold_in(C)	T_cold_out(C)	T_hot_out(C)	mdot_cold(kg/s)	ASFASIFUAS(kg/s)	Diferencial_cold(bar)	Diferencial_hot(bar)	mdot_hot(kg/s)	ABS_cold(bar)	ABS_hot(bar)	q_cold(kW)	q_hot(kW)	ASFASYFY	Tau_cold_haste	Re_hot	Re_cold	U_global	PSIG_cold(bar)	R_fouling	PSIG_hot(bar)	PSID_hot(bar)	m_dot_hot	PSID_cold(bar)	m_dot_cold
1.75416  	0.00000  	0.00000  	0.00000  	0.00000  	-1.18512  	-0.20833  	-0.86278  	-2.50000  	-3.02442  	-1.25000  	-0.08628  	-0.00000  	-0.00000  	-737.84722  	-254.63905  	-9234.48090  	-3618.55272  	NaN  	NaN  	0.00000  	0.00000  	0.00000  	0.00000  	0.00000  	0.00000  	0.00000  
2.75416  	22.71964  	40.47474  	40.33539  	28.40849  	-1.18512  	0.02258  	0.50145  	0.49451  	-3.02442  	0.06358  	-0.08575  	-71.95488  	-0.69083  	145.95011  	147.99731  	-18251.66732  	-9728.99369  	Inf  	-Inf  	0.00479  	0.00002  	0.00420  	0.00443  	0.00629  	0.00000  	0.00000  
3.75689  	22.71602  	40.46735  	40.32793  	28.40860  	-1.18512  	0.02345  	0.50290  	0.49098  	-3.02442  	0.06276  	-0.08578  	-72.00201  	-0.69118  	144.90844  	148.42670  	-18250.92839  	-9727.65906  	Inf  	-Inf  	0.00479  	0.00002  	0.00420  	0.00445  	0.00629  	0.00000  	0.00000  
4.75690  	22.71196  	40.45934  	40.32108  	28.40790  	-1.18512  	0.02340  	0.50269  	0.49272  	-3.02442  	0.06355  	-0.08566  	-72.04450  	-0.68543  	145.42151  	148.36226  	-18249.92393  	-9726.32364  	Inf  	-Inf  	0.00479  	0.00003  	0.00420  	0.00445  	0.00629  	0.00000  	0.00000  
5.75732  	22.70860  	40.45216  	40.31357  	28.40718  	-1.18512  	0.02257  	0.50348  	0.49280  	-3.02442  	0.06255  	-0.08574  	-72.07789  	-0.68707  	145.44457  	148.59586  	-18249.06207  	-9725.00426  	Inf  	-Inf  	0.00479  	0.00002  	0.00420  	0.00443  	0.00629  	0.00000  	0.00000  
6.75689  	22.70516  	40.44495  	40.30637  	28.40695  	-1.18512  	0.02367  	0.50273  	0.49328  	-3.02442  	0.06559  	-0.08576  	-72.11859  	-0.68701  	145.58601  	148.37521  	-18248.28884  	-9723.70992  	Inf  	-Inf  	0.00479  	0.00002  	0.00421  	0.00445  	0.00629  	0.00000  	0.00000  
7.75867  	22.70328  	40.43828  	40.29948  	28.40577  	-1.18512  	0.02364  	0.50302  	0.49498  	-3.02442  	0.06267  	-0.08575  	-72.12741  	-0.68811  	146.08759  	148.46193  	-18247.64169  	-9722.49087  	Inf  	-Inf  	0.00479  	0.00002  	0.00420  	0.00445  	0.00629  	0.00000  	0.00000  
8.75826  	22.69963  	40.43063  	40.29197  	28.40430  	-1.18512  	0.02285  	0.50174  	0.49333  	-3.02442  	0.06509  	-0.08573  	-72.15507  	-0.68741  	145.60022  	148.08404  	-18246.56399  	-9721.12895  	Inf  	-Inf  	0.00479  	0.00003  	0.00421  	0.00444  	0.00629  	0.00000  	0.00000  
9.75945  	22.69630  	40.42356  	40.28551  	28.40436  	-1.18512  	0.02391  	0.50216  	0.49271  	-3.02442  	0.06301  	-0.08576  	-72.19783  	-0.68438  	145.41671  	148.20773  	-18245.87302  	-9719.91255  	Inf  	-Inf  	0.00479  	0.00002  	0.00420  	0.00446  	0.00629  	0.00000  	0.00000  
10.75958  	22.69272  	40.41685  	40.27812  	28.40331  	-1.18512  	0.02437  	0.50147  	0.49254  	-3.02442  	0.06364  	-0.08570  	-72.22993  	-0.68776  	145.36629  	148.00352  	-18244.89662  	-9718.64534  	Inf  	-Inf  	0.00479  	0.00003  	0.00420  	0.00447  	0.00629  	0.00000  	0.00000  
11.75944  	22.69047  	40.40997  	40.27161  	28.40185  	-1.18512  	0.02392  	0.50026  	0.49286  	-3.02442  	0.06256  	-0.08578  	-72.24002  	-0.68592  	145.46359  	147.64479  	-18244.11367  	-9717.44204  	Inf  	-Inf  	0.00479  	0.00002  	0.00420  	0.00446  	0.00628  	0.00000  	0.00000  
12.75951  	22.68762  	40.40186  	40.26459  	28.40109  	-1.18512  	0.02271  	0.50044  	0.49254  	-3.02442  	0.06283  	-0.08573  	-72.26643  	-0.68051  	145.36654  	147.70041  	-18243.35352  	-9716.08306  	Inf  	-Inf  	0.00479  	0.00003  	0.00420  	0.00444  	0.00628  	0.00000  	0.00000  
13.75919  	22.68449  	40.39556  	40.25814  	28.40115  	-1.18512  	0.02369  	0.50076  	0.48838  	-3.02442  	0.06349  	-0.08575  	-72.30672  	-0.68127  	144.14042  	147.79291  	-18242.70376  	-9714.93722  	Inf  	-Inf  	0.00478  	0.00002  	0.00420  	0.00445  	0.00628  	0.00000  	0.00000  
14.75923  	22.68207  	40.38957  	40.25203  	28.40110  	-1.18512  	0.02291  	0.49987  	0.48983  	-3.02442  	0.06323  	-0.08572  	-72.33674  	-0.68189  	144.56788  	147.53029  	-18242.18547  	-9713.84981  	Inf  	-Inf  	0.00478  	0.00003  	0.00420  	0.00444  	0.00628  	0.00000  	0.00000  
15.75988  	22.67774  	40.38259  	40.24500  	28.40006  	-1.18512  	0.02344  	0.49938  	0.48929  	-3.02442  	0.06410  	-0.08572  	-72.37829  	-0.68209  	144.40792  	147.38715  	-18241.05130  	-9712.59202  	Inf  	-Inf  	0.00478  	0.00003  	0.00421  	0.00445  	0.00628  	0.00000  	0.00000  
16.76045  	22.67498  	40.37607  	40.23762  	28.39891  	-1.18512  	0.02364  	0.49921  	0.48781  	-3.02442  	0.06330  	-0.08573  	-72.39874  	-0.68637  	143.97128  	147.33742  	-18240.22631  	-9711.34212  	Inf  	-Inf  	0.00478  	0.00003  	0.00420  	0.00445  	0.00628  	0.00000  	0.00000  
17.76030  	22.67193  	40.36982  	40.23157  	28.39851  	-1.18512  	0.02288  	0.49915  	0.49075  	-3.02442  	0.06321  	-0.08575  	-72.43225  	-0.68540  	144.83841  	147.31814  	-18239.49878  	-9710.23721  	Inf  	-Inf  	0.00479  	0.00002  	0.00420  	0.00444  	0.00627  	0.00000  	0.00000  
18.76062  	22.66933  	40.36441  	40.22496  	28.39777  	-1.18512  	0.02301  	0.49990  	0.49102  	-3.02442  	0.06445  	-0.08580  	-72.45583  	-0.69133  	144.91873  	147.54109  	-18238.79421  	-9709.15688  	Inf  	-Inf  	0.00479  	0.00002  	0.00421  	0.00444  	0.00628  	0.00000  	0.00000  
19.76076  	22.66524  	40.35660  	40.21849  	28.39786  	-1.18512  	0.02292  	0.49882  	0.49023  	-3.02442  	0.06326  	-0.08575  	-72.50871  	-0.68467  	144.68483  	147.22104  	-18237.95122  	-9707.87413  	Inf  	-Inf  	0.00478  	0.00002  	0.00420  	0.00444  	0.00627  	0.00000  	0.00000  
20.76050  	22.66173  	40.34983  	40.21189  	28.39620  	-1.18512  	0.02338  	0.49856  	0.48823  	-3.02442  	0.06280  	-0.08576  	-72.53217  	-0.68387  	144.09451  	147.14374  	-18236.85938  	-9706.67352  	Inf  	-Inf  	0.00478  	0.00002  	0.00420  	0.00445  	0.00627  	0.00000  	0.00000  
21.75996  	22.65822  	40.34368  	40.20532  	28.39563  	-1.18512  	0.02360  	0.49954  	0.48821  	-3.02442  	0.06421  	-0.08578  	-72.56928  	-0.68592  	144.08857  	147.43323  	-18235.99950  	-9705.53045  	Inf  	-Inf  	0.00478  	0.00002  	0.00421  	0.00445  	0.00628  	0.00000  	0.00000  
22.76019  	22.65423  	40.33744  	40.19944  	28.39505  	-1.18512  	0.02501  	0.49903  	0.49047  	-3.02442  	0.06450  	-0.08570  	-72.61244  	-0.68416  	144.75673  	147.28208  	-18235.03669  	-9704.44180  	Inf  	-Inf  	0.00478  	0.00003  	0.00421  	0.00448  	0.00627  	0.00000  	0.00000  
23.76063  	22.65100  	40.33086  	40.19312  	28.39408  	-1.18512  	0.02450  	0.49946  	0.48854  	-3.02442  	0.06440  	-0.08573  	-72.64106  	-0.68285  	144.18633  	147.41005  	-18234.14887  	-9703.28306  	Inf  	-Inf  	0.00478  	0.00003  	0.00421  	0.00447  	0.00628  	0.00000  	0.00000  
24.76015  	22.64873  	40.32424  	40.18611  	28.39336  	-1.18512  	0.02449  	0.49977  	0.48543  	-3.02442  	0.06243  	-0.08572  	-72.66073  	-0.68479  	143.26979  	147.50268  	-18233.51861  	-9702.05899  	Inf  	-Inf  	0.00478  	0.00003  	0.00420  	0.00447  	0.00628  	0.00000  	0.00000  
25.76002  	22.64503  	40.31894  	40.18048  	28.39201  	-1.18512  	0.02248  	0.49947  	0.49248  	-3.02442  	0.06460  	-0.08574  	-72.69032  	-0.68641  	145.34932  	147.41349  	-18232.45400  	-9701.07704  	Inf  	-Inf  	0.00479  	0.00003  	0.00421  	0.00443  	0.00628  	0.00000  	0.00000  
26.76051  	22.64077  	40.31254  	40.17505  	28.39111  	-1.18512  	0.02182  	0.50029  	0.49182  	-3.02442  	0.06303  	-0.08573  	-72.73282  	-0.68162  	145.15544  	147.65427  	-18231.36585  	-9700.01426  	Inf  	-Inf  	0.00479  	0.00003  	0.00420  	0.00442  	0.00628  	0.00000  	0.00000  
27.76025  	22.63786  	40.30725  	40.16811  	28.39004  	-1.18512  	0.02406  	0.50152  	0.49315  	-3.02442  	0.06350  	-0.08576  	-72.75618  	-0.68979  	145.54691  	148.01766  	-18230.52473  	-9698.91641  	Inf  	-Inf  	0.00479  	0.00002  	0.00420  	0.00446  	0.00629  	0.00000  	0.00000  
28.76017  	22.63477  	40.30051  	40.16234  	28.38795  	-1.18512  	0.02270  	0.50244  	0.49462  	-3.02442  	0.06471  	-0.08573  	-72.76885  	-0.68498  	145.98121  	148.28855  	-18229.43321  	-9697.79207  	Inf  	-Inf  	0.00479  	0.00003  	0.00421  	0.00444  	0.00629  	0.00000  	0.00000  
29.76030  	22.63246  	40.29435  	40.15693  	28.38686  	-1.18512  	0.02337  	0.50135  	0.49574  	-3.02442  	0.06218  	-0.08576  	-72.78431  	-0.68126  	146.31147  	147.96747  	-18228.71632  	-9696.75230  	Inf  	-Inf  	0.00479  	0.00002  	0.00420  	0.00445  	0.00629  	0.00000  	0.00000  
30.76063  	22.63049  	40.28908  	40.15133  	28.38475  	-1.18512  	0.02419  	0.50237  	0.49467  	-3.02442  	0.06225  	-0.08577  	-72.78249  	-0.68290  	145.99578  	148.27040  	-18227.85596  	-9695.77616  	Inf  	-Inf  	0.00479  	0.00002  	0.00420  	0.00446  	0.00629  	0.00000  	0.00000  
31.76188  	22.62682  	40.28298  	40.14461  	28.38327  	-1.18512  	0.02313  	0.50257  	0.49429  	-3.02442  	0.06322  	-0.08568  	-72.81020  	-0.68595  	145.88399  	148.32805  	-18226.77076  	-9694.62544  	Inf  	-Inf  	0.00479  	0.00003  	0.00420  	0.00444  	0.00629  	0.00000  	0.00000  
32.76345  	22.62310  	40.27742  	40.13902  	28.38116  	-1.18512  	0.02408  	0.50282  	0.49163  	-3.02442  	0.06348  	-0.08576  	-72.83059  	-0.68615  	145.09917  	148.40223  	-18225.54053  	-9693.62386  	Inf  	-Inf  	0.00479  	0.00002  	0.00420  	0.00446  	0.00629  	0.00000  	0.00000  
33.76380  	22.62137  	40.27103  	40.13322  	28.37974  	-1.18512  	0.02354  	0.50185  	0.49280  	-3.02442  	0.06408  	-0.08575  	-72.83463  	-0.68319  	145.44408  	148.11629  	-18224.87692  	-9692.52892  	Inf  	-Inf  	0.00479  	0.00002  	0.00421  	0.00445  	0.00629  	0.00000  	0.00000  
34.76586  	22.61860  	40.26617  	40.12707  	28.37756  	-1.18512  	0.02535  	0.50205  	0.49198  	-3.02442  	0.06348  	-0.08578  	-72.84199  	-0.68957  	145.20369  	148.17537  	-18223.83323  	-9691.54054  	Inf  	-Inf  	0.00479  	0.00002  	0.00420  	0.00449  	0.00629  	0.00000  	0.00000  
35.76825  	22.61658  	40.26022  	40.12041  	28.37552  	-1.18512  	0.02267  	0.50303  	0.49246  	-3.02442  	0.06382  	-0.08575  	-72.84185  	-0.69314  	145.34387  	148.46434  	-18222.97693  	-9690.40783  	Inf  	-Inf  	0.00479  	0.00002  	0.00420  	0.00444  	0.00629  	0.00000  	0.00000  
36.76819  	22.61319  	40.25466  	40.11453  	28.37275  	-1.18512  	0.02293  	0.50217  	0.49307  	-3.02442  	0.06351  	-0.08576  	-72.84956  	-0.69469  	145.52425  	148.21042  	-18221.67782  	-9689.38025  	Inf  	-Inf  	0.00479  	0.00002  	0.00420  	0.00444  	0.00629  	0.00000  	0.00000  
37.76930  	22.61190  	40.24939  	40.10933  	28.37109  	-1.18512  	0.02338  	0.50190  	0.49058  	-3.02442  	0.06385  	-0.08570  	-72.84491  	-0.69437  	144.79068  	148.13035  	-18221.05747  	-9688.44043  	Inf  	-Inf  	0.00478  	0.00003  	0.00420  	0.00445  	0.00629  	0.00000  	0.00000  
38.76949  	22.60954  	40.24318  	40.10400  	28.36863  	-1.18512  	0.02370  	0.50112  	0.49468  	-3.02442  	0.06388  	-0.08572  	-72.84370  	-0.69000  	146.00074  	147.90097  	-18220.04126  	-9687.40434  	Inf  	-Inf  	0.00479  	0.00003  	0.00420  	0.00446  	0.00628  	0.00000  	0.00000  
39.76994  	22.60685  	40.23816  	40.09874  	28.36756  	-1.18512  	0.02280  	0.50168  	0.49377  	-3.02442  	0.06434  	-0.08572  	-72.86414  	-0.69117  	145.73188  	148.06539  	-18219.24789  	-9686.48127  	Inf  	-Inf  	0.00479  	0.00003  	0.00421  	0.00444  	0.00629  	0.00000  	0.00000  
40.77036  	22.60554  	40.23115  	40.09334  	28.36622  	-1.18512  	0.02311  	0.50128  	0.49145  	-3.02442  	0.06407  	-0.08569  	-72.86389  	-0.68322  	145.04493  	147.94858  	-18218.68910  	-9685.36679  	Inf  	-Inf  	0.00479  	0.00003  	0.00421  	0.00444  	0.00628  	0.00000  	0.00000  
41.77002  	22.60399  	40.22630  	40.08819  	28.36467  	-1.18512  	0.02293  	0.50179  	0.49062  	-3.02442  	0.06511  	-0.08569  	-72.86384  	-0.68470  	144.80152  	148.09644  	-18218.03559  	-9684.46842  	Inf  	-Inf  	0.00478  	0.00003  	0.00421  	0.00444  	0.00629  	0.00000  	0.00000  
42.77055  	22.60233  	40.22185  	40.08295  	28.36283  	-1.18512  	0.02375  	0.50056  	0.48978  	-3.02442  	0.06494  	-0.08568  	-72.86158  	-0.68857  	144.55345  	147.73460  	-18217.29842  	-9683.59817  	Inf  	-Inf  	0.00478  	0.00003  	0.00421  	0.00446  	0.00628  	0.00000  	0.00000  
43.76989  	22.60051  	40.21605  	40.07884  	28.36227  	-1.18512  	0.02238  	0.49992  	0.49421  	-3.02442  	0.06338  	-0.08570  	-72.87754  	-0.68020  	145.85920  	147.54720  	-18216.79405  	-9682.70896  	Inf  	-Inf  	0.00479  	0.00003  	0.00420  	0.00443  	0.00628  	0.00000  	0.00000  
44.77034  	22.59793  	40.21091  	40.07259  	28.35974  	-1.18512  	0.02413  	0.49911  	0.48864  	-3.02442  	0.06231  	-0.08576  	-72.87812  	-0.68572  	144.21627  	147.30531  	-18215.71729  	-9681.68625  	Inf  	-Inf  	0.00478  	0.00002  	0.00420  	0.00446  	0.00627  	0.00000  	0.00000  
45.77066  	22.59616  	40.20569  	40.06815  	28.35844  	-1.18512  	0.02403  	0.49936  	0.48918  	-3.02442  	0.06507  	-0.08572  	-72.88416  	-0.68184  	144.37538  	147.38083  	-18215.07202  	-9680.81845  	Inf  	-Inf  	0.00478  	0.00003  	0.00421  	0.00446  	0.00628  	0.00000  	0.00000  
46.77112  	22.59346  	40.20069  	40.06274  	28.35684  	-1.18512  	0.02291  	0.49880  	0.48866  	-3.02442  	0.06228  	-0.08573  	-72.89801  	-0.68387  	144.22194  	147.21496  	-18214.16455  	-9679.88355  	Inf  	-Inf  	0.00478  	0.00003  	0.00420  	0.00444  	0.00627  	0.00000  	0.00000  
47.77146  	22.59151  	40.19561  	40.05721  	28.35605  	-1.18512  	0.02351  	0.49932  	0.48954  	-3.02442  	0.06248  	-0.08578  	-72.91279  	-0.68613  	144.48223  	147.36771  	-18213.58654  	-9678.93196  	Inf  	-Inf  	0.00478  	0.00002  	0.00420  	0.00445  	0.00628  	0.00000  	0.00000  
48.77101  	22.58989  	40.19005  	40.05245  	28.35436  	-1.18512  	0.02475  	0.49825  	0.49010  	-3.02442  	0.06340  	-0.08575  	-72.91194  	-0.68215  	144.64668  	147.05150  	-18212.88868  	-9678.00394  	Inf  	-Inf  	0.00478  	0.00002  	0.00420  	0.00448  	0.00627  	0.00000  	0.00000  
49.77154  	22.58705  	40.18567  	40.04781  	28.35451  	-1.18512  	0.02432  	0.50008  	0.48890  	-3.02442  	0.06369  	-0.08570  	-72.94972  	-0.68343  	144.29286  	147.59203  	-18212.32184  	-9677.19539  	Inf  	-Inf  	0.00478  	0.00003  	0.00420  	0.00447  	0.00628  	0.00000  	0.00000  
50.77144  	22.58462  	40.18144  	40.04276  	28.35304  	-1.18512  	0.02320  	0.49893  	0.48923  	-3.02442  	0.06368  	-0.08572  	-72.96183  	-0.68750  	144.38948  	147.25389  	-18211.50048  	-9676.36220  	Inf  	-Inf  	0.00478  	0.00003  	0.00420  	0.00445  	0.00627  	0.00000  	0.00000  
51.77228  	22.58240  	40.17626  	40.03716  	28.35297  	-1.18512  	0.02401  	0.49875  	0.48947  	-3.02442  	0.06267  	-0.08572  	-72.98900  	-0.68959  	144.46289  	147.19980  	-18211.01631  	-9675.39368  	Inf  	-Inf  	0.00478  	0.00003  	0.00420  	0.00446  	0.00627  	0.00000  	0.00000  
52.77261  	22.58065  	40.17145  	40.03284  	28.35193  	-1.18512  	0.02370  	0.49873  	0.48864  	-3.02442  	0.06366  	-0.08574  	-72.99801  	-0.68717  	144.21556  	147.19603  	-18210.43055  	-9674.57421  	Inf  	-Inf  	0.00478  	0.00003  	0.00420  	0.00446  	0.00627  	0.00000  	0.00000  
53.77202  	22.57782  	40.16723  	40.02769  	28.35068  	-1.18512  	0.02318  	0.49871  	0.49102  	-3.02442  	0.06365  	-0.08573  	-73.01803  	-0.69176  	144.91816  	147.18921  	-18209.56769  	-9673.73248  	Inf  	-Inf  	0.00479  	0.00003  	0.00420  	0.00444  	0.00627  	0.00000  	0.00000  
54.77254  	22.57535  	40.16239  	40.02333  	28.34972  	-1.18512  	0.02374  	0.49903  	0.48637  	-3.02442  	0.06527  	-0.08574  	-73.03721  	-0.68936  	143.54635  	147.28232  	-18208.84611  	-9672.90749  	Inf  	-Inf  	0.00478  	0.00002  	0.00421  	0.00446  	0.00627  	0.00000  	0.00000  
55.77284  	22.57246  	40.15788  	40.01948  	28.34894  	-1.18512  	0.02315  	0.49919  	0.49101  	-3.02442  	0.06214  	-0.08571  	-73.06377  	-0.68612  	144.91740  	147.33080  	-18208.07122  	-9672.15649  	Inf  	-Inf  	0.00479  	0.00003  	0.00420  	0.00444  	0.00628  	0.00000  	0.00000  
56.77200  	22.56959  	40.15147  	40.01475  	28.34756  	-1.18512  	0.02389  	0.49852  	0.48852  	-3.02442  	0.06431  	-0.08575  	-73.08268  	-0.67777  	144.18003  	147.13166  	-18207.17571  	-9671.15651  	Inf  	-Inf  	0.00478  	0.00002  	0.00421  	0.00446  	0.00627  	0.00000  	0.00000  
57.77414  	22.56837  	40.14776  	40.01038  	28.34593  	-1.18512  	0.02370  	0.49873  	0.49019  	-3.02442  	0.06430  	-0.08572  	-73.07750  	-0.68108  	144.67375  	147.19486  	-18206.57656  	-9670.43145  	Inf  	-Inf  	0.00478  	0.00003  	0.00421  	0.00445  	0.00627  	0.00000  	0.00000  
58.77684  	22.56630  	40.14388  	40.00630  	28.34497  	-1.18512  	0.02359  	0.49946  	0.49011  	-3.02442  	0.06340  	-0.08576  	-73.09160  	-0.68205  	144.65104  	147.40980  	-18205.93579  	-9669.71622  	Inf  	-Inf  	0.00478  	0.00002  	0.00420  	0.00445  	0.00628  	0.00000  	0.00000  
59.77622  	22.56320  	40.13978  	40.00106  	28.34449  	-1.18512  	0.02343  	0.50067  	0.49006  	-3.02442  	0.06380  	-0.08574  	-73.12467  	-0.68768  	144.63450  	147.76750  	-18205.18364  	-9668.87791  	Inf  	-Inf  	0.00478  	0.00003  	0.00420  	0.00445  	0.00628  	0.00000  	0.00000  
60.77626  	22.56060  	40.13444  	39.99688  	28.34208  	-1.18512  	0.02332  	0.50090  	0.49141  	-3.02442  	0.06351  	-0.08573  	-73.12719  	-0.68192  	145.03305  	147.83492  	-18204.12661  	-9668.02344  	Inf  	-Inf  	0.00479  	0.00003  	0.00420  	0.00445  	0.00628  	0.00000  	0.00000  
61.77731  	22.55779  	40.13000  	39.99207  	28.34085  	-1.18512  	0.02320  	0.50190  	0.49437  	-3.02442  	0.06363  	-0.08579  	-73.14708  	-0.68379  	145.90726  	148.13064  	-18203.27646  	-9667.19299  	Inf  	-Inf  	0.00479  	0.00002  	0.00420  	0.00445  	0.00629  	0.00000  	0.00000  
62.77842  	22.55571  	40.12627  	39.98844  	28.33911  	-1.18512  	0.02282  	0.50127  	0.49243  	-3.02442  	0.06363  	-0.08573  	-73.15136  	-0.68328  	145.33529  	147.94281  	-18202.47026  	-9666.53258  	Inf  	-Inf  	0.00479  	0.00003  	0.00420  	0.00444  	0.00628  	0.00000  	0.00000  
63.77954  	22.55384  	40.12168  	39.98420  	28.33742  	-1.18512  	0.02242  	0.50239  	0.49346  	-3.02442  	0.06395  	-0.08578  	-73.15366  	-0.68157  	145.63950  	148.27454  	-18201.71888  	-9665.73966  	Inf  	-Inf  	0.00479  	0.00002  	0.00420  	0.00443  	0.00629  	0.00000  	0.00000  
64.77909  	22.55287  	40.11729  	39.97855  	28.33509  	-1.18512  	0.02351  	0.50231  	0.49331  	-3.02442  	0.06405  	-0.08571  	-73.13654  	-0.68782  	145.59642  	148.25120  	-18201.02568  	-9664.83850  	Inf  	-Inf  	0.00479  	0.00003  	0.00420  	0.00445  	0.00629  	0.00000  	0.00000  
65.77984  	22.55132  	40.11355  	39.97469  	28.33428  	-1.18512  	0.02310  	0.50250  	0.49240  	-3.02442  	0.06520  	-0.08574  	-73.14585  	-0.68842  	145.32582  	148.30690  	-18200.52781  	-9664.15718  	Inf  	-Inf  	0.00479  	0.00002  	0.00421  	0.00444  	0.00629  	0.00000  	0.00000  
66.77962  	22.54935  	40.11017  	39.97093  	28.33272  	-1.18512  	0.02305  	0.50221  	0.48952  	-3.02442  	0.06393  	-0.08576  	-73.15114  	-0.69024  	144.47691  	148.22125  	-18199.78345  	-9663.51585  	Inf  	-Inf  	0.00478  	0.00002  	0.00420  	0.00444  	0.00629  	0.00000  	0.00000  
67.77954  	22.54783  	40.10612  	39.96761  	28.33037  	-1.18512  	0.02263  	0.50184  	0.49067  	-3.02442  	0.06403  	-0.08576  	-73.14050  	-0.68667  	144.81441  	148.11110  	-18198.96782  	-9662.85469  	Inf  	-Inf  	0.00479  	0.00002  	0.00420  	0.00443  	0.00629  	0.00000  	0.00000  
68.77978  	22.54603  	40.10159  	39.96280  	28.32793  	-1.18512  	0.02290  	0.50240  	0.49310  	-3.02442  	0.06345  	-0.08574  	-73.13251  	-0.68804  	145.53195  	148.27868  	-18198.07358  	-9662.01607  	Inf  	-Inf  	0.00479  	0.00003  	0.00420  	0.00444  	0.00629  	0.00000  	0.00000  
69.77958  	22.54396  	40.09828  	39.95932  	28.32615  	-1.18512  	0.02408  	0.50061  	0.49322  	-3.02442  	0.06391  	-0.08573  	-73.13611  	-0.68890  	145.56833  	147.74896  	-18197.26220  	-9661.40705  	Inf  	-Inf  	0.00479  	0.00003  	0.00420  	0.00446  	0.00628  	0.00000  	0.00000  
70.77905  	22.54305  	40.09400  	39.95532  	28.32454  	-1.18512  	0.02307  	0.50202  	0.49517  	-3.02442  	0.06323  	-0.08578  	-73.12742  	-0.68747  	146.14361  	148.16432  	-18196.73084  	-9660.66346  	Inf  	-Inf  	0.00479  	0.00002  	0.00420  	0.00444  	0.00629  	0.00000  	0.00000  
71.77964  	22.54145  	40.09118  	39.95102  	28.32300  	-1.18512  	0.02340  	0.50159  	0.49524  	-3.02442  	0.06299  	-0.08574  	-73.12817  	-0.69484  	146.16341  	148.03982  	-18196.06879  	-9660.02536  	Inf  	-Inf  	0.00479  	0.00002  	0.00420  	0.00445  	0.00629  	0.00000  	0.00000  
72.77908  	22.54070  	40.08582  	39.94716  	28.32011  	-1.18512  	0.02359  	0.50109  	0.49322  	-3.02442  	0.06390  	-0.08570  	-73.10102  	-0.68739  	145.56968  	147.89086  	-18195.30230  	-9659.19743  	Inf  	-Inf  	0.00479  	0.00003  	0.00420  	0.00445  	0.00628  	0.00000  	0.00000  
73.77922  	22.53927  	40.08238  	39.94303  	28.31981  	-1.18512  	0.02297  	0.50188  	0.49161  	-3.02442  	0.06417  	-0.08574  	-73.11544  	-0.69080  	145.09321  	148.12477  	-18194.93826  	-9658.51743  	Inf  	-Inf  	0.00479  	0.00003  	0.00421  	0.00444  	0.00629  	0.00000  	0.00000  
74.77893  	22.53837  	40.07851  	39.93959  	28.31815  	-1.18512  	0.02330  	0.50126  	0.49386  	-3.02442  	0.06344  	-0.08574  	-73.10568  	-0.68871  	145.75845  	147.94145  	-18194.39874  	-9657.86154  	Inf  	-Inf  	0.00479  	0.00002  	0.00420  	0.00445  	0.00628  	0.00000  	0.00000  
75.77936  	22.53848  	40.07495  	39.93637  	28.31721  	-1.18512  	0.02460  	0.49990  	0.49012  	-3.02442  	0.06288  	-0.08568  	-73.09244  	-0.68705  	144.65349  	147.53884  	-18194.22419  	-9657.25298  	Inf  	-Inf  	0.00478  	0.00003  	0.00420  	0.00447  	0.00628  	0.00000  	0.00000  
76.77950  	22.53706  	40.07120  	39.93374  	28.31609  	-1.18512  	0.02313  	0.49971  	0.49324  	-3.02442  	0.06476  	-0.08574  	-73.09621  	-0.68149  	145.57562  	147.48490  	-18193.68759  	-9656.68019  	Inf  	-Inf  	0.00479  	0.00002  	0.00421  	0.00444  	0.00628  	0.00000  	0.00000  
77.77962  	22.53566  	40.06824  	39.92930  	28.31505  	-1.18512  	0.02423  	0.49894  	0.48983  	-3.02442  	0.06345  	-0.08576  	-73.10085  	-0.68880  	144.56812  	147.25765  	-18193.17530  	-9656.01695  	Inf  	-Inf  	0.00478  	0.00002  	0.00420  	0.00447  	0.00627  	0.00000  	0.00000  
78.77972  	22.53437  	40.06456  	39.92639  	28.31360  	-1.18512  	0.02190  	0.49843  	0.48997  	-3.02442  	0.06451  	-0.08572  	-73.09880  	-0.68497  	144.60923  	147.10548  	-18192.59762  	-9655.42540  	Inf  	-Inf  	0.00478  	0.00003  	0.00421  	0.00442  	0.00627  	0.00000  	0.00000  
79.77942  	22.53293  	40.06054  	39.92275  	28.31204  	-1.18512  	0.02415  	0.49861  	0.48742  	-3.02442  	0.06211  	-0.08578  	-73.09729  	-0.68309  	143.85528  	147.15839  	-18191.96575  	-9654.73684  	Inf  	-Inf  	0.00478  	0.00002  	0.00420  	0.00446  	0.00627  	0.00000  	0.00000  
80.78064  	22.53208  	40.05747  	39.91925  	28.31191  	-1.18512  	0.02345  	0.49827  	0.48883  	-3.02442  	0.06438  	-0.08572  	-73.10643  	-0.68520  	144.27278  	147.05897  	-18191.75875  	-9654.14782  	Inf  	-Inf  	0.00478  	0.00003  	0.00421  	0.00445  	0.00627  	0.00000  	0.00000  
81.78008  	22.53028  	40.05437  	39.91565  	28.31113  	-1.18512  	0.02393  	0.49877  	0.48965  	-3.02442  	0.06496  	-0.08574  	-73.11929  	-0.68772  	144.51538  	147.20715  	-18191.21608  	-9653.54689  	Inf  	-Inf  	0.00478  	0.00002  	0.00421  	0.00446  	0.00627  	0.00000  	0.00000  
82.78060  	22.52915  	40.05027  	39.91266  	28.31013  	-1.18512  	0.02406  	0.49875  	0.49072  	-3.02442  	0.06368  	-0.08573  	-73.12096  	-0.68219  	144.82954  	147.20111  	-18190.76620  	-9652.91091  	Inf  	-Inf  	0.00479  	0.00003  	0.00420  	0.00446  	0.00627  	0.00000  	0.00000  
83.78078  	22.52719  	40.04739  	39.90857  	28.31077  	-1.18512  	0.02355  	0.49844  	0.49075  	-3.02442  	0.06439  	-0.08574  	-73.15378  	-0.68821  	144.83864  	147.10801  	-18190.48797  	-9652.28500  	Inf  	-Inf  	0.00479  	0.00003  	0.00421  	0.00445  	0.00627  	0.00000  	0.00000  
84.78190  	22.52566  	40.04474  	39.90602  	28.30888  	-1.18512  	0.02223  	0.49935  	0.48862  	-3.02442  	0.06416  	-0.08571  	-73.14938  	-0.68768  	144.20939  	147.37642  	-18189.76734  	-9651.81793  	Inf  	-Inf  	0.00478  	0.00003  	0.00421  	0.00443  	0.00628  	0.00000  	0.00000  
85.78236  	22.52506  	40.04138  	39.90306  	28.30951  	-1.18512  	0.02343  	0.49835  	0.48963  	-3.02442  	0.06346  	-0.08578  	-73.16476  	-0.68574  	144.50894  	147.08374  	-18189.77329  	-9651.25086  	Inf  	-Inf  	0.00478  	0.00002  	0.00420  	0.00445  	0.00627  	0.00000  	0.00000  
86.78278  	22.52330  	40.03828  	39.89945  	28.30757  	-1.18512  	0.02363  	0.49845  	0.48823  	-3.02442  	0.06422  	-0.08575  	-73.16263  	-0.68823  	144.09538  	147.11238  	-18188.99241  	-9650.64904  	Inf  	-Inf  	0.00478  	0.00002  	0.00421  	0.00445  	0.00627  	0.00000  	0.00000  
87.78220  	22.52098  	40.03408  	39.89547  	28.30773  	-1.18512  	0.02307  	0.49791  	0.48741  	-3.02442  	0.06437  	-0.08576  	-73.19398  	-0.68717  	143.85354  	146.95128  	-18188.53850  	-9649.91453  	Inf  	-Inf  	0.00478  	0.00002  	0.00421  	0.00444  	0.00627  	0.00000  	0.00000  
88.78201  	22.51995  	40.03117  	39.89272  	28.30700  	-1.18512  	0.02378  	0.49890  	0.49095  	-3.02442  	0.06393  	-0.08570  	-73.19778  	-0.68636  	144.89897  	147.24421  	-18188.16902  	-9649.40748  	Inf  	-Inf  	0.00479  	0.00003  	0.00420  	0.00446  	0.00627  	0.00000  	0.00000  
89.78278  	22.51885  	40.02811  	39.89069  	28.30558  	-1.18512  	0.02323  	0.49853  	0.49008  	-3.02442  	0.06329  	-0.08577  	-73.19383  	-0.68123  	144.64062  	147.13688  	-18187.63742  	-9648.95052  	Inf  	-Inf  	0.00478  	0.00002  	0.00420  	0.00445  	0.00627  	0.00000  	0.00000  
90.78231  	22.51700  	40.02517  	39.88740  	28.30612  	-1.18512  	0.02306  	0.49980  	0.49096  	-3.02442  	0.06383  	-0.08581  	-73.22391  	-0.68298  	144.90248  	147.50974  	-18187.36011  	-9648.39115  	Inf  	-Inf  	0.00479  	0.00002  	0.00420  	0.00444  	0.00628  	0.00000  	0.00000  
91.78277  	22.51395  	40.02219  	39.88326  	28.30457  	-1.18512  	0.02410  	0.49869  	0.49153  	-3.02442  	0.06433  	-0.08576  	-73.24302  	-0.68871  	145.06879  	147.18237  	-18186.39167  	-9647.75244  	Inf  	-Inf  	0.00479  	0.00002  	0.00421  	0.00446  	0.00627  	0.00000  	0.00000  
92.78417  	22.51223  	40.01895  	39.88163  	28.30413  	-1.18512  	0.02304  	0.50066  	0.49058  	-3.02442  	0.06366  	-0.08576  	-73.25912  	-0.68078  	144.79059  	147.76295  	-18185.93728  	-9647.31565  	Inf  	-Inf  	0.00478  	0.00002  	0.00420  	0.00444  	0.00628  	0.00000  	0.00000  
93.78417  	22.51064  	40.01598  	39.87821  	28.30328  	-1.18512  	0.02302  	0.50138  	0.49155  	-3.02442  	0.06526  	-0.08572  	-73.26854  	-0.68300  	145.07445  	147.97600  	-18185.42335  	-9646.74209  	Inf  	-Inf  	0.00479  	0.00003  	0.00421  	0.00444  	0.00629  	0.00000  	0.00000  
94.78414  	22.50978  	40.01412  	39.87552  	28.30127  	-1.18512  	0.02384  	0.50185  	0.49013  	-3.02442  	0.06337  	-0.08571  	-73.25391  	-0.68711  	144.65618  	148.11643  	-18184.81769  	-9646.33402  	Inf  	-Inf  	0.00478  	0.00003  	0.00420  	0.00446  	0.00629  	0.00000  	0.00000  
95.78517  	22.50808  	40.01058  	39.87325  	28.29987  	-1.18512  	0.02385  	0.50128  	0.49326  	-3.02442  	0.06422  	-0.08576  	-73.25782  	-0.68082  	145.58070  	147.94625  	-18184.16585  	-9645.81334  	Inf  	-Inf  	0.00479  	0.00002  	0.00421  	0.00446  	0.00628  	0.00000  	0.00000  
96.78523  	22.50710  	40.00687  	39.87042  	28.29893  	-1.18512  	0.02381  	0.50177  	0.49207  	-3.02442  	0.06401  	-0.08576  	-73.25823  	-0.67648  	145.22831  	148.09307  	-18183.75945  	-9645.22613  	Inf  	-Inf  	0.00479  	0.00002  	0.00420  	0.00446  	0.00629  	0.00000  	0.00000  
97.78554  	22.50557  	40.00502  	39.86716  	28.29768  	-1.18512  	0.02340  	0.50154  	0.49189  	-3.02442  	0.06287  	-0.08569  	-73.26177  	-0.68345  	145.17597  	148.02478  	-18183.17453  	-9644.76750  	Inf  	-Inf  	0.00479  	0.00003  	0.00420  	0.00445  	0.00629  	0.00000  	0.00000  
98.78555  	22.50403  	40.00338  	39.86433  	28.29630  	-1.18512  	0.02379  	0.50189  	0.49301  	-3.02442  	0.06446  	-0.08572  	-73.26381  	-0.68935  	145.50673  	148.12686  	-18182.55868  	-9644.36690  	Inf  	-Inf  	0.00479  	0.00003  	0.00421  	0.00446  	0.00629  	0.00000  	0.00000  
99.78532  	22.50379  	40.00031  	39.86189  	28.29497  	-1.18512  	0.02353  	0.50064  	0.49287  	-3.02442  	0.06311  	-0.08576  	-73.25005  	-0.68618  	145.46586  	147.75756  	-18182.22730  	-9643.87180  	Inf  	-Inf  	0.00479  	0.00002  	0.00420  	0.00445  	0.00628  	0.00000  	0.00000  
100.78553  	22.50237  	39.99723  	39.85838  	28.29211  	-1.18512  	0.02355  	0.50166  	0.49401  	-3.02442  	0.06445  	-0.08576  	-73.23192  	-0.68837  	145.80284  	148.05841  	-18181.32722  	-9643.28061  	Inf  	-Inf  	0.00479  	0.00002  	0.00421  	0.00445  	0.00629  	0.00000  	0.00000  
101.78622  	22.50173  	39.99506  	39.85596  	28.29144  	-1.18512  	0.02504  	0.50126  	0.49117  	-3.02442  	0.06338  	-0.08573  	-73.23150  	-0.68961  	144.96329  	147.94144  	-18181.05074  	-9642.86910  	Inf  	-Inf  	0.00479  	0.00003  	0.00420  	0.00448  	0.00628  	0.00000  	0.00000  
102.78742  	22.50033  	39.99280  	39.85345  	28.29033  	-1.18512  	0.02442  	0.50168  	0.49282  	-3.02442  	0.06397  	-0.08568  	-73.23516  	-0.69081  	145.45119  	148.06591  	-18180.52337  	-9642.44163  	Inf  	-Inf  	0.00479  	0.00003  	0.00420  	0.00447  	0.00629  	0.00000  	0.00000  
103.78710  	22.50035  	39.98936  	39.85112  	28.28875  	-1.18512  	0.02322  	0.50186  	0.49096  	-3.02442  	0.06394  	-0.08574  	-73.21492  	-0.68531  	144.90117  	148.11933  	-18180.19527  	-9641.92283  	Inf  	-Inf  	0.00479  	0.00003  	0.00420  	0.00445  	0.00629  	0.00000  	0.00000  
104.78964  	22.50031  	39.98661  	39.84958  	28.28755  	-1.18512  	0.02330  	0.50152  	0.49191  	-3.02442  	0.06462  	-0.08569  	-73.20027  	-0.67933  	145.18271  	148.01939  	-18179.93241  	-9641.53766  	Inf  	-Inf  	0.00479  	0.00003  	0.00421  	0.00445  	0.00629  	0.00000  	0.00000  
105.79141  	22.49958  	39.98487  	39.84693  	28.28598  	-1.18512  	0.02354  	0.50117  	0.49096  	-3.02442  	0.06230  	-0.08576  	-73.18961  	-0.68386  	144.90106  	147.91540  	-18179.44696  	-9641.14471  	Inf  	-Inf  	0.00479  	0.00002  	0.00420  	0.00445  	0.00628  	0.00000  	0.00000  
106.79176  	22.49937  	39.98261  	39.84440  	28.28494  	-1.18512  	0.02373  	0.50143  	0.49107  	-3.02442  	0.06364  	-0.08579  	-73.17919  	-0.68516  	144.93511  	147.99012  	-18179.18612  	-9640.71420  	Inf  	-Inf  	0.00479  	0.00002  	0.00420  	0.00446  	0.00629  	0.00000  	0.00000  
107.79153  	22.49858  	39.98055  	39.84058  	28.28373  	-1.18512  	0.02433  	0.49991  	0.49205  	-3.02442  	0.06463  	-0.08573  	-73.17387  	-0.69388  	145.22333  	147.54227  	-18178.76249  	-9640.18766  	Inf  	-Inf  	0.00479  	0.00003  	0.00421  	0.00447  	0.00628  	0.00000  	0.00000  
108.79319  	22.49841  	39.97788  	39.83854  	28.28376  	-1.18512  	0.02377  	0.49980  	0.48956  	-3.02442  	0.06405  	-0.08572  	-73.17640  	-0.69075  	144.48867  	147.51146  	-18178.73288  	-9639.76476  	Inf  	-Inf  	0.00478  	0.00003  	0.00420  	0.00446  	0.00628  	0.00000  	0.00000  
109.79348  	22.49781  	39.97576  	39.83689  	28.28328  	-1.18512  	0.02321  	0.49829  	0.49025  	-3.02442  	0.06316  	-0.08578  	-73.17794  	-0.68845  	144.69235  	147.06411  	-18178.50635  	-9639.42688  	Inf  	-Inf  	0.00478  	0.00002  	0.00420  	0.00445  	0.00627  	0.00000  	0.00000  
110.79412  	22.49645  	39.97343  	39.83469  	28.28291  	-1.18512  	0.02259  	0.49814  	0.49075  	-3.02442  	0.06282  	-0.08572  	-73.19041  	-0.68777  	144.83862  	147.01984  	-18178.14314  	-9639.02028  	Inf  	-Inf  	0.00479  	0.00003  	0.00420  	0.00443  	0.00627  	0.00000  	0.00000  
111.79414  	22.49606  	39.97105  	39.83289  	28.28151  	-1.18512  	0.02377  	0.49939  	0.48880  	-3.02442  	0.06373  	-0.08571  	-73.17770  	-0.68492  	144.26379  	147.39046  	-18177.76479  	-9638.64458  	Inf  	-Inf  	0.00478  	0.00003  	0.00420  	0.00446  	0.00628  	0.00000  	0.00000  
112.79689  	22.49590  	39.96814  	39.82986  	28.28168  	-1.18512  	0.02302  	0.49884  	0.49057  	-3.02442  	0.06416  	-0.08578  	-73.18176  	-0.68548  	144.78543  	147.22652  	-18177.76792  	-9638.11240  	Inf  	-Inf  	0.00478  	0.00002  	0.00421  	0.00444  	0.00627  	0.00000  	0.00000  
113.79725  	22.49542  	39.96727  	39.82793  	28.28082  	-1.18512  	0.02341  	0.49861  	0.49113  	-3.02442  	0.06129  	-0.08571  	-73.17699  	-0.69076  	144.95089  	147.15878  	-18177.48574  	-9637.86140  	Inf  	-Inf  	0.00479  	0.00003  	0.00420  	0.00445  	0.00627  	0.00000  	0.00000  
114.79700  	22.49333  	39.96510  	39.82589  	28.28115  	-1.18512  	0.02264  	0.49834  	0.48983  	-3.02442  	0.06319  	-0.08573  	-73.20757  	-0.69012  	144.56870  	147.07896  	-18177.11354  	-9637.48399  	Inf  	-Inf  	0.00478  	0.00003  	0.00420  	0.00443  	0.00627  	0.00000  	0.00000  
115.79726  	22.49294  	39.96318  	39.82481  	28.28063  	-1.18512  	0.02202  	0.49890  	0.49144  	-3.02442  	0.06402  	-0.08574  	-73.20598  	-0.68596  	145.04192  	147.24343  	-18176.92150  	-9637.21404  	Inf  	-Inf  	0.00479  	0.00002  	0.00420  	0.00442  	0.00627  	0.00000  	0.00000  
116.79722  	22.49219  	39.96035  	39.82287  	28.27960  	-1.18512  	0.02292  	0.49835  	0.48988  	-3.02442  	0.06329  	-0.08567  	-73.20253  	-0.68156  	144.58267  	147.08201  	-18176.54752  	-9636.78594  	Inf  	-Inf  	0.00478  	0.00003  	0.00420  	0.00444  	0.00627  	0.00000  	0.00000  
117.79714  	22.49050  	39.95901  	39.82044  	28.27983  	-1.18512  	0.02256  	0.49860  	0.48890  	-3.02442  	0.06357  	-0.08574  	-73.22674  	-0.68698  	144.29292  	147.15541  	-18176.23907  	-9636.44842  	Inf  	-Inf  	0.00478  	0.00003  	0.00420  	0.00443  	0.00627  	0.00000  	0.00000  
118.79852  	22.48938  	39.95734  	39.81769  	28.28036  	-1.18512  	0.02258  	0.49746  	0.48981  	-3.02442  	0.06348  	-0.08572  	-73.24758  	-0.69228  	144.56294  	146.82034  	-18176.11609  	-9636.05162  	Inf  	-Inf  	0.00478  	0.00003  	0.00420  	0.00443  	0.00627  	0.00000  	0.00000  
119.79842  	22.48907  	39.95480  	39.81555  	28.27921  	-1.18512  	0.02427  	0.49872  	0.48704  	-3.02442  	0.06439  	-0.08576  	-73.23705  	-0.69032  	143.74447  	147.19307  	-18175.80824  	-9635.63221  	Inf  	-Inf  	0.00478  	0.00002  	0.00421  	0.00447  	0.00627  	0.00000  	0.00000  
120.79948  	22.48842  	39.95321  	39.81501  	28.27896  	-1.18512  	0.02354  	0.49898  	0.49033  	-3.02442  	0.06452  	-0.08581  	-73.24209  	-0.68515  	144.71476  	147.26714  	-18175.61932  	-9635.44058  	Inf  	-Inf  	0.00478  	0.00002  	0.00421  	0.00445  	0.00627  	0.00000  	0.00000  
121.79929  	22.48713  	39.95129  	39.81226  	28.27944  	-1.18512  	0.02286  	0.49893  	0.49242  	-3.02442  	0.06201  	-0.08574  	-73.26443  	-0.68928  	145.33143  	147.25293  	-18175.44787  	-9635.02180  	Inf  	-Inf  	0.00479  	0.00003  	0.00420  	0.00444  	0.00627  	0.00000  	0.00000  
122.79960  	22.48628  	39.94935  	39.81060  	28.27905  	-1.18512  	0.02423  	0.49982  	0.49060  	-3.02442  	0.06437  	-0.08576  	-73.27029  	-0.68785  	144.79585  	147.51590  	-18175.18504  	-9634.69924  	Inf  	-Inf  	0.00478  	0.00002  	0.00421  	0.00447  	0.00628  	0.00000  	0.00000  
123.79907  	22.48365  	39.94798  	39.80773  	28.27793  	-1.18512  	0.02364  	0.50051  	0.49217  	-3.02442  	0.06543  	-0.08570  	-73.28936  	-0.69531  	145.25992  	147.72024  	-18174.39586  	-9634.31817  	Inf  	-Inf  	0.00479  	0.00003  	0.00421  	0.00445  	0.00628  	0.00000  	0.00000  
124.79937  	22.48325  	39.94625  	39.80680  	28.27818  	-1.18512  	0.02373  	0.50241  	0.49098  	-3.02442  	0.06438  	-0.08577  	-73.29766  	-0.69133  	144.90789  	148.28148  	-18174.36501  	-9634.07997  	Inf  	-Inf  	0.00479  	0.00002  	0.00421  	0.00446  	0.00629  	0.00000  	0.00000  
125.79986  	22.48214  	39.94489  	39.80524  	28.27744  	-1.18512  	0.02378  	0.50186  	0.49251  	-3.02442  	0.06371  	-0.08577  	-73.30223  	-0.69233  	145.35830  	148.11869  	-18173.97537  	-9633.81808  	Inf  	-Inf  	0.00479  	0.00002  	0.00420  	0.00446  	0.00629  	0.00000  	0.00000  
126.79932  	22.48082  	39.94274  	39.80423  	28.27657  	-1.18512  	0.02325  	0.50117  	0.49156  	-3.02442  	0.06299  	-0.08570  	-73.30794  	-0.68666  	145.07966  	147.91577  	-18173.51323  	-9633.53428  	Inf  	-Inf  	0.00479  	0.00003  	0.00420  	0.00445  	0.00628  	0.00000  	0.00000  
127.79953  	22.48121  	39.94100  	39.80223  	28.27560  	-1.18512  	0.02274  	0.50203  	0.49093  	-3.02442  	0.06354  	-0.08574  	-73.29079  	-0.68796  	144.89244  	148.16948  	-18173.39127  	-9633.19877  	Inf  	-Inf  	0.00479  	0.00003  	0.00420  	0.00444  	0.00629  	0.00000  	0.00000  
128.79938  	22.48126  	39.93894  	39.80031  	28.27470  	-1.18512  	0.02218  	0.50116  	0.49270  	-3.02442  	0.06399  	-0.08574  	-73.27877  	-0.68727  	145.41470  	147.91294  	-18173.21456  	-9632.84148  	Inf  	-Inf  	0.00479  	0.00003  	0.00420  	0.00443  	0.00628  	0.00000  	0.00000  
129.79911  	22.47976  	39.93803  	39.79852  	28.27328  	-1.18512  	0.02295  	0.50110  	0.49407  	-3.02442  	0.06394  	-0.08572  	-73.27973  	-0.69162  	145.81995  	147.89282  	-18172.59759  	-9632.59924  	Inf  	-Inf  	0.00479  	0.00003  	0.00420  	0.00444  	0.00628  	0.00000  	0.00000  
130.80008  	22.47891  	39.93676  	39.79686  	28.27228  	-1.18512  	0.02315  	0.50149  	0.49291  	-3.02442  	0.06298  	-0.08577  	-73.27791  	-0.69352  	145.47795  	148.00916  	-18172.20728  	-9632.33720  	Inf  	-Inf  	0.00479  	0.00002  	0.00420  	0.00444  	0.00629  	0.00000  	0.00000  
131.80020  	22.47890  	39.93493  	39.79562  	28.27141  	-1.18512  	0.02338  	0.50132  	0.48834  	-3.02442  	0.06293  	-0.08577  	-73.26710  	-0.69065  	144.12863  	147.96024  	-18172.02244  	-9632.06201  	Inf  	-Inf  	0.00478  	0.00002  	0.00420  	0.00445  	0.00628  	0.00000  	0.00000  
132.80087  	22.47877  	39.93357  	39.79469  	28.27048  	-1.18512  	0.02303  	0.50107  	0.49115  	-3.02442  	0.06273  	-0.08575  	-73.25686  	-0.68850  	144.95679  	147.88538  	-18171.80020  	-9631.85629  	Inf  	-Inf  	0.00479  	0.00002  	0.00420  	0.00444  	0.00628  	0.00000  	0.00000  
133.80133  	22.47838  	39.93207  	39.79343  	28.26958  	-1.18512  	0.02312  	0.50253  	0.49313  	-3.02442  	0.06289  	-0.08576  	-73.25049  	-0.68731  	145.54058  	148.31714  	-18171.52931  	-9631.60801  	Inf  	-Inf  	0.00479  	0.00002  	0.00420  	0.00444  	0.00629  	0.00000  	0.00000  
134.80134  	22.47768  	39.93080  	39.79197  	28.26891  	-1.18512  	0.02352  	0.50067  	0.49036  	-3.02442  	0.06423  	-0.08574  	-73.25090  	-0.68822  	144.72384  	147.76822  	-18171.23982  	-9631.36335  	Inf  	-Inf  	0.00478  	0.00002  	0.00421  	0.00445  	0.00628  	0.00000  	0.00000  
135.80111  	22.47857  	39.92834  	39.78994  	28.26848  	-1.18512  	0.02270  	0.50124  	0.49146  	-3.02442  	0.06383  	-0.08572  	-73.23411  	-0.68610  	145.04762  	147.93547  	-18171.33712  	-9630.96113  	Inf  	-Inf  	0.00479  	0.00003  	0.00420  	0.00444  	0.00628  	0.00000  	0.00000  
136.80172  	22.47865  	39.92671  	39.78824  	28.26711  	-1.18512  	0.02398  	0.50095  	0.49285  	-3.02442  	0.06375  	-0.08578  	-73.21581  	-0.68647  	145.45815  	147.85098  	-18171.06498  	-9630.66209  	Inf  	-Inf  	0.00479  	0.00002  	0.00420  	0.00446  	0.00628  	0.00000  	0.00000  
137.80172  	22.47809  	39.92574  	39.78625  	28.26735  	-1.18512  	0.02445  	0.50133  	0.48805  	-3.02442  	0.06375  	-0.08581  	-73.22599  	-0.69149  	144.04363  	147.96239  	-18170.99822  	-9630.39667  	Inf  	-Inf  	0.00478  	0.00002  	0.00420  	0.00447  	0.00628  	0.00000  	0.00000  
138.80155  	22.47945  	39.92436  	39.78470  	28.26654  	-1.18512  	0.02434  	0.50037  	0.49004  	-3.02442  	0.06424  	-0.08572  	-73.19854  	-0.69237  	144.63122  	147.67849  	-18171.11268  	-9630.13333  	Inf  	-Inf  	0.00478  	0.00003  	0.00421  	0.00447  	0.00628  	0.00000  	0.00000  
139.80199  	22.47906  	39.92364  	39.78374  	28.26629  	-1.18512  	0.02449  	0.49876  	0.49015  	-3.02442  	0.06503  	-0.08574  	-73.20027  	-0.69353  	144.66188  	147.20326  	-18170.98032  	-9629.98315  	Inf  	-Inf  	0.00478  	0.00003  	0.00421  	0.00447  	0.00627  	0.00000  	0.00000  
140.80274  	22.47826  	39.92112  	39.78298  	28.26546  	-1.18512  	0.02320  	0.49829  	0.49088  	-3.02442  	0.06266  	-0.08572  	-73.19984  	-0.68483  	144.87830  	147.06519  	-18170.63620  	-9629.68923  	Inf  	-Inf  	0.00479  	0.00003  	0.00420  	0.00445  	0.00627  	0.00000  	0.00000  
141.80321  	22.47832  	39.92087  	39.78194  	28.26482  	-1.18512  	0.02188  	0.49797  	0.48978  	-3.02442  	0.06434  	-0.08578  	-73.19114  	-0.68872  	144.55261  	146.96972  	-18170.51291  	-9629.57357  	Inf  	-Inf  	0.00478  	0.00002  	0.00421  	0.00442  	0.00627  	0.00000  	0.00000  
142.80344  	22.47857  	39.91937  	39.78077  	28.26603  	-1.18512  	0.02237  	0.49839  	0.49020  	-3.02442  	0.06284  	-0.08574  	-73.20309  	-0.68712  	144.67662  	147.09345  	-18170.82108  	-9629.33412  	Inf  	-Inf  	0.00478  	0.00003  	0.00420  	0.00443  	0.00627  	0.00000  	0.00000  
143.80297  	22.47858  	39.91793  	39.77892  	28.26602  	-1.18512  	0.02396  	0.49844  	0.49094  	-3.02442  	0.06325  	-0.08574  	-73.20292  	-0.68914  	144.89466  	147.10869  	-18170.82234  	-9629.03873  	Inf  	-Inf  	0.00479  	0.00003  	0.00420  	0.00446  	0.00627  	0.00000  	0.00000  
144.80339  	22.47841  	39.91653  	39.77751  	28.26623  	-1.18512  	0.02327  	0.49707  	0.49071  	-3.02442  	0.06398  	-0.08571  	-73.20773  	-0.68921  	144.82901  	146.70424  	-18170.82800  	-9628.78675  	Inf  	-Inf  	0.00479  	0.00003  	0.00420  	0.00445  	0.00627  	0.00000  	0.00000  
145.80387  	22.47799  	39.91524  	39.77645  	28.26575  	-1.18512  	0.02349  	0.49810  	0.49163  	-3.02442  	0.06406  	-0.08572  	-73.20699  	-0.68803  	145.10026  	147.00806  	-18170.63952  	-9628.57586  	Inf  	-Inf  	0.00479  	0.00003  	0.00421  	0.00445  	0.00627  	0.00000  	0.00000  
146.80415  	22.47750  	39.91441  	39.77607  	28.26546  	-1.18512  	0.02469  	0.49830  	0.48943  	-3.02442  	0.06316  	-0.08573  	-73.20954  	-0.68582  	144.44909  	147.06862  	-18170.47572  	-9628.46730  	Inf  	-Inf  	0.00478  	0.00003  	0.00420  	0.00447  	0.00627  	0.00000  	0.00000  
147.80415  	22.47672  	39.91408  	39.77389  	28.26601  	-1.18512  	0.02340  	0.49841  	0.49245  	-3.02442  	0.06349  	-0.08574  	-73.22627  	-0.69499  	145.34246  	147.10115  	-18170.42565  	-9628.24166  	Inf  	-Inf  	0.00479  	0.00003  	0.00420  	0.00445  	0.00627  	0.00000  	0.00000  
148.80412  	22.47771  	39.91241  	39.77324  	28.26655  	-1.18512  	0.02433  	0.49833  	0.48913  	-3.02442  	0.06315  	-0.08567  	-73.22063  	-0.68993  	144.36040  	147.07725  	-18170.74741  	-9628.03477  	Inf  	-Inf  	0.00478  	0.00003  	0.00420  	0.00447  	0.00627  	0.00000  	0.00000  
149.80412  	22.47660  	39.91091  	39.77174  	28.26713  	-1.18512  	0.02503  	0.49814  	0.48795  	-3.02442  	0.06430  	-0.08574  	-73.24195  	-0.68993  	144.01281  	147.02011  	-18170.63736  	-9627.76450  	Inf  	-Inf  	0.00478  	0.00003  	0.00421  	0.00448  	0.00627  	0.00000  	0.00000  
150.80577  	22.47520  	39.91011  	39.77047  	28.26796  	-1.18512  	0.02364  	0.49813  	0.49055  	-3.02442  	0.06295  	-0.08574  	-73.27031  	-0.69226  	144.77930  	147.01887  	-18170.51802  	-9627.57941  	Inf  	-Inf  	0.00478  	0.00003  	0.00420  	0.00445  	0.00627  	0.00000  	0.00000  
151.80614  	22.47474  	39.90917  	39.77006  	28.26805  	-1.18512  	0.02269  	0.49720  	0.49215  	-3.02442  	0.06359  	-0.08575  	-73.27711  	-0.68961  	145.25162  	146.74281  	-18170.43876  	-9627.45842  	Inf  	-Inf  	0.00479  	0.00002  	0.00420  	0.00444  	0.00627  	0.00000  	0.00000  
152.80626  	22.47432  	39.90786  	39.76888  	28.26775  	-1.18512  	0.02362  	0.49884  	0.49099  	-3.02442  	0.06448  	-0.08573  	-73.27866  	-0.68897  	144.91144  	147.22562  	-18170.28710  	-9627.23482  	Inf  	-Inf  	0.00479  	0.00003  	0.00421  	0.00445  	0.00627  	0.00000  	0.00000  
153.80626  	22.47440  	39.90629  	39.76774  	28.26791  	-1.18512  	0.02386  	0.49898  	0.49116  	-3.02442  	0.06289  	-0.08574  	-73.27967  	-0.68687  	144.95935  	147.26955  	-18170.33711  	-9626.99278  	Inf  	-Inf  	0.00479  	0.00003  	0.00420  	0.00446  	0.00627  	0.00000  	0.00000  
154.80625  	22.47349  	39.90559  	39.76745  	28.26761  	-1.18512  	0.02378  	0.49843  	0.48864  	-3.02442  	0.06235  	-0.08571  	-73.28755  	-0.68483  	144.21766  	147.10544  	-18170.08331  	-9626.90296  	Inf  	-Inf  	0.00478  	0.00003  	0.00420  	0.00446  	0.00627  	0.00000  	0.00000  
155.80618  	22.47186  	39.90537  	39.76573  	28.26805  	-1.18512  	0.02351  	0.49879  	0.48998  	-3.02442  	0.06344  	-0.08572  	-73.31364  	-0.69224  	144.61219  	147.21218  	-18169.83428  	-9626.72929  	Inf  	-Inf  	0.00478  	0.00003  	0.00420  	0.00445  	0.00627  	0.00000  	0.00000  
156.80791  	22.47221  	39.90420  	39.76445  	28.26763  	-1.18512  	0.02326  	0.50124  	0.48904  	-3.02442  	0.06509  	-0.08575  	-73.30391  	-0.69280  	144.33420  	147.93483  	-18169.81903  	-9626.50951  	Inf  	-Inf  	0.00478  	0.00002  	0.00421  	0.00445  	0.00628  	0.00000  	0.00000  
157.80968  	22.47184  	39.90322  	39.76447  	28.26774  	-1.18512  	0.02361  	0.50048  	0.49153  	-3.02442  	0.06380  	-0.08573  	-73.30991  	-0.68784  	145.07043  	147.70975  	-18169.76284  	-9626.42389  	Inf  	-Inf  	0.00479  	0.00003  	0.00420  	0.00445  	0.00628  	0.00000  	0.00000  
158.80919  	22.47132  	39.90263  	39.76306  	28.26755  	-1.18512  	0.02383  	0.50103  	0.49292  	-3.02442  	0.06285  	-0.08574  	-73.31417  	-0.69194  	145.47850  	147.87206  	-18169.61289  	-9626.24423  	Inf  	-Inf  	0.00479  	0.00003  	0.00420  	0.00446  	0.00628  	0.00000  	0.00000  
159.80929  	22.47115  	39.90120  	39.76209  	28.26670  	-1.18512  	0.02368  	0.50128  	0.48823  	-3.02442  	0.06443  	-0.08574  	-73.30554  	-0.68962  	144.09683  	147.94760  	-18169.40070  	-9626.02820  	Inf  	-Inf  	0.00478  	0.00002  	0.00421  	0.00445  	0.00628  	0.00000  	0.00000  
160.80936  	22.47004  	39.89989  	39.76198  	28.26548  	-1.18512  	0.02278  	0.50142  	0.49677  	-3.02442  	0.06395  	-0.08571  	-73.30421  	-0.68371  	146.61554  	147.98763  	-18168.90771  	-9625.90167  	Inf  	-Inf  	0.00479  	0.00003  	0.00420  	0.00444  	0.00629  	0.00000  	0.00000  
161.80953  	22.47012  	39.89989  	39.76039  	28.26502  	-1.18512  	0.02366  	0.50141  	0.49165  	-3.02442  	0.06334  	-0.08573  	-73.29731  	-0.69156  	145.10416  	147.98701  	-18168.82991  	-9625.75893  	Inf  	-Inf  	0.00479  	0.00003  	0.00420  	0.00445  	0.00629  	0.00000  	0.00000  
162.80903  	22.47112  	39.89815  	39.75991  	28.26509  	-1.18512  	0.02364  	0.50116  	0.49028  	-3.02442  	0.06459  	-0.08576  	-73.28559  	-0.68533  	144.70042  	147.91250  	-18169.05436  	-9625.55956  	Inf  	-Inf  	0.00478  	0.00002  	0.00421  	0.00445  	0.00628  	0.00000  	0.00000  
163.80962  	22.47064  	39.89771  	39.75892  	28.26355  	-1.18512  	0.02319  	0.50144  	0.49414  	-3.02442  	0.06360  	-0.08573  	-73.27223  	-0.68803  	145.84106  	147.99465  	-18168.62791  	-9625.43159  	Inf  	-Inf  	0.00479  	0.00003  	0.00420  	0.00445  	0.00629  	0.00000  	0.00000  
164.80914  	22.47115  	39.89714  	39.75812  	28.26381  	-1.18512  	0.02316  	0.50155  	0.49247  	-3.02442  	0.06347  	-0.08574  	-73.26896  	-0.68921  	145.34656  	148.02679  	-18168.79084  	-9625.30887  	Inf  	-Inf  	0.00479  	0.00003  	0.00420  	0.00444  	0.00629  	0.00000  	0.00000  
165.80967  	22.47110  	39.89596  	39.75701  	28.26281  	-1.18512  	0.02278  	0.50103  	0.49260  	-3.02442  	0.06310  	-0.08575  	-73.25691  	-0.68881  	145.38507  	147.87309  	-18168.56913  	-9625.10317  	Inf  	-Inf  	0.00479  	0.00002  	0.00420  	0.00444  	0.00628  	0.00000  	0.00000  
166.80932  	22.47125  	39.89573  	39.75675  	28.26325  	-1.18512  	0.02371  	0.50083  	0.49555  	-3.02442  	0.06359  	-0.08578  	-73.26061  	-0.68899  	146.25717  	147.81304  	-18168.69300  	-9625.05990  	Inf  	-Inf  	0.00479  	0.00002  	0.00420  	0.00446  	0.00628  	0.00000  	0.00000  
167.80903  	22.47162  	39.89469  	39.75640  	28.26199  	-1.18512  	0.02415  	0.50013  	0.48881  	-3.02442  	0.06365  	-0.08571  	-73.23998  	-0.68553  	144.26547  	147.60676  	-18168.50665  	-9624.93452  	Inf  	-Inf  	0.00478  	0.00003  	0.00420  	0.00446  	0.00628  	0.00000  	0.00000  
168.80944  	22.47242  	39.89380  	39.75497  	28.26208  	-1.18512  	0.02332  	0.50083  	0.49220  	-3.02442  	0.06210  	-0.08575  	-73.23096  	-0.68823  	145.26881  	147.81534  	-18168.69305  	-9624.72619  	Inf  	-Inf  	0.00479  	0.00002  	0.00420  	0.00445  	0.00628  	0.00000  	0.00000  
169.80961  	22.47255  	39.89304  	39.75423  	28.26089  	-1.18512  	0.02373  	0.50058  	0.48729  	-3.02442  	0.06421  	-0.08571  	-73.21437  	-0.68813  	143.81794  	147.74029  	-18168.47134  	-9624.59151  	Inf  	-Inf  	0.00478  	0.00003  	0.00421  	0.00446  	0.00628  	0.00000  	0.00000  
170.81020  	22.47292  	39.89300  	39.75327  	28.26089  	-1.18512  	0.02361  	0.50065  	0.49125  	-3.02442  	0.06383  	-0.08573  	-73.20971  	-0.69272  	144.98730  	147.76079  	-18168.54851  	-9624.50188  	Inf  	-Inf  	0.00479  	0.00003  	0.00420  	0.00445  	0.00628  	0.00000  	0.00000  
171.81002  	22.47415  	39.89241  	39.75224  	28.26119  	-1.18512  	0.02282  	0.49997  	0.48710  	-3.02442  	0.06406  	-0.08575  	-73.19786  	-0.69486  	143.76161  	147.56156  	-18168.87059  	-9624.35684  	Inf  	-Inf  	0.00478  	0.00002  	0.00420  	0.00444  	0.00628  	0.00000  	0.00000  
172.81039  	22.47449  	39.89210  	39.75172  	28.26116  	-1.18512  	0.02360  	0.49860  	0.48962  	-3.02442  	0.06481  	-0.08568  	-73.19331  	-0.69591  	144.50560  	147.15736  	-18168.93548  	-9624.28255  	Inf  	-Inf  	0.00478  	0.00003  	0.00421  	0.00445  	0.00627  	0.00000  	0.00000  
173.81033  	22.47442  	39.89110  	39.75146  	28.26213  	-1.18512  	0.02356  	0.49854  	0.48948  	-3.02442  	0.06459  	-0.08574  	-73.20641  	-0.69227  	144.46354  	147.13896  	-18169.12467  	-9624.16900  	Inf  	-Inf  	0.00478  	0.00003  	0.00421  	0.00445  	0.00627  	0.00000  	0.00000  
174.81017  	22.47549  	39.89106  	39.75131  	28.26161  	-1.18512  	0.02331  	0.49860  	0.49044  	-3.02442  	0.06394  	-0.08573  	-73.18636  	-0.69282  	144.74906  	147.15623  	-18169.24090  	-9624.15237  	Inf  	-Inf  	0.00478  	0.00003  	0.00420  	0.00445  	0.00627  	0.00000  	0.00000  
175.81044  	22.47584  	39.89042  	39.75170  	28.26178  	-1.18512  	0.02252  	0.49773  	0.49002  	-3.02442  	0.06223  	-0.08577  	-73.18401  	-0.68769  	144.62308  	146.90061  	-18169.35195  	-9624.13030  	Inf  	-Inf  	0.00478  	0.00002  	0.00420  	0.00443  	0.00627  	0.00000  	0.00000  
176.81009  	22.47600  	39.88892  	39.75195  	28.26289  	-1.18512  	0.02404  	0.49811  	0.48581  	-3.02442  	0.06540  	-0.08577  	-73.19602  	-0.67904  	143.38078  	147.01276  	-18169.61915  	-9624.01840  	Inf  	-Inf  	0.00478  	0.00002  	0.00421  	0.00446  	0.00627  	0.00000  	0.00000  
177.81040  	22.47600  	39.88947  	39.75029  	28.26206  	-1.18512  	0.02319  	0.49875  	0.48693  	-3.02442  	0.06354  	-0.08571  	-73.18551  	-0.68997  	143.71258  	147.20028  	-18169.44157  	-9623.91819  	Inf  	-Inf  	0.00478  	0.00003  	0.00420  	0.00445  	0.00627  	0.00000  	0.00000  
178.81036  	22.47670  	39.88899  	39.74970  	28.26305  	-1.18512  	0.02324  	0.49763  	0.48704  	-3.02442  	0.06388  	-0.08571  	-73.18926  	-0.69052  	143.74436  	146.87107  	-18169.79886  	-9623.82182  	Inf  	-Inf  	0.00478  	0.00003  	0.00420  	0.00445  	0.00627  	0.00000  	0.00000  
179.81148  	22.47626  	39.88916  	39.74952  	28.26426  	-1.18512  	0.02254  	0.49727  	0.48880  	-3.02442  	0.06475  	-0.08573  	-73.21010  	-0.69227  	144.26533  	146.76372  	-18169.95971  	-9623.82239  	Inf  	-Inf  	0.00478  	0.00003  	0.00421  	0.00443  	0.00627  	0.00000  	0.00000  
180.81160  	22.47632  	39.88761  	39.74972  	28.26543  	-1.18512  	0.02405  	0.49768  	0.48770  	-3.02442  	0.06382  	-0.08577  	-73.22412  	-0.68357  	143.93890  	146.88559  	-18170.21895  	-9623.70053  	Inf  	-Inf  	0.00478  	0.00002  	0.00420  	0.00446  	0.00627  	0.00000  	0.00000  
181.81250  	22.47680  	39.88764  	39.74834  	28.26565  	-1.18512  	0.02238  	0.49671  	0.49074  	-3.02442  	0.06427  	-0.08574  	-73.22093  	-0.69059  	144.83576  	146.59789  	-18170.36772  	-9623.57923  	Inf  	-Inf  	0.00479  	0.00003  	0.00421  	0.00443  	0.00626  	0.00000  	0.00000  
182.81289  	22.47702  	39.88675  	39.74845  	28.26595  	-1.18512  	0.02328  	0.49725  	0.48804  	-3.02442  	0.06277  	-0.08574  	-73.22189  	-0.68561  	144.03901  	146.75724  	-18170.47656  	-9623.50952  	Inf  	-Inf  	0.00478  	0.00003  	0.00420  	0.00445  	0.00627  	0.00000  	0.00000  
183.81336  	22.47663  	39.88695  	39.74810  	28.26744  	-1.18512  	0.02358  	0.49637  	0.48893  	-3.02442  	0.06496  	-0.08575  	-73.24568  	-0.68836  	144.30108  	146.49704  	-18170.70955  	-9623.49648  	Inf  	-Inf  	0.00478  	0.00002  	0.00421  	0.00445  	0.00626  	0.00000  	0.00000  
184.81367  	22.47662  	39.88607  	39.74619  	28.26938  	-1.18512  	0.02297  	0.49587  	0.49562  	-3.02442  	0.06315  	-0.08573  	-73.27035  	-0.69350  	146.27688  	146.34939  	-18171.11585  	-9623.24584  	Inf  	-Inf  	0.00479  	0.00003  	0.00420  	0.00444  	0.00626  	0.00000  	0.00000  
185.81306  	22.47717  	39.88524  	39.74531  	28.26975  	-1.18512  	0.02204  	0.49821  	0.49026  	-3.02442  	0.06416  	-0.08572  	-73.26803  	-0.69369  	144.69609  	147.04257  	-18171.31004  	-9623.09228  	Inf  	-Inf  	0.00478  	0.00003  	0.00421  	0.00442  	0.00627  	0.00000  	0.00000  
186.81340  	22.47728  	39.88513  	39.74519  	28.27001  	-1.18512  	0.02381  	0.49477  	0.49545  	-3.02442  	0.06404  	-0.08570  	-73.26992  	-0.69371  	146.22535  	146.02534  	-18171.38730  	-9623.07189  	Inf  	-Inf  	0.00479  	0.00003  	0.00420  	0.00446  	0.00625  	0.00000  	0.00000  
187.81372  	22.47743  	39.88523  	39.74414  	28.27164  	-1.18512  	0.02465  	0.49126  	0.49843  	-3.02442  	0.06417  	-0.08575  	-73.28872  	-0.69941  	147.10749  	144.99045  	-18171.76222  	-9622.98668  	Inf  	-Inf  	0.00480  	0.00002  	0.00421  	0.00447  	0.00624  	0.00000  	0.00000  
188.81474  	22.47732  	39.88494  	39.74386  	28.27132  	-1.18512  	0.02395  	0.48893  	0.51092  	-3.02442  	0.06548  	-0.08576  	-73.28600  	-0.69940  	150.79315  	144.30095  	-18171.67275  	-9622.93541  	Inf  	-Inf  	0.00482  	0.00002  	0.00421  	0.00446  	0.00623  	0.00000  	0.00000  
189.81573  	22.47911  	39.88375  	39.74248  	28.27310  	-1.18512  	0.02260  	0.48922  	0.51177  	-3.02442  	0.06460  	-0.08578  	-73.28586  	-0.70032  	151.04400  	144.38898  	-18172.42279  	-9622.70493  	Inf  	-Inf  	0.00482  	0.00002  	0.00421  	0.00443  	0.00623  	0.00000  	0.00000  
190.81622  	22.48014  	39.88334  	39.74245  	28.27405  	-1.18512  	0.02256  	0.48895  	0.51306  	-3.02442  	0.06333  	-0.08577  	-73.28490  	-0.69847  	151.42442  	144.30925  	-18172.84052  	-9622.66603  	Inf  	-Inf  	0.00482  	0.00002  	0.00420  	0.00443  	0.00623  	0.00000  	0.00000  
191.81765  	22.48096  	39.88204  	39.74160  	28.27606  	-1.18512  	0.02330  	0.49003  	0.51559  	-3.02442  	0.06463  	-0.08572  	-73.29987  	-0.69627  	152.16990  	144.62710  	-18173.43788  	-9622.47277  	Inf  	-Inf  	0.00482  	0.00003  	0.00421  	0.00445  	0.00623  	0.00000  	0.00000  
192.81849  	22.48281  	39.88173  	39.74014  	28.27656  	-1.18512  	0.02272  	0.48957  	0.51746  	-3.02442  	0.06441  	-0.08577  	-73.28282  	-0.70194  	152.72303  	144.49226  	-18173.93156  	-9622.31462  	Inf  	-Inf  	0.00483  	0.00002  	0.00421  	0.00444  	0.00623  	0.00000  	0.00000  
193.81872  	22.48322  	39.88166  	39.73970  	28.27714  	-1.18512  	0.02395  	0.48947  	0.51548  	-3.02442  	0.06399  	-0.08573  	-73.28488  	-0.70378  	152.13961  	144.46291  	-18174.14026  	-9622.26860  	Inf  	-Inf  	0.00482  	0.00003  	0.00420  	0.00446  	0.00623  	0.00000  	0.00000  
194.81907  	22.48367  	39.88066  	39.73799  	28.27661  	-1.18512  	0.02385  	0.48882  	0.51448  	-3.02442  	0.06320  	-0.08573  	-73.27258  	-0.70729  	151.84202  	144.27107  	-18174.12362  	-9622.02582  	Inf  	-Inf  	0.00482  	0.00003  	0.00420  	0.00446  	0.00623  	0.00000  	0.00000  
195.81959  	22.48416  	39.87875  	39.73880  	28.27634  	-1.18512  	0.02362  	0.48936  	0.51514  	-3.02442  	0.06347  	-0.08574  	-73.26299  	-0.69379  	152.03894  	144.42871  	-18174.16907  	-9621.92672  	Inf  	-Inf  	0.00482  	0.00003  	0.00420  	0.00445  	0.00623  	0.00000  	0.00000  
196.81938  	22.48542  	39.87943  	39.73845  	28.27580  	-1.18512  	0.02420  	0.48924  	0.51575  	-3.02442  	0.06295  	-0.08573  	-73.24017  	-0.69891  	152.21845  	144.39501  	-18174.32227  	-9621.95576  	Inf  	-Inf  	0.00483  	0.00003  	0.00420  	0.00446  	0.00623  	0.00000  	0.00000  
197.81938  	22.48488  	39.87907  	39.73794  	28.27587  	-1.18512  	0.02371  	0.48921  	0.51586  	-3.02442  	0.06400  	-0.08571  	-73.24795  	-0.69969  	152.24999  	144.38566  	-18174.22166  	-9621.87804  	Inf  	-Inf  	0.00483  	0.00003  	0.00420  	0.00446  	0.00623  	0.00000  	0.00000  
198.81991  	22.48441  	39.87899  	39.73791  	28.27510  	-1.18512  	0.02196  	0.48918  	0.51494  	-3.02442  	0.06426  	-0.08572  	-73.24407  	-0.69942  	151.97954  	144.37508  	-18173.96056  	-9621.86857  	Inf  	-Inf  	0.00482  	0.00003  	0.00421  	0.00442  	0.00623  	0.00000  	0.00000  
199.82052  	22.48524  	39.87805  	39.73639  	28.27388  	-1.18512  	0.02368  	0.49052  	0.51172  	-3.02442  	0.06353  	-0.08577  	-73.21827  	-0.70229  	151.02856  	144.77273  	-18173.87879  	-9621.64805  	Inf  	-Inf  	0.00482  	0.00002  	0.00420  	0.00445  	0.00624  	0.00000  	0.00000  
200.82111  	22.48763  	39.87721  	39.73686  	28.27359  	-1.18512  	0.02335  	0.48888  	0.51534  	-3.02442  	0.06338  	-0.08575  	-73.18434  	-0.69578  	152.09791  	144.28853  	-18174.32004  	-9621.61469  	Inf  	-Inf  	0.00482  	0.00002  	0.00420  	0.00445  	0.00623  	0.00000  	0.00000  
201.82160  	22.48712  	39.87752  	39.73551  	28.27349  	-1.18512  	0.02379  	0.48864  	0.51183  	-3.02442  	0.06472  	-0.08572  	-73.18955  	-0.70401  	151.06106  	144.21727  	-18174.19200  	-9621.52143  	Inf  	-Inf  	0.00482  	0.00003  	0.00421  	0.00446  	0.00623  	0.00000  	0.00000  
202.82115  	22.48754  	39.87718  	39.73576  	28.27347  	-1.18512  	0.02361  	0.48865  	0.51093  	-3.02442  	0.06463  	-0.08580  	-73.18387  	-0.70109  	150.79402  	144.22019  	-18174.27621  	-9621.51352  	Inf  	-Inf  	0.00482  	0.00002  	0.00421  	0.00445  	0.00623  	0.00000  	0.00000  
203.82196  	22.48797  	39.87597  	39.73556  	28.27183  	-1.18512  	0.02298  	0.48834  	0.51425  	-3.02442  	0.06335  	-0.08581  	-73.15774  	-0.69608  	151.77482  	144.12878  	-18174.02204  	-9621.38699  	Inf  	-Inf  	0.00482  	0.00002  	0.00420  	0.00444  	0.00623  	0.00000  	0.00000  
204.82244  	22.48951  	39.87551  	39.73376  	28.27256  	-1.18512  	0.02276  	0.48755  	0.51128  	-3.02442  	0.06230  	-0.08574  	-73.14750  	-0.70272  	150.89885  	143.89524  	-18174.50171  	-9621.18460  	Inf  	-Inf  	0.00482  	0.00003  	0.00420  	0.00444  	0.00622  	0.00000  	0.00000  
205.82277  	22.49034  	39.87541  	39.73426  	28.27306  	-1.18512  	0.02311  	0.48752  	0.51353  	-3.02442  	0.06230  	-0.08577  	-73.14330  	-0.69977  	151.56302  	143.88619  	-18174.77947  	-9621.22003  	Inf  	-Inf  	0.00482  	0.00002  	0.00420  	0.00444  	0.00622  	0.00000  	0.00000  
206.82292  	22.48987  	39.87584  	39.73422  	28.27358  	-1.18512  	0.02476  	0.48634  	0.50994  	-3.02442  	0.06372  	-0.08570  	-73.15588  	-0.70210  	150.50275  	143.53922  	-18174.79007  	-9621.25487  	Inf  	-Inf  	0.00482  	0.00003  	0.00420  	0.00448  	0.00622  	0.00000  	0.00000  
207.82417  	22.49105  	39.87473  	39.73496  	28.27336  	-1.18512  	0.02411  	0.48594  	0.51082  	-3.02442  	0.06421  	-0.08577  	-73.13806  	-0.69294  	150.76140  	143.41937  	-18174.99212  	-9621.22191  	Inf  	-Inf  	0.00482  	0.00002  	0.00421  	0.00446  	0.00621  	0.00000  	0.00000  
208.82414  	22.49213  	39.87433  	39.73459  	28.27503  	-1.18512  	0.02168  	0.48567  	0.51133  	-3.02442  	0.06419  	-0.08570  	-73.14558  	-0.69277  	150.91469  	143.34002  	-18175.57114  	-9621.15256  	Inf  	-Inf  	0.00482  	0.00003  	0.00421  	0.00442  	0.00621  	0.00000  	0.00000  
209.82617  	22.49153  	39.87489  	39.73496  	28.27523  	-1.18512  	0.02361  	0.48552  	0.50546  	-3.02442  	0.06405  	-0.08580  	-73.15567  	-0.69369  	149.18145  	143.29668  	-18175.48922  	-9621.23560  	Inf  	-Inf  	0.00481  	0.00002  	0.00420  	0.00445  	0.00621  	0.00000  	0.00000  
210.82626  	22.49238  	39.87497  	39.73601  	28.27553  	-1.18512  	0.02243  	0.48618  	0.51132  	-3.02442  	0.06351  	-0.08572  	-73.14870  	-0.68889  	150.90974  	143.49093  	-18175.73108  	-9621.33717  	Inf  	-Inf  	0.00482  	0.00003  	0.00420  	0.00443  	0.00622  	0.00000  	0.00000  
211.82629  	22.49273  	39.87491  	39.73498  	28.27617  	-1.18512  	0.02358  	0.48601  	0.50761  	-3.02442  	0.06471  	-0.08580  	-73.15237  	-0.69369  	149.81688  	143.43944  	-18175.93865  	-9621.23935  	Inf  	-Inf  	0.00481  	0.00002  	0.00421  	0.00445  	0.00621  	0.00000  	0.00000  
212.82626  	22.49285  	39.87516  	39.73541  	28.27749  	-1.18512  	0.02285  	0.48599  	0.51062  	-3.02442  	0.06328  	-0.08577  	-73.16769  	-0.69278  	150.70504  	143.43513  	-18176.24151  	-9621.30039  	Inf  	-Inf  	0.00482  	0.00002  	0.00420  	0.00444  	0.00621  	0.00000  	0.00000  
213.82633  	22.49321  	39.87459  	39.73624  	28.27876  	-1.18512  	0.02309  	0.48596  	0.51193  	-3.02442  	0.06404  	-0.08567  	-73.17907  	-0.68589  	151.09032  	143.42511  	-18176.58629  	-9621.32408  	Inf  	-Inf  	0.00482  	0.00003  	0.00420  	0.00444  	0.00621  	0.00000  	0.00000  
214.82621  	22.49381  	39.87457  	39.73559  	28.27898  	-1.18512  	0.02353  	0.48696  	0.50949  	-3.02442  	0.06311  	-0.08577  	-73.17426  	-0.68899  	150.37030  	143.72100  	-18176.75660  	-9621.26406  	Inf  	-Inf  	0.00482  	0.00002  	0.00420  	0.00445  	0.00622  	0.00000  	0.00000  
215.82612  	22.49338  	39.87432  	39.73513  	28.28035  	-1.18512  	0.02364  	0.48705  	0.51015  	-3.02442  	0.06363  	-0.08575  	-73.19716  	-0.69005  	150.56365  	143.74800  	-18176.95636  	-9621.19973  	Inf  	-Inf  	0.00482  	0.00002  	0.00420  	0.00445  	0.00622  	0.00000  	0.00000  
216.82623  	22.49448  	39.87428  	39.73598  	28.28097  	-1.18512  	0.02254  	0.48654  	0.51209  	-3.02442  	0.06270  	-0.08572  	-73.19100  	-0.68564  	151.13881  	143.59556  	-18177.32033  	-9621.27237  	Inf  	-Inf  	0.00482  	0.00003  	0.00420  	0.00443  	0.00622  	0.00000  	0.00000  
217.82643  	22.49438  	39.87444  	39.73606  	28.28147  	-1.18512  	0.02233  	0.48608  	0.51212  	-3.02442  	0.06461  	-0.08572  	-73.19864  	-0.68603  	151.14742  	143.46205  	-18177.40150  	-9621.29495  	Inf  	-Inf  	0.00482  	0.00003  	0.00421  	0.00443  	0.00621  	0.00000  	0.00000  
218.82766  	22.49445  	39.87436  	39.73661  	28.28212  	-1.18512  	0.02338  	0.48769  	0.51174  	-3.02442  	0.06345  	-0.08573  	-73.20592  	-0.68292  	151.03455  	143.93584  	-18177.55596  	-9621.33615  	Inf  	-Inf  	0.00482  	0.00003  	0.00420  	0.00445  	0.00622  	0.00000  	0.00000  
219.82761  	22.49486  	39.87506  	39.73638  	28.28245  	-1.18512  	0.02284  	0.48779  	0.51070  	-3.02442  	0.06399  	-0.08573  	-73.20495  	-0.68755  	150.72694  	143.96716  	-18177.71102  	-9621.37867  	Inf  	-Inf  	0.00482  	0.00003  	0.00420  	0.00444  	0.00622  	0.00000  	0.00000  
220.82925  	22.49453  	39.87541  	39.73598  	28.28334  	-1.18512  	0.02299  	0.48843  	0.51420  	-3.02442  	0.06318  	-0.08572  	-73.22027  	-0.69122  	151.76173  	144.15348  	-18177.82731  	-9621.37429  	Inf  	-Inf  	0.00482  	0.00003  	0.00420  	0.00444  	0.00623  	0.00000  	0.00000  
221.82913  	22.49495  	39.87529  	39.73672  	28.28333  	-1.18512  	0.02302  	0.48943  	0.51100  	-3.02442  	0.06565  	-0.08577  	-73.21491  	-0.68696  	150.81722  	144.45010  	-18177.91422  	-9621.42938  	Inf  	-Inf  	0.00482  	0.00002  	0.00421  	0.00444  	0.00623  	0.00000  	0.00000  
222.82910  	22.49566  	39.87536  	39.73642  	28.28377  	-1.18512  	0.02390  	0.48906  	0.51271  	-3.02442  	0.06372  	-0.08568  	-73.21149  	-0.68880  	151.32073  	144.33999  	-18178.15633  	-9621.40894  	Inf  	-Inf  	0.00482  	0.00003  	0.00420  	0.00446  	0.00623  	0.00000  	0.00000  
223.82983  	22.49687  	39.87472  	39.73649  	28.28424  	-1.18512  	0.02302  	0.48950  	0.51142  	-3.02442  	0.06366  	-0.08576  	-73.20209  	-0.68529  	150.94131  	144.46905  	-18178.51045  	-9621.35782  	Inf  	-Inf  	0.00482  	0.00002  	0.00420  	0.00444  	0.00623  	0.00000  	0.00000  
224.83008  	22.49643  	39.87562  	39.73721  	28.28472  	-1.18512  	0.02314  	0.49058  	0.51281  	-3.02442  	0.06273  	-0.08577  	-73.21382  	-0.68619  	151.35062  	144.78931  	-18178.51845  	-9621.50351  	Inf  	-Inf  	0.00482  	0.00002  	0.00420  	0.00444  	0.00624  	0.00000  	0.00000  
225.83040  	22.49709  	39.87594  	39.73672  	28.28480  	-1.18512  	0.02212  	0.48886  	0.51207  	-3.02442  	0.06399  	-0.08571  	-73.20638  	-0.69020  	151.13039  	144.28283  	-18178.67380  	-9621.48783  	Inf  	-Inf  	0.00482  	0.00003  	0.00420  	0.00442  	0.00623  	0.00000  	0.00000  
226.83187  	22.49731  	39.87586  	39.73642  	28.28337  	-1.18512  	0.02185  	0.48941  	0.51296  	-3.02442  	0.06477  	-0.08573  	-73.18556  	-0.69127  	151.39362  	144.44441  	-18178.42154  	-9621.45347  	Inf  	-Inf  	0.00482  	0.00003  	0.00421  	0.00442  	0.00623  	0.00000  	0.00000  
227.83317  	22.49897  	39.87602  	39.73690  	28.28356  	-1.18512  	0.02318  	0.49001  	0.51375  	-3.02442  	0.06361  	-0.08578  	-73.16696  	-0.68968  	151.62684  	144.61961  	-18178.80909  	-9621.51158  	Inf  	-Inf  	0.00482  	0.00002  	0.00420  	0.00445  	0.00623  	0.00000  	0.00000  
228.83458  	22.49997  	39.87629  	39.73762  	28.28420  	-1.18512  	0.02304  	0.48898  	0.51565  	-3.02442  	0.06261  	-0.08571  	-73.16236  	-0.68743  	152.18755  	144.31842  	-18179.15501  	-9621.59988  	Inf  	-Inf  	0.00483  	0.00003  	0.00420  	0.00444  	0.00623  	0.00000  	0.00000  
