78.75220  	25.05259  	39.69282  	39.56594  	27.47477  	-1.18512  	0.04624  	1.23866  	1.26336  	-3.02442  	0.06497  	-0.08570  	-30.63730  	-0.62901  	372.86620  	365.57650  	-18547.80779  	-9589.75986  	Inf  	-Inf  	0.00602  	0.00003  	0.00421  	0.00489  	0.00968  	0.00000  	0.00000  
79.75235  	25.05862  	39.68991  	39.56391  	27.47428  	-1.18512  	0.04512  	1.23607  	1.26285  	-3.02442  	0.06252  	-0.08564  	-30.55487  	-0.62465  	372.71580  	364.81306  	-18548.98426  	-9589.31693  	Inf  	-Inf  	0.00602  	0.00003  	0.00420  	0.00487  	0.00967  	0.00000  	0.00000  
80.75257  	25.06575  	39.68776  	39.56077  	27.47411  	-1.18512  	0.04599  	1.23797  	1.26317  	-3.02442  	0.06452  	-0.08568  	-30.46256  	-0.62957  	372.81190  	365.37245  	-18550.46079  	-9588.84388  	Inf  	-Inf  	0.00602  	0.00003  	0.00421  	0.00488  	0.00968  	0.00000  	0.00000  
81.75267  	25.07152  	39.68522  	39.55836  	27.47355  	-1.18512  	0.04615  	1.23697  	1.26582  	-3.02442  	0.06452  	-0.08563  	-30.38247  	-0.62889  	373.59259  	365.07906  	-18551.56807  	-9588.40007  	Inf  	-Inf  	0.00603  	0.00003  	0.00421  	0.00489  	0.00967  	0.00000  	0.00000  
82.75381  	25.07887  	39.68258  	39.55637  	27.47303  	-1.18512  	0.04456  	1.23752  	1.26584  	-3.02442  	0.06523  	-0.08565  	-30.28293  	-0.62567  	373.59858  	365.24025  	-18553.01890  	-9587.98488  	Inf  	-Inf  	0.00603  	0.00003  	0.00421  	0.00486  	0.00968  	0.00000  	0.00000  
83.75385  	25.08660  	39.68009  	39.55387  	27.47375  	-1.18512  	0.04580  	1.23697  	1.26263  	-3.02442  	0.06389  	-0.08569  	-30.19423  	-0.62574  	372.65241  	365.07925  	-18554.81064  	-9587.53766  	Inf  	-Inf  	0.00602  	0.00003  	0.00420  	0.00488  	0.00967  	0.00000  	0.00000  
84.75447  	25.09366  	39.67881  	39.55058  	27.47408  	-1.18512  	0.04631  	1.23675  	1.26575  	-3.02442  	0.06441  	-0.08570  	-30.10919  	-0.63569  	373.57345  	365.01327  	-18556.38082  	-9587.12780  	Inf  	-Inf  	0.00603  	0.00003  	0.00421  	0.00489  	0.00967  	0.00000  	0.00000  
85.75472  	25.10047  	39.67591  	39.54826  	27.47401  	-1.18512  	0.04436  	1.23629  	1.26199  	-3.02442  	0.06344  	-0.08569  	-30.02206  	-0.63282  	372.46235  	364.87665  	-18557.81079  	-9586.66027  	Inf  	-Inf  	0.00602  	0.00003  	0.00420  	0.00485  	0.00967  	0.00000  	0.00000  
86.75459  	25.10802  	39.67414  	39.54752  	27.47427  	-1.18512  	0.04390  	1.23636  	1.26320  	-3.02442  	0.06497  	-0.08568  	-29.92994  	-0.62771  	372.81849  	364.89669  	-18559.46999  	-9586.43503  	Inf  	-Inf  	0.00602  	0.00003  	0.00421  	0.00484  	0.00967  	0.00000  	0.00000  
87.75502  	25.11469  	39.67167  	39.54519  	27.47566  	-1.18512  	0.04535  	1.23712  	1.26377  	-3.02442  	0.06528  	-0.08568  	-29.86301  	-0.62706  	372.98841  	365.12258  	-18561.18190  	-9586.00529  	Inf  	-Inf  	0.00602  	0.00003  	0.00421  	0.00487  	0.00968  	0.00000  	0.00000  
88.75561  	25.12301  	39.66974  	39.54427  	27.47609  	-1.18512  	0.04593  	1.23524  	1.26067  	-3.02442  	0.06760  	-0.08570  	-29.76333  	-0.62202  	372.07361  	364.56769  	-18563.03848  	-9585.74980  	Inf  	-Inf  	0.00602  	0.00003  	0.00422  	0.00488  	0.00967  	0.00000  	0.00000  
89.75587  	25.12909  	39.66754  	39.54216  	27.47760  	-1.18512  	0.04446  	1.23626  	1.26198  	-3.02442  	0.06349  	-0.08565  	-29.70555  	-0.62159  	372.45833  	364.86965  	-18564.65206  	-9585.36400  	Inf  	-Inf  	0.00602  	0.00003  	0.00420  	0.00485  	0.00967  	0.00000  	0.00000  
90.75639  	25.13646  	39.66715  	39.54022  	27.47921  	-1.18512  	0.04445  	1.23655  	1.25946  	-3.02442  	0.06435  	-0.08568  	-29.63266  	-0.62927  	371.71492  	364.95373  	-18566.55736  	-9585.15454  	Inf  	-Inf  	0.00602  	0.00003  	0.00421  	0.00485  	0.00967  	0.00000  	0.00000  
91.75652  	25.14384  	39.66573  	39.53887  	27.48139  	-1.18512  	0.04321  	1.23725  	1.26294  	-3.02442  	0.06387  	-0.08568  	-29.56686  	-0.62891  	372.74263  	365.16162  	-18568.59075  	-9584.90726  	Inf  	-Inf  	0.00602  	0.00003  	0.00420  	0.00483  	0.00968  	0.00000  	0.00000  
92.75666  	25.15139  	39.66457  	39.53778  	27.48290  	-1.18512  	0.04500  	1.23710  	1.26642  	-3.02442  	0.06541  	-0.08567  	-29.49044  	-0.62851  	373.76854  	365.11534  	-18570.51337  	-9584.70500  	Inf  	-Inf  	0.00603  	0.00003  	0.00421  	0.00486  	0.00967  	0.00000  	0.00000  
93.75645  	25.15921  	39.66323  	39.53656  	27.48452  	-1.18512  	0.04608  	1.23757  	1.26554  	-3.02442  	0.06543  	-0.08566  	-29.41205  	-0.62796  	373.51115  	365.25562  	-18572.52011  	-9584.47551  	Inf  	-Inf  	0.00602  	0.00003  	0.00421  	0.00488  	0.00968  	0.00000  	0.00000  
94.75669  	25.16725  	39.66142  	39.53580  	27.48665  	-1.18512  	0.04558  	1.23764  	1.26660  	-3.02442  	0.06370  	-0.08566  	-29.33727  	-0.62278  	373.82212  	365.27698  	-18574.67885  	-9584.24472  	Inf  	-Inf  	0.00603  	0.00003  	0.00420  	0.00488  	0.00968  	0.00000  	0.00000  
95.75701  	25.17578  	39.66050  	39.53442  	27.48971  	-1.18512  	0.04386  	1.23814  	1.26506  	-3.02442  	0.06333  	-0.08564  	-29.26805  	-0.62507  	373.36892  	365.42203  	-18577.14039  	-9584.03882  	Inf  	-Inf  	0.00602  	0.00003  	0.00420  	0.00484  	0.00968  	0.00000  	0.00000  
96.75756  	25.18406  	39.65971  	39.53361  	27.49241  	-1.18512  	0.04446  	1.23732  	1.26373  	-3.02442  	0.06546  	-0.08563  	-29.19752  	-0.62515  	372.97621  	365.18049  	-18579.47257  	-9583.89580  	Inf  	-Inf  	0.00602  	0.00003  	0.00421  	0.00485  	0.00968  	0.00000  	0.00000  
97.75722  	25.19147  	39.65860  	39.53294  	27.49459  	-1.18512  	0.04533  	1.23839  	1.26028  	-3.02442  	0.06423  	-0.08574  	-29.13129  	-0.62294  	371.95725  	365.49668  	-18581.51054  	-9583.73642  	Inf  	-Inf  	0.00602  	0.00002  	0.00421  	0.00487  	0.00968  	0.00000  	0.00000  
98.75761  	25.19916  	39.65773  	39.53256  	27.49695  	-1.18512  	0.04539  	1.23802  	1.26676  	-3.02442  	0.06277  	-0.08569  	-29.06408  	-0.62050  	373.87044  	365.38709  	-18583.64555  	-9583.62457  	Inf  	-Inf  	0.00603  	0.00003  	0.00420  	0.00487  	0.00968  	0.00000  	0.00000  
99.75842  	25.20840  	39.65652  	39.53120  	27.49975  	-1.18512  	0.04521  	1.23793  	1.26246  	-3.02442  	0.06528  	-0.08573  	-28.98251  	-0.62129  	372.60190  	365.36046  	-18586.20214  	-9583.39353  	Inf  	-Inf  	0.00602  	0.00003  	0.00421  	0.00487  	0.00968  	0.00000  	0.00000  
100.75841  	25.21684  	39.65514  	39.52987  	27.50241  	-1.18512  	0.04505  	1.23804  	1.26429  	-3.02442  	0.06565  	-0.08563  	-28.90941  	-0.62104  	373.14021  	365.39495  	-18588.56031  	-9583.15099  	Inf  	-Inf  	0.00602  	0.00003  	0.00421  	0.00486  	0.00968  	0.00000  	0.00000  
101.75839  	25.22554  	39.65444  	39.52920  	27.50495  	-1.18512  	0.04574  	1.23827  	1.26186  	-3.02442  	0.06365  	-0.08566  	-28.83155  	-0.62086  	372.42470  	365.46208  	-18590.95051  	-9583.02814  	Inf  	-Inf  	0.00602  	0.00003  	0.00420  	0.00488  	0.00968  	0.00000  	0.00000  
102.75841  	25.23377  	39.65414  	39.52968  	27.50730  	-1.18512  	0.04447  	1.23844  	1.26206  	-3.02442  	0.06274  	-0.08568  	-28.75719  	-0.61700  	372.48394  	365.51119  	-18593.19817  	-9583.04473  	Inf  	-Inf  	0.00602  	0.00003  	0.00420  	0.00485  	0.00968  	0.00000  	0.00000  
103.75841  	25.24180  	39.65423  	39.52808  	27.51008  	-1.18512  	0.04573  	1.23796  	1.26414  	-3.02442  	0.06611  	-0.08563  	-28.69069  	-0.62539  	373.09575  	365.37152  	-18595.49652  	-9582.90873  	Inf  	-Inf  	0.00602  	0.00003  	0.00421  	0.00488  	0.00968  	0.00000  	0.00000  
104.75838  	25.25097  	39.65298  	39.52672  	27.51469  	-1.18512  	0.04521  	1.23724  	1.26505  	-3.02442  	0.06456  	-0.08568  	-28.63306  	-0.62591  	373.36487  	365.15652  	-18598.42326  	-9582.67576  	Inf  	-Inf  	0.00602  	0.00003  	0.00421  	0.00487  	0.00968  	0.00000  	0.00000  
105.75841  	25.25882  	39.65242  	39.52676  	27.51731  	-1.18512  	0.04443  	1.23786  	1.26566  	-3.02442  	0.06300  	-0.08565  	-28.56686  	-0.62297  	373.54574  	365.34034  	-18600.64912  	-9582.62931  	Inf  	-Inf  	0.00603  	0.00003  	0.00420  	0.00485  	0.00968  	0.00000  	0.00000  
106.75842  	25.26743  	39.65176  	39.52665  	27.52074  	-1.18512  	0.04668  	1.23773  	1.26490  	-3.02442  	0.06480  	-0.08565  	-28.50138  	-0.62025  	373.32069  	365.30368  	-18603.20855  	-9582.56015  	Inf  	-Inf  	0.00602  	0.00003  	0.00421  	0.00490  	0.00968  	0.00000  	0.00000  
107.75839  	25.27606  	39.65085  	39.52598  	27.52479  	-1.18512  	0.04546  	1.23650  	1.26432  	-3.02442  	0.06312  	-0.08566  	-28.44344  	-0.61902  	373.15002  	364.93953  	-18605.90250  	-9582.41853  	Inf  	-Inf  	0.00602  	0.00003  	0.00420  	0.00487  	0.00967  	0.00000  	0.00000  
108.75840  	25.28564  	39.65055  	39.52614  	27.52790  	-1.18512  	0.04628  	1.23767  	1.26432  	-3.02442  	0.06325  	-0.08565  	-28.36162  	-0.61676  	373.15062  	365.28546  	-18608.60042  	-9582.40525  	Inf  	-Inf  	0.00602  	0.00003  	0.00420  	0.00489  	0.00968  	0.00000  	0.00000  
109.75841  	25.29423  	39.65096  	39.52551  	27.53215  	-1.18512  	0.04669  	1.23848  	1.26306  	-3.02442  	0.06506  	-0.08566  	-28.30664  	-0.62190  	372.77901  	365.52234  	-18611.32882  	-9582.38533  	Inf  	-Inf  	0.00602  	0.00003  	0.00421  	0.00490  	0.00968  	0.00000  	0.00000  
110.75956  	25.30219  	39.65121  	39.52577  	27.53629  	-1.18512  	0.04473  	1.23624  	1.26753  	-3.02442  	0.06347  	-0.08566  	-28.25833  	-0.62187  	374.09690  	364.86287  	-18613.90061  	-9582.43234  	Inf  	-Inf  	0.00603  	0.00003  	0.00420  	0.00486  	0.00967  	0.00000  	0.00000  
111.76052  	25.31045  	39.65089  	39.52580  	27.54063  	-1.18512  	0.04609  	1.23722  	1.26255  	-3.02442  	0.06498  	-0.08565  	-28.20880  	-0.62015  	372.62851  	365.15273  	-18616.57915  	-9582.40584  	Inf  	-Inf  	0.00602  	0.00003  	0.00421  	0.00488  	0.00968  	0.00000  	0.00000  
112.76052  	25.32125  	39.65119  	39.52436  	27.54516  	-1.18512  	0.04517  	1.23751  	1.26121  	-3.02442  	0.06388  	-0.08565  	-28.12940  	-0.62875  	372.23162  	365.23597  	-18619.83850  	-9582.30368  	Inf  	-Inf  	0.00602  	0.00003  	0.00420  	0.00487  	0.00968  	0.00000  	0.00000  
113.76040  	25.32952  	39.65111  	39.52536  	27.54914  	-1.18512  	0.04417  	1.23738  	1.26376  	-3.02442  	0.06289  	-0.08566  	-28.07534  	-0.62342  	372.98501  	365.19787  	-18622.44344  	-9582.38633  	Inf  	-Inf  	0.00602  	0.00003  	0.00420  	0.00485  	0.00968  	0.00000  	0.00000  
114.76048  	25.33744  	39.65027  	39.52589  	27.55294  	-1.18512  	0.04541  	1.23667  	1.26482  	-3.02442  	0.06526  	-0.08570  	-28.02312  	-0.61662  	373.29781  	364.98932  	-18624.93706  	-9582.35767  	Inf  	-Inf  	0.00602  	0.00003  	0.00421  	0.00487  	0.00967  	0.00000  	0.00000  
115.76045  	25.34637  	39.65144  	39.52642  	27.55725  	-1.18512  	0.04670  	1.23817  	1.26084  	-3.02442  	0.06365  	-0.08569  	-27.96467  	-0.61977  	372.12327  	365.43275  	-18627.75092  	-9582.50975  	Inf  	-Inf  	0.00602  	0.00003  	0.00420  	0.00490  	0.00968  	0.00000  	0.00000  
116.76046  	25.35574  	39.65179  	39.52625  	27.56320  	-1.18512  	0.04584  	1.23732  	1.26071  	-3.02442  	0.06377  	-0.08569  	-27.92138  	-0.62239  	372.08326  	365.18017  	-18631.00776  	-9582.52645  	Inf  	-Inf  	0.00602  	0.00003  	0.00420  	0.00488  	0.00968  	0.00000  	0.00000  
117.76052  	25.36459  	39.65087  	39.52558  	27.56704  	-1.18512  	0.04449  	1.23669  	1.26598  	-3.02442  	0.06314  	-0.08562  	-27.85803  	-0.62110  	373.63890  	364.99501  	-18633.70773  	-9582.38434  	Inf  	-Inf  	0.00603  	0.00003  	0.00420  	0.00485  	0.00967  	0.00000  	0.00000  
118.76052  	25.37340  	39.65084  	39.52603  	27.57213  	-1.18512  	0.04700  	1.23545  	1.26323  	-3.02442  	0.06395  	-0.08571  	-27.81108  	-0.61874  	372.82932  	364.63004  	-18636.66259  	-9582.42243  	Inf  	-Inf  	0.00602  	0.00003  	0.00420  	0.00490  	0.00967  	0.00000  	0.00000  
119.76054  	25.38336  	39.65040  	39.52620  	27.57735  	-1.18512  	0.04659  	1.23683  	1.26559  	-3.02442  	0.06394  	-0.08566  	-27.75106  	-0.61569  	373.52387  	365.03646  	-18639.88972  	-9582.39787  	Inf  	-Inf  	0.00602  	0.00003  	0.00420  	0.00489  	0.00967  	0.00000  	0.00000  
120.76053  	25.39134  	39.65092  	39.52569  	27.58276  	-1.18512  	0.04507  	1.23536  	1.26289  	-3.02442  	0.06323  	-0.08564  	-27.71865  	-0.62084  	372.72853  	364.60401  	-18642.73911  	-9582.39848  	Inf  	-Inf  	0.00602  	0.00003  	0.00420  	0.00487  	0.00967  	0.00000  	0.00000  
121.76016  	25.40096  	39.65218  	39.52636  	27.58760  	-1.18512  	0.04585  	1.23826  	1.26258  	-3.02442  	0.06482  	-0.08571  	-27.65809  	-0.62376  	372.63695  	365.45937  	-18645.81331  	-9582.57081  	Inf  	-Inf  	0.00602  	0.00003  	0.00421  	0.00488  	0.00968  	0.00000  	0.00000  
122.76141  	25.40936  	39.65213  	39.52754  	27.59270  	-1.18512  	0.04512  	1.23627  	1.26240  	-3.02442  	0.06377  	-0.08563  	-27.61645  	-0.61763  	372.58199  	364.87073  	-18648.68727  	-9582.67265  	Inf  	-Inf  	0.00602  	0.00003  	0.00420  	0.00487  	0.00967  	0.00000  	0.00000  
123.76152  	25.41940  	39.65297  	39.52818  	27.59754  	-1.18512  	0.04489  	1.23561  	1.26194  	-3.02442  	0.06328  	-0.08571  	-27.55062  	-0.61865  	372.44805  	364.67768  	-18651.85357  	-9582.80607  	Inf  	-Inf  	0.00602  	0.00003  	0.00420  	0.00486  	0.00967  	0.00000  	0.00000  
124.76157  	25.42908  	39.65428  	39.52895  	27.60489  	-1.18512  	0.04504  	1.23529  	1.25950  	-3.02442  	0.06322  	-0.08568  	-27.52117  	-0.62130  	371.72810  	364.58282  	-18655.47628  	-9582.99201  	Inf  	-Inf  	0.00602  	0.00003  	0.00420  	0.00486  	0.00967  	0.00000  	0.00000  
125.76152  	25.43715  	39.65343  	39.52906  	27.60940  	-1.18512  	0.04629  	1.23706  	1.26224  	-3.02442  	0.06411  	-0.08573  	-27.47610  	-0.61653  	372.53680  	365.10477  	-18658.15382  	-9582.92562  	Inf  	-Inf  	0.00602  	0.00003  	0.00421  	0.00489  	0.00967  	0.00000  	0.00000  
126.76152  	25.44731  	39.65385  	39.52938  	27.61463  	-1.18512  	0.04621  	1.23694  	1.26025  	-3.02442  	0.06511  	-0.08566  	-27.41369  	-0.61704  	371.95012  	365.06953  	-18661.42665  	-9582.99152  	Inf  	-Inf  	0.00602  	0.00003  	0.00421  	0.00489  	0.00967  	0.00000  	0.00000  
127.76244  	25.45731  	39.65477  	39.52959  	27.61964  	-1.18512  	0.04475  	1.23781  	1.26009  	-3.02442  	0.06461  	-0.08568  	-27.35068  	-0.62059  	371.90118  	365.32442  	-18664.61989  	-9583.09340  	Inf  	-Inf  	0.00602  	0.00003  	0.00421  	0.00486  	0.00968  	0.00000  	0.00000  
128.76260  	25.46674  	39.65518  	39.53061  	27.62642  	-1.18512  	0.04582  	1.23611  	1.26217  	-3.02442  	0.06373  	-0.08569  	-27.31703  	-0.61759  	372.51519  	364.82396  	-18668.07039  	-9583.22087  	Inf  	-Inf  	0.00602  	0.00003  	0.00420  	0.00488  	0.00967  	0.00000  	0.00000  
129.76259  	25.47563  	39.65504  	39.53198  	27.63173  	-1.18512  	0.04644  	1.23639  	1.26334  	-3.02442  	0.06450  	-0.08565  	-27.27179  	-0.61007  	372.86184  	364.90547  	-18671.09264  	-9583.33063  	Inf  	-Inf  	0.00602  	0.00003  	0.00421  	0.00489  	0.00967  	0.00000  	0.00000  
130.76263  	25.48504  	39.65596  	39.53240  	27.63679  	-1.18512  	0.04617  	1.23593  	1.26407  	-3.02442  	0.06462  	-0.08565  	-27.21686  	-0.61254  	373.07544  	364.77171  	-18674.17169  	-9583.45168  	Inf  	-Inf  	0.00602  	0.00003  	0.00421  	0.00489  	0.00967  	0.00000  	0.00000  
131.76245  	25.49467  	39.65633  	39.53244  	27.64293  	-1.18512  	0.04424  	1.23662  	1.26077  	-3.02442  	0.06294  	-0.08567  	-27.17256  	-0.61421  	372.10288  	364.97585  	-18677.52834  	-9583.48783  	Inf  	-Inf  	0.00602  	0.00003  	0.00420  	0.00485  	0.00967  	0.00000  	0.00000  
132.76272  	25.50563  	39.65781  	39.53411  	27.64842  	-1.18512  	0.04443  	1.23587  	1.25960  	-3.02442  	0.06412  	-0.08565  	-27.10345  	-0.61320  	371.75795  	364.75450  	-18681.02792  	-9583.77009  	Inf  	-Inf  	0.00602  	0.00003  	0.00421  	0.00485  	0.00967  	0.00000  	0.00000  
133.76222  	25.51448  	39.65858  	39.53440  	27.65447  	-1.18512  	0.04512  	1.23524  	1.26271  	-3.02442  	0.06410  	-0.08566  	-27.06796  	-0.61562  	372.67479  	364.56882  	-18684.20249  	-9583.86556  	Inf  	-Inf  	0.00602  	0.00003  	0.00421  	0.00487  	0.00967  	0.00000  	0.00000  
134.76421  	25.52384  	39.65945  	39.53569  	27.66011  	-1.18512  	0.04472  	1.23565  	1.26360  	-3.02442  	0.06434  	-0.08563  	-27.02103  	-0.61354  	372.93887  	364.68862  	-18687.39498  	-9584.05951  	Inf  	-Inf  	0.00602  	0.00003  	0.00421  	0.00486  	0.00967  	0.00000  	0.00000  
135.76472  	25.53376  	39.66115  	39.53818  	27.66637  	-1.18512  	0.04546  	1.23693  	1.26691  	-3.02442  	0.06297  	-0.08563  	-26.97463  	-0.60964  	373.91481  	365.06512  	-18690.83966  	-9584.43418  	Inf  	-Inf  	0.00603  	0.00003  	0.00420  	0.00487  	0.00967  	0.00000  	0.00000  
136.76484  	25.54440  	39.66211  	39.53896  	27.67277  	-1.18512  	0.04721  	1.23610  	1.26143  	-3.02442  	0.06391  	-0.08574  	-26.92101  	-0.61047  	372.29705  	364.82086  	-18694.46634  	-9584.59024  	Inf  	-Inf  	0.00602  	0.00003  	0.00420  	0.00491  	0.00967  	0.00000  	0.00000  
137.76535  	25.55238  	39.66321  	39.53938  	27.67901  	-1.18512  	0.04631  	1.23472  	1.26075  	-3.02442  	0.06323  	-0.08566  	-26.89895  	-0.61388  	372.09640  	364.41434  	-18697.49567  	-9584.72707  	Inf  	-Inf  	0.00602  	0.00003  	0.00420  	0.00489  	0.00966  	0.00000  	0.00000  
138.76616  	25.56266  	39.66409  	39.54124  	27.68452  	-1.18512  	0.04673  	1.23455  	1.26165  	-3.02442  	0.06562  	-0.08563  	-26.83868  	-0.60903  	372.36309  	364.36410  	-18700.85698  	-9584.97136  	Inf  	-Inf  	0.00602  	0.00003  	0.00421  	0.00490  	0.00966  	0.00000  	0.00000  
139.76659  	25.57259  	39.66583  	39.54117  	27.69181  	-1.18512  	0.04549  	1.23424  	1.26184  	-3.02442  	0.06281  	-0.08566  	-26.80526  	-0.61798  	372.41659  	364.27259  	-18704.52406  	-9585.12140  	Inf  	-Inf  	0.00602  	0.00003  	0.00420  	0.00487  	0.00966  	0.00000  	0.00000  
140.76696  	25.58210  	39.66662  	39.54294  	27.69879  	-1.18512  	0.04530  	1.23540  	1.26313  	-3.02442  	0.06396  	-0.08567  	-26.77328  	-0.61318  	372.80022  	364.61473  	-18708.03680  	-9585.35106  	Inf  	-Inf  	0.00602  	0.00003  	0.00420  	0.00487  	0.00967  	0.00000  	0.00000  
141.76728  	25.59119  	39.66743  	39.54388  	27.70502  	-1.18512  	0.04473  	1.23512  	1.26187  	-3.02442  	0.06358  	-0.08566  	-26.73709  	-0.61248  	372.42600  	364.53172  	-18711.29980  	-9585.50837  	Inf  	-Inf  	0.00602  	0.00003  	0.00420  	0.00486  	0.00967  	0.00000  	0.00000  
142.76839  	25.60022  	39.66917  	39.54490  	27.71090  	-1.18512  	0.04591  	1.23487  	1.25963  	-3.02442  	0.06413  	-0.08570  	-26.69727  	-0.61609  	371.76536  	364.45905  	-18714.47643  	-9585.75494  	Inf  	-Inf  	0.00602  	0.00003  	0.00421  	0.00488  	0.00966  	0.00000  	0.00000  
143.76841  	25.61010  	39.67029  	39.54527  	27.71738  	-1.18512  	0.04580  	1.23556  	1.26460  	-3.02442  	0.06414  	-0.08571  	-26.65438  	-0.61976  	373.23295  	364.66251  	-18717.96027  	-9585.88907  	Inf  	-Inf  	0.00602  	0.00003  	0.00421  	0.00488  	0.00967  	0.00000  	0.00000  
144.76841  	25.62196  	39.67100  	39.54794  	27.72314  	-1.18512  	0.04474  	1.23549  	1.26052  	-3.02442  	0.06439  	-0.08570  	-26.57718  	-0.61006  	372.02944  	364.64208  	-18721.71428  	-9586.19126  	Inf  	-Inf  	0.00602  	0.00003  	0.00421  	0.00486  	0.00967  	0.00000  	0.00000  
145.76910  	25.63140  	39.67277  	39.54873  	27.73061  	-1.18512  	0.04314  	1.23488  	1.26191  	-3.02442  	0.06511  	-0.08566  	-26.55222  	-0.61495  	372.43781  	364.46254  	-18725.31607  	-9586.42133  	Inf  	-Inf  	0.00602  	0.00003  	0.00421  	0.00483  	0.00966  	0.00000  	0.00000  
146.76841  	25.63987  	39.67359  	39.55029  	27.73788  	-1.18512  	0.04615  	1.23514  	1.26098  	-3.02442  	0.06450  	-0.08568  	-26.53697  	-0.61126  	372.16375  	364.53692  	-18728.67125  	-9586.63416  	Inf  	-Inf  	0.00602  	0.00003  	0.00421  	0.00489  	0.00967  	0.00000  	0.00000  
147.76839  	25.65126  	39.67573  	39.55214  	27.74572  	-1.18512  	0.04575  	1.23456  	1.26270  	-3.02442  	0.06546  	-0.08565  	-26.49214  	-0.61266  	372.67071  	364.36773  	-18732.76711  	-9586.99176  	Inf  	-Inf  	0.00602  	0.00003  	0.00421  	0.00488  	0.00966  	0.00000  	0.00000  
148.76839  	25.66102  	39.67639  	39.55334  	27.75172  	-1.18512  	0.04681  	1.23514  	1.26256  	-3.02442  	0.06406  	-0.08573  	-26.44464  	-0.61004  	372.63113  	364.53763  	-18736.12640  	-9587.15903  	Inf  	-Inf  	0.00602  	0.00003  	0.00420  	0.00490  	0.00967  	0.00000  	0.00000  
149.76841  	25.67105  	39.67680  	39.55451  	27.75792  	-1.18512  	0.04572  	1.23527  	1.26236  	-3.02442  	0.06346  	-0.08568  	-26.39612  	-0.60625  	372.57124  	364.57497  	-18739.58613  	-9587.30002  	Inf  	-Inf  	0.00602  	0.00003  	0.00420  	0.00488  	0.00967  	0.00000  	0.00000  
150.76838  	25.67997  	39.67901  	39.55604  	27.76486  	-1.18512  	0.04614  	1.23548  	1.26115  	-3.02442  	0.06449  	-0.08572  	-26.37118  	-0.60964  	372.21398  	364.63674  	-18742.96443  	-9587.63495  	Inf  	-Inf  	0.00602  	0.00003  	0.00421  	0.00489  	0.00967  	0.00000  	0.00000  
151.77040  	25.69017  	39.68113  	39.55785  	27.77082  	-1.18512  	0.04547  	1.23382  	1.26261  	-3.02442  	0.06469  	-0.08568  	-26.31745  	-0.61118  	372.64463  	364.14925  	-18746.41007  	-9587.98778  	Inf  	-Inf  	0.00602  	0.00003  	0.00421  	0.00487  	0.00966  	0.00000  	0.00000  
152.77052  	25.70071  	39.68220  	39.55813  	27.77873  	-1.18512  	0.04527  	1.23450  	1.25991  	-3.02442  	0.06252  	-0.08572  	-26.28418  	-0.61505  	371.84863  	364.34935  	-18750.34330  	-9588.10829  	Inf  	-Inf  	0.00602  	0.00003  	0.00420  	0.00487  	0.00966  	0.00000  	0.00000  
153.77052  	25.71063  	39.68305  	39.55984  	27.78553  	-1.18512  	0.04532  	1.23507  	1.26235  	-3.02442  	0.06563  	-0.08572  	-26.24482  	-0.61079  	372.56904  	364.51712  	-18753.90536  	-9588.33781  	Inf  	-Inf  	0.00602  	0.00003  	0.00421  	0.00487  	0.00967  	0.00000  	0.00000  
154.77069  	25.72062  	39.68400  	39.56188  	27.79234  	-1.18512  	0.04449  	1.23394  	1.25833  	-3.02442  	0.06440  	-0.08563  	-26.20443  	-0.60542  	371.38356  	364.18256  	-18757.48575  	-9588.60597  	Inf  	-Inf  	0.00601  	0.00003  	0.00421  	0.00485  	0.00966  	0.00000  	0.00000  
155.77050  	25.73145  	39.68618  	39.56245  	27.79917  	-1.18512  	0.04517  	1.23541  	1.26121  	-3.02442  	0.06443  	-0.08574  	-26.15396  	-0.61338  	372.23074  	364.61857  	-18761.25248  	-9588.85202  	Inf  	-Inf  	0.00602  	0.00003  	0.00421  	0.00487  	0.00967  	0.00000  	0.00000  
156.77176  	25.74159  	39.68773  	39.56497  	27.80623  	-1.18512  	0.04487  	1.23414  	1.26380  	-3.02442  	0.06408  	-0.08567  	-26.11488  	-0.60858  	372.99529  	364.24202  	-18764.91991  	-9589.21795  	Inf  	-Inf  	0.00602  	0.00003  	0.00421  	0.00486  	0.00966  	0.00000  	0.00000  
157.77402  	25.75188  	39.68922  	39.56703  	27.81368  	-1.18512  	0.04522  	1.23559  	1.26367  	-3.02442  	0.06466  	-0.08566  	-26.07902  	-0.60575  	372.95838  	364.67015  	-18768.70051  	-9589.53456  	Inf  	-Inf  	0.00602  	0.00003  	0.00421  	0.00487  	0.00967  	0.00000  	0.00000  
158.77388  	25.76142  	39.69038  	39.56723  	27.82080  	-1.18512  	0.04513  	1.23572  	1.26457  	-3.02442  	0.06471  	-0.08571  	-26.04849  	-0.61049  	373.22403  	364.71030  	-18772.25402  	-9589.65717  	Inf  	-Inf  	0.00602  	0.00003  	0.00421  	0.00487  	0.00967  	0.00000  	0.00000  
159.77340  	25.77209  	39.69180  	39.56821  	27.82722  	-1.18512  	0.04697  	1.23612  	1.26192  	-3.02442  	0.06588  	-0.08564  	-25.99470  	-0.61273  	372.44122  	364.82782  	-18775.89810  	-9589.87228  	Inf  	-Inf  	0.00602  	0.00003  	0.00421  	0.00490  	0.00967  	0.00000  	0.00000  
160.77417  	25.78374  	39.69437  	39.57062  	27.83580  	-1.18512  	0.04563  	1.23506  	1.26409  	-3.02442  	0.06463  	-0.08567  	-25.95582  	-0.61351  	373.08090  	364.51440  	-18780.21431  	-9590.31895  	Inf  	-Inf  	0.00602  	0.00003  	0.00421  	0.00488  	0.00967  	0.00000  	0.00000  
161.77458  	25.79362  	39.69555  	39.57281  	27.84184  	-1.18512  	0.04524  	1.23414  	1.26224  	-3.02442  	0.06333  	-0.08567  	-25.90721  	-0.60848  	372.53674  	364.24138  	-18783.60978  	-9590.62062  	Inf  	-Inf  	0.00602  	0.00003  	0.00420  	0.00487  	0.00966  	0.00000  	0.00000  
162.77490  	25.80425  	39.69704  	39.57393  	27.84853  	-1.18512  	0.04573  	1.23446  	1.25810  	-3.02442  	0.06362  	-0.08565  	-25.85741  	-0.61034  	371.31481  	364.33792  	-18787.30508  	-9590.85473  	Inf  	-Inf  	0.00601  	0.00003  	0.00420  	0.00488  	0.00966  	0.00000  	0.00000  
163.77437  	25.81432  	39.69877  	39.57507  	27.85625  	-1.18512  	0.04535  	1.23394  	1.26442  	-3.02442  	0.06431  	-0.08559  	-25.82773  	-0.61322  	373.17804  	364.18340  	-18791.09786  	-9591.11225  	Inf  	-Inf  	0.00602  	0.00003  	0.00421  	0.00487  	0.00966  	0.00000  	0.00000  
164.77479  	25.82538  	39.70038  	39.57846  	27.86422  	-1.18512  	0.04532  	1.23509  	1.25898  	-3.02442  	0.06355  	-0.08573  	-25.78858  	-0.60441  	371.57538  	364.52394  	-18795.15935  	-9591.55971  	Inf  	-Inf  	0.00601  	0.00003  	0.00420  	0.00487  	0.00967  	0.00000  	0.00000  
165.77416  	25.83474  	39.70218  	39.58015  	27.87153  	-1.18512  	0.04516  	1.23456  	1.25973  	-3.02442  	0.06315  	-0.08565  	-25.76275  	-0.60499  	371.79657  	364.36685  	-18798.71432  	-9591.87320  	Inf  	-Inf  	0.00602  	0.00003  	0.00420  	0.00487  	0.00966  	0.00000  	0.00000  
166.77475  	25.84527  	39.70420  	39.58128  	27.87840  	-1.18512  	0.04549  	1.23472  	1.26216  	-3.02442  	0.06429  	-0.08565  	-25.71633  	-0.60937  	372.51178  	364.41356  	-18802.42857  	-9592.15589  	Inf  	-Inf  	0.00602  	0.00003  	0.00421  	0.00487  	0.00966  	0.00000  	0.00000  
167.77476  	25.85604  	39.70616  	39.58358  	27.88579  	-1.18512  	0.04705  	1.23591  	1.26139  	-3.02442  	0.06446  	-0.08566  	-25.67359  	-0.60771  	372.28599  	364.76514  	-18806.30352  	-9592.53699  	Inf  	-Inf  	0.00602  	0.00003  	0.00421  	0.00490  	0.00967  	0.00000  	0.00000  
168.77516  	25.86565  	39.70769  	39.58612  	27.89516  	-1.18512  	0.04586  	1.23366  	1.25981  	-3.02442  	0.06519  	-0.08574  	-25.67053  	-0.60272  	371.81823  	364.10208  	-18810.35129  	-9592.90183  	Inf  	-Inf  	0.00602  	0.00003  	0.00421  	0.00488  	0.00966  	0.00000  	0.00000  
169.77574  	25.87669  	39.70921  	39.58732  	27.90160  	-1.18512  	0.04456  	1.23483  	1.25857  	-3.02442  	0.06425  	-0.08569  	-25.61238  	-0.60424  	371.45185  	364.44780  	-18814.08181  	-9593.14565  	Inf  	-Inf  	0.00601  	0.00003  	0.00421  	0.00486  	0.00966  	0.00000  	0.00000  
170.77586  	25.88675  	39.71115  	39.58885  	27.90901  	-1.18512  	0.04378  	1.23433  	1.25861  	-3.02442  	0.06344  	-0.08572  	-25.57883  	-0.60631  	371.46406  	364.29955  	-18817.81221  	-9593.45631  	Inf  	-Inf  	0.00601  	0.00003  	0.00420  	0.00484  	0.00966  	0.00000  	0.00000  
171.77531  	25.89825  	39.71254  	39.59022  	27.91664  	-1.18512  	0.04528  	1.23514  	1.26347  	-3.02442  	0.06272  	-0.08567  	-25.53001  	-0.60639  	372.89971  	364.53696  	-18821.89510  	-9593.70417  	Inf  	-Inf  	0.00602  	0.00003  	0.00420  	0.00487  	0.00967  	0.00000  	0.00000  
172.77587  	25.90863  	39.71396  	39.59201  	27.92498  	-1.18512  	0.04606  	1.23552  	1.25976  	-3.02442  	0.06358  	-0.08570  	-25.50409  	-0.60456  	371.80478  	364.64913  	-18825.89040  	-9593.99199  	Inf  	-Inf  	0.00602  	0.00003  	0.00420  	0.00488  	0.00967  	0.00000  	0.00000  
173.77561  	25.91833  	39.71569  	39.59442  	27.93259  	-1.18512  	0.04599  	1.23473  	1.25936  	-3.02442  	0.06351  	-0.08566  	-25.47765  	-0.60120  	371.68608  	364.41564  	-18829.58772  	-9594.36277  	Inf  	-Inf  	0.00601  	0.00003  	0.00420  	0.00488  	0.00966  	0.00000  	0.00000  
174.77576  	25.92880  	39.71763  	39.59661  	27.93934  	-1.18512  	0.04415  	1.23384  	1.26063  	-3.02442  	0.06308  	-0.08566  	-25.43065  	-0.59996  	372.06180  	364.15471  	-18833.26330  	-9594.73332  	Inf  	-Inf  	0.00602  	0.00003  	0.00420  	0.00485  	0.00966  	0.00000  	0.00000  
175.77577  	25.93972  	39.71820  	39.59845  	27.94722  	-1.18512  	0.04472  	1.23482  	1.26143  	-3.02442  	0.06386  	-0.08570  	-25.39213  	-0.59368  	372.29621  	364.44353  	-18837.27559  	-9594.94925  	Inf  	-Inf  	0.00602  	0.00003  	0.00420  	0.00486  	0.00966  	0.00000  	0.00000  
176.77578  	25.95096  	39.72040  	39.59883  	27.95537  	-1.18512  	0.04343  	1.23596  	1.26156  	-3.02442  	0.06520  	-0.08568  	-25.35306  	-0.60267  	372.33412  	364.77950  	-18841.41693  	-9595.18040  	Inf  	-Inf  	0.00602  	0.00003  	0.00421  	0.00483  	0.00967  	0.00000  	0.00000  
177.77569  	25.96037  	39.72163  	39.60106  	27.96220  	-1.18512  	0.04448  	1.23406  	1.26230  	-3.02442  	0.06496  	-0.08569  	-25.32048  	-0.59773  	372.55251  	364.21981  	-18844.88326  	-9595.49014  	Inf  	-Inf  	0.00602  	0.00003  	0.00421  	0.00485  	0.00966  	0.00000  	0.00000  
178.77515  	25.97041  	39.72449  	39.60252  	27.97010  	-1.18512  	0.04458  	1.23557  	1.26318  	-3.02442  	0.06364  	-0.08570  	-25.29334  	-0.60462  	372.81474  	364.66618  	-18848.71616  	-9595.87732  	Inf  	-Inf  	0.00602  	0.00003  	0.00420  	0.00486  	0.00967  	0.00000  	0.00000  
179.77779  	25.98214  	39.72518  	39.60499  	27.97835  	-1.18512  	0.04515  	1.23445  	1.26115  	-3.02442  	0.06220  	-0.08561  	-25.24944  	-0.59584  	372.21433  	364.33284  	-18852.98303  	-9596.16079  	Inf  	-Inf  	0.00602  	0.00003  	0.00420  	0.00487  	0.00966  	0.00000  	0.00000  
180.77856  	25.99282  	39.72784  	39.60637  	27.98482  	-1.18512  	0.04675  	1.23369  	1.26076  	-3.02442  	0.06394  	-0.08566  	-25.19607  	-0.60219  	372.09877  	364.11094  	-18856.64450  	-9596.52265  	Inf  	-Inf  	0.00602  	0.00003  	0.00420  	0.00490  	0.00966  	0.00000  	0.00000  
181.77874  	26.00226  	39.72974  	39.60839  	27.99297  	-1.18512  	0.04779  	1.23355  	1.26040  	-3.02442  	0.06366  	-0.08568  	-25.17982  	-0.60157  	371.99348  	364.06786  	-18860.40418  	-9596.87430  	Inf  	-Inf  	0.00602  	0.00003  	0.00420  	0.00492  	0.00966  	0.00000  	0.00000  
182.77964  	26.01288  	39.73207  	39.61063  	27.99951  	-1.18512  	0.04501  	1.23445  	1.26181  	-3.02442  	0.06272  	-0.08563  	-25.12814  	-0.60203  	372.40896  	364.33448  	-18864.07039  	-9597.28394  	Inf  	-Inf  	0.00602  	0.00003  	0.00420  	0.00486  	0.00966  	0.00000  	0.00000  
183.78172  	26.02368  	39.73360  	39.61363  	28.00816  	-1.18512  	0.04524  	1.23351  	1.25994  	-3.02442  	0.06311  	-0.08562  	-25.10105  	-0.59476  	371.85675  	364.05682  	-18868.22445  	-9597.68938  	Inf  	-Inf  	0.00602  	0.00003  	0.00420  	0.00487  	0.00966  	0.00000  	0.00000  
184.78222  	26.03489  	39.73442  	39.61498  	28.01766  	-1.18512  	0.04571  	1.23423  	1.26242  	-3.02442  	0.06583  	-0.08568  	-25.07931  	-0.59208  	372.58786  	364.27044  	-18872.64784  	-9597.88454  	Inf  	-Inf  	0.00602  	0.00003  	0.00421  	0.00488  	0.00966  	0.00000  	0.00000  
185.78414  	26.04555  	39.73584  	39.61665  	28.02498  	-1.18512  	0.04555  	1.23432  	1.26133  	-3.02442  	0.06421  	-0.08571  	-25.03719  	-0.59086  	372.26687  	364.29499  	-18876.49087  	-9598.16182  	Inf  	-Inf  	0.00602  	0.00003  	0.00421  	0.00487  	0.00966  	0.00000  	0.00000  
186.78527  	26.05590  	39.73770  	39.61832  	28.03134  	-1.18512  	0.04697  	1.23326  	1.26015  	-3.02442  	0.06445  	-0.08569  	-24.98673  	-0.59178  	371.92014  	363.98408  	-18880.06121  	-9598.47766  	Inf  	-Inf  	0.00602  	0.00003  	0.00421  	0.00490  	0.00966  	0.00000  	0.00000  
187.78690  	26.06681  	39.73935  	39.61904  	28.04077  	-1.18512  	0.04718  	1.23303  	1.25637  	-3.02442  	0.06455  	-0.08570  	-24.96785  	-0.59645  	370.80458  	363.91488  	-18884.40875  	-9598.69019  	Inf  	-Inf  	0.00601  	0.00003  	0.00421  	0.00491  	0.00966  	0.00000  	0.00000  
188.78648  	26.07706  	39.74097  	39.62105  	28.04990  	-1.18512  	0.04480  	1.23361  	1.25507  	-3.02442  	0.06249  	-0.08566  	-24.95379  	-0.59448  	370.42061  	364.08499  	-18888.54966  	-9599.01513  	Inf  	-Inf  	0.00601  	0.00003  	0.00420  	0.00486  	0.00966  	0.00000  	0.00000  
189.78806  	26.08800  	39.74357  	39.62354  	28.05794  	-1.18512  	0.04687  	1.23385  	1.25895  	-3.02442  	0.06579  	-0.08569  	-24.91703  	-0.59504  	371.56540  	364.15729  	-18892.60712  	-9599.47107  	Inf  	-Inf  	0.00601  	0.00003  	0.00421  	0.00490  	0.00966  	0.00000  	0.00000  
190.78841  	26.09745  	39.74465  	39.62536  	28.06607  	-1.18512  	0.04646  	1.23384  	1.26064  	-3.02442  	0.06526  	-0.08567  	-24.90036  	-0.59137  	372.06456  	364.15329  	-18896.36418  	-9599.73224  	Inf  	-Inf  	0.00602  	0.00003  	0.00421  	0.00489  	0.00966  	0.00000  	0.00000  
191.79010  	26.10825  	39.74764  	39.62739  	28.07458  	-1.18512  	0.04648  	1.23408  	1.25707  	-3.02442  	0.06424  	-0.08567  	-24.87132  	-0.59615  	371.00940  	364.22581  	-18900.49224  	-9600.18246  	Inf  	-Inf  	0.00601  	0.00003  	0.00421  	0.00489  	0.00966  	0.00000  	0.00000  
192.79052  	26.12022  	39.74901  	39.62945  	28.08255  	-1.18512  	0.04751  	1.23333  	1.25929  	-3.02442  	0.06440  	-0.08565  	-24.82070  	-0.59273  	371.66672  	364.00392  	-18904.75499  	-9600.48907  	Inf  	-Inf  	0.00601  	0.00003  	0.00421  	0.00491  	0.00966  	0.00000  	0.00000  
193.79268  	26.13067  	39.75137  	39.63133  	28.09078  	-1.18512  	0.04703  	1.23761  	1.26551  	-3.02442  	0.06411  	-0.08563  	-24.79278  	-0.59509  	373.50095  	365.26821  	-18908.74899  	-9600.86895  	Inf  	-Inf  	0.00602  	0.00003  	0.00421  	0.00490  	0.00968  	0.00000  	0.00000  
194.79441  	26.14062  	39.75330  	39.63333  	28.09853  	-1.18512  	0.04610  	1.24023  	1.26418  	-3.02442  	0.06429  	-0.08569  	-24.76486  	-0.59475  	373.10942  	366.03939  	-18912.53280  	-9601.22089  	Inf  	-Inf  	0.00602  	0.00003  	0.00421  	0.00489  	0.00969  	0.00000  	0.00000  
195.79471  	26.15288  	39.75461  	39.63650  	28.10670  	-1.18512  	0.04647  	1.23965  	1.26695  	-3.02442  	0.06422  	-0.08564  	-24.71315  	-0.58549  	373.92540  	365.86888  	-18916.90053  	-9601.62318  	Inf  	-Inf  	0.00603  	0.00003  	0.00421  	0.00489  	0.00969  	0.00000  	0.00000  
196.79548  	26.16442  	39.75806  	39.63795  	28.11532  	-1.18512  	0.04488  	1.23993  	1.26547  	-3.02442  	0.06420  	-0.08569  	-24.67617  	-0.59543  	373.48871  	365.95206  	-18921.21296  	-9602.06267  	Inf  	-Inf  	0.00602  	0.00003  	0.00421  	0.00486  	0.00969  	0.00000  	0.00000  
197.79677  	26.17607  	39.75878  	39.63935  	28.12273  	-1.18512  	0.04472  	1.24084  	1.26358  	-3.02442  	0.06340  	-0.08564  	-24.62256  	-0.59204  	372.93248  	366.22055  	-18925.29019  	-9602.25280  	Inf  	-Inf  	0.00602  	0.00003  	0.00420  	0.00486  	0.00969  	0.00000  	0.00000  
198.79655  	26.18751  	39.76045  	39.64076  	28.12993  	-1.18512  	0.04615  	1.24008  	1.26616  	-3.02442  	0.06495  	-0.08570  	-24.56895  	-0.59333  	373.69251  	365.99637  	-18929.27813  	-9602.52857  	Inf  	-Inf  	0.00603  	0.00003  	0.00421  	0.00489  	0.00969  	0.00000  	0.00000  
199.79839  	26.19810  	39.76224  	39.64296  	28.13730  	-1.18512  	0.04426  	1.24008  	1.26598  	-3.02442  	0.06392  	-0.08566  	-24.52823  	-0.59132  	373.63871  	365.99491  	-18933.11940  	-9602.88698  	Inf  	-Inf  	0.00603  	0.00003  	0.00420  	0.00485  	0.00969  	0.00000  	0.00000  
200.80052  	26.21132  	39.76370  	39.64557  	28.14474  	-1.18512  	0.04207  	1.24000  	1.26463  	-3.02442  	0.06445  	-0.08560  	-24.45509  	-0.58562  	373.24061  	365.97087  	-18937.53711  	-9603.25191  	Inf  	-Inf  	0.00602  	0.00003  	0.00421  	0.00481  	0.00969  	0.00000  	0.00000  
201.80147  	26.22107  	39.76551  	39.64717  	28.15201  	-1.18512  	0.04409  	1.24006  	1.26481  	-3.02442  	0.06560  	-0.08566  	-24.42380  	-0.58666  	373.29384  	365.99121  	-18941.17880  	-9603.55668  	Inf  	-Inf  	0.00602  	0.00003  	0.00421  	0.00485  	0.00969  	0.00000  	0.00000  
202.80277  	26.23214  	39.76818  	39.65017  	28.16006  	-1.18512  	0.04563  	1.23956  	1.26745  	-3.02442  	0.06560  	-0.08568  	-24.38559  	-0.58500  	374.07479  	365.84137  	-18945.27025  	-9604.06539  	Inf  	-Inf  	0.00603  	0.00003  	0.00421  	0.00488  	0.00969  	0.00000  	0.00000  
203.80273  	26.24440  	39.76869  	39.65110  	28.16771  	-1.18512  	0.04613  	1.24026  	1.26664  	-3.02442  	0.06493  	-0.08571  	-24.32732  	-0.58299  	373.83610  	366.04990  	-18949.52933  	-9604.19434  	Inf  	-Inf  	0.00603  	0.00003  	0.00421  	0.00489  	0.00969  	0.00000  	0.00000  
204.80368  	26.25478  	39.77013  	39.65329  	28.17582  	-1.18512  	0.04607  	1.23971  	1.26645  	-3.02442  	0.06409  	-0.08567  	-24.29856  	-0.57924  	373.77859  	365.88676  	-18953.48761  	-9604.52033  	Inf  	-Inf  	0.00603  	0.00003  	0.00421  	0.00488  	0.00969  	0.00000  	0.00000  
205.80489  	26.26600  	39.77230  	39.65472  	28.18235  	-1.18512  	0.04550  	1.24039  	1.26693  	-3.02442  	0.06399  	-0.08565  	-24.23928  	-0.58291  	373.92117  	366.08729  	-18957.28451  	-9604.84197  	Inf  	-Inf  	0.00603  	0.00003  	0.00420  	0.00487  	0.00969  	0.00000  	0.00000  
206.80474  	26.27601  	39.77415  	39.65706  	28.18971  	-1.18512  	0.04653  	1.24010  	1.26819  	-3.02442  	0.06449  	-0.08573  	-24.20565  	-0.58048  	374.29268  	366.00292  	-18961.00290  	-9605.21808  	Inf  	-Inf  	0.00603  	0.00003  	0.00421  	0.00489  	0.00969  	0.00000  	0.00000  
207.80490  	26.28864  	39.77559  	39.65775  	28.19875  	-1.18512  	0.04467  	1.24019  	1.26582  	-3.02442  	0.06476  	-0.08561  	-24.16030  	-0.58419  	373.59359  	366.02827  	-18965.64018  	-9605.40994  	Inf  	-Inf  	0.00603  	0.00003  	0.00421  	0.00486  	0.00969  	0.00000  	0.00000  
208.80548  	26.29966  	39.77687  	39.65926  	28.20644  	-1.18512  	0.04398  	1.23980  	1.26328  	-3.02442  	0.06414  	-0.08573  	-24.11810  	-0.58305  	372.84268  	365.91305  	-18969.64453  	-9605.65894  	Inf  	-Inf  	0.00602  	0.00003  	0.00421  	0.00484  	0.00969  	0.00000  	0.00000  
209.80707  	26.31059  	39.77978  	39.66128  	28.21359  	-1.18512  	0.04392  	1.23882  	1.26542  	-3.02442  	0.06374  	-0.08569  	-24.07037  	-0.58747  	373.47509  	365.62289  	-18973.51427  	-9606.10167  	Inf  	-Inf  	0.00602  	0.00003  	0.00420  	0.00484  	0.00968  	0.00000  	0.00000  
210.80769  	26.32079  	39.78123  	39.66348  	28.22163  	-1.18512  	0.04464  	1.23993  	1.26489  	-3.02442  	0.06425  	-0.08571  	-24.04301  	-0.58373  	373.31921  	365.95206  	-18977.42029  	-9606.42808  	Inf  	-Inf  	0.00602  	0.00003  	0.00421  	0.00486  	0.00969  	0.00000  	0.00000  
211.80845  	26.33286  	39.78280  	39.66496  	28.23019  	-1.18512  	0.04522  	1.23916  	1.26631  	-3.02442  	0.06432  	-0.08568  	-23.99868  	-0.58419  	373.73878  	365.72447  	-18981.83675  	-9606.70271  	Inf  	-Inf  	0.00603  	0.00003  	0.00421  	0.00487  	0.00968  	0.00000  	0.00000  
212.81055  	26.34427  	39.78558  	39.66632  	28.23815  	-1.18512  	0.04486  	1.24023  	1.26599  	-3.02442  	0.06424  	-0.08564  	-23.95499  	-0.59123  	373.64231  	366.03910  	-18985.98382  	-9607.07245  	Inf  	-Inf  	0.00603  	0.00003  	0.00421  	0.00486  	0.00969  	0.00000  	0.00000  
213.81149  	26.35555  	39.78739  	39.66819  	28.24568  	-1.18512  	0.04639  	1.24134  	1.26421  	-3.02442  	0.06403  	-0.08571  	-23.90754  	-0.59096  	373.11636  	366.36783  	-18990.01106  	-9607.40317  	Inf  	-Inf  	0.00602  	0.00003  	0.00420  	0.00489  	0.00969  	0.00000  	0.00000  
214.81270  	26.36550  	39.78867  	39.67169  	28.25342  	-1.18512  	0.04396  	1.24118  	1.27098  	-3.02442  	0.06473  	-0.08565  	-23.87959  	-0.57993  	375.11436  	366.32109  	-18993.79967  	-9607.83131  	Inf  	-Inf  	0.00603  	0.00003  	0.00421  	0.00484  	0.00969  	0.00000  	0.00000  
215.81310  	26.37696  	39.79102  	39.67297  	28.26219  	-1.18512  	0.04531  	1.24053  	1.26491  	-3.02442  	0.06385  	-0.08567  	-23.84565  	-0.58525  	373.32441  	366.12972  	-18998.13348  	-9608.15688  	Inf  	-Inf  	0.00602  	0.00003  	0.00420  	0.00487  	0.00969  	0.00000  	0.00000  
216.81262  	26.38908  	39.79377  	39.67430  	28.27186  	-1.18512  	0.04576  	1.24003  	1.26595  	-3.02442  	0.06355  	-0.08566  	-23.81456  	-0.59226  	373.63129  	365.98004  	-19002.80188  	-9608.52224  	Inf  	-Inf  	0.00603  	0.00003  	0.00420  	0.00488  	0.00969  	0.00000  	0.00000  
217.81285  	26.39962  	39.79473  	39.67674  	28.28035  	-1.18512  	0.04532  	1.23983  	1.26404  	-3.02442  	0.06461  	-0.08569  	-23.78867  	-0.58491  	373.06697  	365.92349  	-19006.87633  	-9608.82829  	Inf  	-Inf  	0.00602  	0.00003  	0.00421  	0.00487  	0.00969  	0.00000  	0.00000  
218.81250  	26.40962  	39.79608  	39.67946  	28.28826  	-1.18512  	0.04692  	1.24033  	1.26517  	-3.02442  	0.06503  	-0.08572  	-23.76211  	-0.57813  	373.40047  	366.07085  	-19010.71309  	-9609.19294  	Inf  	-Inf  	0.00602  	0.00003  	0.00421  	0.00490  	0.00969  	0.00000  	0.00000  
219.81357  	26.42147  	39.79734  	39.68076  	28.29768  	-1.18512  	0.04603  	1.24061  	1.26499  	-3.02442  	0.06221  	-0.08567  	-23.73151  	-0.57796  	373.34804  	366.15113  	-19015.27055  	-9609.42203  	Inf  	-Inf  	0.00602  	0.00003  	0.00420  	0.00488  	0.00969  	0.00000  	0.00000  
220.81376  	26.43346  	39.80030  	39.68232  	28.30591  	-1.18512  	0.04432  	1.23921  	1.26831  	-3.02442  	0.06366  	-0.08568  	-23.68396  	-0.58487  	374.32846  	365.73963  	-19019.60073  	-9609.82752  	Inf  	-Inf  	0.00603  	0.00003  	0.00420  	0.00485  	0.00968  	0.00000  	0.00000  
221.81361  	26.44370  	39.80123  	39.68374  	28.31457  	-1.18512  	0.04582  	1.23993  	1.26646  	-3.02442  	0.06598  	-0.08568  	-23.66389  	-0.58242  	373.78275  	365.95023  	-19023.65231  	-9610.03779  	Inf  	-Inf  	0.00603  	0.00003  	0.00421  	0.00488  	0.00969  	0.00000  	0.00000  
222.81397  	26.45385  	39.80306  	39.68485  	28.32265  	-1.18512  	0.04680  	1.23891  	1.26714  	-3.02442  	0.06511  	-0.08564  	-23.63784  	-0.58601  	373.98239  	365.65096  	-19027.55799  	-9610.30194  	Inf  	-Inf  	0.00603  	0.00003  	0.00421  	0.00490  	0.00968  	0.00000  	0.00000  
223.81359  	26.46619  	39.80588  	39.68799  	28.33155  	-1.18512  	0.04514  	1.23955  	1.26783  	-3.02442  	0.06335  	-0.08566  	-23.59428  	-0.58446  	374.18506  	365.83856  	-19032.11028  	-9610.83617  	Inf  	-Inf  	0.00603  	0.00003  	0.00420  	0.00487  	0.00969  	0.00000  	0.00000  
224.81391  	26.47865  	39.80730  	39.68999  	28.33944  	-1.18512  	0.04569  	1.23951  	1.26707  	-3.02442  	0.06387  	-0.08569  	-23.53645  	-0.58154  	373.96065  	365.82884  	-19036.47089  	-9611.14275  	Inf  	-Inf  	0.00603  	0.00003  	0.00420  	0.00488  	0.00969  	0.00000  	0.00000  
225.81431  	26.48907  	39.80863  	39.69281  	28.34699  	-1.18512  	0.04495  	1.24052  	1.26583  	-3.02442  	0.06327  	-0.08567  	-23.50016  	-0.57420  	373.59526  	366.12606  	-19040.32308  	-9611.51511  	Inf  	-Inf  	0.00603  	0.00003  	0.00420  	0.00486  	0.00969  	0.00000  	0.00000  
226.81481  	26.49902  	39.81036  	39.69431  	28.35397  	-1.18512  	0.04524  	1.23996  	1.26259  	-3.02442  	0.06540  	-0.08571  	-23.46249  	-0.57530  	372.63837  	365.96127  	-19043.95195  	-9611.80380  	Inf  	-Inf  	0.00602  	0.00003  	0.00421  	0.00487  	0.00969  	0.00000  	0.00000  
227.81416  	26.51074  	39.81232  	39.69685  	28.36412  	-1.18512  	0.04611  	1.23908  	1.26735  	-3.02442  	0.06332  	-0.08565  	-23.44267  	-0.57245  	374.04309  	365.70192  	-19048.63986  	-9612.20733  	Inf  	-Inf  	0.00603  	0.00003  	0.00420  	0.00489  	0.00968  	0.00000  	0.00000  
228.81434  	26.52215  	39.81439  	39.69724  	28.37273  	-1.18512  	0.04437  	1.23952  	1.26770  	-3.02442  	0.06336  	-0.08567  	-23.40726  	-0.58079  	374.14703  	365.83096  	-19052.93037  	-9612.42875  	Inf  	-Inf  	0.00603  	0.00003  	0.00420  	0.00485  	0.00969  	0.00000  	0.00000  
229.81453  	26.53264  	39.81555  	39.69794  	28.38017  	-1.18512  	0.04388  	1.23876  	1.26640  	-3.02442  	0.06460  	-0.08566  	-23.36865  	-0.58307  	373.76501  	365.60711  	-19056.77526  	-9612.59581  	Inf  	-Inf  	0.00603  	0.00003  	0.00421  	0.00484  	0.00968  	0.00000  	0.00000  
230.81452  	26.54345  	39.81735  	39.70019  	28.38824  	-1.18512  	0.04538  	1.23953  	1.26246  	-3.02442  	0.06450  	-0.08569  	-23.33408  	-0.58082  	372.60125  	365.83468  	-19060.82406  	-9612.95847  	Inf  	-Inf  	0.00602  	0.00003  	0.00421  	0.00487  	0.00969  	0.00000  	0.00000  
231.81475  	26.55498  	39.81849  	39.70241  	28.39746  	-1.18512  	0.04525  	1.23945  	1.26578  	-3.02442  	0.06274  	-0.08567  	-23.30487  	-0.57544  	373.58046  	365.80861  	-19065.27257  	-9613.25986  	Inf  	-Inf  	0.00603  	0.00003  	0.00420  	0.00487  	0.00969  	0.00000  	0.00000  
232.81507  	26.56560  	39.82094  	39.70435  	28.40708  	-1.18512  	0.04549  	1.23890  	1.26360  	-3.02442  	0.06577  	-0.08565  	-23.29223  	-0.57797  	372.93644  	365.64661  	-19069.61356  	-9613.65294  	Inf  	-Inf  	0.00602  	0.00003  	0.00421  	0.00487  	0.00968  	0.00000  	0.00000  
233.81441  	26.57691  	39.82276  	39.70706  	28.41518  	-1.18512  	0.04583  	1.23849  	1.26626  	-3.02442  	0.06461  	-0.08572  	-23.25160  	-0.57360  	373.72335  	365.52801  	-19073.77557  	-9614.05968  	Inf  	-Inf  	0.00603  	0.00003  	0.00421  	0.00488  	0.00968  	0.00000  	0.00000  
234.81500  	26.58749  	39.82535  	39.70900  	28.42290  	-1.18512  	0.04532  	1.23774  	1.26385  	-3.02442  	0.06426  	-0.08570  	-23.21542  	-0.57684  	373.01202  	365.30642  	-19077.70187  	-9614.46565  	Inf  	-Inf  	0.00602  	0.00003  	0.00421  	0.00487  	0.00968  	0.00000  	0.00000  
235.81435  	26.59809  	39.82741  	39.71141  	28.43329  	-1.18512  	0.04479  	1.23859  	1.26625  	-3.02442  	0.06370  	-0.08567  	-23.21273  	-0.57507  	373.71975  	365.55688  	-19082.20347  	-9614.86609  	Inf  	-Inf  	0.00603  	0.00003  	0.00420  	0.00486  	0.00968  	0.00000  	0.00000  
236.81505  	26.60955  	39.82907  	39.71350  	28.44236  	-1.18512  	0.04574  	1.23754  	1.26608  	-3.02442  	0.06362  	-0.08567  	-23.18239  	-0.57289  	373.66848  	365.24549  	-19086.60797  	-9615.20286  	Inf  	-Inf  	0.00603  	0.00003  	0.00420  	0.00488  	0.00968  	0.00000  	0.00000  
237.81480  	26.62023  	39.83110  	39.71595  	28.45069  	-1.18512  	0.04532  	1.23774  	1.26614  	-3.02442  	0.06391  	-0.08568  	-23.15278  	-0.57084  	373.68611  	365.30384  	-19090.68463  	-9615.60435  	Inf  	-Inf  	0.00603  	0.00003  	0.00420  	0.00487  	0.00968  	0.00000  	0.00000  
238.81485  	26.63120  	39.83312  	39.71765  	28.45848  	-1.18512  	0.04386  	1.23743  	1.26544  	-3.02442  	0.06383  	-0.08559  	-23.11253  	-0.57245  	373.48019  	365.21510  	-19094.71223  	-9615.93764  	Inf  	-Inf  	0.00602  	0.00003  	0.00420  	0.00484  	0.00968  	0.00000  	0.00000  
239.81537  	26.64240  	39.83485  	39.71957  	28.46794  	-1.18512  	0.04520  	1.23849  	1.26574  	-3.02442  	0.06299  	-0.08567  	-23.09048  	-0.57149  	373.56978  	365.52605  	-19099.14407  	-9616.26520  	Inf  	-Inf  	0.00603  	0.00003  	0.00420  	0.00487  	0.00968  	0.00000  	0.00000  
240.81588  	26.65362  	39.83600  	39.72183  	28.47758  	-1.18512  	0.04685  	1.23858  	1.26641  	-3.02442  	0.06366  	-0.08567  	-23.07055  	-0.56600  	373.76716  	365.55337  	-19103.62051  	-9616.57180  	Inf  	-Inf  	0.00603  	0.00003  	0.00420  	0.00490  	0.00968  	0.00000  	0.00000  
241.81662  	26.66472  	39.83722  	39.72294  	28.48553  	-1.18512  	0.04609  	1.23819  	1.26562  	-3.02442  	0.06393  	-0.08572  	-23.03065  	-0.56653  	373.53421  	365.43674  	-19107.70764  	-9616.78088  	Inf  	-Inf  	0.00602  	0.00003  	0.00420  	0.00488  	0.00968  	0.00000  	0.00000  
242.81713  	26.67495  	39.83892  	39.72383  	28.49530  	-1.18512  	0.04523  	1.23883  	1.26386  	-3.02442  	0.06369  	-0.08571  	-23.02482  	-0.57056  	373.01278  	365.62781  	-19112.00005  	-9617.01217  	Inf  	-Inf  	0.00602  	0.00003  	0.00420  	0.00487  	0.00968  	0.00000  	0.00000  
243.81766  	26.68724  	39.84136  	39.72580  	28.50462  	-1.18512  	0.04561  	1.23782  	1.26562  	-3.02442  	0.06350  	-0.08567  	-22.98723  	-0.57288  	373.53382  	365.32908  	-19116.63878  	-9617.40842  	Inf  	-Inf  	0.00602  	0.00003  	0.00420  	0.00488  	0.00968  	0.00000  	0.00000  
244.81796  	26.69805  	39.84305  	39.72816  	28.51256  	-1.18512  	0.04538  	1.23774  	1.26570  	-3.02442  	0.06445  	-0.08567  	-22.95112  	-0.56959  	373.55635  	365.30399  	-19120.66325  	-9617.77089  	Inf  	-Inf  	0.00603  	0.00003  	0.00421  	0.00487  	0.00968  	0.00000  	0.00000  
245.81807  	26.70826  	39.84434  	39.72932  	28.52183  	-1.18512  	0.04423  	1.23867  	1.26509  	-3.02442  	0.06477  	-0.08565  	-22.93919  	-0.57018  	373.37843  	365.58007  	-19124.84511  	-9617.99092  	Inf  	-Inf  	0.00602  	0.00003  	0.00421  	0.00485  	0.00968  	0.00000  	0.00000  
246.81750  	26.71923  	39.84641  	39.73146  	28.53034  	-1.18512  	0.04623  	1.23927  	1.26650  	-3.02442  	0.06523  	-0.08569  	-22.90795  	-0.56983  	373.79274  	365.75656  	-19129.02653  	-9618.36782  	Inf  	-Inf  	0.00603  	0.00003  	0.00421  	0.00489  	0.00968  	0.00000  	0.00000  
247.81764  	26.73077  	39.84849  	39.73352  	28.53919  	-1.18512  	0.04390  	1.23807  	1.26246  	-3.02442  	0.06531  	-0.08566  	-22.87397  	-0.56994  	372.60212  	365.40233  	-19133.40530  	-9618.73963  	Inf  	-Inf  	0.00602  	0.00003  	0.00421  	0.00484  	0.00968  	0.00000  	0.00000  
248.81748  	26.74283  	39.84954  	39.73449  	28.54811  	-1.18512  	0.04455  	1.23822  	1.26638  	-3.02442  	0.06238  	-0.08570  	-22.83427  	-0.57034  	373.75917  	365.44564  	-19137.90962  	-9618.92116  	Inf  	-Inf  	0.00603  	0.00003  	0.00420  	0.00486  	0.00968  	0.00000  	0.00000  
249.81841  	26.75275  	39.85102  	39.73733  	28.55641  	-1.18512  	0.04408  	1.23825  	1.25931  	-3.02442  	0.06204  	-0.08567  	-22.81370  	-0.56363  	371.67147  	365.45609  	-19141.82183  	-9619.30818  	Inf  	-Inf  	0.00601  	0.00003  	0.00420  	0.00485  	0.00968  	0.00000  	0.00000  
250.81839  	26.76331  	39.85262  	39.73919  	28.56459  	-1.18512  	0.04464  	1.23779  	1.26545  	-3.02442  	0.06431  	-0.08565  	-22.78364  	-0.56232  	373.48280  	365.32077  	-19145.84655  	-9619.61817  	Inf  	-Inf  	0.00602  	0.00003  	0.00421  	0.00486  	0.00968  	0.00000  	0.00000  
251.81839  	26.77476  	39.85421  	39.73950  	28.57357  	-1.18512  	0.04531  	1.23830  	1.26285  	-3.02442  	0.06441  	-0.08567  	-22.75237  	-0.56865  	372.71484  	365.47080  	-19150.23479  	-9619.78865  	Inf  	-Inf  	0.00602  	0.00003  	0.00421  	0.00487  	0.00968  	0.00000  	0.00000  
252.81838  	26.78639  	39.85510  	39.74046  	28.58241  	-1.18512  	0.04418  	1.23786  	1.26454  	-3.02442  	0.06384  	-0.08576  	-22.71711  	-0.56830  	373.21538  	365.34091  	-19154.63220  	-9619.95469  	Inf  	-Inf  	0.00602  	0.00002  	0.00420  	0.00485  	0.00968  	0.00000  	0.00000  
253.81839  	26.79711  	39.85683  	39.74161  	28.59035  	-1.18512  	0.04703  	1.23855  	1.26222  	-3.02442  	0.06445  	-0.08568  	-22.68196  	-0.57120  	372.52941  	365.54448  	-19158.63897  	-9620.21295  	Inf  	-Inf  	0.00602  	0.00003  	0.00421  	0.00490  	0.00968  	0.00000  	0.00000  
254.81838  	26.80797  	39.85750  	39.74441  	28.59829  	-1.18512  	0.04582  	1.23854  	1.26546  	-3.02442  	0.06342  	-0.08569  	-22.64505  	-0.56062  	373.48533  	365.54250  	-19162.67596  	-9620.52364  	Inf  	-Inf  	0.00602  	0.00003  	0.00420  	0.00488  	0.00968  	0.00000  	0.00000  
255.81842  	26.81885  	39.85993  	39.74631  	28.60828  	-1.18512  	0.04436  	1.23816  	1.26692  	-3.02442  	0.06477  	-0.08564  	-22.63385  	-0.56326  	373.91881  	365.42786  	-19167.16007  	-9620.91283  	Inf  	-Inf  	0.00603  	0.00003  	0.00421  	0.00485  	0.00968  	0.00000  	0.00000  
256.81838  	26.82968  	39.86164  	39.74772  	28.61765  	-1.18512  	0.04539  	1.23822  	1.26358  	-3.02442  	0.06371  	-0.08570  	-22.61526  	-0.56476  	372.93162  	365.44748  	-19171.50015  	-9621.19161  	Inf  	-Inf  	0.00602  	0.00003  	0.00420  	0.00487  	0.00968  	0.00000  	0.00000  
257.81839  	26.84010  	39.86353  	39.74978  	28.62569  	-1.18512  	0.04614  	1.23965  	1.26482  	-3.02442  	0.06376  	-0.08573  	-22.58519  	-0.56388  	373.29723  	365.86810  	-19175.46858  	-9621.54628  	Inf  	-Inf  	0.00602  	0.00003  	0.00420  	0.00489  	0.00969  	0.00000  	0.00000  
258.81839  	26.85086  	39.86501  	39.75142  	28.63344  	-1.18512  	0.04691  	1.23818  	1.26473  	-3.02442  	0.06540  	-0.08568  	-22.54711  	-0.56312  	373.27217  	365.43440  	-19179.44322  	-9621.82574  	Inf  	-Inf  	0.00602  	0.00003  	0.00421  	0.00490  	0.00968  	0.00000  	0.00000  
259.81979  	26.86176  	39.86651  	39.75242  	28.64257  	-1.18512  	0.04657  	1.23851  	1.26291  	-3.02442  	0.06403  	-0.08570  	-22.52473  	-0.56562  	372.73522  	365.53123  	-19183.74742  	-9622.05025  	Inf  	-Inf  	0.00602  	0.00003  	0.00420  	0.00489  	0.00968  	0.00000  	0.00000  
260.82040  	26.87375  	39.86761  	39.75462  	28.65195  	-1.18512  	0.04500  	1.23790  	1.26483  	-3.02442  	0.06444  	-0.08567  	-22.49167  	-0.56015  	373.30182  	365.35346  	-19188.34266  	-9622.34695  	Inf  	-Inf  	0.00602  	0.00003  	0.00421  	0.00486  	0.00968  	0.00000  	0.00000  
261.82157  	26.88355  	39.87051  	39.75658  	28.65997  	-1.18512  	0.04489  	1.23800  	1.26559  	-3.02442  	0.06445  	-0.08566  	-22.46924  	-0.56481  	373.52422  	365.38215  	-19192.17350  	-9622.78266  	Inf  	-Inf  	0.00602  	0.00003  	0.00421  	0.00486  	0.00968  	0.00000  	0.00000  
262.82251  	26.89372  	39.87081  	39.75847  	28.66890  	-1.18512  	0.04596  	1.23838  	1.26149  	-3.02442  	0.06454  	-0.08571  	-22.45354  	-0.55693  	372.31395  	365.49369  	-19196.27770  	-9622.97889  	Inf  	-Inf  	0.00602  	0.00003  	0.00421  	0.00488  	0.00968  	0.00000  	0.00000  
263.82263  	26.90721  	39.87284  	39.75993  	28.67827  	-1.18512  	0.04632  	1.23775  	1.26355  	-3.02442  	0.06442  	-0.08566  	-22.40135  	-0.55972  	372.92185  	365.30950  	-19201.19084  	-9623.29187  	Inf  	-Inf  	0.00602  	0.00003  	0.00421  	0.00489  	0.00968  	0.00000  	0.00000  
264.82258  	26.91668  	39.87460  	39.76051  	28.68621  	-1.18512  	0.04492  	1.23841  	1.26295  	-3.02442  	0.06372  	-0.08560  	-22.38206  	-0.56561  	372.74709  	365.50380  	-19204.93378  	-9623.50092  	Inf  	-Inf  	0.00602  	0.00003  	0.00420  	0.00486  	0.00968  	0.00000  	0.00000  
265.82292  	26.92721  	39.87588  	39.76340  	28.69453  	-1.18512  	0.04516  	1.23808  	1.26259  	-3.02442  	0.06334  	-0.08566  	-22.35412  	-0.55759  	372.64008  	365.40697  	-19208.98888  	-9623.87559  	Inf  	-Inf  	0.00602  	0.00003  	0.00420  	0.00487  	0.00968  	0.00000  	0.00000  
266.82290  	26.93724  	39.87736  	39.76523  	28.70293  	-1.18512  	0.04493  	1.23804  	1.26573  	-3.02442  	0.06456  	-0.08569  	-22.33340  	-0.55588  	373.56622  	365.39297  	-19212.94928  	-9624.17244  	Inf  	-Inf  	0.00603  	0.00003  	0.00421  	0.00486  	0.00968  	0.00000  	0.00000  
267.82266  	26.94896  	39.87900  	39.76609  	28.71123  	-1.18512  	0.04380  	1.23774  	1.26124  	-3.02442  	0.06496  	-0.08565  	-22.29022  	-0.55975  	372.24109  	365.30534  	-19217.25548  	-9624.39636  	Inf  	-Inf  	0.00602  	0.00003  	0.00421  	0.00484  	0.00968  	0.00000  	0.00000  
268.82303  	26.95961  	39.88063  	39.76706  	28.72125  	-1.18512  	0.04378  	1.23682  	1.26516  	-3.02442  	0.06484  	-0.08564  	-22.28223  	-0.56303  	373.39700  	365.03305  	-19221.69900  	-9624.62935  	Inf  	-Inf  	0.00602  	0.00003  	0.00421  	0.00484  	0.00967  	0.00000  	0.00000  
269.82275  	26.96964  	39.88184  	39.76820  	28.72962  	-1.18512  	0.04576  	1.23758  	1.26561  	-3.02442  	0.06441  	-0.08572  	-22.26131  	-0.56337  	373.52986  	365.25837  	-19225.65727  	-9624.84080  	Inf  	-Inf  	0.00602  	0.00003  	0.00421  	0.00488  	0.00968  	0.00000  	0.00000  
270.82274  	26.98024  	39.88311  	39.77074  	28.73750  	-1.18512  	0.04571  	1.23823  	1.26514  	-3.02442  	0.06446  	-0.08564  	-22.22684  	-0.55704  	373.39228  	365.45093  	-19229.63083  	-9625.18245  	Inf  	-Inf  	0.00602  	0.00003  	0.00421  	0.00488  	0.00968  	0.00000  	0.00000  
271.82272  	26.99181  	39.88386  	39.77200  	28.74691  	-1.18512  	0.04418  	1.23754  	1.26388  	-3.02442  	0.06337  	-0.08561  	-22.19950  	-0.55451  	373.01908  	365.24528  	-19234.14360  	-9625.36215  	Inf  	-Inf  	0.00602  	0.00003  	0.00420  	0.00485  	0.00968  	0.00000  	0.00000  
272.82277  	27.00227  	39.88575  	39.77267  	28.75529  	-1.18512  	0.04445  	1.23821  	1.26119  	-3.02442  	0.06549  	-0.08567  	-22.17321  	-0.56060  	372.22582  	365.44408  	-19238.19810  	-9625.59267  	Inf  	-Inf  	0.00602  	0.00003  	0.00421  	0.00485  	0.00968  	0.00000  	0.00000  
273.82356  	27.01183  	39.88670  	39.77473  	28.76341  	-1.18512  	0.04477  	1.23897  	1.26329  	-3.02442  	0.06478  	-0.08574  	-22.15505  	-0.55509  	372.84546  	365.66776  	-19242.00069  	-9625.86152  	Inf  	-Inf  	0.00602  	0.00003  	0.00421  	0.00486  	0.00968  	0.00000  	0.00000  
274.82362  	27.02232  	39.88936  	39.77608  	28.77253  	-1.18512  	0.04549  	1.23733  	1.26365  	-3.02442  	0.06505  	-0.08571  	-22.13761  	-0.56156  	372.95289  	365.18406  	-19246.21866  	-9626.22108  	Inf  	-Inf  	0.00602  	0.00003  	0.00421  	0.00487  	0.00968  	0.00000  	0.00000  
275.82356  	27.03503  	39.88856  	39.77773  	28.78221  	-1.18512  	0.04603  	1.23743  	1.26597  	-3.02442  	0.06402  	-0.08572  	-22.09932  	-0.54944  	373.63765  	365.21297  	-19251.03564  	-9626.29839  	Inf  	-Inf  	0.00603  	0.00003  	0.00420  	0.00488  	0.00968  	0.00000  	0.00000  
276.82377  	27.04565  	39.89093  	39.77895  	28.79110  	-1.18512  	0.04523  	1.23782  	1.26367  	-3.02442  	0.06399  	-0.08569  	-22.07753  	-0.55510  	372.95859  	365.32942  	-19255.23292  	-9626.61992  	Inf  	-Inf  	0.00602  	0.00003  	0.00420  	0.00487  	0.00968  	0.00000  	0.00000  
277.82362  	27.05569  	39.89208  	39.77969  	28.80015  	-1.18512  	0.04362  	1.23730  	1.26335  	-3.02442  	0.06369  	-0.08571  	-22.06492  	-0.55718  	372.86227  	365.17665  	-19259.34129  	-9626.79002  	Inf  	-Inf  	0.00602  	0.00003  	0.00420  	0.00484  	0.00968  	0.00000  	0.00000  
278.82357  	27.06641  	39.89268  	39.78117  	28.80846  	-1.18512  	0.04498  	1.23737  	1.26223  	-3.02442  	0.06363  	-0.08567  	-22.03450  	-0.55283  	372.53408  	365.19671  	-19263.43762  	-9626.97575  	Inf  	-Inf  	0.00602  	0.00003  	0.00420  	0.00486  	0.00968  	0.00000  	0.00000  
279.82357  	27.07807  	39.89474  	39.78252  	28.81734  	-1.18512  	0.04566  	1.23784  	1.26484  	-3.02442  	0.06482  	-0.08567  	-21.99931  	-0.55632  	373.30243  	365.33327  	-19267.85730  	-9627.28254  	Inf  	-Inf  	0.00602  	0.00003  	0.00421  	0.00488  	0.00968  	0.00000  	0.00000  
280.82363  	27.08817  	39.89626  	39.78414  	28.82561  	-1.18512  	0.04661  	1.23727  	1.26224  	-3.02442  	0.06542  	-0.08571  	-21.97616  	-0.55583  	372.53489  	365.16640  	-19271.81272  	-9627.56380  	Inf  	-Inf  	0.00602  	0.00003  	0.00421  	0.00489  	0.00968  	0.00000  	0.00000  
281.82348  	27.09845  	39.89756  	39.78574  	28.83384  	-1.18512  	0.04554  	1.23662  	1.26358  	-3.02442  	0.06364  	-0.08564  	-21.95013  	-0.55432  	372.93020  	364.97492  	-19275.79610  	-9627.82373  	Inf  	-Inf  	0.00602  	0.00003  	0.00420  	0.00487  	0.00967  	0.00000  	0.00000  
282.82360  	27.10911  	39.89909  	39.78757  	28.84081  	-1.18512  	0.04499  	1.23684  	1.26338  	-3.02442  	0.06245  	-0.08567  	-21.90358  	-0.55281  	372.87195  	365.03929  	-19279.59106  	-9628.12498  	Inf  	-Inf  	0.00602  	0.00003  	0.00420  	0.00486  	0.00967  	0.00000  	0.00000  
283.82408  	27.12060  	39.89871  	39.78865  	28.84990  	-1.18512  	0.04436  	1.23643  	1.26279  	-3.02442  	0.06444  	-0.08566  	-21.87324  	-0.54560  	372.69876  	364.91939  	-19284.02143  	-9628.18792  	Inf  	-Inf  	0.00602  	0.00003  	0.00421  	0.00485  	0.00967  	0.00000  	0.00000  
284.82351  	27.13079  	39.90127  	39.79017  	28.86005  	-1.18512  	0.04476  	1.23484  	1.25996  	-3.02442  	0.06336  	-0.08569  	-21.87277  	-0.55080  	371.86345  	364.44945  	-19288.40148  	-9628.55375  	Inf  	-Inf  	0.00602  	0.00003  	0.00420  	0.00486  	0.00966  	0.00000  	0.00000  
285.82364  	27.14052  	39.90282  	39.79148  	28.86695  	-1.18512  	0.04619  	1.23551  	1.26143  	-3.02442  	0.06473  	-0.08571  	-21.83696  	-0.55195  	372.29760  	364.64830  	-19291.98100  	-9628.81006  	Inf  	-Inf  	0.00602  	0.00003  	0.00421  	0.00489  	0.00967  	0.00000  	0.00000  
286.82364  	27.15103  	39.90372  	39.79236  	28.87507  	-1.18512  	0.04581  	1.23558  	1.26054  	-3.02442  	0.06461  	-0.08570  	-21.80660  	-0.55204  	372.03350  	364.66768  	-19295.99398  	-9628.96953  	Inf  	-Inf  	0.00602  	0.00003  	0.00421  	0.00488  	0.00967  	0.00000  	0.00000  
287.82396  	27.16207  	39.90444  	39.79439  	28.88537  	-1.18512  	0.04418  	1.23588  	1.26018  	-3.02442  	0.06428  	-0.08571  	-21.79728  	-0.54555  	371.92893  	364.75514  	-19300.59003  	-9629.21700  	Inf  	-Inf  	0.00602  	0.00003  	0.00421  	0.00485  	0.00967  	0.00000  	0.00000  
288.82366  	27.17284  	39.90598  	39.79544  	28.89439  	-1.18512  	0.04449  	1.23668  	1.26379  	-3.02442  	0.06386  	-0.08563  	-21.77512  	-0.54799  	372.99436  	364.99212  	-19304.85017  	-9629.44884  	Inf  	-Inf  	0.00602  	0.00003  	0.00420  	0.00485  	0.00967  	0.00000  	0.00000  
