10/08/2024 10:11:48Time	T_hot_in(C)	T_cold_in(C)	T_cold_out(C)	T_hot_out(C)	mdot_cold(kg/s)	ASFASIFUAS(kg/s)	Diferencial_cold(bar)	Diferencial_hot(bar)	mdot_hot(kg/s)	ABS_cold(bar)	ABS_hot(bar)	q_cold(kW)	q_hot(kW)	ASFASYFY	Tau_cold_haste	Re_hot	Re_cold	U_global	PSIG_cold(bar)	R_fouling	PSIG_hot(bar)	PSID_hot(bar)	m_dot_hot	PSID_cold(bar)	m_dot_cold
1.74580  	0.00000  	0.00000  	0.00000  	0.00000  	-1.18512  	-0.20833  	-0.86278  	-2.50000  	-3.02442  	-1.25000  	-0.08628  	-0.00000  	-0.00000  	-737.84722  	-254.63905  	-9234.48090  	-3618.55272  	NaN  	NaN  	0.00000  	0.00000  	0.00000  	0.00000  	0.00000  	0.00000  	0.00000  
2.74600  	25.35829  	49.58952  	49.41180  	36.30660  	-1.18512  	0.01464  	0.22518  	0.21133  	-3.02442  	0.06139  	-0.08567  	-138.45583  	-0.88102  	62.37169  	66.46012  	-20522.53721  	-11392.39105  	Inf  	-Inf  	0.00434  	0.00003  	0.00420  	0.00428  	0.00501  	0.00000  	0.00000  
3.74625  	25.35774  	49.58960  	49.41192  	36.31020  	-1.18512  	0.01425  	0.22663  	0.21014  	-3.02442  	0.06259  	-0.08568  	-138.50828  	-0.88082  	62.01979  	66.88613  	-20523.20775  	-11392.40998  	Inf  	-Inf  	0.00434  	0.00003  	0.00420  	0.00427  	0.00502  	0.00000  	0.00000  
4.74613  	25.35774  	49.58854  	49.41156  	36.31296  	-1.18512  	0.01399  	0.22713  	0.20862  	-3.02442  	0.06172  	-0.08568  	-138.54313  	-0.87735  	61.57167  	67.03400  	-20523.81188  	-11392.27796  	Inf  	-Inf  	0.00433  	0.00003  	0.00420  	0.00427  	0.00502  	0.00000  	0.00000  
5.74688  	25.35685  	49.58733  	49.41162  	36.31426  	-1.18512  	0.01375  	0.22593  	0.20967  	-3.02442  	0.06137  	-0.08568  	-138.57084  	-0.87104  	61.88054  	66.67933  	-20523.90074  	-11392.17008  	Inf  	-Inf  	0.00434  	0.00003  	0.00420  	0.00426  	0.00502  	0.00000  	0.00000  
6.74860  	25.35660  	49.58750  	49.41185  	36.31749  	-1.18512  	0.01347  	0.22594  	0.20826  	-3.02442  	0.06089  	-0.08565  	-138.61488  	-0.87076  	61.46591  	66.68221  	-20524.55657  	-11392.20774  	Inf  	-Inf  	0.00433  	0.00003  	0.00419  	0.00426  	0.00502  	0.00000  	0.00000  
7.74883  	25.35736  	49.58755  	49.41155  	36.31905  	-1.18512  	0.01262  	0.22647  	0.20800  	-3.02442  	0.06031  	-0.08567  	-138.62506  	-0.87249  	61.38844  	66.83973  	-20525.06522  	-11392.18446  	Inf  	-Inf  	0.00433  	0.00003  	0.00419  	0.00424  	0.00502  	0.00000  	0.00000  
8.75007  	25.35678  	49.58716  	49.41126  	36.32282  	-1.18512  	0.01381  	0.22559  	0.21379  	-3.02442  	0.06140  	-0.08569  	-138.67994  	-0.87195  	63.09827  	66.57907  	-20525.76750  	-11392.12107  	Inf  	-Inf  	0.00434  	0.00003  	0.00420  	0.00427  	0.00501  	0.00000  	0.00000  
9.74966  	25.35659  	49.58683  	49.40957  	36.32518  	-1.18512  	0.01290  	0.22592  	0.20987  	-3.02442  	0.06253  	-0.08566  	-138.71232  	-0.87872  	61.94137  	66.67700  	-20526.24351  	-11391.93227  	Inf  	-Inf  	0.00434  	0.00003  	0.00420  	0.00425  	0.00502  	0.00000  	0.00000  
10.75166  	25.35614  	49.58709  	49.41035  	36.32747  	-1.18512  	0.01307  	0.22611  	0.21171  	-3.02442  	0.06184  	-0.08568  	-138.74687  	-0.87616  	62.48302  	66.73504  	-20526.64636  	-11392.02999  	Inf  	-Inf  	0.00434  	0.00003  	0.00420  	0.00425  	0.00502  	0.00000  	0.00000  
11.75176  	25.35642  	49.58732  	49.40932  	36.32867  	-1.18512  	0.01393  	0.22577  	0.20775  	-3.02442  	0.06077  	-0.08569  	-138.75843  	-0.88240  	61.31539  	66.63359  	-20526.97187  	-11391.95546  	Inf  	-Inf  	0.00433  	0.00003  	0.00419  	0.00427  	0.00502  	0.00000  	0.00000  
12.75176  	25.35528  	49.58829  	49.40965  	36.33268  	-1.18512  	0.01372  	0.22690  	0.20849  	-3.02442  	0.06138  	-0.08578  	-138.82364  	-0.88557  	61.53498  	66.96602  	-20527.60035  	-11392.07606  	Inf  	-Inf  	0.00433  	0.00002  	0.00420  	0.00426  	0.00502  	0.00000  	0.00000  
13.75174  	25.35446  	49.58784  	49.40936  	36.33489  	-1.18512  	0.01487  	0.22606  	0.20852  	-3.02442  	0.06093  	-0.08568  	-138.86202  	-0.88476  	61.54361  	66.71797  	-20527.90727  	-11392.00756  	Inf  	-Inf  	0.00433  	0.00003  	0.00419  	0.00429  	0.00502  	0.00000  	0.00000  
14.75177  	25.35460  	49.58926  	49.41066  	36.33755  	-1.18512  	0.01309  	0.22516  	0.20741  	-3.02442  	0.06049  	-0.08571  	-138.89380  	-0.88537  	61.21572  	66.45437  	-20528.52259  	-11392.26143  	Inf  	-Inf  	0.00433  	0.00003  	0.00419  	0.00425  	0.00501  	0.00000  	0.00000  
15.75282  	25.35321  	49.58962  	49.41024  	36.33946  	-1.18512  	0.01385  	0.22599  	0.21071  	-3.02442  	0.06137  	-0.08565  	-138.93559  	-0.88926  	62.18880  	66.69890  	-20528.63539  	-11392.25526  	Inf  	-Inf  	0.00434  	0.00003  	0.00420  	0.00427  	0.00502  	0.00000  	0.00000  
16.75273  	25.35368  	49.58925  	49.41015  	36.34154  	-1.18512  	0.01289  	0.22620  	0.21193  	-3.02442  	0.06195  	-0.08567  	-138.95591  	-0.88784  	62.54878  	66.76031  	-20529.19587  	-11392.21288  	Inf  	-Inf  	0.00434  	0.00003  	0.00420  	0.00425  	0.00502  	0.00000  	0.00000  
17.75274  	25.35296  	49.58987  	49.40955  	36.34468  	-1.18512  	0.01299  	0.22520  	0.21029  	-3.02442  	0.06052  	-0.08569  	-139.00481  	-0.89392  	62.06611  	66.46605  	-20529.72832  	-11392.21431  	Inf  	-Inf  	0.00434  	0.00003  	0.00419  	0.00425  	0.00501  	0.00000  	0.00000  
18.75393  	25.35225  	49.59055  	49.40953  	36.34628  	-1.18512  	0.01274  	0.22589  	0.21045  	-3.02442  	0.06069  	-0.08569  	-139.03403  	-0.89739  	62.11065  	66.66871  	-20529.92263  	-11392.27560  	Inf  	-Inf  	0.00434  	0.00003  	0.00419  	0.00424  	0.00502  	0.00000  	0.00000  
19.75426  	25.35142  	49.59059  	49.41129  	36.34818  	-1.18512  	0.01360  	0.22512  	0.21129  	-3.02442  	0.06166  	-0.08567  	-139.06847  	-0.88883  	62.35933  	66.44175  	-20530.15627  	-11392.44332  	Inf  	-Inf  	0.00434  	0.00003  	0.00420  	0.00426  	0.00501  	0.00000  	0.00000  
20.75466  	25.35182  	49.59202  	49.41271  	36.35123  	-1.18512  	0.01250  	0.22783  	0.21079  	-3.02442  	0.06107  	-0.08568  	-139.10195  	-0.88892  	62.21339  	67.24230  	-20530.91653  	-11392.70974  	Inf  	-Inf  	0.00434  	0.00003  	0.00420  	0.00424  	0.00502  	0.00000  	0.00000  
21.75517  	25.35116  	49.59147  	49.41263  	36.35275  	-1.18512  	0.01249  	0.22594  	0.21096  	-3.02442  	0.06103  	-0.08569  	-139.12959  	-0.88657  	62.26123  	66.68395  	-20531.10430  	-11392.64995  	Inf  	-Inf  	0.00434  	0.00003  	0.00420  	0.00424  	0.00502  	0.00000  	0.00000  
22.75558  	25.34957  	49.59257  	49.41393  	36.35405  	-1.18512  	0.01274  	0.22587  	0.20842  	-3.02442  	0.06184  	-0.08568  	-139.16601  	-0.88560  	61.51386  	66.66412  	-20531.04091  	-11392.87431  	Inf  	-Inf  	0.00433  	0.00003  	0.00420  	0.00424  	0.00502  	0.00000  	0.00000  
23.75594  	25.34914  	49.59367  	49.41525  	36.35655  	-1.18512  	0.01374  	0.22594  	0.21003  	-3.02442  	0.06009  	-0.08572  	-139.20315  	-0.88449  	61.98666  	66.68495  	-20531.49545  	-11393.10027  	Inf  	-Inf  	0.00434  	0.00003  	0.00419  	0.00426  	0.00502  	0.00000  	0.00000  
24.75624  	25.34865  	49.59425  	49.41464  	36.35894  	-1.18512  	0.01388  	0.22588  	0.20697  	-3.02442  	0.06070  	-0.08570  	-139.23959  	-0.89037  	61.08352  	66.66678  	-20531.91332  	-11393.09684  	Inf  	-Inf  	0.00433  	0.00003  	0.00419  	0.00427  	0.00502  	0.00000  	0.00000  
25.75613  	25.34847  	49.59469  	49.41535  	36.36061  	-1.18512  	0.01425  	0.22667  	0.20936  	-3.02442  	0.06093  	-0.08570  	-139.26291  	-0.88906  	61.78898  	66.89874  	-20532.23991  	-11393.20446  	Inf  	-Inf  	0.00433  	0.00003  	0.00419  	0.00427  	0.00502  	0.00000  	0.00000  
26.75566  	25.34825  	49.59587  	49.41572  	36.36196  	-1.18512  	0.01372  	0.22641  	0.21033  	-3.02442  	0.06034  	-0.08567  	-139.28283  	-0.89307  	62.07579  	66.82110  	-20532.48880  	-11393.34930  	Inf  	-Inf  	0.00434  	0.00003  	0.00419  	0.00426  	0.00502  	0.00000  	0.00000  
27.75611  	25.34830  	49.59698  	49.41712  	36.36413  	-1.18512  	0.01359  	0.22773  	0.21371  	-3.02442  	0.06282  	-0.08573  	-139.30956  	-0.89166  	63.07337  	67.21162  	-20532.97500  	-11393.58282  	Inf  	-Inf  	0.00434  	0.00003  	0.00420  	0.00426  	0.00502  	0.00000  	0.00000  
28.75643  	25.34801  	49.59696  	49.41834  	36.36594  	-1.18512  	0.01292  	0.22724  	0.21004  	-3.02442  	0.06161  	-0.08567  	-139.33617  	-0.88549  	61.99135  	67.06857  	-20533.30853  	-11393.69516  	Inf  	-Inf  	0.00434  	0.00003  	0.00420  	0.00425  	0.00502  	0.00000  	0.00000  
29.75791  	25.34679  	49.59793  	49.41838  	36.36715  	-1.18512  	0.01416  	0.22756  	0.21149  	-3.02442  	0.06205  	-0.08573  	-139.36689  	-0.89006  	62.42015  	67.16182  	-20533.30688  	-11393.78859  	Inf  	-Inf  	0.00434  	0.00003  	0.00420  	0.00427  	0.00502  	0.00000  	0.00000  
30.75804  	25.34672  	49.59818  	49.41882  	36.36771  	-1.18512  	0.01291  	0.22677  	0.21216  	-3.02442  	0.06161  	-0.08562  	-139.37490  	-0.88917  	62.61806  	66.92955  	-20533.41412  	-11393.85371  	Inf  	-Inf  	0.00434  	0.00003  	0.00420  	0.00425  	0.00502  	0.00000  	0.00000  
31.75989  	25.34579  	49.60026  	49.42060  	36.37080  	-1.18512  	0.01320  	0.22717  	0.20923  	-3.02442  	0.06130  	-0.08571  	-139.42571  	-0.89063  	61.75271  	67.04654  	-20533.88907  	-11394.21392  	Inf  	-Inf  	0.00433  	0.00003  	0.00420  	0.00425  	0.00502  	0.00000  	0.00000  
32.75966  	25.34649  	49.60020  	49.41978  	36.37215  	-1.18512  	0.01097  	0.22745  	0.21050  	-3.02442  	0.06227  	-0.08568  	-139.43400  	-0.89444  	62.12566  	67.13081  	-20534.33785  	-11394.13138  	Inf  	-Inf  	0.00434  	0.00003  	0.00420  	0.00421  	0.00502  	0.00000  	0.00000  
33.75964  	25.34579  	49.60195  	49.42052  	36.37282  	-1.18512  	0.01357  	0.22694  	0.21199  	-3.02442  	0.06150  	-0.08566  	-139.45128  	-0.89944  	62.56539  	66.97987  	-20534.33067  	-11394.36348  	Inf  	-Inf  	0.00434  	0.00003  	0.00420  	0.00426  	0.00502  	0.00000  	0.00000  
34.75967  	25.34538  	49.60221  	49.42203  	36.37420  	-1.18512  	0.01407  	0.22673  	0.21149  	-3.02442  	0.05990  	-0.08576  	-139.47394  	-0.89321  	62.41952  	66.91585  	-20534.54737  	-11394.52788  	Inf  	-Inf  	0.00434  	0.00002  	0.00419  	0.00427  	0.00502  	0.00000  	0.00000  
35.75963  	25.34536  	49.60381  	49.42291  	36.37504  	-1.18512  	0.01367  	0.22705  	0.21292  	-3.02442  	0.06099  	-0.08567  	-139.48482  	-0.89678  	62.84171  	67.00988  	-20534.72604  	-11394.76046  	Inf  	-Inf  	0.00434  	0.00003  	0.00420  	0.00426  	0.00502  	0.00000  	0.00000  
36.75964  	25.34491  	49.60557  	49.42500  	36.37691  	-1.18512  	0.01435  	0.22678  	0.21172  	-3.02442  	0.06041  	-0.08570  	-139.51421  	-0.89518  	62.48551  	66.93131  	-20535.03726  	-11395.11881  	Inf  	-Inf  	0.00434  	0.00003  	0.00419  	0.00428  	0.00502  	0.00000  	0.00000  
37.75966  	25.34410  	49.60605  	49.42585  	36.37743  	-1.18512  	0.01316  	0.22716  	0.21009  	-3.02442  	0.06008  	-0.08571  	-139.53096  	-0.89334  	62.00481  	67.04253  	-20534.97211  	-11395.24252  	Inf  	-Inf  	0.00434  	0.00003  	0.00419  	0.00425  	0.00502  	0.00000  	0.00000  
38.75966  	25.34380  	49.60712  	49.42729  	36.37883  	-1.18512  	0.01320  	0.22589  	0.21097  	-3.02442  	0.06202  	-0.08574  	-139.55244  	-0.89150  	62.26602  	66.66768  	-20535.21390  	-11395.47621  	Inf  	-Inf  	0.00434  	0.00003  	0.00420  	0.00425  	0.00502  	0.00000  	0.00000  
39.75963  	25.34458  	49.60835  	49.42907  	36.38075  	-1.18512  	0.01339  	0.22686  	0.21012  	-3.02442  	0.06304  	-0.08571  	-139.56685  	-0.88878  	62.01335  	66.95646  	-20535.80738  	-11395.75722  	Inf  	-Inf  	0.00434  	0.00003  	0.00420  	0.00426  	0.00502  	0.00000  	0.00000  
40.75966  	25.34538  	49.60966  	49.42948  	36.38211  	-1.18512  	0.01407  	0.22720  	0.20827  	-3.02442  	0.06006  	-0.08575  	-139.57388  	-0.89322  	61.46852  	67.05519  	-20536.28296  	-11395.91717  	Inf  	-Inf  	0.00433  	0.00002  	0.00419  	0.00427  	0.00502  	0.00000  	0.00000  
41.75966  	25.34480  	49.61092  	49.43052  	36.38364  	-1.18512  	0.01321  	0.22716  	0.21220  	-3.02442  	0.06006  	-0.08566  	-139.60063  	-0.89429  	62.62932  	67.04493  	-20536.49044  	-11396.13189  	Inf  	-Inf  	0.00434  	0.00003  	0.00419  	0.00425  	0.00502  	0.00000  	0.00000  
42.76054  	25.34384  	49.61233  	49.43110  	36.38386  	-1.18512  	0.01299  	0.22578  	0.20884  	-3.02442  	0.06038  	-0.08567  	-139.61552  	-0.89843  	61.63764  	66.63499  	-20536.32931  	-11396.31802  	Inf  	-Inf  	0.00433  	0.00003  	0.00419  	0.00425  	0.00502  	0.00000  	0.00000  
43.76194  	25.34395  	49.61359  	49.43181  	36.38669  	-1.18512  	0.01391  	0.22689  	0.21142  	-3.02442  	0.06087  	-0.08569  	-139.64996  	-0.90113  	62.39933  	66.96467  	-20536.97485  	-11396.50085  	Inf  	-Inf  	0.00434  	0.00003  	0.00419  	0.00427  	0.00502  	0.00000  	0.00000  
44.76291  	25.34376  	49.61612  	49.43496  	36.39012  	-1.18512  	0.01328  	0.22592  	0.21193  	-3.02442  	0.06284  	-0.08568  	-139.69572  	-0.89804  	62.54739  	66.67816  	-20537.68651  	-11397.03116  	Inf  	-Inf  	0.00434  	0.00003  	0.00420  	0.00426  	0.00502  	0.00000  	0.00000  
45.76287  	25.34303  	49.61712  	49.43608  	36.39094  	-1.18512  	0.01316  	0.22616  	0.21085  	-3.02442  	0.06182  	-0.08565  	-139.71536  	-0.89747  	62.22979  	66.74840  	-20537.70400  	-11397.22866  	Inf  	-Inf  	0.00434  	0.00003  	0.00420  	0.00425  	0.00502  	0.00000  	0.00000  
46.76312  	25.34330  	49.61827  	49.43793  	36.39288  	-1.18512  	0.01362  	0.22724  	0.20861  	-3.02442  	0.05939  	-0.08569  	-139.73644  	-0.89398  	61.56811  	67.06812  	-20538.19063  	-11397.50829  	Inf  	-Inf  	0.00433  	0.00003  	0.00419  	0.00426  	0.00502  	0.00000  	0.00000  
47.76440  	25.34302  	49.61996  	49.43933  	36.39416  	-1.18512  	0.01334  	0.22648  	0.20849  	-3.02442  	0.06063  	-0.08571  	-139.75622  	-0.89545  	61.53261  	66.84442  	-20538.41076  	-11397.79676  	Inf  	-Inf  	0.00433  	0.00003  	0.00419  	0.00426  	0.00502  	0.00000  	0.00000  
48.76507  	25.34135  	49.62189  	49.44183  	36.39666  	-1.18512  	0.01272  	0.22558  	0.21186  	-3.02442  	0.06195  	-0.08570  	-139.80899  	-0.89263  	62.52885  	66.57646  	-20538.59233  	-11398.20938  	Inf  	-Inf  	0.00434  	0.00003  	0.00420  	0.00424  	0.00501  	0.00000  	0.00000  
49.76503  	25.34131  	49.62315  	49.44294  	36.39833  	-1.18512  	0.01408  	0.22541  	0.20990  	-3.02442  	0.06135  	-0.08571  	-139.83051  	-0.89336  	61.94980  	66.52667  	-20538.95009  	-11398.43146  	Inf  	-Inf  	0.00434  	0.00003  	0.00420  	0.00427  	0.00501  	0.00000  	0.00000  
50.76486  	25.34191  	49.62457  	49.44436  	36.40080  	-1.18512  	0.01335  	0.22734  	0.20706  	-3.02442  	0.06054  	-0.08561  	-139.85420  	-0.89334  	61.11198  	67.09805  	-20539.62641  	-11398.69508  	Inf  	-Inf  	0.00433  	0.00003  	0.00419  	0.00426  	0.00502  	0.00000  	0.00000  
51.76591  	25.34040  	49.62631  	49.44545  	36.40244  	-1.18512  	0.01289  	0.22522  	0.20986  	-3.02442  	0.06219  	-0.08568  	-139.89409  	-0.89659  	61.93867  	66.47014  	-20539.65435  	-11398.95982  	Inf  	-Inf  	0.00434  	0.00003  	0.00420  	0.00425  	0.00501  	0.00000  	0.00000  
52.76689  	25.34131  	49.62686  	49.44631  	36.40453  	-1.18512  	0.01275  	0.22670  	0.21129  	-3.02442  	0.06087  	-0.08566  	-139.90902  	-0.89506  	62.36034  	66.90795  	-20540.31216  	-11399.09144  	Inf  	-Inf  	0.00434  	0.00003  	0.00419  	0.00424  	0.00502  	0.00000  	0.00000  
53.76674  	25.34024  	49.62835  	49.44829  	36.40639  	-1.18512  	0.01271  	0.22551  	0.20870  	-3.02442  	0.06166  	-0.08569  	-139.94599  	-0.89265  	61.59492  	66.55588  	-20540.48552  	-11399.41408  	Inf  	-Inf  	0.00433  	0.00003  	0.00420  	0.00424  	0.00501  	0.00000  	0.00000  
54.76648  	25.33995  	49.63090  	49.44978  	36.40875  	-1.18512  	0.01291  	0.22553  	0.21167  	-3.02442  	0.06222  	-0.08571  	-139.97948  	-0.89786  	62.47096  	66.56219  	-20540.94002  	-11399.79065  	Inf  	-Inf  	0.00434  	0.00003  	0.00420  	0.00425  	0.00501  	0.00000  	0.00000  
55.76707  	25.33974  	49.63332  	49.45117  	36.41056  	-1.18512  	0.01217  	0.22484  	0.20862  	-3.02442  	0.06272  	-0.08569  	-140.00508  	-0.90298  	61.57086  	66.36040  	-20541.29102  	-11400.14700  	Inf  	-Inf  	0.00433  	0.00003  	0.00420  	0.00423  	0.00501  	0.00000  	0.00000  
56.76781  	25.33882  	49.63412  	49.45270  	36.41279  	-1.18512  	0.01318  	0.22601  	0.20860  	-3.02442  	0.06225  	-0.08569  	-140.04497  	-0.89935  	61.56626  	66.70571  	-20541.58043  	-11400.36405  	Inf  	-Inf  	0.00433  	0.00003  	0.00420  	0.00425  	0.00502  	0.00000  	0.00000  
57.76826  	25.33866  	49.63584  	49.45511  	36.41373  	-1.18512  	0.01279  	0.22649  	0.21159  	-3.02442  	0.06121  	-0.08566  	-140.05882  	-0.89591  	62.44884  	66.84740  	-20541.75037  	-11400.74917  	Inf  	-Inf  	0.00434  	0.00003  	0.00420  	0.00425  	0.00502  	0.00000  	0.00000  
58.76882  	25.33776  	49.63857  	49.45697  	36.41600  	-1.18512  	0.01371  	0.22605  	0.20955  	-3.02442  	0.06183  	-0.08564  	-140.09896  	-0.90026  	61.84536  	66.71678  	-20542.05242  	-11401.17755  	Inf  	-Inf  	0.00434  	0.00003  	0.00420  	0.00426  	0.00502  	0.00000  	0.00000  
59.76943  	25.33854  	49.63991  	49.45804  	36.41759  	-1.18512  	0.01385  	0.22662  	0.21077  	-3.02442  	0.06238  	-0.08573  	-140.10918  	-0.90156  	62.20685  	66.88546  	-20542.57333  	-11401.40170  	Inf  	-Inf  	0.00434  	0.00003  	0.00420  	0.00427  	0.00502  	0.00000  	0.00000  
60.76966  	25.33715  	49.64067  	49.46025  	36.42037  	-1.18512  	0.01327  	0.22640  	0.21021  	-3.02442  	0.06242  	-0.08567  	-140.16185  	-0.89440  	62.04199  	66.81843  	-20542.87873  	-11401.67822  	Inf  	-Inf  	0.00434  	0.00003  	0.00420  	0.00425  	0.00502  	0.00000  	0.00000  
61.76967  	25.33686  	49.64290  	49.46177  	36.42123  	-1.18512  	0.01337  	0.22663  	0.20943  	-3.02442  	0.06037  	-0.08569  	-140.17639  	-0.89789  	61.81165  	66.88703  	-20543.00193  	-11402.02855  	Inf  	-Inf  	0.00434  	0.00003  	0.00419  	0.00426  	0.00502  	0.00000  	0.00000  
62.76963  	25.33625  	49.64417  	49.46427  	36.42326  	-1.18512  	0.01323  	0.22655  	0.21026  	-3.02442  	0.06075  	-0.08568  	-140.20980  	-0.89183  	62.05670  	66.86512  	-20543.31602  	-11402.38002  	Inf  	-Inf  	0.00434  	0.00003  	0.00419  	0.00425  	0.00502  	0.00000  	0.00000  
63.76966  	25.33596  	49.64586  	49.46556  	36.42558  	-1.18512  	0.01307  	0.22679  	0.21029  	-3.02442  	0.06068  	-0.08571  	-140.24278  	-0.89380  	62.06536  	66.93369  	-20543.75958  	-11402.65859  	Inf  	-Inf  	0.00434  	0.00003  	0.00419  	0.00425  	0.00502  	0.00000  	0.00000  
64.76965  	25.33544  	49.64845  	49.46688  	36.42775  	-1.18512  	0.01342  	0.22669  	0.21307  	-3.02442  	0.06047  	-0.08565  	-140.27683  	-0.90011  	62.88562  	66.90421  	-20544.12372  	-11403.02303  	Inf  	-Inf  	0.00434  	0.00003  	0.00419  	0.00426  	0.00502  	0.00000  	0.00000  
65.76963  	25.33563  	49.65034  	49.46804  	36.42933  	-1.18512  	0.01346  	0.22630  	0.20924  	-3.02442  	0.06201  	-0.08565  	-140.29449  	-0.90372  	61.75451  	66.78913  	-20544.51132  	-11403.30723  	Inf  	-Inf  	0.00433  	0.00003  	0.00420  	0.00426  	0.00502  	0.00000  	0.00000  
66.76964  	25.33539  	49.65231  	49.47008  	36.42981  	-1.18512  	0.01330  	0.22658  	0.21431  	-3.02442  	0.06117  	-0.08570  	-140.30351  	-0.90333  	63.25233  	66.87401  	-20544.56369  	-11403.68102  	Inf  	-Inf  	0.00434  	0.00003  	0.00420  	0.00426  	0.00502  	0.00000  	0.00000  
67.76985  	25.33424  	49.65326  	49.47211  	36.43115  	-1.18512  	0.01338  	0.22707  	0.20740  	-3.02442  	0.06164  	-0.08567  	-140.33507  	-0.89800  	61.21042  	67.01812  	-20544.60632  	-11403.95866  	Inf  	-Inf  	0.00433  	0.00003  	0.00420  	0.00426  	0.00502  	0.00000  	0.00000  
68.77121  	25.33355  	49.65535  	49.47391  	36.43295  	-1.18512  	0.01360  	0.22653  	0.21193  	-3.02442  	0.06086  	-0.08566  	-140.36644  	-0.89945  	62.55023  	66.85787  	-20544.85079  	-11404.32235  	Inf  	-Inf  	0.00434  	0.00003  	0.00419  	0.00426  	0.00502  	0.00000  	0.00000  
69.77159  	25.33325  	49.65701  	49.47533  	36.43442  	-1.18512  	0.01211  	0.22832  	0.20879  	-3.02442  	0.06056  	-0.08568  	-140.38883  	-0.90067  	61.62220  	67.38474  	-20545.10808  	-11404.60858  	Inf  	-Inf  	0.00433  	0.00003  	0.00419  	0.00423  	0.00503  	0.00000  	0.00000  
70.77163  	25.33220  	49.65914  	49.47727  	36.43543  	-1.18512  	0.01363  	0.22805  	0.21170  	-3.02442  	0.06176  	-0.08564  	-140.41490  	-0.90161  	62.48142  	67.30693  	-20545.09748  	-11404.98823  	Inf  	-Inf  	0.00434  	0.00003  	0.00420  	0.00426  	0.00503  	0.00000  	0.00000  
71.77282  	25.33234  	49.66081  	49.47971  	36.43746  	-1.18512  	0.01408  	0.22720  	0.21142  	-3.02442  	0.06179  	-0.08569  	-140.43875  	-0.89777  	62.39806  	67.05413  	-20545.57423  	-11405.37147  	Inf  	-Inf  	0.00434  	0.00003  	0.00420  	0.00427  	0.00502  	0.00000  	0.00000  
72.77288  	25.33211  	49.66270  	49.48097  	36.43780  	-1.18512  	0.01354  	0.22751  	0.20922  	-3.02442  	0.06077  	-0.08564  	-140.44600  	-0.90085  	61.74795  	67.14587  	-20545.59786  	-11405.66575  	Inf  	-Inf  	0.00433  	0.00003  	0.00419  	0.00426  	0.00502  	0.00000  	0.00000  
73.77397  	25.33197  	49.66449  	49.48330  	36.43888  	-1.18512  	0.01219  	0.22685  	0.21461  	-3.02442  	0.06147  	-0.08565  	-140.46150  	-0.89823  	63.33903  	66.95162  	-20545.80433  	-11406.05029  	Inf  	-Inf  	0.00434  	0.00003  	0.00420  	0.00423  	0.00502  	0.00000  	0.00000  
74.77564  	25.33100  	49.66664  	49.48538  	36.44020  	-1.18512  	0.01317  	0.22582  	0.21033  	-3.02442  	0.06146  	-0.08563  	-140.49040  	-0.89858  	62.07532  	66.64839  	-20545.88205  	-11406.44417  	Inf  	-Inf  	0.00434  	0.00003  	0.00420  	0.00425  	0.00502  	0.00000  	0.00000  
75.77612  	25.33075  	49.66868  	49.48657  	36.44061  	-1.18512  	0.01274  	0.22680  	0.20958  	-3.02442  	0.06070  	-0.08564  	-140.49869  	-0.90274  	61.85546  	66.93655  	-20545.91715  	-11406.74562  	Inf  	-Inf  	0.00434  	0.00003  	0.00419  	0.00424  	0.00502  	0.00000  	0.00000  
76.77581  	25.33038  	49.67119  	49.48997  	36.44256  	-1.18512  	0.01388  	0.22729  	0.21057  	-3.02442  	0.06105  	-0.08568  	-140.52810  	-0.89837  	62.14733  	67.08078  	-20546.26405  	-11407.29651  	Inf  	-Inf  	0.00434  	0.00003  	0.00420  	0.00427  	0.00502  	0.00000  	0.00000  
77.77613  	25.33102  	49.67194  	49.49050  	36.44390  	-1.18512  	0.01407  	0.22765  	0.21088  	-3.02442  	0.06059  	-0.08562  	-140.53690  	-0.89945  	62.23977  	67.18970  	-20546.69925  	-11407.41659  	Inf  	-Inf  	0.00434  	0.00003  	0.00419  	0.00427  	0.00502  	0.00000  	0.00000  
78.77610  	25.33121  	49.67356  	49.49223  	36.44610  	-1.18512  	0.01513  	0.22678  	0.20958  	-3.02442  	0.06145  	-0.08574  	-140.56229  	-0.89892  	61.85566  	66.93099  	-20547.22465  	-11407.72924  	Inf  	-Inf  	0.00434  	0.00003  	0.00420  	0.00429  	0.00502  	0.00000  	0.00000  
79.77676  	25.33169  	49.67685  	49.49417  	36.44803  	-1.18512  	0.01408  	0.22656  	0.21014  	-3.02442  	0.06167  	-0.08575  	-140.58073  	-0.90559  	62.01909  	66.86736  	-20547.75228  	-11408.21624  	Inf  	-Inf  	0.00434  	0.00002  	0.00420  	0.00427  	0.00502  	0.00000  	0.00000  
80.77734  	25.33053  	49.67814  	49.49637  	36.44868  	-1.18512  	0.01380  	0.22602  	0.21066  	-3.02442  	0.06086  	-0.08574  	-140.60367  	-0.90112  	62.17419  	66.70682  	-20547.64114  	-11408.54220  	Inf  	-Inf  	0.00434  	0.00003  	0.00419  	0.00427  	0.00502  	0.00000  	0.00000  
81.77712  	25.33026  	49.68083  	49.49839  	36.44968  	-1.18512  	0.01385  	0.22662  	0.21096  	-3.02442  	0.06187  	-0.08569  	-140.61976  	-0.90443  	62.26200  	66.88333  	-20547.80172  	-11408.98150  	Inf  	-Inf  	0.00434  	0.00003  	0.00420  	0.00427  	0.00502  	0.00000  	0.00000  
82.77674  	25.33008  	49.68321  	49.50032  	36.45165  	-1.18512  	0.01289  	0.22558  	0.21288  	-3.02442  	0.06143  	-0.08565  	-140.64685  	-0.90666  	62.82786  	66.57850  	-20548.19493  	-11409.38311  	Inf  	-Inf  	0.00434  	0.00003  	0.00420  	0.00425  	0.00501  	0.00000  	0.00000  
83.77780  	25.33038  	49.68352  	49.50248  	36.45354  	-1.18512  	0.01289  	0.22635  	0.21200  	-3.02442  	0.06119  	-0.08568  	-140.66705  	-0.89749  	62.57009  	66.80347  	-20548.67607  	-11409.61347  	Inf  	-Inf  	0.00434  	0.00003  	0.00420  	0.00425  	0.00502  	0.00000  	0.00000  
84.77807  	25.32998  	49.68590  	49.50384  	36.45557  	-1.18512  	0.01383  	0.22588  	0.21070  	-3.02442  	0.06043  	-0.08568  	-140.69760  	-0.90253  	62.18681  	66.66498  	-20549.03467  	-11409.96206  	Inf  	-Inf  	0.00434  	0.00003  	0.00419  	0.00427  	0.00502  	0.00000  	0.00000  
85.77806  	25.32987  	49.68851  	49.50629  	36.45778  	-1.18512  	0.01345  	0.22572  	0.20776  	-3.02442  	0.06127  	-0.08571  	-140.72694  	-0.90329  	61.31925  	66.61984  	-20549.49578  	-11410.43485  	Inf  	-Inf  	0.00433  	0.00003  	0.00420  	0.00426  	0.00502  	0.00000  	0.00000  
86.77792  	25.32888  	49.69024  	49.50776  	36.45923  	-1.18512  	0.01252  	0.22596  	0.20845  	-3.02442  	0.06116  	-0.08565  	-140.75780  	-0.90460  	61.52223  	66.68928  	-20549.59715  	-11410.73312  	Inf  	-Inf  	0.00433  	0.00003  	0.00420  	0.00424  	0.00502  	0.00000  	0.00000  
87.77801  	25.32879  	49.69350  	49.51083  	36.46153  	-1.18512  	0.01376  	0.22543  	0.21067  	-3.02442  	0.06203  	-0.08570  	-140.78807  	-0.90555  	62.17703  	66.53202  	-20550.08162  	-11411.32359  	Inf  	-Inf  	0.00434  	0.00003  	0.00420  	0.00426  	0.00501  	0.00000  	0.00000  
88.77834  	25.32865  	49.69414  	49.51293  	36.46350  	-1.18512  	0.01429  	0.22638  	0.21079  	-3.02442  	0.05982  	-0.08568  	-140.81477  	-0.89833  	62.21163  	66.81295  	-20550.48569  	-11411.57860  	Inf  	-Inf  	0.00434  	0.00003  	0.00419  	0.00427  	0.00502  	0.00000  	0.00000  
89.77869  	25.32803  	49.69671  	49.51504  	36.46510  	-1.18512  	0.01237  	0.22531  	0.20974  	-3.02442  	0.06076  	-0.08565  	-140.84285  	-0.90056  	61.90238  	66.49788  	-20550.69707  	-11412.01570  	Inf  	-Inf  	0.00434  	0.00003  	0.00419  	0.00424  	0.00501  	0.00000  	0.00000  
90.77888  	25.32739  	49.69939  	49.51660  	36.46714  	-1.18512  	0.01368  	0.22586  	0.20726  	-3.02442  	0.06066  	-0.08569  	-140.87669  	-0.90613  	61.17062  	66.66110  	-20551.00762  	-11412.41074  	Inf  	-Inf  	0.00433  	0.00003  	0.00419  	0.00426  	0.00502  	0.00000  	0.00000  
91.77964  	25.32727  	49.69963  	49.51980  	36.46863  	-1.18512  	0.01287  	0.22664  	0.21082  	-3.02442  	0.06128  	-0.08571  	-140.89712  	-0.89152  	62.22006  	66.89081  	-20551.30729  	-11412.73223  	Inf  	-Inf  	0.00434  	0.00003  	0.00420  	0.00425  	0.00502  	0.00000  	0.00000  
92.77965  	25.32704  	49.70267  	49.52106  	36.47037  	-1.18512  	0.01420  	0.22533  	0.21080  	-3.02442  	0.06116  	-0.08569  	-140.92203  	-0.90029  	62.21507  	66.50244  	-20551.64098  	-11413.13390  	Inf  	-Inf  	0.00434  	0.00003  	0.00420  	0.00427  	0.00501  	0.00000  	0.00000  
93.77963  	25.32618  	49.70407  	49.52247  	36.47274  	-1.18512  	0.01323  	0.22668  	0.20775  	-3.02442  	0.06105  	-0.08574  	-140.96283  	-0.90026  	61.31474  	66.90166  	-20551.96966  	-11413.39508  	Inf  	-Inf  	0.00433  	0.00003  	0.00420  	0.00425  	0.00502  	0.00000  	0.00000  
94.78120  	25.32554  	49.70643  	49.52474  	36.47456  	-1.18512  	0.01365  	0.22613  	0.20974  	-3.02442  	0.05985  	-0.08570  	-140.99397  	-0.90067  	61.90291  	66.74076  	-20552.22850  	-11413.82772  	Inf  	-Inf  	0.00434  	0.00003  	0.00419  	0.00426  	0.00502  	0.00000  	0.00000  
95.78160  	25.32500  	49.70801  	49.52711  	36.47640  	-1.18512  	0.01402  	0.22621  	0.20994  	-3.02442  	0.06109  	-0.08570  	-141.02413  	-0.89677  	61.96254  	66.76288  	-20552.51494  	-11414.19568  	Inf  	-Inf  	0.00434  	0.00003  	0.00420  	0.00427  	0.00502  	0.00000  	0.00000  
96.78175  	25.32497  	49.71122  	49.52797  	36.47835  	-1.18512  	0.01476  	0.22594  	0.20947  	-3.02442  	0.06030  	-0.08565  	-141.04920  	-0.90843  	61.82225  	66.68318  	-20552.93717  	-11414.57523  	Inf  	-Inf  	0.00434  	0.00003  	0.00419  	0.00428  	0.00502  	0.00000  	0.00000  
97.78165  	25.32388  	49.71343  	49.52952  	36.47975  	-1.18512  	0.01388  	0.22579  	0.21328  	-3.02442  	0.06006  	-0.08568  	-141.08070  	-0.91175  	62.94776  	66.63918  	-20553.00559  	-11414.92631  	Inf  	-Inf  	0.00434  	0.00003  	0.00419  	0.00427  	0.00502  	0.00000  	0.00000  
98.78167  	25.32321  	49.71576  	49.53182  	36.48159  	-1.18512  	0.01428  	0.22544  	0.20756  	-3.02442  	0.06199  	-0.08574  	-141.11231  	-0.91182  	61.25804  	66.53602  	-20553.26342  	-11415.35811  	Inf  	-Inf  	0.00433  	0.00003  	0.00420  	0.00427  	0.00501  	0.00000  	0.00000  
99.78178  	25.32303  	49.71733  	49.53419  	36.48319  	-1.18512  	0.01319  	0.22613  	0.20708  	-3.02442  	0.06094  	-0.08575  	-141.13489  	-0.90791  	61.11653  	66.73931  	-20553.57529  	-11415.72612  	Inf  	-Inf  	0.00433  	0.00002  	0.00420  	0.00425  	0.00502  	0.00000  	0.00000  
100.78177  	25.32241  	49.71960  	49.53646  	36.48463  	-1.18512  	0.01300  	0.22542  	0.20992  	-3.02442  	0.06141  	-0.08571  	-141.16080  	-0.90784  	61.95554  	66.53141  	-20553.75436  	-11416.14943  	Inf  	-Inf  	0.00434  	0.00003  	0.00420  	0.00425  	0.00501  	0.00000  	0.00000  
101.78173  	25.32203  	49.72102  	49.53935  	36.48700  	-1.18512  	0.01354  	0.22605  	0.21081  	-3.02442  	0.06153  	-0.08568  	-141.19570  	-0.90062  	62.21744  	66.71728  	-20554.19313  	-11416.55117  	Inf  	-Inf  	0.00434  	0.00003  	0.00420  	0.00426  	0.00502  	0.00000  	0.00000  
102.78308  	25.32122  	49.72320  	49.54103  	36.48808  	-1.18512  	0.01446  	0.22587  	0.21020  	-3.02442  	0.06230  	-0.08566  	-141.21965  	-0.90306  	62.03706  	66.66381  	-20554.25053  	-11416.91211  	Inf  	-Inf  	0.00434  	0.00003  	0.00420  	0.00428  	0.00502  	0.00000  	0.00000  
103.78282  	25.32073  	49.72494  	49.54377  	36.48962  	-1.18512  	0.01280  	0.22656  	0.20918  	-3.02442  	0.06073  	-0.08570  	-141.24536  	-0.89809  	61.73752  	66.86804  	-20554.48150  	-11417.32949  	Inf  	-Inf  	0.00433  	0.00003  	0.00419  	0.00425  	0.00502  	0.00000  	0.00000  
104.78282  	25.31976  	49.72734  	49.54487  	36.49103  	-1.18512  	0.01367  	0.22686  	0.21088  	-3.02442  	0.06051  	-0.08573  	-141.27537  	-0.90453  	62.23867  	66.95437  	-20554.57720  	-11417.65623  	Inf  	-Inf  	0.00434  	0.00003  	0.00419  	0.00426  	0.00502  	0.00000  	0.00000  
105.78283  	25.32065  	49.72961  	49.54670  	36.49240  	-1.18512  	0.01352  	0.22674  	0.21112  	-3.02442  	0.06083  	-0.08572  	-141.28146  	-0.90676  	62.30828  	66.92022  	-20555.07441  	-11418.03898  	Inf  	-Inf  	0.00434  	0.00003  	0.00419  	0.00426  	0.00502  	0.00000  	0.00000  
106.78282  	25.32003  	49.73232  	49.54842  	36.49313  	-1.18512  	0.01389  	0.22687  	0.20927  	-3.02442  	0.06122  	-0.08571  	-141.29839  	-0.91167  	61.76507  	66.95828  	-20555.09861  	-11418.45205  	Inf  	-Inf  	0.00433  	0.00003  	0.00420  	0.00427  	0.00502  	0.00000  	0.00000  
107.78274  	25.31960  	49.73342  	49.55037  	36.49413  	-1.18512  	0.01326  	0.22757  	0.21222  	-3.02442  	0.06287  	-0.08575  	-141.31651  	-0.90745  	62.63479  	67.16377  	-20555.22427  	-11418.73657  	Inf  	-Inf  	0.00434  	0.00002  	0.00420  	0.00425  	0.00502  	0.00000  	0.00000  
108.78395  	25.31897  	49.73594  	49.55257  	36.49538  	-1.18512  	0.01344  	0.22738  	0.21294  	-3.02442  	0.06105  	-0.08566  	-141.34027  	-0.90906  	62.84581  	67.10754  	-20555.36026  	-11419.17709  	Inf  	-Inf  	0.00434  	0.00003  	0.00420  	0.00426  	0.00502  	0.00000  	0.00000  
109.78479  	25.31919  	49.73751  	49.55452  	36.49626  	-1.18512  	0.01359  	0.22697  	0.20901  	-3.02442  	0.06112  	-0.08569  	-141.34866  	-0.90714  	61.68609  	66.98891  	-20555.60057  	-11419.50495  	Inf  	-Inf  	0.00433  	0.00003  	0.00420  	0.00426  	0.00502  	0.00000  	0.00000  
110.78482  	25.31876  	49.73820  	49.55614  	36.49703  	-1.18512  	0.01357  	0.22757  	0.20788  	-3.02442  	0.06304  	-0.08574  	-141.36385  	-0.90254  	61.35327  	67.16418  	-20555.67543  	-11419.72159  	Inf  	-Inf  	0.00433  	0.00003  	0.00420  	0.00426  	0.00502  	0.00000  	0.00000  
111.78446  	25.31829  	49.73976  	49.55714  	36.49874  	-1.18512  	0.01316  	0.22732  	0.21064  	-3.02442  	0.06010  	-0.08570  	-141.39139  	-0.90531  	62.16872  	67.09151  	-20555.95024  	-11419.95899  	Inf  	-Inf  	0.00434  	0.00003  	0.00419  	0.00425  	0.00502  	0.00000  	0.00000  
112.78507  	25.31765  	49.74180  	49.55861  	36.49957  	-1.18512  	0.01315  	0.22742  	0.20956  	-3.02442  	0.06078  	-0.08569  	-141.41002  	-0.90814  	61.84921  	67.11912  	-20555.99208  	-11420.28756  	Inf  	-Inf  	0.00434  	0.00003  	0.00419  	0.00425  	0.00502  	0.00000  	0.00000  
113.78585  	25.31827  	49.74448  	49.56094  	36.50050  	-1.18512  	0.01354  	0.22648  	0.21350  	-3.02442  	0.06168  	-0.08567  	-141.41396  	-0.90984  	63.01291  	66.84385  	-20556.32998  	-11420.75473  	Inf  	-Inf  	0.00434  	0.00003  	0.00420  	0.00426  	0.00502  	0.00000  	0.00000  
114.78596  	25.31802  	49.74575  	49.56285  	36.50131  	-1.18512  	0.01468  	0.22630  	0.21108  	-3.02442  	0.06074  	-0.08572  	-141.42742  	-0.90667  	62.29905  	66.79051  	-20556.45513  	-11421.05106  	Inf  	-Inf  	0.00434  	0.00003  	0.00419  	0.00428  	0.00502  	0.00000  	0.00000  
115.78583  	25.31774  	49.74801  	49.56521  	36.50333  	-1.18512  	0.01303  	0.22699  	0.21204  	-3.02442  	0.06291  	-0.08572  	-141.45637  	-0.90621  	62.58024  	66.99270  	-20556.83683  	-11421.48251  	Inf  	-Inf  	0.00434  	0.00003  	0.00420  	0.00425  	0.00502  	0.00000  	0.00000  
116.78551  	25.31764  	49.74920  	49.56756  	36.50484  	-1.18512  	0.01368  	0.22600  	0.21231  	-3.02442  	0.06001  	-0.08568  	-141.47690  	-0.90047  	62.65985  	66.70217  	-20557.14604  	-11421.81287  	Inf  	-Inf  	0.00434  	0.00003  	0.00419  	0.00426  	0.00502  	0.00000  	0.00000  
117.78636  	25.31742  	49.75090  	49.56946  	36.50590  	-1.18512  	0.01335  	0.22660  	0.21162  	-3.02442  	0.06124  	-0.08569  	-141.49297  	-0.89946  	62.45694  	66.87701  	-20557.33100  	-11422.14844  	Inf  	-Inf  	0.00434  	0.00003  	0.00420  	0.00426  	0.00502  	0.00000  	0.00000  
118.78620  	25.31699  	49.75337  	49.57060  	36.50770  	-1.18512  	0.01277  	0.22596  	0.21485  	-3.02442  	0.06186  	-0.08567  	-141.52120  	-0.90603  	63.41073  	66.69030  	-20557.63145  	-11422.48613  	Inf  	-Inf  	0.00434  	0.00003  	0.00420  	0.00425  	0.00502  	0.00000  	0.00000  
119.78593  	25.31713  	49.75470  	49.57137  	36.50854  	-1.18512  	0.01439  	0.22506  	0.21170  	-3.02442  	0.06031  	-0.08572  	-141.52996  	-0.90882  	62.47961  	66.42500  	-20557.84635  	-11422.68121  	Inf  	-Inf  	0.00434  	0.00003  	0.00419  	0.00428  	0.00501  	0.00000  	0.00000  
120.78684  	25.31730  	49.75690  	49.57407  	36.51067  	-1.18512  	0.01407  	0.22623  	0.20845  	-3.02442  	0.06099  	-0.08567  	-141.55482  	-0.90633  	61.52115  	66.77068  	-20558.35027  	-11423.13827  	Inf  	-Inf  	0.00433  	0.00003  	0.00420  	0.00427  	0.00502  	0.00000  	0.00000  
121.78652  	25.31619  	49.75833  	49.57519  	36.51213  	-1.18512  	0.01413  	0.22619  	0.21058  	-3.02442  	0.06110  	-0.08573  	-141.58739  	-0.90788  	62.15047  	66.75812  	-20558.42991  	-11423.37654  	Inf  	-Inf  	0.00434  	0.00003  	0.00420  	0.00427  	0.00502  	0.00000  	0.00000  
122.78710  	25.31627  	49.75956  	49.57684  	36.51341  	-1.18512  	0.01363  	0.22601  	0.21044  	-3.02442  	0.06182  	-0.08570  	-141.60250  	-0.90578  	62.11023  	66.70538  	-20558.72875  	-11423.64570  	Inf  	-Inf  	0.00434  	0.00003  	0.00420  	0.00426  	0.00502  	0.00000  	0.00000  
123.78886  	25.31526  	49.76110  	49.57840  	36.51526  	-1.18512  	0.01358  	0.22486  	0.21082  	-3.02442  	0.05976  	-0.08569  	-141.63865  	-0.90571  	62.22068  	66.36595  	-20558.91411  	-11423.93468  	Inf  	-Inf  	0.00434  	0.00003  	0.00419  	0.00426  	0.00501  	0.00000  	0.00000  
124.78881  	25.31550  	49.76395  	49.58042  	36.51680  	-1.18512  	0.01482  	0.22726  	0.20830  	-3.02442  	0.06292  	-0.08576  	-141.65501  	-0.90982  	61.47750  	67.07204  	-20559.30378  	-11424.38975  	Inf  	-Inf  	0.00433  	0.00002  	0.00420  	0.00428  	0.00502  	0.00000  	0.00000  
125.78860  	25.31573  	49.76491  	49.58239  	36.51777  	-1.18512  	0.01396  	0.22689  	0.20937  	-3.02442  	0.06166  	-0.08572  	-141.66451  	-0.90482  	61.79385  	66.96370  	-20559.56692  	-11424.66271  	Inf  	-Inf  	0.00433  	0.00003  	0.00420  	0.00427  	0.00502  	0.00000  	0.00000  
126.78914  	25.31456  	49.76609  	49.58326  	36.51994  	-1.18512  	0.01388  	0.22515  	0.21023  	-3.02442  	0.05962  	-0.08568  	-141.70673  	-0.90634  	62.04698  	66.45122  	-20559.78550  	-11424.85450  	Inf  	-Inf  	0.00434  	0.00003  	0.00419  	0.00427  	0.00501  	0.00000  	0.00000  
127.79017  	25.31424  	49.76883  	49.58528  	36.52139  	-1.18512  	0.01377  	0.22573  	0.21140  	-3.02442  	0.06343  	-0.08568  	-141.72904  	-0.90992  	62.39096  	66.62260  	-20560.03587  	-11425.29841  	Inf  	-Inf  	0.00434  	0.00003  	0.00420  	0.00426  	0.00502  	0.00000  	0.00000  
128.78982  	25.31433  	49.77069  	49.58728  	36.52376  	-1.18512  	0.01190  	0.22566  	0.20747  	-3.02442  	0.06064  	-0.08570  	-141.75795  	-0.90922  	61.23217  	66.60016  	-20560.57436  	-11425.65899  	Inf  	-Inf  	0.00433  	0.00003  	0.00419  	0.00423  	0.00501  	0.00000  	0.00000  
129.78964  	25.31381  	49.77297  	49.58936  	36.52533  	-1.18512  	0.01263  	0.22636  	0.21034  	-3.02442  	0.06062  	-0.08573  	-141.78425  	-0.91024  	62.07831  	66.80895  	-20560.80605  	-11426.06513  	Inf  	-Inf  	0.00434  	0.00003  	0.00419  	0.00424  	0.00502  	0.00000  	0.00000  
130.78981  	25.31317  	49.77459  	49.59034  	36.52734  	-1.18512  	0.01300  	0.22491  	0.21096  	-3.02442  	0.06130  	-0.08565  	-141.81786  	-0.91338  	62.26223  	66.37919  	-20561.10791  	-11426.30769  	Inf  	-Inf  	0.00434  	0.00003  	0.00420  	0.00425  	0.00501  	0.00000  	0.00000  
131.78966  	25.31349  	49.77558  	49.59246  	36.52912  	-1.18512  	0.01371  	0.22595  	0.20796  	-3.02442  	0.06115  	-0.08568  	-141.83632  	-0.90775  	61.37703  	66.68770  	-20561.56930  	-11426.59785  	Inf  	-Inf  	0.00433  	0.00003  	0.00420  	0.00426  	0.00502  	0.00000  	0.00000  
132.79139  	25.31314  	49.77758  	49.59426  	36.52986  	-1.18512  	0.01277  	0.22678  	0.20771  	-3.02442  	0.06311  	-0.08571  	-141.85002  	-0.90875  	61.30244  	66.93069  	-20561.65405  	-11426.95270  	Inf  	-Inf  	0.00433  	0.00003  	0.00420  	0.00425  	0.00502  	0.00000  	0.00000  
133.79169  	25.31180  	49.77948  	49.59717  	36.53211  	-1.18512  	0.01338  	0.22614  	0.20964  	-3.02442  	0.06090  	-0.08568  	-141.89551  	-0.90375  	61.87199  	66.74159  	-20561.85548  	-11427.40152  	Inf  	-Inf  	0.00434  	0.00003  	0.00419  	0.00426  	0.00502  	0.00000  	0.00000  
134.79169  	25.31156  	49.78103  	49.59793  	36.53406  	-1.18512  	0.01368  	0.22622  	0.21032  	-3.02442  	0.06158  	-0.08568  	-141.92329  	-0.90770  	62.07465  	66.76670  	-20562.22974  	-11427.61637  	Inf  	-Inf  	0.00434  	0.00003  	0.00420  	0.00426  	0.00502  	0.00000  	0.00000  
135.79280  	25.31202  	49.78350  	49.60073  	36.53480  	-1.18512  	0.01315  	0.22704  	0.21146  	-3.02442  	0.06043  	-0.08570  	-141.92681  	-0.90602  	62.41042  	67.00959  	-20562.49260  	-11428.10895  	Inf  	-Inf  	0.00434  	0.00003  	0.00419  	0.00425  	0.00502  	0.00000  	0.00000  
136.79417  	25.31147  	49.78480  	49.60274  	36.53656  	-1.18512  	0.01413  	0.22559  	0.21066  	-3.02442  	0.06074  	-0.08568  	-141.95593  	-0.90249  	62.17468  	66.58010  	-20562.76037  	-11428.41791  	Inf  	-Inf  	0.00434  	0.00003  	0.00419  	0.00427  	0.00501  	0.00000  	0.00000  
137.79480  	25.30997  	49.78644  	49.60312  	36.53789  	-1.18512  	0.01341  	0.22553  	0.20735  	-3.02442  	0.06197  	-0.08569  	-141.99182  	-0.90878  	61.19601  	66.56401  	-20562.72089  	-11428.60662  	Inf  	-Inf  	0.00433  	0.00003  	0.00420  	0.00426  	0.00501  	0.00000  	0.00000  
138.79466  	25.31018  	49.78775  	49.60429  	36.53947  	-1.18512  	0.01301  	0.22590  	0.21484  	-3.02442  	0.06143  	-0.08566  	-142.00909  	-0.90947  	63.40672  	66.67168  	-20563.11382  	-11428.83796  	Inf  	-Inf  	0.00434  	0.00003  	0.00420  	0.00425  	0.00502  	0.00000  	0.00000  
139.79467  	25.30904  	49.78984  	49.60479  	36.54152  	-1.18512  	0.01430  	0.22572  	0.21091  	-3.02442  	0.06106  	-0.08570  	-142.04942  	-0.91739  	62.24755  	66.61764  	-20563.31560  	-11429.07971  	Inf  	-Inf  	0.00434  	0.00003  	0.00420  	0.00427  	0.00502  	0.00000  	0.00000  
140.79592  	25.30885  	49.79102  	49.60697  	36.54283  	-1.18512  	0.01297  	0.22717  	0.20954  	-3.02442  	0.06082  	-0.08573  	-142.06845  	-0.91238  	61.84337  	67.04776  	-20563.56061  	-11429.39376  	Inf  	-Inf  	0.00434  	0.00003  	0.00419  	0.00425  	0.00502  	0.00000  	0.00000  
141.79706  	25.30959  	49.79310  	49.60865  	36.54421  	-1.18512  	0.01410  	0.22749  	0.20788  	-3.02442  	0.06150  	-0.08566  	-142.07653  	-0.91438  	61.35294  	67.14047  	-20564.02573  	-11429.74310  	Inf  	-Inf  	0.00433  	0.00003  	0.00420  	0.00427  	0.00502  	0.00000  	0.00000  
142.79771  	25.30871  	49.79476  	49.61040  	36.54520  	-1.18512  	0.01387  	0.22765  	0.20978  	-3.02442  	0.06156  	-0.08571  	-142.10013  	-0.91395  	61.91361  	67.18707  	-20564.05059  	-11430.06233  	Inf  	-Inf  	0.00434  	0.00003  	0.00420  	0.00427  	0.00502  	0.00000  	0.00000  
143.79805  	25.30816  	49.79614  	49.61195  	36.54614  	-1.18512  	0.01467  	0.22584  	0.20955  	-3.02442  	0.06082  	-0.08568  	-142.11898  	-0.91307  	61.84682  	66.65351  	-20564.13792  	-11430.33516  	Inf  	-Inf  	0.00434  	0.00003  	0.00419  	0.00428  	0.00502  	0.00000  	0.00000  
144.79799  	25.30696  	49.79727  	49.61430  	36.54674  	-1.18512  	0.01418  	0.22709  	0.21104  	-3.02442  	0.06168  	-0.08574  	-142.14177  	-0.90703  	62.28488  	67.02286  	-20564.00430  	-11430.66063  	Inf  	-Inf  	0.00434  	0.00003  	0.00420  	0.00427  	0.00502  	0.00000  	0.00000  
145.79823  	25.30767  	49.79944  	49.61640  	36.54830  	-1.18512  	0.01377  	0.22786  	0.21237  	-3.02442  	0.06190  	-0.08573  	-142.15249  	-0.90741  	62.67870  	67.24949  	-20564.50257  	-11431.05947  	Inf  	-Inf  	0.00434  	0.00003  	0.00420  	0.00426  	0.00502  	0.00000  	0.00000  
146.79891  	25.30686  	49.80122  	49.61856  	36.54804  	-1.18512  	0.01387  	0.22711  	0.20962  	-3.02442  	0.06229  	-0.08571  	-142.15943  	-0.90552  	61.86802  	67.02766  	-20564.26940  	-11431.42724  	Inf  	-Inf  	0.00434  	0.00003  	0.00420  	0.00427  	0.00502  	0.00000  	0.00000  
147.79917  	25.30690  	49.80268  	49.61959  	36.54906  	-1.18512  	0.01464  	0.22655  	0.21087  	-3.02442  	0.06078  	-0.08575  	-142.17183  	-0.90763  	62.23706  	66.86248  	-20564.50098  	-11431.65863  	Inf  	-Inf  	0.00434  	0.00002  	0.00419  	0.00428  	0.00502  	0.00000  	0.00000  
148.79937  	25.30667  	49.80458  	49.62066  	36.55043  	-1.18512  	0.01357  	0.22695  	0.21265  	-3.02442  	0.06219  	-0.08570  	-142.19206  	-0.91176  	62.76243  	66.98166  	-20564.75017  	-11431.93612  	Inf  	-Inf  	0.00434  	0.00003  	0.00420  	0.00426  	0.00502  	0.00000  	0.00000  
149.79862  	25.30683  	49.80508  	49.62164  	36.55117  	-1.18512  	0.01434  	0.22649  	0.21011  	-3.02442  	0.06185  	-0.08574  	-142.19944  	-0.90938  	62.01020  	66.84643  	-20564.94827  	-11432.07487  	Inf  	-Inf  	0.00434  	0.00003  	0.00420  	0.00428  	0.00502  	0.00000  	0.00000  
150.79906  	25.30675  	49.80749  	49.62350  	36.55210  	-1.18512  	0.01383  	0.22653  	0.21109  	-3.02442  	0.06203  	-0.08571  	-142.21208  	-0.91211  	62.30045  	66.85771  	-20565.13630  	-11432.47246  	Inf  	-Inf  	0.00434  	0.00003  	0.00420  	0.00427  	0.00502  	0.00000  	0.00000  
151.79956  	25.30663  	49.80880  	49.62650  	36.55286  	-1.18512  	0.01394  	0.22566  	0.21290  	-3.02442  	0.06116  	-0.08570  	-142.22334  	-0.90370  	62.83400  	66.60251  	-20565.27800  	-11432.87582  	Inf  	-Inf  	0.00434  	0.00003  	0.00420  	0.00427  	0.00501  	0.00000  	0.00000  
152.79963  	25.30665  	49.81009  	49.62737  	36.55336  	-1.18512  	0.01430  	0.22659  	0.21152  	-3.02442  	0.06090  	-0.08568  	-142.22940  	-0.90579  	62.42713  	66.87626  	-20565.39216  	-11433.07691  	Inf  	-Inf  	0.00434  	0.00003  	0.00419  	0.00427  	0.00502  	0.00000  	0.00000  
153.79964  	25.30680  	49.81112  	49.62854  	36.55395  	-1.18512  	0.01393  	0.22714  	0.21204  	-3.02442  	0.06212  	-0.08573  	-142.23488  	-0.90510  	62.58228  	67.03685  	-20565.55469  	-11433.28262  	Inf  	-Inf  	0.00434  	0.00003  	0.00420  	0.00427  	0.00502  	0.00000  	0.00000  
154.80027  	25.30625  	49.81297  	49.63000  	36.55536  	-1.18512  	0.01277  	0.22649  	0.21174  	-3.02442  	0.06088  	-0.08569  	-142.25971  	-0.90707  	62.49323  	66.84650  	-20565.74205  	-11433.59095  	Inf  	-Inf  	0.00434  	0.00003  	0.00419  	0.00425  	0.00502  	0.00000  	0.00000  
155.79963  	25.30677  	49.81516  	49.63146  	36.55739  	-1.18512  	0.01337  	0.22680  	0.21354  	-3.02442  	0.06228  	-0.08577  	-142.27882  	-0.91071  	63.02541  	66.93613  	-20566.30256  	-11433.93196  	Inf  	-Inf  	0.00434  	0.00002  	0.00420  	0.00426  	0.00502  	0.00000  	0.00000  
156.79966  	25.30663  	49.81648  	49.63194  	36.55819  	-1.18512  	0.01280  	0.22664  	0.21125  	-3.02442  	0.06268  	-0.08563  	-142.29070  	-0.91483  	62.34956  	66.88986  	-20566.44569  	-11434.09937  	Inf  	-Inf  	0.00434  	0.00003  	0.00420  	0.00425  	0.00502  	0.00000  	0.00000  
157.79966  	25.30644  	49.81761  	49.63435  	36.55919  	-1.18512  	0.01340  	0.22603  	0.21232  	-3.02442  	0.06135  	-0.08571  	-142.30574  	-0.90848  	62.66422  	66.70939  	-20566.62735  	-11434.43062  	Inf  	-Inf  	0.00434  	0.00003  	0.00420  	0.00426  	0.00502  	0.00000  	0.00000  
158.79949  	25.30556  	49.81894  	49.63521  	36.56071  	-1.18512  	0.01351  	0.22569  	0.21243  	-3.02442  	0.06108  	-0.08570  	-142.33606  	-0.91081  	62.69658  	66.60925  	-20566.76778  	-11434.63512  	Inf  	-Inf  	0.00434  	0.00003  	0.00420  	0.00426  	0.00501  	0.00000  	0.00000  
159.79967  	25.30548  	49.82163  	49.63776  	36.56168  	-1.18512  	0.01411  	0.22669  	0.21133  	-3.02442  	0.06141  	-0.08568  	-142.34932  	-0.91151  	62.37251  	66.90556  	-20566.96138  	-11435.12399  	Inf  	-Inf  	0.00434  	0.00003  	0.00420  	0.00427  	0.00502  	0.00000  	0.00000  
160.79966  	25.30493  	49.82225  	49.63861  	36.56397  	-1.18512  	0.01286  	0.22641  	0.21153  	-3.02442  	0.06093  	-0.08568  	-142.38536  	-0.91036  	62.43076  	66.82103  	-20567.34444  	-11435.26065  	Inf  	-Inf  	0.00434  	0.00003  	0.00419  	0.00425  	0.00502  	0.00000  	0.00000  
161.79961  	25.30530  	49.82453  	49.64047  	36.56527  	-1.18512  	0.01321  	0.22610  	0.21171  	-3.02442  	0.06154  	-0.08567  	-142.39700  	-0.91243  	62.48299  	66.73096  	-20567.71009  	-11435.64698  	Inf  	-Inf  	0.00434  	0.00003  	0.00420  	0.00425  	0.00502  	0.00000  	0.00000  
162.79965  	25.30552  	49.82486  	49.64218  	36.56715  	-1.18512  	0.01454  	0.22490  	0.20755  	-3.02442  	0.06084  	-0.08565  	-142.41798  	-0.90561  	61.25742  	66.37655  	-20568.17311  	-11435.83828  	Inf  	-Inf  	0.00433  	0.00003  	0.00419  	0.00428  	0.00501  	0.00000  	0.00000  
163.79965  	25.30482  	49.82683  	49.64404  	36.56828  	-1.18512  	0.01398  	0.22562  	0.21122  	-3.02442  	0.06102  	-0.08567  	-142.44128  	-0.90613  	62.33811  	66.58889  	-20568.26693  	-11436.19550  	Inf  	-Inf  	0.00434  	0.00003  	0.00420  	0.00427  	0.00501  	0.00000  	0.00000  
164.80102  	25.30338  	49.82857  	49.64495  	36.57020  	-1.18512  	0.01297  	0.22584  	0.21000  	-3.02442  	0.06062  	-0.08570  	-142.48360  	-0.91027  	61.97860  	66.65474  	-20568.37280  	-11436.44241  	Inf  	-Inf  	0.00434  	0.00003  	0.00419  	0.00425  	0.00502  	0.00000  	0.00000  
165.80141  	25.30391  	49.83035  	49.64729  	36.57144  	-1.18512  	0.01276  	0.22618  	0.20986  	-3.02442  	0.06217  	-0.08569  	-142.49262  	-0.90751  	61.93928  	66.75436  	-20568.76156  	-11436.82716  	Inf  	-Inf  	0.00434  	0.00003  	0.00420  	0.00424  	0.00502  	0.00000  	0.00000  
166.80177  	25.30366  	49.83199  	49.64904  	36.57259  	-1.18512  	0.01321  	0.22568  	0.21068  	-3.02442  	0.06207  	-0.08569  	-142.51037  	-0.90695  	62.18008  	66.60692  	-20568.95743  	-11437.14341  	Inf  	-Inf  	0.00434  	0.00003  	0.00420  	0.00425  	0.00501  	0.00000  	0.00000  
167.80290  	25.30359  	49.83375  	49.64971  	36.57396  	-1.18512  	0.01345  	0.22645  	0.21108  	-3.02442  	0.06193  	-0.08570  	-142.52853  	-0.91235  	62.29723  	66.83308  	-20569.24584  	-11437.36991  	Inf  	-Inf  	0.00434  	0.00003  	0.00420  	0.00426  	0.00502  	0.00000  	0.00000  
168.80287  	25.30287  	49.83471  	49.65120  	36.57611  	-1.18512  	0.01276  	0.22632  	0.21289  	-3.02442  	0.06115  	-0.08572  	-142.56488  	-0.90971  	62.83116  	66.79727  	-20569.55827  	-11437.60019  	Inf  	-Inf  	0.00434  	0.00003  	0.00420  	0.00424  	0.00502  	0.00000  	0.00000  
169.80282  	25.30297  	49.83615  	49.65205  	36.57729  	-1.18512  	0.01383  	0.22544  	0.20843  	-3.02442  	0.06039  	-0.08567  	-142.57861  	-0.91263  	61.51497  	66.53528  	-20569.84027  	-11437.81355  	Inf  	-Inf  	0.00433  	0.00003  	0.00419  	0.00427  	0.00501  	0.00000  	0.00000  
170.80282  	25.30289  	49.83779  	49.65369  	36.57885  	-1.18512  	0.01199  	0.22640  	0.21101  	-3.02442  	0.06173  	-0.08571  	-142.59921  	-0.91263  	62.27723  	66.81971  	-20570.16578  	-11438.11890  	Inf  	-Inf  	0.00434  	0.00003  	0.00420  	0.00423  	0.00502  	0.00000  	0.00000  
171.80274  	25.30059  	49.83983  	49.65410  	36.57929  	-1.18512  	0.01235  	0.22677  	0.20905  	-3.02442  	0.06181  	-0.08567  	-142.63384  	-0.92073  	61.69769  	66.92942  	-20569.75665  	-11438.34795  	Inf  	-Inf  	0.00433  	0.00003  	0.00420  	0.00424  	0.00502  	0.00000  	0.00000  
172.80276  	25.30067  	49.84102  	49.65657  	36.58110  	-1.18512  	0.01336  	0.22653  	0.21126  	-3.02442  	0.06043  	-0.08568  	-142.65581  	-0.91435  	62.35040  	66.85747  	-20570.17161  	-11438.68993  	Inf  	-Inf  	0.00434  	0.00003  	0.00419  	0.00426  	0.00502  	0.00000  	0.00000  
173.80280  	25.30082  	49.84228  	49.65732  	36.58256  	-1.18512  	0.01294  	0.22564  	0.21159  	-3.02442  	0.06195  	-0.08566  	-142.67228  	-0.91690  	62.44926  	66.59611  	-20570.52512  	-11438.87674  	Inf  	-Inf  	0.00434  	0.00003  	0.00420  	0.00425  	0.00501  	0.00000  	0.00000  
174.80282  	25.30034  	49.84335  	49.65828  	36.58322  	-1.18512  	0.01397  	0.22606  	0.21042  	-3.02442  	0.06184  	-0.08568  	-142.68676  	-0.91745  	62.10319  	66.71870  	-20570.56596  	-11439.06741  	Inf  	-Inf  	0.00434  	0.00003  	0.00420  	0.00427  	0.00502  	0.00000  	0.00000  
175.80289  	25.30039  	49.84553  	49.65928  	36.58475  	-1.18512  	0.01334  	0.22620  	0.21313  	-3.02442  	0.06133  	-0.08571  	-142.70557  	-0.92331  	62.90238  	66.75962  	-20570.91179  	-11439.36412  	Inf  	-Inf  	0.00434  	0.00003  	0.00420  	0.00426  	0.00502  	0.00000  	0.00000  
176.80277  	25.29950  	49.84592  	49.66080  	36.58618  	-1.18512  	0.01370  	0.22630  	0.21218  	-3.02442  	0.06167  	-0.08575  	-142.73486  	-0.91766  	62.62247  	66.79062  	-20571.03166  	-11439.54202  	Inf  	-Inf  	0.00434  	0.00002  	0.00420  	0.00426  	0.00502  	0.00000  	0.00000  
177.80282  	25.30001  	49.84674  	49.66133  	36.58747  	-1.18512  	0.01433  	0.22663  	0.20903  	-3.02442  	0.06293  	-0.08571  	-142.74469  	-0.91914  	61.69226  	66.88764  	-20571.42706  	-11439.66801  	Inf  	-Inf  	0.00433  	0.00003  	0.00420  	0.00428  	0.00502  	0.00000  	0.00000  
178.80261  	25.30001  	49.84812  	49.66356  	36.58803  	-1.18512  	0.01349  	0.22767  	0.21193  	-3.02442  	0.06116  	-0.08568  	-142.75172  	-0.91490  	62.54930  	67.19339  	-20571.54872  	-11440.00466  	Inf  	-Inf  	0.00434  	0.00003  	0.00420  	0.00426  	0.00502  	0.00000  	0.00000  
179.80274  	25.29899  	49.84949  	49.66405  	36.58866  	-1.18512  	0.01320  	0.22640  	0.21376  	-3.02442  	0.06054  	-0.08565  	-142.77267  	-0.91927  	63.08831  	66.81897  	-20571.46429  	-11440.17907  	Inf  	-Inf  	0.00434  	0.00003  	0.00419  	0.00425  	0.00502  	0.00000  	0.00000  
180.80277  	25.29887  	49.85086  	49.66537  	36.58997  	-1.18512  	0.01280  	0.22692  	0.21251  	-3.02442  	0.06197  	-0.08571  	-142.79072  	-0.91956  	62.71857  	66.97400  	-20571.72452  	-11440.43013  	Inf  	-Inf  	0.00434  	0.00003  	0.00420  	0.00425  	0.00502  	0.00000  	0.00000  
181.80282  	25.29920  	49.85225  	49.66817  	36.59044  	-1.18512  	0.01297  	0.22682  	0.20918  	-3.02442  	0.06128  	-0.08574  	-142.79250  	-0.91251  	61.73589  	66.94333  	-20571.90070  	-11440.82087  	Inf  	-Inf  	0.00433  	0.00003  	0.00420  	0.00425  	0.00502  	0.00000  	0.00000  
182.80277  	25.29916  	49.85418  	49.66992  	36.59166  	-1.18512  	0.01244  	0.22586  	0.21464  	-3.02442  	0.06072  	-0.08567  	-142.80838  	-0.91343  	63.34953  	66.65915  	-20572.16076  	-11441.16427  	Inf  	-Inf  	0.00434  	0.00003  	0.00419  	0.00424  	0.00502  	0.00000  	0.00000  
183.80282  	25.29871  	49.85504  	49.67100  	36.59155  	-1.18512  	0.01317  	0.22594  	0.21049  	-3.02442  	0.06162  	-0.08568  	-142.81274  	-0.91233  	62.12345  	66.68227  	-20572.03637  	-11441.34566  	Inf  	-Inf  	0.00434  	0.00003  	0.00420  	0.00425  	0.00502  	0.00000  	0.00000  
184.80282  	25.29823  	49.85587  	49.67127  	36.59272  	-1.18512  	0.01354  	0.22638  	0.21468  	-3.02442  	0.06125  	-0.08577  	-142.83363  	-0.91509  	63.36026  	66.81314  	-20572.18848  	-11441.44865  	Inf  	-Inf  	0.00434  	0.00002  	0.00420  	0.00426  	0.00502  	0.00000  	0.00000  
185.80279  	25.29848  	49.85735  	49.67274  	36.59349  	-1.18512  	0.01237  	0.22714  	0.21021  	-3.02442  	0.06185  	-0.08567  	-142.84008  	-0.91521  	62.04178  	67.03714  	-20572.41229  	-11441.72385  	Inf  	-Inf  	0.00434  	0.00003  	0.00420  	0.00424  	0.00502  	0.00000  	0.00000  
186.80383  	25.29907  	49.85806  	49.67430  	36.59382  	-1.18512  	0.01395  	0.22595  	0.21021  	-3.02442  	0.06181  	-0.08571  	-142.83685  	-0.91097  	62.04045  	66.68597  	-20572.61469  	-11441.93534  	Inf  	-Inf  	0.00434  	0.00003  	0.00420  	0.00427  	0.00502  	0.00000  	0.00000  
187.80484  	25.29940  	49.85907  	49.67591  	36.59439  	-1.18512  	0.01264  	0.22637  	0.21106  	-3.02442  	0.06071  	-0.08573  	-142.83989  	-0.90796  	62.29273  	66.81017  	-20572.81278  	-11442.18085  	Inf  	-Inf  	0.00434  	0.00003  	0.00419  	0.00424  	0.00502  	0.00000  	0.00000  
188.80485  	25.29857  	49.86071  	49.67706  	36.59578  	-1.18512  	0.01367  	0.22643  	0.21366  	-3.02442  	0.06075  	-0.08569  	-142.86796  	-0.91039  	63.06028  	66.82790  	-20572.93460  	-11442.44115  	Inf  	-Inf  	0.00434  	0.00003  	0.00419  	0.00426  	0.00502  	0.00000  	0.00000  
189.80588  	25.29915  	49.86220  	49.67905  	36.59607  	-1.18512  	0.01339  	0.22621  	0.21159  	-3.02442  	0.06146  	-0.08567  	-142.86438  	-0.90792  	62.44733  	66.76250  	-20573.12585  	-11442.76633  	Inf  	-Inf  	0.00434  	0.00003  	0.00420  	0.00426  	0.00502  	0.00000  	0.00000  
190.80592  	25.29929  	49.86280  	49.68012  	36.59654  	-1.18512  	0.01213  	0.22663  	0.21259  	-3.02442  	0.06156  	-0.08568  	-142.86849  	-0.90560  	62.74388  	66.88757  	-20573.26182  	-11442.92155  	Inf  	-Inf  	0.00434  	0.00003  	0.00420  	0.00423  	0.00502  	0.00000  	0.00000  
191.80579  	25.29954  	49.86462  	49.68030  	36.59806  	-1.18512  	0.01349  	0.22683  	0.21004  	-3.02442  	0.06143  	-0.08567  	-142.88453  	-0.91375  	61.99148  	66.94776  	-20573.64844  	-11443.10811  	Inf  	-Inf  	0.00434  	0.00003  	0.00420  	0.00426  	0.00502  	0.00000  	0.00000  
192.80576  	25.29934  	49.86599  	49.68212  	36.59833  	-1.18512  	0.01290  	0.22586  	0.21044  	-3.02442  	0.06121  	-0.08569  	-142.89051  	-0.91148  	62.10874  	66.65871  	-20573.66628  	-11443.40636  	Inf  	-Inf  	0.00434  	0.00003  	0.00420  	0.00425  	0.00502  	0.00000  	0.00000  
193.80594  	25.29920  	49.86670  	49.68255  	36.59914  	-1.18512  	0.01465  	0.22637  	0.20987  	-3.02442  	0.06116  	-0.08562  	-142.90247  	-0.91287  	61.94107  	66.80969  	-20573.81351  	-11443.51263  	Inf  	-Inf  	0.00434  	0.00003  	0.00420  	0.00428  	0.00502  	0.00000  	0.00000  
194.80592  	25.29965  	49.86688  	49.68296  	36.60133  	-1.18512  	0.01435  	0.22664  	0.21375  	-3.02442  	0.06124  	-0.08565  	-142.92444  	-0.91178  	63.08667  	66.89111  	-20574.39208  	-11443.56798  	Inf  	-Inf  	0.00434  	0.00003  	0.00420  	0.00428  	0.00502  	0.00000  	0.00000  
195.80543  	25.29974  	49.86979  	49.68420  	36.60313  	-1.18512  	0.01348  	0.22713  	0.20795  	-3.02442  	0.05902  	-0.08569  	-142.94615  	-0.92000  	61.37421  	67.03376  	-20574.80573  	-11443.95528  	Inf  	-Inf  	0.00433  	0.00003  	0.00419  	0.00426  	0.00502  	0.00000  	0.00000  
196.80589  	25.29872  	49.87017  	49.68490  	36.60481  	-1.18512  	0.01420  	0.22589  	0.21088  	-3.02442  	0.06192  	-0.08570  	-142.98030  	-0.91843  	62.23883  	66.66822  	-20574.95426  	-11444.05677  	Inf  	-Inf  	0.00434  	0.00003  	0.00420  	0.00427  	0.00502  	0.00000  	0.00000  
197.80737  	25.29874  	49.87122  	49.68638  	36.60539  	-1.18512  	0.01246  	0.22667  	0.21176  	-3.02442  	0.06106  	-0.08571  	-142.98741  	-0.91631  	62.49799  	66.90037  	-20575.08364  	-11444.29175  	Inf  	-Inf  	0.00434  	0.00003  	0.00420  	0.00424  	0.00502  	0.00000  	0.00000  
198.80709  	25.29893  	49.87166  	49.68812  	36.60664  	-1.18512  	0.01430  	0.22569  	0.21071  	-3.02442  	0.06129  	-0.08568  	-143.00087  	-0.90985  	62.18762  	66.60944  	-20575.40109  	-11444.49550  	Inf  	-Inf  	0.00434  	0.00003  	0.00420  	0.00427  	0.00501  	0.00000  	0.00000  
199.80656  	25.29914  	49.87433  	49.69077  	36.60688  	-1.18512  	0.01411  	0.22569  	0.21301  	-3.02442  	0.06085  	-0.08571  	-143.00121  	-0.90993  	62.86763  	66.60875  	-20575.50017  	-11444.99276  	Inf  	-Inf  	0.00434  	0.00003  	0.00419  	0.00427  	0.00501  	0.00000  	0.00000  
200.80890  	25.29904  	49.87512  	49.69063  	36.60866  	-1.18512  	0.01345  	0.22674  	0.21096  	-3.02442  	0.06198  	-0.08569  	-143.02489  	-0.91458  	62.26202  	66.92034  	-20575.86793  	-11445.05378  	Inf  	-Inf  	0.00434  	0.00003  	0.00420  	0.00426  	0.00502  	0.00000  	0.00000  
201.80891  	25.29899  	49.87599  	49.69203  	36.60993  	-1.18512  	0.01407  	0.22637  	0.21034  	-3.02442  	0.05986  	-0.08572  	-143.04158  	-0.91198  	62.07885  	66.81064  	-20576.13759  	-11445.26537  	Inf  	-Inf  	0.00434  	0.00003  	0.00419  	0.00427  	0.00502  	0.00000  	0.00000  
202.80903  	25.29847  	49.87712  	49.69280  	36.61130  	-1.18512  	0.01420  	0.22647  	0.20959  	-3.02442  	0.06108  	-0.08570  	-143.06553  	-0.91373  	61.85786  	66.83927  	-20576.32339  	-11445.44177  	Inf  	-Inf  	0.00434  	0.00003  	0.00420  	0.00427  	0.00502  	0.00000  	0.00000  
203.80940  	25.29824  	49.87911  	49.69352  	36.61253  	-1.18512  	0.01298  	0.22494  	0.20911  	-3.02442  	0.06152  	-0.08569  	-143.08396  	-0.92001  	61.71792  	66.38936  	-20576.54404  	-11445.69606  	Inf  	-Inf  	0.00433  	0.00003  	0.00420  	0.00425  	0.00501  	0.00000  	0.00000  
204.81068  	25.29795  	49.87993  	49.69518  	36.61309  	-1.18512  	0.01357  	0.22601  	0.20847  	-3.02442  	0.06144  	-0.08569  	-143.09465  	-0.91588  	61.52727  	66.70417  	-20576.60243  	-11445.92650  	Inf  	-Inf  	0.00433  	0.00003  	0.00420  	0.00426  	0.00502  	0.00000  	0.00000  
205.81215  	25.29850  	49.88032  	49.69643  	36.61420  	-1.18512  	0.01366  	0.22560  	0.21008  	-3.02442  	0.06014  	-0.08569  	-143.10191  	-0.91160  	62.00218  	66.58235  	-20576.96822  	-11446.08066  	Inf  	-Inf  	0.00434  	0.00003  	0.00419  	0.00426  	0.00501  	0.00000  	0.00000  
206.81176  	25.29750  	49.88130  	49.69731  	36.61619  	-1.18512  	0.01344  	0.22736  	0.20912  	-3.02442  	0.06161  	-0.08573  	-143.13965  	-0.91207  	61.71940  	67.10166  	-20577.18684  	-11446.25419  	Inf  	-Inf  	0.00433  	0.00003  	0.00420  	0.00426  	0.00502  	0.00000  	0.00000  
207.81170  	25.29767  	49.88249  	49.69997  	36.61647  	-1.18512  	0.01327  	0.22566  	0.21159  	-3.02442  	0.06010  	-0.08568  	-143.14105  	-0.90484  	62.44862  	66.60235  	-20577.28294  	-11446.61346  	Inf  	-Inf  	0.00434  	0.00003  	0.00419  	0.00425  	0.00501  	0.00000  	0.00000  
208.81177  	25.29652  	49.88344  	49.70003  	36.61683  	-1.18512  	0.01414  	0.22718  	0.21055  	-3.02442  	0.06096  	-0.08569  	-143.16003  	-0.90922  	62.14163  	67.04831  	-20577.11130  	-11446.70774  	Inf  	-Inf  	0.00434  	0.00003  	0.00420  	0.00427  	0.00502  	0.00000  	0.00000  
209.81176  	25.29643  	49.88465  	49.70060  	36.61871  	-1.18512  	0.01377  	0.22579  	0.20928  	-3.02442  	0.06112  	-0.08576  	-143.18501  	-0.91237  	61.76805  	66.63843  	-20577.50222  	-11446.87418  	Inf  	-Inf  	0.00433  	0.00002  	0.00420  	0.00426  	0.00502  	0.00000  	0.00000  
210.81177  	25.29562  	49.88570  	49.70044  	36.61900  	-1.18512  	0.01249  	0.22572  	0.20843  	-3.02442  	0.06113  	-0.08570  	-143.19892  	-0.91842  	61.51525  	66.61766  	-20577.38800  	-11446.95665  	Inf  	-Inf  	0.00433  	0.00003  	0.00420  	0.00424  	0.00502  	0.00000  	0.00000  
211.81176  	25.29598  	49.88718  	49.70156  	36.61993  	-1.18512  	0.01322  	0.22616  	0.21056  	-3.02442  	0.05924  	-0.08568  	-143.20616  	-0.92018  	62.14503  	66.74741  	-20577.67441  	-11447.19954  	Inf  	-Inf  	0.00434  	0.00003  	0.00419  	0.00425  	0.00502  	0.00000  	0.00000  
212.81176  	25.29596  	49.88783  	49.70369  	36.62182  	-1.18512  	0.01271  	0.22663  	0.21296  	-3.02442  	0.06191  	-0.08569  	-143.23027  	-0.91283  	62.85145  	66.88854  	-20578.08404  	-11447.45883  	Inf  	-Inf  	0.00434  	0.00003  	0.00420  	0.00424  	0.00502  	0.00000  	0.00000  
213.81182  	25.29564  	49.88832  	49.70458  	36.62279  	-1.18512  	0.01239  	0.22547  	0.21236  	-3.02442  	0.06192  	-0.08568  	-143.24658  	-0.91084  	62.67459  	66.54571  	-20578.22624  	-11447.58833  	Inf  	-Inf  	0.00434  	0.00003  	0.00420  	0.00424  	0.00501  	0.00000  	0.00000  
214.81177  	25.29521  	49.88853  	49.70436  	36.62334  	-1.18512  	0.01300  	0.22654  	0.20888  	-3.02442  	0.06301  	-0.08577  	-143.25898  	-0.91296  	61.64865  	66.86009  	-20578.25471  	-11447.58761  	Inf  	-Inf  	0.00433  	0.00002  	0.00420  	0.00425  	0.00502  	0.00000  	0.00000  
215.81178  	25.29589  	49.88990  	49.70432  	36.62506  	-1.18512  	0.01314  	0.22678  	0.21107  	-3.02442  	0.06195  	-0.08571  	-143.27223  	-0.92000  	62.29533  	66.93185  	-20578.78139  	-11447.71149  	Inf  	-Inf  	0.00434  	0.00003  	0.00420  	0.00425  	0.00502  	0.00000  	0.00000  
216.81176  	25.29576  	49.89113  	49.70617  	36.62537  	-1.18512  	0.01459  	0.22643  	0.20917  	-3.02442  	0.06148  	-0.08574  	-143.27769  	-0.91691  	61.73395  	66.82899  	-20578.82012  	-11447.99872  	Inf  	-Inf  	0.00433  	0.00003  	0.00420  	0.00428  	0.00502  	0.00000  	0.00000  
217.81176  	25.29523  	49.89197  	49.70701  	36.62555  	-1.18512  	0.01473  	0.22671  	0.20864  	-3.02442  	0.05985  	-0.08567  	-143.28681  	-0.91688  	61.57790  	66.91081  	-20578.74296  	-11448.15644  	Inf  	-Inf  	0.00433  	0.00003  	0.00419  	0.00428  	0.00502  	0.00000  	0.00000  
218.81176  	25.29552  	49.89296  	49.70821  	36.62675  	-1.18512  	0.01439  	0.22753  	0.21068  	-3.02442  	0.06087  	-0.08568  	-143.29821  	-0.91589  	62.17855  	67.15331  	-20579.07147  	-11448.36086  	Inf  	-Inf  	0.00434  	0.00003  	0.00419  	0.00428  	0.00502  	0.00000  	0.00000  
219.81142  	25.29483  	49.89411  	49.70840  	36.62819  	-1.18512  	0.01366  	0.22682  	0.21075  	-3.02442  	0.06075  	-0.08566  	-143.32525  	-0.92066  	62.20002  	66.94459  	-20579.23594  	-11448.48578  	Inf  	-Inf  	0.00434  	0.00003  	0.00419  	0.00426  	0.00502  	0.00000  	0.00000  
220.81414  	25.29525  	49.89556  	49.70942  	36.62748  	-1.18512  	0.01295  	0.22720  	0.21532  	-3.02442  	0.06154  	-0.08566  	-143.31085  	-0.92277  	63.55008  	67.05499  	-20579.17020  	-11448.71660  	Inf  	-Inf  	0.00434  	0.00003  	0.00420  	0.00425  	0.00502  	0.00000  	0.00000  
221.81407  	25.29465  	49.89610  	49.71045  	36.62829  	-1.18512  	0.01364  	0.22674  	0.21035  	-3.02442  	0.06130  	-0.08568  	-143.32868  	-0.92035  	62.08117  	66.92035  	-20579.21987  	-11448.86307  	Inf  	-Inf  	0.00434  	0.00003  	0.00420  	0.00426  	0.00502  	0.00000  	0.00000  
222.81381  	25.29422  	49.89626  	49.71197  	36.62845  	-1.18512  	0.01247  	0.22705  	0.21002  	-3.02442  	0.05852  	-0.08570  	-143.33619  	-0.91358  	61.98644  	67.01068  	-20579.16004  	-11449.01925  	Inf  	-Inf  	0.00434  	0.00003  	0.00419  	0.00424  	0.00502  	0.00000  	0.00000  
223.81350  	25.29522  	49.89693  	49.71160  	36.62938  	-1.18512  	0.01286  	0.22670  	0.20907  	-3.02442  	0.06172  	-0.08567  	-143.33519  	-0.91877  	61.70480  	66.90825  	-20579.58232  	-11449.04796  	Inf  	-Inf  	0.00433  	0.00003  	0.00420  	0.00425  	0.00502  	0.00000  	0.00000  
224.81433  	25.29596  	49.89902  	49.71319  	36.62933  	-1.18512  	0.01338  	0.22709  	0.21198  	-3.02442  	0.06151  	-0.08566  	-143.32518  	-0.92125  	62.56493  	67.02212  	-20579.73446  	-11449.39145  	Inf  	-Inf  	0.00434  	0.00003  	0.00420  	0.00426  	0.00502  	0.00000  	0.00000  
225.81435  	25.29561  	49.89979  	49.71455  	36.62949  	-1.18512  	0.01372  	0.22671  	0.21033  	-3.02442  	0.06178  	-0.08569  	-143.33168  	-0.91828  	62.07697  	66.91224  	-20579.69375  	-11449.58987  	Inf  	-Inf  	0.00434  	0.00003  	0.00420  	0.00426  	0.00502  	0.00000  	0.00000  
226.81398  	25.29553  	49.90025  	49.71520  	36.63009  	-1.18512  	0.01315  	0.22676  	0.20873  	-3.02442  	0.06128  	-0.08568  	-143.34024  	-0.91736  	61.60419  	66.92514  	-20579.80682  	-11449.69419  	Inf  	-Inf  	0.00433  	0.00003  	0.00420  	0.00425  	0.00502  	0.00000  	0.00000  
227.81526  	25.29617  	49.90120  	49.71720  	36.63054  	-1.18512  	0.01251  	0.22668  	0.21082  	-3.02442  	0.06220  	-0.08567  	-143.33795  	-0.91215  	62.22180  	66.90093  	-20580.04555  	-11449.96950  	Inf  	-Inf  	0.00434  	0.00003  	0.00420  	0.00424  	0.00502  	0.00000  	0.00000  
228.81498  	25.29617  	49.90124  	49.71737  	36.63107  	-1.18512  	0.01357  	0.22671  	0.20908  	-3.02442  	0.06168  	-0.08575  	-143.34469  	-0.91153  	61.70651  	66.91170  	-20580.16314  	-11449.98905  	Inf  	-Inf  	0.00433  	0.00002  	0.00420  	0.00426  	0.00502  	0.00000  	0.00000  
229.81516  	25.29648  	49.90269  	49.71842  	36.63218  	-1.18512  	0.01235  	0.22598  	0.21263  	-3.02442  	0.06122  	-0.08569  	-143.35486  	-0.91347  	62.75605  	66.69484  	-20580.47473  	-11450.22223  	Inf  	-Inf  	0.00434  	0.00003  	0.00420  	0.00424  	0.00502  	0.00000  	0.00000  
230.81508  	25.29638  	49.90332  	49.71964  	36.63305  	-1.18512  	0.01365  	0.22736  	0.21011  	-3.02442  	0.06120  	-0.08575  	-143.36693  	-0.91056  	62.01235  	67.10420  	-20580.64424  	-11450.39482  	Inf  	-Inf  	0.00434  	0.00002  	0.00420  	0.00426  	0.00502  	0.00000  	0.00000  
231.81627  	25.29704  	49.90420  	49.71939  	36.63428  	-1.18512  	0.01410  	0.22570  	0.20950  	-3.02442  	0.06170  	-0.08565  	-143.37425  	-0.91618  	61.83199  	66.61320  	-20581.05926  	-11450.45457  	Inf  	-Inf  	0.00434  	0.00003  	0.00420  	0.00427  	0.00502  	0.00000  	0.00000  
