10/08/2024 10:32:30Time	T_hot_in(C)	T_cold_in(C)	T_cold_out(C)	T_hot_out(C)	mdot_cold(kg/s)	ASFASIFUAS(kg/s)	Diferencial_cold(bar)	Diferencial_hot(bar)	mdot_hot(kg/s)	ABS_cold(bar)	ABS_hot(bar)	q_cold(kW)	q_hot(kW)	ASFASYFY	Tau_cold_haste	Re_hot	Re_cold	U_global	PSIG_cold(bar)	R_fouling	PSIG_hot(bar)	PSID_hot(bar)	m_dot_hot	PSID_cold(bar)	m_dot_cold
1.74637  	0.00000  	0.00000  	0.00000  	0.00000  	-1.18512  	-0.20833  	-0.86278  	-2.50000  	-3.02442  	-1.25000  	-0.08628  	-0.00000  	-0.00000  	-737.84722  	-254.63905  	-9234.48090  	-3618.55272  	NaN  	NaN  	0.00000  	0.00000  	0.00000  	0.00000  	0.00000  	0.00000  	0.00000  
2.74709  	25.72797  	49.63008  	49.43920  	35.15782  	-1.18512  	0.01806  	0.34866  	0.33632  	-3.02442  	0.06182  	-0.08566  	-119.25290  	-0.94626  	99.26014  	102.90330  	-20351.68165  	-11398.72730  	Inf  	-Inf  	0.00454  	0.00003  	0.00420  	0.00435  	0.00558  	0.00000  	0.00000  
3.74840  	25.72871  	49.62726  	49.43625  	35.15849  	-1.18512  	0.01822  	0.34909  	0.33625  	-3.02442  	0.06124  	-0.08566  	-119.25203  	-0.94691  	99.23941  	103.03013  	-20351.99069  	-11398.18945  	Inf  	-Inf  	0.00454  	0.00003  	0.00420  	0.00435  	0.00558  	0.00000  	0.00000  
4.74812  	25.72948  	49.62280  	49.43397  	35.16022  	-1.18512  	0.01712  	0.34867  	0.33398  	-3.02442  	0.06252  	-0.08567  	-119.26414  	-0.93608  	98.57006  	102.90741  	-20352.53877  	-11397.56197  	Inf  	-Inf  	0.00453  	0.00003  	0.00420  	0.00433  	0.00558  	0.00000  	0.00000  
5.74783  	25.73034  	49.62035  	49.43085  	35.16105  	-1.18512  	0.01780  	0.35033  	0.33236  	-3.02442  	0.06149  	-0.08568  	-119.26364  	-0.93942  	98.09161  	103.39635  	-20352.90851  	-11397.04142  	Inf  	-Inf  	0.00453  	0.00003  	0.00420  	0.00434  	0.00559  	0.00000  	0.00000  
6.74829  	25.73175  	49.61817  	49.42714  	35.16121  	-1.18512  	0.01659  	0.34870  	0.33890  	-3.02442  	0.06147  	-0.08564  	-119.24795  	-0.94701  	100.02353  	102.91438  	-20353.25290  	-11396.49226  	Inf  	-Inf  	0.00454  	0.00003  	0.00420  	0.00432  	0.00558  	0.00000  	0.00000  
7.74914  	25.73233  	49.61651  	49.42479  	35.16138  	-1.18512  	0.01715  	0.34888  	0.33569  	-3.02442  	0.06360  	-0.08570  	-119.24267  	-0.95044  	99.07483  	102.96754  	-20353.41529  	-11396.11842  	Inf  	-Inf  	0.00454  	0.00003  	0.00420  	0.00433  	0.00558  	0.00000  	0.00000  
8.74918  	25.73309  	49.61318  	49.42349  	35.16211  	-1.18512  	0.01790  	0.34929  	0.33419  	-3.02442  	0.06060  	-0.08564  	-119.24243  	-0.94036  	98.63172  	103.08814  	-20353.74295  	-11395.68694  	Inf  	-Inf  	0.00453  	0.00003  	0.00419  	0.00434  	0.00558  	0.00000  	0.00000  
9.74925  	25.73479  	49.61195  	49.42097  	35.16284  	-1.18512  	0.01681  	0.34814  	0.33459  	-3.02442  	0.06145  	-0.08567  	-119.23000  	-0.94675  	98.74980  	102.74991  	-20354.27521  	-11395.33844  	Inf  	-Inf  	0.00454  	0.00003  	0.00420  	0.00432  	0.00558  	0.00000  	0.00000  
10.74981  	25.73683  	49.61006  	49.42011  	35.16327  	-1.18512  	0.01760  	0.34843  	0.33648  	-3.02442  	0.06046  	-0.08567  	-119.20973  	-0.94168  	99.30949  	102.83473  	-20354.81439  	-11395.08108  	Inf  	-Inf  	0.00454  	0.00003  	0.00419  	0.00434  	0.00558  	0.00000  	0.00000  
11.75104  	25.73749  	49.60781  	49.41830  	35.16342  	-1.18512  	0.01772  	0.34774  	0.33844  	-3.02442  	0.06213  	-0.08569  	-119.20326  	-0.93945  	99.88626  	102.63079  	-20354.99459  	-11394.70323  	Inf  	-Inf  	0.00454  	0.00003  	0.00420  	0.00434  	0.00558  	0.00000  	0.00000  
12.75109  	25.73836  	49.60525  	49.41580  	35.16437  	-1.18512  	0.01733  	0.34806  	0.33669  	-3.02442  	0.06081  	-0.08569  	-119.20431  	-0.93914  	99.36994  	102.72709  	-20355.39018  	-11394.23094  	Inf  	-Inf  	0.00454  	0.00003  	0.00419  	0.00433  	0.00558  	0.00000  	0.00000  
13.75190  	25.73961  	49.60357  	49.41305  	35.16541  	-1.18512  	0.01690  	0.34868  	0.33447  	-3.02442  	0.06126  	-0.08563  	-119.20165  	-0.94451  	98.71497  	102.90960  	-20355.89154  	-11393.81799  	Inf  	-Inf  	0.00454  	0.00003  	0.00420  	0.00432  	0.00558  	0.00000  	0.00000  
14.75208  	25.74149  	49.60232  	49.41257  	35.16502  	-1.18512  	0.01757  	0.34791  	0.33608  	-3.02442  	0.06256  	-0.08569  	-119.17287  	-0.94062  	99.19018  	102.68211  	-20356.21887  	-11393.65631  	Inf  	-Inf  	0.00454  	0.00003  	0.00420  	0.00434  	0.00558  	0.00000  	0.00000  
15.75190  	25.74344  	49.60084  	49.40944  	35.16584  	-1.18512  	0.01784  	0.34777  	0.33145  	-3.02442  	0.06112  	-0.08572  	-119.15865  	-0.94881  	97.82376  	102.64122  	-20356.82558  	-11393.22696  	Inf  	-Inf  	0.00453  	0.00003  	0.00420  	0.00434  	0.00558  	0.00000  	0.00000  
16.75187  	25.74405  	49.59845  	49.40821  	35.16763  	-1.18512  	0.01738  	0.34780  	0.33189  	-3.02442  	0.06172  	-0.08568  	-119.17349  	-0.94308  	97.95333  	102.64986  	-20357.35174  	-11392.88842  	Inf  	-Inf  	0.00453  	0.00003  	0.00420  	0.00433  	0.00558  	0.00000  	0.00000  
17.75190  	25.74547  	49.59744  	49.40627  	35.16845  	-1.18512  	0.01780  	0.34603  	0.33519  	-3.02442  	0.06137  	-0.08566  	-119.16601  	-0.94773  	98.92679  	102.12778  	-20357.84135  	-11392.61422  	Inf  	-Inf  	0.00454  	0.00003  	0.00420  	0.00434  	0.00557  	0.00000  	0.00000  
18.75187  	25.74723  	49.59602  	49.40530  	35.16861  	-1.18512  	0.01759  	0.34709  	0.32990  	-3.02442  	0.06063  	-0.08572  	-119.14579  	-0.94548  	97.36722  	102.43990  	-20358.26341  	-11392.39102  	Inf  	-Inf  	0.00453  	0.00003  	0.00419  	0.00434  	0.00557  	0.00000  	0.00000  
19.75462  	25.74855  	49.59452  	49.40378  	35.16929  	-1.18512  	0.01646  	0.34650  	0.33348  	-3.02442  	0.06149  	-0.08567  	-119.13768  	-0.94558  	98.42283  	102.26473  	-20358.70188  	-11392.10993  	Inf  	-Inf  	0.00453  	0.00003  	0.00420  	0.00432  	0.00557  	0.00000  	0.00000  
20.75401  	25.75001  	49.59287  	49.40291  	35.17163  	-1.18512  	0.01682  	0.34665  	0.33100  	-3.02442  	0.06053  	-0.08568  	-119.14889  	-0.94170  	97.69199  	102.31095  	-20359.53392  	-11391.87505  	Inf  	-Inf  	0.00453  	0.00003  	0.00419  	0.00432  	0.00557  	0.00000  	0.00000  
21.75380  	25.75102  	49.59172  	49.40131  	35.17238  	-1.18512  	0.01613  	0.34760  	0.33257  	-3.02442  	0.06284  	-0.08571  	-119.14557  	-0.94395  	98.15574  	102.59069  	-20359.91965  	-11391.61893  	Inf  	-Inf  	0.00453  	0.00003  	0.00420  	0.00431  	0.00558  	0.00000  	0.00000  
22.75618  	25.75133  	49.59086  	49.40024  	35.17329  	-1.18512  	0.01721  	0.34678  	0.33123  	-3.02442  	0.06123  	-0.08566  	-119.15314  	-0.94497  	97.75990  	102.34837  	-20360.18589  	-11391.43836  	Inf  	-Inf  	0.00453  	0.00003  	0.00420  	0.00433  	0.00557  	0.00000  	0.00000  
23.75611  	25.75247  	49.58973  	49.39898  	35.17473  	-1.18512  	0.01808  	0.34620  	0.33309  	-3.02442  	0.06156  	-0.08567  	-119.15695  	-0.94559  	98.30882  	102.17836  	-20360.75199  	-11391.21590  	Inf  	-Inf  	0.00453  	0.00003  	0.00420  	0.00435  	0.00557  	0.00000  	0.00000  
24.75664  	25.75332  	49.58860  	49.39673  	35.17642  	-1.18512  	0.01795  	0.34669  	0.33452  	-3.02442  	0.06155  	-0.08567  	-119.16740  	-0.95117  	98.72969  	102.32170  	-20361.30763  	-11390.90104  	Inf  	-Inf  	0.00454  	0.00003  	0.00420  	0.00434  	0.00557  	0.00000  	0.00000  
25.75711  	25.75405  	49.58840  	49.39485  	35.17825  	-1.18512  	0.01697  	0.34733  	0.33521  	-3.02442  	0.06161  	-0.08572  	-119.18147  	-0.95947  	98.93338  	102.51097  	-20361.86848  	-11390.70675  	Inf  	-Inf  	0.00454  	0.00003  	0.00420  	0.00433  	0.00558  	0.00000  	0.00000  
26.75732  	25.75558  	49.58766  	49.39384  	35.18038  	-1.18512  	0.01663  	0.34700  	0.33460  	-3.02442  	0.06174  	-0.08564  	-119.18902  	-0.96086  	98.75280  	102.41251  	-20362.67192  	-11390.54319  	Inf  	-Inf  	0.00454  	0.00003  	0.00420  	0.00432  	0.00557  	0.00000  	0.00000  
27.75801  	25.75631  	49.58664  	49.39358  	35.18119  	-1.18512  	0.01619  	0.34682  	0.33365  	-3.02442  	0.06136  	-0.08566  	-119.18997  	-0.95705  	98.47227  	102.36149  	-20363.00954  	-11390.42406  	Inf  	-Inf  	0.00453  	0.00003  	0.00420  	0.00431  	0.00557  	0.00000  	0.00000  
28.75862  	25.75638  	49.58511  	49.39280  	35.18188  	-1.18512  	0.01608  	0.34697  	0.33234  	-3.02442  	0.06250  	-0.08573  	-119.19785  	-0.95336  	98.08626  	102.40380  	-20363.17525  	-11390.20931  	Inf  	-Inf  	0.00453  	0.00003  	0.00420  	0.00431  	0.00557  	0.00000  	0.00000  
29.75801  	25.75716  	49.58403  	49.39233  	35.18378  	-1.18512  	0.01661  	0.34699  	0.33224  	-3.02442  	0.06087  	-0.08562  	-119.21199  	-0.95032  	98.05581  	102.41082  	-20363.76297  	-11390.06387  	Inf  	-Inf  	0.00453  	0.00003  	0.00419  	0.00432  	0.00557  	0.00000  	0.00000  
30.75828  	25.75778  	49.58405  	49.39157  	35.18486  	-1.18512  	0.01732  	0.34687  	0.33407  	-3.02442  	0.06077  	-0.08573  	-119.21772  	-0.95419  	98.59598  	102.37521  	-20364.13420  	-11389.99545  	Inf  	-Inf  	0.00453  	0.00003  	0.00419  	0.00433  	0.00557  	0.00000  	0.00000  
31.75911  	25.75884  	49.58407  	49.39090  	35.18704  	-1.18512  	0.01695  	0.34657  	0.33250  	-3.02442  	0.06220  	-0.08566  	-119.23207  	-0.95759  	98.13437  	102.28556  	-20364.84328  	-11389.93459  	Inf  	-Inf  	0.00453  	0.00003  	0.00420  	0.00433  	0.00557  	0.00000  	0.00000  
32.75879  	25.76010  	49.58351  	49.39097  	35.18772  	-1.18512  	0.01818  	0.34742  	0.33323  	-3.02442  	0.06050  	-0.08568  	-119.22474  	-0.95449  	98.34784  	102.53634  	-20365.26950  	-11389.88892  	Inf  	-Inf  	0.00453  	0.00003  	0.00419  	0.00435  	0.00558  	0.00000  	0.00000  
33.75947  	25.76062  	49.58310  	49.38965  	35.18838  	-1.18512  	0.01737  	0.34695  	0.33587  	-3.02442  	0.06009  	-0.08570  	-119.22650  	-0.95897  	99.12938  	102.39762  	-20365.52737  	-11389.72811  	Inf  	-Inf  	0.00454  	0.00003  	0.00419  	0.00433  	0.00557  	0.00000  	0.00000  
34.76023  	25.76163  	49.58281  	49.38982  	35.18922  	-1.18512  	0.01752  	0.34743  	0.33473  	-3.02442  	0.06174  	-0.08570  	-119.22421  	-0.95672  	98.79068  	102.54089  	-20365.93196  	-11389.71623  	Inf  	-Inf  	0.00454  	0.00003  	0.00420  	0.00434  	0.00558  	0.00000  	0.00000  
35.75991  	25.76212  	49.58240  	49.38884  	35.18965  	-1.18512  	0.01811  	0.34858  	0.33503  	-3.02442  	0.06192  	-0.08562  	-119.22359  	-0.95956  	98.88039  	102.87816  	-20366.13341  	-11389.58712  	Inf  	-Inf  	0.00454  	0.00003  	0.00420  	0.00435  	0.00558  	0.00000  	0.00000  
36.76041  	25.76297  	49.58219  	49.39006  	35.19133  	-1.18512  	0.01650  	0.34852  	0.33641  	-3.02442  	0.06041  	-0.08566  	-119.23405  	-0.95246  	99.28675  	102.86151  	-20366.68701  	-11389.68092  	Inf  	-Inf  	0.00454  	0.00003  	0.00419  	0.00432  	0.00558  	0.00000  	0.00000  
37.76006  	25.76393  	49.58294  	49.38977  	35.19174  	-1.18512  	0.01797  	0.34825  	0.33587  	-3.02442  	0.06299  	-0.08563  	-119.22703  	-0.95761  	99.12890  	102.78231  	-20366.98908  	-11389.72339  	Inf  	-Inf  	0.00454  	0.00003  	0.00420  	0.00435  	0.00558  	0.00000  	0.00000  
38.76009  	25.76543  	49.58239  	49.38951  	35.19262  	-1.18512  	0.01604  	0.34881  	0.33479  	-3.02442  	0.06142  	-0.08560  	-119.21919  	-0.95616  	98.81088  	102.94840  	-20367.51001  	-11389.64874  	Inf  	-Inf  	0.00454  	0.00003  	0.00420  	0.00431  	0.00558  	0.00000  	0.00000  
39.75969  	25.76593  	49.58195  	49.38936  	35.19264  	-1.18512  	0.01786  	0.34856  	0.33568  	-3.02442  	0.06175  	-0.08565  	-119.21312  	-0.95477  	99.07199  	102.87287  	-20367.62359  	-11389.59353  	Inf  	-Inf  	0.00454  	0.00003  	0.00420  	0.00434  	0.00558  	0.00000  	0.00000  
40.76009  	25.76711  	49.58210  	49.38902  	35.19349  	-1.18512  	0.01865  	0.34837  	0.33437  	-3.02442  	0.06095  	-0.08566  	-119.20893  	-0.95720  	98.68606  	102.81847  	-20368.06765  	-11389.57595  	Inf  	-Inf  	0.00453  	0.00003  	0.00420  	0.00436  	0.00558  	0.00000  	0.00000  
41.76065  	25.76751  	49.58226  	49.38921  	35.19419  	-1.18512  	0.01655  	0.34826  	0.33438  	-3.02442  	0.06247  	-0.08560  	-119.21279  	-0.95703  	98.68886  	102.78364  	-20368.30971  	-11389.60794  	Inf  	-Inf  	0.00454  	0.00003  	0.00420  	0.00432  	0.00558  	0.00000  	0.00000  
42.76140  	25.76880  	49.58235  	49.38957  	35.19373  	-1.18512  	0.01791  	0.34950  	0.33322  	-3.02442  	0.06120  	-0.08564  	-119.19061  	-0.95570  	98.34677  	103.15206  	-20368.49105  	-11389.65024  	Inf  	-Inf  	0.00453  	0.00003  	0.00420  	0.00434  	0.00559  	0.00000  	0.00000  
43.76187  	25.77036  	49.58272  	49.39070  	35.19437  	-1.18512  	0.01807  	0.34800  	0.33546  	-3.02442  	0.06196  	-0.08565  	-119.17903  	-0.95195  	99.00707  	102.70872  	-20368.97409  	-11389.79020  	Inf  	-Inf  	0.00454  	0.00003  	0.00420  	0.00435  	0.00558  	0.00000  	0.00000  
44.76313  	25.77087  	49.58274  	49.38997  	35.19468  	-1.18512  	0.01690  	0.34837  	0.33488  	-3.02442  	0.05997  	-0.08569  	-119.17641  	-0.95563  	98.83626  	102.81860  	-20369.15314  	-11389.72459  	Inf  	-Inf  	0.00454  	0.00003  	0.00419  	0.00432  	0.00558  	0.00000  	0.00000  
45.76353  	25.77191  	49.58222  	49.39005  	35.19534  	-1.18512  	0.01723  	0.34842  	0.33503  	-3.02442  	0.06083  	-0.08570  	-119.17174  	-0.95265  	98.87977  	102.83091  	-20369.52601  	-11389.68224  	Inf  	-Inf  	0.00454  	0.00003  	0.00419  	0.00433  	0.00558  	0.00000  	0.00000  
46.76295  	25.77374  	49.58412  	49.39013  	35.19632  	-1.18512  	0.01814  	0.34832  	0.33551  	-3.02442  	0.06124  	-0.08562  	-119.16094  	-0.96170  	99.02311  	102.80339  	-20370.13945  	-11389.86750  	Inf  	-Inf  	0.00454  	0.00003  	0.00420  	0.00435  	0.00558  	0.00000  	0.00000  
47.76328  	25.77457  	49.58393  	49.39072  	35.19750  	-1.18512  	0.01756  	0.34819  	0.33084  	-3.02442  	0.06304  	-0.08570  	-119.16533  	-0.95779  	97.64280  	102.76432  	-20370.58227  	-11389.90441  	Inf  	-Inf  	0.00453  	0.00003  	0.00420  	0.00434  	0.00558  	0.00000  	0.00000  
48.76264  	25.77698  	49.58548  	49.39102  	35.19803  	-1.18512  	0.01754  	0.34764  	0.33657  	-3.02442  	0.06250  	-0.08569  	-119.14155  	-0.96398  	99.33557  	102.60081  	-20371.22440  	-11390.07715  	Inf  	-Inf  	0.00454  	0.00003  	0.00420  	0.00434  	0.00558  	0.00000  	0.00000  
49.76401  	25.77783  	49.58555  	49.39139  	35.19902  	-1.18512  	0.01658  	0.34706  	0.33226  	-3.02442  	0.06152  	-0.08572  	-119.14342  	-0.96253  	98.06160  	102.43033  	-20371.62917  	-11390.11793  	Inf  	-Inf  	0.00453  	0.00003  	0.00420  	0.00432  	0.00557  	0.00000  	0.00000  
50.76391  	25.77885  	49.58559  	49.39223  	35.20038  	-1.18512  	0.01756  	0.34684  	0.33375  	-3.02442  	0.06098  	-0.08571  	-119.14761  	-0.95853  	98.50142  	102.36676  	-20372.14862  	-11390.20048  	Inf  	-Inf  	0.00453  	0.00003  	0.00420  	0.00434  	0.00557  	0.00000  	0.00000  
51.76401  	25.78004  	49.58544  	49.39306  	35.20257  	-1.18512  	0.01717  	0.34697  	0.33591  	-3.02442  	0.06201  	-0.08567  	-119.16031  	-0.95367  	99.13979  	102.40452  	-20372.89076  	-11390.26381  	Inf  	-Inf  	0.00454  	0.00003  	0.00420  	0.00433  	0.00557  	0.00000  	0.00000  
52.76401  	25.78265  	49.58679  	49.39307  	35.20330  	-1.18512  	0.01836  	0.34622  	0.33238  	-3.02442  	0.06025  	-0.08566  	-119.13660  	-0.96036  	98.09840  	102.18415  	-20373.62248  	-11390.39081  	Inf  	-Inf  	0.00453  	0.00003  	0.00419  	0.00435  	0.00557  	0.00000  	0.00000  
53.76405  	25.78290  	49.58683  	49.39359  	35.20504  	-1.18512  	0.01870  	0.34633  	0.33184  	-3.02442  	0.06156  	-0.08568  	-119.15532  	-0.95798  	97.93784  	102.21557  	-20374.06020  	-11390.44282  	Inf  	-Inf  	0.00453  	0.00003  	0.00420  	0.00436  	0.00557  	0.00000  	0.00000  
54.76395  	25.78470  	49.58742  	49.39499  	35.20602  	-1.18512  	0.01692  	0.34611  	0.33365  	-3.02442  	0.06024  	-0.08571  	-119.14497  	-0.95395  	98.47271  	102.15051  	-20374.66926  	-11390.62910  	Inf  	-Inf  	0.00453  	0.00003  	0.00419  	0.00432  	0.00557  	0.00000  	0.00000  
55.76418  	25.78499  	49.58814  	49.39595  	35.20753  	-1.18512  	0.01688  	0.34551  	0.33321  	-3.02442  	0.06080  	-0.08568  	-119.16040  	-0.95279  	98.34439  	101.97389  	-20375.06071  	-11390.78505  	Inf  	-Inf  	0.00453  	0.00003  	0.00419  	0.00432  	0.00557  	0.00000  	0.00000  
56.76537  	25.78724  	49.58863  	49.39612  	35.20963  	-1.18512  	0.01749  	0.34617  	0.33496  	-3.02442  	0.06084  	-0.08567  	-119.15859  	-0.95435  	98.86096  	102.16877  	-20376.01571  	-11390.84689  	Inf  	-Inf  	0.00454  	0.00003  	0.00419  	0.00434  	0.00557  	0.00000  	0.00000  
57.76519  	25.78705  	49.58986  	49.39608  	35.21223  	-1.18512  	0.01654  	0.34663  	0.33575  	-3.02442  	0.06102  	-0.08564  	-119.19369  	-0.96061  	99.09324  	102.30502  	-20376.54308  	-11390.95757  	Inf  	-Inf  	0.00454  	0.00003  	0.00420  	0.00432  	0.00557  	0.00000  	0.00000  
58.76534  	25.78802  	49.59191  	49.39764  	35.21291  	-1.18512  	0.01751  	0.34653  	0.33455  	-3.02442  	0.06026  	-0.08564  	-119.19015  	-0.96307  	98.73767  	102.27432  	-20376.90434  	-11391.29360  	Inf  	-Inf  	0.00454  	0.00003  	0.00419  	0.00434  	0.00557  	0.00000  	0.00000  
59.76482  	25.78902  	49.59132  	49.39955  	35.21507  	-1.18512  	0.01751  	0.34655  	0.33510  	-3.02442  	0.06207  	-0.08570  	-119.20486  	-0.95067  	98.90235  	102.28059  	-20377.59630  	-11391.41623  	Inf  	-Inf  	0.00454  	0.00003  	0.00420  	0.00434  	0.00557  	0.00000  	0.00000  
60.76720  	25.79050  	49.59394  	49.39987  	35.21753  	-1.18512  	0.01806  	0.34678  	0.33221  	-3.02442  	0.06221  	-0.08568  	-119.21715  	-0.96205  	98.04946  	102.34823  	-20378.46078  	-11391.69151  	Inf  	-Inf  	0.00453  	0.00003  	0.00420  	0.00435  	0.00557  	0.00000  	0.00000  
61.76836  	25.79105  	49.59491  	49.40095  	35.21975  	-1.18512  	0.01811  	0.34760  	0.33012  	-3.02442  	0.06108  	-0.08565  	-119.23824  	-0.96151  	97.43028  	102.59141  	-20379.06824  	-11391.88213  	Inf  	-Inf  	0.00453  	0.00003  	0.00420  	0.00435  	0.00558  	0.00000  	0.00000  
62.76865  	25.79197  	49.59571  	49.40180  	35.22081  	-1.18512  	0.01624  	0.34606  	0.33440  	-3.02442  	0.06055  	-0.08565  	-119.24016  	-0.96128  	98.69522  	102.13511  	-20379.50174  	-11392.03620  	Inf  	-Inf  	0.00454  	0.00003  	0.00419  	0.00431  	0.00557  	0.00000  	0.00000  
63.76931  	25.79390  	49.59671  	49.40270  	35.22200  	-1.18512  	0.01682  	0.34631  	0.33365  	-3.02442  	0.06137  	-0.08569  	-119.23069  	-0.96177  	98.47240  	102.20925  	-20380.18516  	-11392.21283  	Inf  	-Inf  	0.00453  	0.00003  	0.00420  	0.00432  	0.00557  	0.00000  	0.00000  
64.76908  	25.79450  	49.59761  	49.40443  	35.22445  	-1.18512  	0.01747  	0.34655  	0.33298  	-3.02442  	0.06262  	-0.08570  	-119.25409  	-0.95765  	98.27506  	102.27917  	-20380.85414  	-11392.45879  	Inf  	-Inf  	0.00453  	0.00003  	0.00420  	0.00434  	0.00557  	0.00000  	0.00000  
65.76992  	25.79488  	49.59910  	49.40606  	35.22571  	-1.18512  	0.01781  	0.34682  	0.33246  	-3.02442  	0.06165  	-0.08562  	-119.26526  	-0.95695  	98.12149  	102.35943  	-20381.21093  	-11392.74925  	Inf  	-Inf  	0.00453  	0.00003  	0.00420  	0.00434  	0.00557  	0.00000  	0.00000  
66.77012  	25.79559  	49.60005  	49.40627  	35.22716  	-1.18512  	0.01703  	0.34735  	0.33207  	-3.02442  	0.06047  	-0.08573  	-119.27464  	-0.96063  	98.00721  	102.51707  	-20381.68530  	-11392.85825  	Inf  	-Inf  	0.00453  	0.00003  	0.00419  	0.00433  	0.00558  	0.00000  	0.00000  
67.77166  	25.79670  	49.60170  	49.40799  	35.22907  	-1.18512  	0.01740  	0.34681  	0.33330  	-3.02442  	0.06056  	-0.08566  	-119.28476  	-0.96028  	98.37052  	102.35613  	-20382.34739  	-11393.17231  	Inf  	-Inf  	0.00453  	0.00003  	0.00419  	0.00433  	0.00557  	0.00000  	0.00000  
68.77190  	25.79736  	49.60338  	49.40870  	35.23157  	-1.18512  	0.01824  	0.34684  	0.33351  	-3.02442  	0.06213  	-0.08568  	-119.30796  	-0.96510  	98.43248  	102.36740  	-20383.03857  	-11393.39532  	Inf  	-Inf  	0.00453  	0.00003  	0.00420  	0.00435  	0.00557  	0.00000  	0.00000  
69.77309  	25.79805  	49.60436  	49.41063  	35.23227  	-1.18512  	0.01856  	0.34764  	0.33423  	-3.02442  	0.05961  	-0.08571  	-119.30812  	-0.96040  	98.64329  	102.60275  	-20383.34259  	-11393.66557  	Inf  	-Inf  	0.00453  	0.00003  	0.00419  	0.00436  	0.00558  	0.00000  	0.00000  
70.77290  	25.79858  	49.60579  	49.41166  	35.23391  	-1.18512  	0.01690  	0.34882  	0.33600  	-3.02442  	0.06201  	-0.08569  	-119.32218  	-0.96237  	99.16553  	102.95119  	-20383.81852  	-11393.89567  	Inf  	-Inf  	0.00454  	0.00003  	0.00420  	0.00432  	0.00558  	0.00000  	0.00000  
71.77321  	25.79918  	49.60750  	49.41220  	35.23524  	-1.18512  	0.01688  	0.34826  	0.33678  	-3.02442  	0.05986  	-0.08561  	-119.33139  	-0.96816  	99.39640  	102.78394  	-20384.24208  	-11394.10479  	Inf  	-Inf  	0.00454  	0.00003  	0.00419  	0.00432  	0.00558  	0.00000  	0.00000  
72.77340  	25.80120  	49.60845  	49.41388  	35.23621  	-1.18512  	0.01717  	0.34897  	0.33348  	-3.02442  	0.06203  	-0.08569  	-119.31813  	-0.96455  	98.42339  	102.99394  	-20384.89711  	-11394.35062  	Inf  	-Inf  	0.00453  	0.00003  	0.00420  	0.00433  	0.00558  	0.00000  	0.00000  
73.77391  	25.80163  	49.60964  	49.41566  	35.23656  	-1.18512  	0.01674  	0.34798  	0.33699  	-3.02442  	0.06124  	-0.08573  	-119.31720  	-0.96162  	99.45868  	102.70125  	-20385.06931  	-11394.62650  	Inf  	-Inf  	0.00454  	0.00003  	0.00420  	0.00432  	0.00558  	0.00000  	0.00000  
74.77532  	25.80307  	49.61123  	49.41709  	35.23772  	-1.18512  	0.01712  	0.34862  	0.33786  	-3.02442  	0.06146  	-0.08565  	-119.31357  	-0.96242  	99.71488  	102.89224  	-20385.63962  	-11394.90911  	Inf  	-Inf  	0.00454  	0.00003  	0.00420  	0.00433  	0.00558  	0.00000  	0.00000  
75.77594  	25.80397  	49.61209  	49.41823  	35.23835  	-1.18512  	0.01782  	0.34828  	0.33660  	-3.02442  	0.06056  	-0.08570  	-119.31014  	-0.96102  	99.34462  	102.79119  	-20385.97533  	-11395.09458  	Inf  	-Inf  	0.00454  	0.00003  	0.00419  	0.00434  	0.00558  	0.00000  	0.00000  
76.77665  	25.80465  	49.61396  	49.41922  	35.23873  	-1.18512  	0.01736  	0.34853  	0.33419  	-3.02442  	0.06040  	-0.08570  	-119.30632  	-0.96541  	98.63140  	102.86437  	-20386.20645  	-11395.36214  	Inf  	-Inf  	0.00453  	0.00003  	0.00419  	0.00433  	0.00558  	0.00000  	0.00000  
77.77730  	25.80662  	49.61536  	49.42200  	35.24043  	-1.18512  	0.01844  	0.34821  	0.33512  	-3.02442  	0.06178  	-0.08566  	-119.30288  	-0.95858  	98.90778  	102.76943  	-20387.01082  	-11395.75198  	Inf  	-Inf  	0.00454  	0.00003  	0.00420  	0.00435  	0.00558  	0.00000  	0.00000  
78.77802  	25.80755  	49.61589  	49.42326  	35.24137  	-1.18512  	0.01767  	0.34881  	0.33875  	-3.02442  	0.06062  	-0.08569  	-119.30308  	-0.95493  	99.97815  	102.94668  	-20387.42225  	-11395.91931  	Inf  	-Inf  	0.00454  	0.00003  	0.00419  	0.00434  	0.00558  	0.00000  	0.00000  
79.77865  	25.80883  	49.61752  	49.42403  	35.24253  	-1.18512  	0.01847  	0.34872  	0.33514  	-3.02442  	0.06080  	-0.08569  	-119.30154  	-0.95916  	98.91287  	102.91948  	-20387.95599  	-11396.14208  	Inf  	-Inf  	0.00454  	0.00003  	0.00419  	0.00435  	0.00558  	0.00000  	0.00000  
80.77919  	25.81084  	49.61963  	49.42521  	35.24264  	-1.18512  	0.01837  	0.34781  	0.33443  	-3.02442  	0.06219  	-0.08566  	-119.27756  	-0.96381  	98.70238  	102.65145  	-20388.41922  	-11396.44915  	Inf  	-Inf  	0.00454  	0.00003  	0.00420  	0.00435  	0.00558  	0.00000  	0.00000  
81.77877  	25.81170  	49.62148  	49.42688  	35.24468  	-1.18512  	0.01752  	0.34833  	0.33346  	-3.02442  	0.06142  	-0.08567  	-119.29232  	-0.96468  	98.41722  	102.80568  	-20389.05555  	-11396.77737  	Inf  	-Inf  	0.00453  	0.00003  	0.00420  	0.00434  	0.00558  	0.00000  	0.00000  
82.77971  	25.81355  	49.62278  	49.42759  	35.24540  	-1.18512  	0.01743  	0.34767  	0.33747  	-3.02442  	0.06217  	-0.08564  	-119.27811  	-0.96764  	99.59955  	102.61226  	-20389.61767  	-11396.96435  	Inf  	-Inf  	0.00454  	0.00003  	0.00420  	0.00433  	0.00558  	0.00000  	0.00000  
83.78028  	25.81482  	49.62480  	49.42960  	35.24747  	-1.18512  	0.01764  	0.34795  	0.33374  	-3.02442  	0.06223  	-0.08573  	-119.28825  	-0.96769  	98.50046  	102.69365  	-20390.35158  	-11397.34064  	Inf  	-Inf  	0.00453  	0.00003  	0.00420  	0.00434  	0.00558  	0.00000  	0.00000  
84.78095  	25.81615  	49.62592  	49.43121  	35.24818  	-1.18512  	0.01708  	0.34685  	0.33175  	-3.02442  	0.06071  	-0.08570  	-119.28043  	-0.96521  	97.91189  	102.36860  	-20390.79876  	-11397.59509  	Inf  	-Inf  	0.00453  	0.00003  	0.00419  	0.00433  	0.00557  	0.00000  	0.00000  
85.78144  	25.81754  	49.62829  	49.43331  	35.25014  	-1.18512  	0.01727  	0.34691  	0.33249  	-3.02442  	0.06112  	-0.08563  	-119.28761  	-0.96658  	98.13136  	102.38788  	-20391.53299  	-11398.01174  	Inf  	-Inf  	0.00453  	0.00003  	0.00420  	0.00433  	0.00557  	0.00000  	0.00000  
86.78110  	25.81895  	49.62979  	49.43486  	35.25124  	-1.18512  	0.01630  	0.34795  	0.33277  	-3.02442  	0.06288  	-0.08573  	-119.28373  	-0.96637  	98.21215  	102.69394  	-20392.08200  	-11398.29630  	Inf  	-Inf  	0.00453  	0.00003  	0.00420  	0.00431  	0.00558  	0.00000  	0.00000  
87.78091  	25.82090  	49.63193  	49.43721  	35.25350  	-1.18512  	0.01756  	0.34698  	0.33333  	-3.02442  	0.06185  	-0.08565  	-119.28764  	-0.96529  	98.37885  	102.40839  	-20393.00305  	-11398.71431  	Inf  	-Inf  	0.00453  	0.00003  	0.00420  	0.00434  	0.00557  	0.00000  	0.00000  
88.78136  	25.82179  	49.63292  	49.43871  	35.25548  	-1.18512  	0.01767  	0.34577  	0.33127  	-3.02442  	0.06222  	-0.08567  	-119.30144  	-0.96277  	97.77112  	102.05009  	-20393.63333  	-11398.94726  	Inf  	-Inf  	0.00453  	0.00003  	0.00420  	0.00434  	0.00557  	0.00000  	0.00000  
89.78135  	25.82301  	49.63448  	49.44074  	35.25677  	-1.18512  	0.01831  	0.34758  	0.33152  	-3.02442  	0.06048  	-0.08566  	-119.30232  	-0.96045  	97.84456  	102.58482  	-20394.18321  	-11399.28230  	Inf  	-Inf  	0.00453  	0.00003  	0.00419  	0.00435  	0.00558  	0.00000  	0.00000  
90.78127  	25.82400  	49.63605  	49.44223  	35.25914  	-1.18512  	0.01840  	0.34657  	0.33423  	-3.02442  	0.06068  	-0.08566  	-119.31978  	-0.96084  	98.64399  	102.28580  	-20394.92147  	-11399.56673  	Inf  	-Inf  	0.00453  	0.00003  	0.00419  	0.00435  	0.00557  	0.00000  	0.00000  
91.78142  	25.82561  	49.63815  	49.44541  	35.26159  	-1.18512  	0.01608  	0.34557  	0.33450  	-3.02442  	0.06066  	-0.08564  	-119.33034  	-0.95548  	98.72424  	101.99198  	-20395.81163  	-11400.05957  	Inf  	-Inf  	0.00454  	0.00003  	0.00419  	0.00431  	0.00557  	0.00000  	0.00000  
92.78187  	25.82666  	49.63945  	49.44642  	35.26337  	-1.18512  	0.01634  	0.34677  	0.33208  	-3.02442  	0.06242  	-0.08572  	-119.33956  	-0.95692  	98.01038  	102.34654  	-20396.42927  	-11400.27530  	Inf  	-Inf  	0.00453  	0.00003  	0.00420  	0.00431  	0.00557  	0.00000  	0.00000  
93.78389  	25.82785  	49.64153  	49.44832  	35.26610  	-1.18512  	0.01873  	0.34649  	0.33029  	-3.02442  	0.06123  	-0.08569  	-119.35905  	-0.95777  	97.48034  	102.26234  	-20397.28798  	-11400.64630  	Inf  	-Inf  	0.00453  	0.00003  	0.00420  	0.00436  	0.00557  	0.00000  	0.00000  
94.78401  	25.82838  	49.64263  	49.44872  	35.26786  	-1.18512  	0.01678  	0.34743  	0.33262  	-3.02442  	0.06188  	-0.08573  	-119.37453  	-0.96129  	98.16769  	102.54070  	-20397.79141  	-11400.78579  	Inf  	-Inf  	0.00453  	0.00003  	0.00420  	0.00432  	0.00558  	0.00000  	0.00000  
95.78417  	25.82952  	49.64551  	49.45014  	35.26969  	-1.18512  	0.01740  	0.34607  	0.33488  	-3.02442  	0.05955  	-0.08563  	-119.38335  	-0.96851  	98.83742  	102.14002  	-20398.44294  	-11401.18676  	Inf  	-Inf  	0.00454  	0.00003  	0.00419  	0.00433  	0.00557  	0.00000  	0.00000  
96.78402  	25.83035  	49.64706  	49.45189  	35.27270  	-1.18512  	0.01764  	0.34676  	0.33527  	-3.02442  	0.06200  	-0.08573  	-119.41087  	-0.96752  	98.95108  	102.34235  	-20399.28397  	-11401.49448  	Inf  	-Inf  	0.00454  	0.00003  	0.00420  	0.00434  	0.00557  	0.00000  	0.00000  
97.78399  	25.83115  	49.64912  	49.45344  	35.27496  	-1.18512  	0.01707  	0.34596  	0.33345  	-3.02442  	0.06067  	-0.08566  	-119.42942  	-0.97005  	98.41507  	102.10689  	-20399.95565  	-11401.83083  	Inf  	-Inf  	0.00453  	0.00003  	0.00419  	0.00433  	0.00557  	0.00000  	0.00000  
98.78401  	25.83195  	49.65085  	49.45509  	35.27658  	-1.18512  	0.01731  	0.34660  	0.33297  	-3.02442  	0.06131  	-0.08566  	-119.43978  	-0.97044  	98.27097  	102.29577  	-20400.48563  	-11402.14699  	Inf  	-Inf  	0.00453  	0.00003  	0.00420  	0.00433  	0.00557  	0.00000  	0.00000  
99.78401  	25.83306  	49.65311  	49.45641  	35.27803  	-1.18512  	0.01852  	0.34734  	0.33181  	-3.02442  	0.06161  	-0.08569  	-119.44411  	-0.97512  	97.92988  	102.51392  	-20401.04536  	-11402.48031  	Inf  	-Inf  	0.00453  	0.00003  	0.00420  	0.00436  	0.00558  	0.00000  	0.00000  
100.78406  	25.83409  	49.65526  	49.45921  	35.28064  	-1.18512  	0.01801  	0.34693  	0.33392  	-3.02442  	0.06184  	-0.08570  	-119.46403  	-0.97189  	98.55402  	102.39176  	-20401.84229  	-11402.94240  	Inf  	-Inf  	0.00453  	0.00003  	0.00420  	0.00435  	0.00557  	0.00000  	0.00000  
101.78402  	25.83445  	49.65670  	49.46141  	35.28167  	-1.18512  	0.01866  	0.34693  	0.33323  	-3.02442  	0.06153  	-0.08564  	-119.47243  	-0.96813  	98.34787  	102.39257  	-20402.14951  	-11403.28167  	Inf  	-Inf  	0.00453  	0.00003  	0.00420  	0.00436  	0.00557  	0.00000  	0.00000  
102.78398  	25.83611  	49.65879  	49.46350  	35.28292  	-1.18512  	0.01791  	0.34705  	0.33500  	-3.02442  	0.06061  	-0.08567  	-119.46724  	-0.96813  	98.87205  	102.42915  	-20402.78683  	-11403.67144  	Inf  	-Inf  	0.00454  	0.00003  	0.00419  	0.00434  	0.00557  	0.00000  	0.00000  
103.78401  	25.83676  	49.66104  	49.46495  	35.28506  	-1.18512  	0.01652  	0.34712  	0.33835  	-3.02442  	0.06189  	-0.08568  	-119.48616  	-0.97205  	99.86133  	102.44891  	-20403.39787  	-11404.01645  	Inf  	-Inf  	0.00454  	0.00003  	0.00420  	0.00432  	0.00557  	0.00000  	0.00000  
104.78401  	25.83808  	49.66286  	49.46672  	35.28686  	-1.18512  	0.01796  	0.34754  	0.33925  	-3.02442  	0.06257  	-0.08564  	-119.49226  	-0.97236  	100.12582  	102.57188  	-20404.08290  	-11404.35146  	Inf  	-Inf  	0.00454  	0.00003  	0.00420  	0.00434  	0.00558  	0.00000  	0.00000  
105.78398  	25.83891  	49.66467  	49.46868  	35.28861  	-1.18512  	0.01802  	0.34862  	0.33547  	-3.02442  	0.06012  	-0.08570  	-119.50379  	-0.97159  	99.01159  	102.89063  	-20404.64660  	-11404.70366  	Inf  	-Inf  	0.00454  	0.00003  	0.00419  	0.00435  	0.00558  	0.00000  	0.00000  
106.78397  	25.83899  	49.66659  	49.47152  	35.28959  	-1.18512  	0.01719  	0.34858  	0.33703  	-3.02442  	0.06109  	-0.08563  	-119.51529  	-0.96706  	99.47198  	102.88027  	-20404.87974  	-11405.14692  	Inf  	-Inf  	0.00454  	0.00003  	0.00420  	0.00433  	0.00558  	0.00000  	0.00000  
107.78420  	25.84031  	49.66868  	49.47231  	35.29112  	-1.18512  	0.01848  	0.34822  	0.33304  	-3.02442  	0.06081  	-0.08570  	-119.51788  	-0.97351  	98.29165  	102.77462  	-20405.50367  	-11405.41541  	Inf  	-Inf  	0.00453  	0.00003  	0.00419  	0.00435  	0.00558  	0.00000  	0.00000  
108.78501  	25.84208  	49.67131  	49.47439  	35.29217  	-1.18512  	0.01691  	0.34846  	0.33426  	-3.02442  	0.06148  	-0.08569  	-119.50879  	-0.97620  	98.65317  	102.84438  	-20406.12099  	-11405.85578  	Inf  	-Inf  	0.00453  	0.00003  	0.00420  	0.00432  	0.00558  	0.00000  	0.00000  
109.78507  	25.84314  	49.67234  	49.47681  	35.29331  	-1.18512  	0.01707  	0.34844  	0.33517  	-3.02442  	0.06049  	-0.08565  	-119.50980  	-0.96929  	98.92186  	102.83942  	-20406.60376  	-11406.17642  	Inf  	-Inf  	0.00454  	0.00003  	0.00419  	0.00433  	0.00558  	0.00000  	0.00000  
110.78505  	25.84420  	49.67444  	49.47901  	35.29477  	-1.18512  	0.01776  	0.34846  	0.33301  	-3.02442  	0.06284  	-0.08569  	-119.51492  	-0.96883  	98.28457  	102.84483  	-20407.15709  	-11406.57823  	Inf  	-Inf  	0.00453  	0.00003  	0.00420  	0.00434  	0.00558  	0.00000  	0.00000  
111.78501  	25.84555  	49.67615  	49.48133  	35.29554  	-1.18512  	0.01826  	0.34835  	0.33188  	-3.02442  	0.06169  	-0.08574  	-119.50754  	-0.96576  	97.95008  	102.81297  	-20407.62318  	-11406.95356  	Inf  	-Inf  	0.00453  	0.00003  	0.00420  	0.00435  	0.00558  	0.00000  	0.00000  
112.78499  	25.84752  	49.67808  	49.48271  	35.29684  	-1.18512  	0.01817  	0.34753  	0.33336  	-3.02442  	0.06128  	-0.08572  	-119.49904  	-0.96851  	98.38702  	102.56836  	-20408.33762  	-11407.26245  	Inf  	-Inf  	0.00453  	0.00003  	0.00420  	0.00435  	0.00558  	0.00000  	0.00000  
113.78498  	25.84913  	49.67985  	49.48502  	35.29762  	-1.18512  	0.01899  	0.34794  	0.33428  	-3.02442  	0.06199  	-0.08566  	-119.48859  	-0.96584  	98.65860  	102.69017  	-20408.86367  	-11407.64213  	Inf  	-Inf  	0.00453  	0.00003  	0.00420  	0.00436  	0.00558  	0.00000  	0.00000  
114.78616  	25.84999  	49.68215  	49.48678  	35.29917  	-1.18512  	0.01699  	0.34791  	0.33111  	-3.02442  	0.06039  	-0.08570  	-119.49722  	-0.96852  	97.72398  	102.68226  	-20409.39020  	-11408.02196  	Inf  	-Inf  	0.00453  	0.00003  	0.00419  	0.00433  	0.00558  	0.00000  	0.00000  
115.78612  	25.85150  	49.68336  	49.48804  	35.30106  	-1.18512  	0.01640  	0.34814  	0.33474  	-3.02442  	0.06113  	-0.08564  	-119.50209  	-0.96830  	98.79543  	102.75108  	-20410.13737  	-11408.25191  	Inf  	-Inf  	0.00454  	0.00003  	0.00420  	0.00431  	0.00558  	0.00000  	0.00000  
116.78616  	25.85411  	49.68582  	49.49005  	35.30219  	-1.18512  	0.01754  	0.34722  	0.33447  	-3.02442  	0.06106  	-0.08568  	-119.48337  	-0.97050  	98.71466  	102.47687  	-20410.95596  	-11408.66918  	Inf  	-Inf  	0.00454  	0.00003  	0.00420  	0.00434  	0.00557  	0.00000  	0.00000  
117.78660  	25.85520  	49.68712  	49.49214  	35.30425  	-1.18512  	0.01820  	0.34698  	0.33283  	-3.02442  	0.06257  	-0.08568  	-119.49565  	-0.96661  	98.23078  	102.40870  	-20411.64837  	-11408.98509  	Inf  	-Inf  	0.00453  	0.00003  	0.00420  	0.00435  	0.00557  	0.00000  	0.00000  
118.78725  	25.85597  	49.68973  	49.49412  	35.30600  	-1.18512  	0.01775  	0.34689  	0.33468  	-3.02442  	0.06153  	-0.08572  	-119.50800  	-0.96969  	98.77702  	102.38200  	-20412.19767  	-11409.41316  	Inf  	-Inf  	0.00454  	0.00003  	0.00420  	0.00434  	0.00557  	0.00000  	0.00000  
119.78813  	25.85766  	49.69301  	49.49745  	35.30768  	-1.18512  	0.01708  	0.34690  	0.33366  	-3.02442  	0.06071  	-0.08564  	-119.50781  	-0.96948  	98.47572  	102.38300  	-20412.93784  	-11410.03002  	Inf  	-Inf  	0.00453  	0.00003  	0.00419  	0.00433  	0.00557  	0.00000  	0.00000  
120.78862  	25.85873  	49.69525  	49.49734  	35.30889  	-1.18512  	0.01739  	0.34689  	0.33554  	-3.02442  	0.06128  	-0.08567  	-119.50967  	-0.98111  	99.03003  	102.37951  	-20413.43577  	-11410.22897  	Inf  	-Inf  	0.00454  	0.00003  	0.00420  	0.00433  	0.00557  	0.00000  	0.00000  
121.78807  	25.86066  	49.69680  	49.49981  	35.31165  	-1.18512  	0.01660  	0.34589  	0.33510  	-3.02442  	0.06141  	-0.08568  	-119.52023  	-0.97656  	98.89999  	102.08473  	-20414.46658  	-11410.60307  	Inf  	-Inf  	0.00454  	0.00003  	0.00420  	0.00432  	0.00557  	0.00000  	0.00000  
122.78854  	25.86141  	49.69879  	49.50336  	35.31303  	-1.18512  	0.01754  	0.34701  	0.33364  	-3.02442  	0.06200  	-0.08570  	-119.52809  	-0.96881  	98.46992  	102.41544  	-20414.93160  	-11411.11951  	Inf  	-Inf  	0.00453  	0.00003  	0.00420  	0.00434  	0.00557  	0.00000  	0.00000  
123.78836  	25.86312  	49.70024  	49.50420  	35.31539  	-1.18512  	0.01711  	0.34654  	0.33320  	-3.02442  	0.06163  	-0.08565  	-119.53633  	-0.97185  	98.34172  	102.27641  	-20415.82636  	-11411.33462  	Inf  	-Inf  	0.00453  	0.00003  	0.00420  	0.00433  	0.00557  	0.00000  	0.00000  
124.78921  	25.86421  	49.70276  	49.50722  	35.31699  	-1.18512  	0.01672  	0.34610  	0.33126  	-3.02442  	0.06067  	-0.08569  	-119.54287  	-0.96933  	97.76695  	102.14844  	-20416.41400  	-11411.85090  	Inf  	-Inf  	0.00453  	0.00003  	0.00419  	0.00432  	0.00557  	0.00000  	0.00000  
125.78883  	25.86504  	49.70447  	49.50955  	35.31906  	-1.18512  	0.01585  	0.34589  	0.33176  	-3.02442  	0.06140  	-0.08564  	-119.55842  	-0.96626  	97.91471  	102.08470  	-20417.04948  	-11412.22767  	Inf  	-Inf  	0.00453  	0.00003  	0.00420  	0.00430  	0.00557  	0.00000  	0.00000  
126.78931  	25.86695  	49.70715  	49.51136  	35.32199  	-1.18512  	0.01753  	0.34742  	0.33179  	-3.02442  	0.06143  	-0.08572  	-119.57143  	-0.97060  	97.92393  	102.53752  	-20418.11202  	-11412.64566  	Inf  	-Inf  	0.00453  	0.00003  	0.00420  	0.00434  	0.00558  	0.00000  	0.00000  
127.79003  	25.86727  	49.70831  	49.51435  	35.32500  	-1.18512  	0.01664  	0.34728  	0.33204  	-3.02442  	0.06135  	-0.08570  	-119.60543  	-0.96154  	97.99881  	102.49456  	-20418.84206  	-11413.03342  	Inf  	-Inf  	0.00453  	0.00003  	0.00420  	0.00432  	0.00558  	0.00000  	0.00000  
128.79038  	25.86911  	49.71117  	49.51535  	35.32678  	-1.18512  	0.01708  	0.34631  	0.33481  	-3.02442  	0.06236  	-0.08566  	-119.60459  	-0.97077  	98.81490  	102.20966  	-20419.63473  	-11413.39404  	Inf  	-Inf  	0.00454  	0.00003  	0.00420  	0.00433  	0.00557  	0.00000  	0.00000  
129.79031  	25.87003  	49.71336  	49.51784  	35.32854  	-1.18512  	0.01726  	0.34683  	0.33433  	-3.02442  	0.06221  	-0.08568  	-119.61522  	-0.96926  	98.67495  	102.36327  	-20420.22347  	-11413.83095  	Inf  	-Inf  	0.00453  	0.00003  	0.00420  	0.00433  	0.00557  	0.00000  	0.00000  
130.79061  	25.87063  	49.71514  	49.52055  	35.33084  	-1.18512  	0.01746  	0.34759  	0.33134  	-3.02442  	0.06138  	-0.08567  	-119.63672  	-0.96460  	97.79050  	102.58793  	-20420.85777  	-11414.24905  	Inf  	-Inf  	0.00453  	0.00003  	0.00420  	0.00434  	0.00558  	0.00000  	0.00000  
131.79102  	25.87133  	49.71776  	49.52282  	35.33334  	-1.18512  	0.01832  	0.34690  	0.33375  	-3.02442  	0.06059  	-0.08566  	-119.65952  	-0.96638  	98.50218  	102.38487  	-20421.56219  	-11414.70553  	Inf  	-Inf  	0.00453  	0.00003  	0.00419  	0.00435  	0.00557  	0.00000  	0.00000  
132.79143  	25.87335  	49.71974  	49.52491  	35.33562  	-1.18512  	0.01792  	0.34539  	0.33383  	-3.02442  	0.06303  	-0.08571  	-119.66277  	-0.96581  	98.52578  	101.93853  	-20422.50442  	-11415.08524  	Inf  	-Inf  	0.00453  	0.00003  	0.00420  	0.00434  	0.00557  	0.00000  	0.00000  
133.79081  	25.87340  	49.72251  	49.52682  	35.33778  	-1.18512  	0.01729  	0.34657  	0.33388  	-3.02442  	0.06033  	-0.08568  	-119.68950  	-0.97007  	98.54165  	102.28690  	-20422.98727  	-11415.52134  	Inf  	-Inf  	0.00453  	0.00003  	0.00419  	0.00433  	0.00557  	0.00000  	0.00000  
134.79235  	25.87413  	49.72386  	49.52850  	35.33921  	-1.18512  	0.01648  	0.34740  	0.33367  	-3.02442  	0.06094  	-0.08574  	-119.69830  	-0.96844  	98.47940  	102.53118  	-20423.46087  	-11415.80458  	Inf  	-Inf  	0.00453  	0.00003  	0.00420  	0.00432  	0.00558  	0.00000  	0.00000  
135.79190  	25.87554  	49.72547  	49.53138  	35.34083  	-1.18512  	0.01697  	0.34836  	0.33590  	-3.02442  	0.06118  	-0.08567  	-119.70107  	-0.96219  	99.13630  	102.81354  	-20424.12484  	-11416.22285  	Inf  	-Inf  	0.00454  	0.00003  	0.00420  	0.00433  	0.00558  	0.00000  	0.00000  
136.79190  	25.87615  	49.72765  	49.53367  	35.34279  	-1.18512  	0.01819  	0.34900  	0.33448  	-3.02442  	0.06348  	-0.08569  	-119.71808  	-0.96163  	98.71810  	103.00262  	-20424.68720  	-11416.63981  	Inf  	-Inf  	0.00454  	0.00003  	0.00420  	0.00435  	0.00558  	0.00000  	0.00000  
137.79187  	25.87748  	49.73001  	49.53533  	35.34464  	-1.18512  	0.01759  	0.34877  	0.33408  	-3.02442  	0.06229  	-0.08565  	-119.72470  	-0.96514  	98.60028  	102.93507  	-20425.38661  	-11417.01513  	Inf  	-Inf  	0.00453  	0.00003  	0.00420  	0.00434  	0.00558  	0.00000  	0.00000  
138.79191  	25.87842  	49.73129  	49.53668  	35.34499  	-1.18512  	0.01835  	0.34923  	0.33087  	-3.02442  	0.05983  	-0.08569  	-119.71722  	-0.96473  	97.65375  	103.07137  	-20425.66788  	-11417.26089  	Inf  	-Inf  	0.00453  	0.00003  	0.00419  	0.00435  	0.00558  	0.00000  	0.00000  
139.79389  	25.87987  	49.73298  	49.53913  	35.34646  	-1.18512  	0.01718  	0.34908  	0.33636  	-3.02442  	0.06277  	-0.08573  	-119.71739  	-0.96101  	99.27308  	103.02765  	-20426.31037  	-11417.64643  	Inf  	-Inf  	0.00454  	0.00003  	0.00420  	0.00433  	0.00558  	0.00000  	0.00000  
140.79402  	25.88072  	49.73665  	49.54051  	35.34823  	-1.18512  	0.01727  	0.34845  	0.33539  	-3.02442  	0.06217  	-0.08562  	-119.72905  	-0.97232  	98.98622  	102.84062  	-20426.88380  	-11418.11854  	Inf  	-Inf  	0.00454  	0.00003  	0.00420  	0.00433  	0.00558  	0.00000  	0.00000  
141.79396  	25.88249  	49.73774  	49.54184  	35.34972  	-1.18512  	0.01795  	0.34792  	0.33741  	-3.02442  	0.06198  	-0.08569  	-119.72558  	-0.97117  	99.58144  	102.68395  	-20427.59863  	-11418.34403  	Inf  	-Inf  	0.00454  	0.00003  	0.00420  	0.00434  	0.00558  	0.00000  	0.00000  
142.79400  	25.88317  	49.73940  	49.54282  	35.35005  	-1.18512  	0.01875  	0.34714  	0.33246  	-3.02442  	0.06107  	-0.08567  	-119.72115  	-0.97453  	98.12070  	102.45341  	-20427.81948  	-11418.59005  	Inf  	-Inf  	0.00453  	0.00003  	0.00420  	0.00436  	0.00557  	0.00000  	0.00000  
143.79403  	25.88421  	49.74271  	49.54473  	35.35058  	-1.18512  	0.01649  	0.34808  	0.33202  	-3.02442  	0.06110  	-0.08561  	-119.71472  	-0.98145  	97.99202  	102.73105  	-20428.16503  	-11419.07787  	Inf  	-Inf  	0.00453  	0.00003  	0.00420  	0.00432  	0.00558  	0.00000  	0.00000  
144.79500  	25.88650  	49.74373  	49.54682  	35.35215  	-1.18512  	0.01738  	0.34813  	0.33325  	-3.02442  	0.06269  	-0.08571  	-119.70543  	-0.97613  	98.35568  	102.74687  	-20429.01079  	-11419.36697  	Inf  	-Inf  	0.00453  	0.00003  	0.00420  	0.00433  	0.00558  	0.00000  	0.00000  
145.79507  	25.88840  	49.74518  	49.54966  	35.35421  	-1.18512  	0.01728  	0.34784  	0.33488  	-3.02442  	0.06091  	-0.08575  	-119.70750  	-0.96927  	98.83521  	102.66223  	-20429.87944  	-11419.76820  	Inf  	-Inf  	0.00454  	0.00002  	0.00419  	0.00433  	0.00558  	0.00000  	0.00000  
146.79569  	25.88977  	49.74763  	49.55219  	35.35496  	-1.18512  	0.01723  	0.34860  	0.33541  	-3.02442  	0.06296  	-0.08569  	-119.69976  	-0.96886  	98.99148  	102.88616  	-20430.34462  	-11420.23172  	Inf  	-Inf  	0.00454  	0.00003  	0.00420  	0.00433  	0.00558  	0.00000  	0.00000  
147.79663  	25.89009  	49.74853  	49.55528  	35.35645  	-1.18512  	0.01668  	0.34784  	0.33404  	-3.02442  	0.06053  	-0.08568  	-119.71450  	-0.95801  	98.58866  	102.66077  	-20430.74148  	-11420.60506  	Inf  	-Inf  	0.00453  	0.00003  	0.00419  	0.00432  	0.00558  	0.00000  	0.00000  
148.79672  	25.89253  	49.75101  	49.55650  	35.35845  	-1.18512  	0.01738  	0.34762  	0.33259  	-3.02442  	0.06066  	-0.08572  	-119.70896  	-0.96427  	98.16160  	102.59662  	-20431.71459  	-11420.95012  	Inf  	-Inf  	0.00453  	0.00003  	0.00419  	0.00433  	0.00558  	0.00000  	0.00000  
149.79768  	25.89395  	49.75354  	49.55833  	35.35993  	-1.18512  	0.01696  	0.34712  	0.33382  	-3.02442  	0.06169  	-0.08568  	-119.70967  	-0.96771  	98.52201  	102.44927  	-20432.34964  	-11421.35668  	Inf  	-Inf  	0.00453  	0.00003  	0.00420  	0.00433  	0.00557  	0.00000  	0.00000  
150.79840  	25.89555  	49.75601  	49.56038  	35.36135  	-1.18512  	0.01665  	0.34752  	0.33380  	-3.02442  	0.06239  	-0.08568  	-119.70746  	-0.96985  	98.51760  	102.56736  	-20433.01147  	-11421.77823  	Inf  	-Inf  	0.00453  	0.00003  	0.00420  	0.00432  	0.00558  	0.00000  	0.00000  
151.79797  	25.89733  	49.75696  	49.56240  	35.36367  	-1.18512  	0.01611  	0.34596  	0.33426  	-3.02442  	0.06153  	-0.08566  	-119.71431  	-0.96451  	98.65193  	102.10724  	-20433.91206  	-11422.05610  	Inf  	-Inf  	0.00453  	0.00003  	0.00420  	0.00431  	0.00557  	0.00000  	0.00000  
152.80062  	25.89878  	49.75955  	49.56389  	35.36443  	-1.18512  	0.01545  	0.34719  	0.33214  	-3.02442  	0.06164  	-0.08573  	-119.70547  	-0.96999  	98.02797  	102.46963  	-20434.39655  	-11422.43593  	Inf  	-Inf  	0.00453  	0.00003  	0.00420  	0.00430  	0.00557  	0.00000  	0.00000  
153.80082  	25.90018  	49.76200  	49.56577  	35.36734  	-1.18512  	0.01723  	0.34728  	0.33159  	-3.02442  	0.06241  	-0.08573  	-119.72457  	-0.97275  	97.86650  	102.49717  	-20435.34088  	-11422.83977  	Inf  	-Inf  	0.00453  	0.00003  	0.00420  	0.00433  	0.00558  	0.00000  	0.00000  
154.80078  	25.90174  	49.76323  	49.56697  	35.36956  	-1.18512  	0.01709  	0.34629  	0.33355  	-3.02442  	0.06014  	-0.08567  	-119.73305  	-0.97293  	98.44411  	102.20475  	-20436.17104  	-11423.06657  	Inf  	-Inf  	0.00453  	0.00003  	0.00419  	0.00433  	0.00557  	0.00000  	0.00000  
155.80183  	25.90258  	49.76475  	49.56931  	35.37110  	-1.18512  	0.01757  	0.34626  	0.33424  	-3.02442  	0.06088  	-0.08564  	-119.74175  	-0.96886  	98.64816  	102.19574  	-20436.69312  	-11423.42709  	Inf  	-Inf  	0.00453  	0.00003  	0.00419  	0.00434  	0.00557  	0.00000  	0.00000  
156.80194  	25.90379  	49.76706  	49.57139  	35.37273  	-1.18512  	0.01746  	0.34698  	0.33303  	-3.02442  	0.06194  	-0.08570  	-119.74719  	-0.96998  	98.29060  	102.40663  	-20437.31662  	-11423.83728  	Inf  	-Inf  	0.00453  	0.00003  	0.00420  	0.00434  	0.00557  	0.00000  	0.00000  
157.80187  	25.90516  	49.76842  	49.57396  	35.37587  	-1.18512  	0.01745  	0.34628  	0.33078  	-3.02442  	0.06122  	-0.08570  	-119.76954  	-0.96397  	97.62732  	102.20030  	-20438.30553  	-11424.20348  	Inf  	-Inf  	0.00453  	0.00003  	0.00420  	0.00433  	0.00557  	0.00000  	0.00000  
158.80249  	25.90609  	49.77076  	49.57526  	35.37743  	-1.18512  	0.01720  	0.34532  	0.33436  	-3.02442  	0.06208  	-0.08567  	-119.77752  	-0.96912  	98.68220  	101.91661  	-20438.84915  	-11424.54324  	Inf  	-Inf  	0.00453  	0.00003  	0.00420  	0.00433  	0.00557  	0.00000  	0.00000  
159.80190  	25.90865  	49.77253  	49.57727  	35.37948  	-1.18512  	0.01783  	0.34644  	0.33310  	-3.02442  	0.06175  	-0.08569  	-119.77106  	-0.96801  	98.31118  	102.24732  	-20439.86239  	-11424.89590  	Inf  	-Inf  	0.00453  	0.00003  	0.00420  	0.00434  	0.00557  	0.00000  	0.00000  
160.80187  	25.90928  	49.77407  	49.57974  	35.38222  	-1.18512  	0.01797  	0.34590  	0.33157  	-3.02442  	0.06237  	-0.08565  	-119.79776  	-0.96338  	97.86028  	102.08955  	-20440.60204  	-11425.26970  	Inf  	-Inf  	0.00453  	0.00003  	0.00420  	0.00435  	0.00557  	0.00000  	0.00000  
161.80401  	25.90976  	49.77617  	49.58053  	35.38405  	-1.18512  	0.01738  	0.34614  	0.33562  	-3.02442  	0.06172  	-0.08565  	-119.81484  	-0.96985  	99.05582  	102.15883  	-20441.10603  	-11425.53957  	Inf  	-Inf  	0.00454  	0.00003  	0.00420  	0.00433  	0.00557  	0.00000  	0.00000  
162.80400  	25.91156  	49.77847  	49.58346  	35.38664  	-1.18512  	0.01749  	0.34694  	0.33287  	-3.02442  	0.06186  	-0.08570  	-119.82476  	-0.96675  	98.24427  	102.39523  	-20442.06978  	-11426.02816  	Inf  	-Inf  	0.00453  	0.00003  	0.00420  	0.00434  	0.00557  	0.00000  	0.00000  
163.80413  	25.91238  	49.78068  	49.58491  	35.38920  	-1.18512  	0.01766  	0.34632  	0.33235  	-3.02442  	0.06070  	-0.08567  	-119.84686  	-0.97051  	98.08900  	102.21329  	-20442.81033  	-11426.36922  	Inf  	-Inf  	0.00453  	0.00003  	0.00419  	0.00434  	0.00557  	0.00000  	0.00000  
164.80401  	25.91404  	49.78316  	49.58647  	35.39121  	-1.18512  	0.01790  	0.34593  	0.33312  	-3.02442  	0.06176  	-0.08570  	-119.85130  	-0.97505  	98.31757  	102.09783  	-20443.61521  	-11426.74605  	Inf  	-Inf  	0.00453  	0.00003  	0.00420  	0.00434  	0.00557  	0.00000  	0.00000  
165.80399  	25.91497  	49.78475  	49.58970  	35.39297  	-1.18512  	0.01691  	0.34691  	0.33398  	-3.02442  	0.06149  	-0.08568  	-119.86170  	-0.96692  	98.56993  	102.38678  	-20444.20797  	-11427.19613  	Inf  	-Inf  	0.00453  	0.00003  	0.00420  	0.00432  	0.00557  	0.00000  	0.00000  
166.80402  	25.91575  	49.78668  	49.59141  	35.39501  	-1.18512  	0.01740  	0.34732  	0.33695  	-3.02442  	0.06062  	-0.08561  	-119.87764  	-0.96803  	99.44711  	102.50759  	-20444.82421  	-11427.53588  	Inf  	-Inf  	0.00454  	0.00003  	0.00419  	0.00433  	0.00558  	0.00000  	0.00000  
167.80518  	25.91641  	49.78846  	49.59318  	35.39741  	-1.18512  	0.01752  	0.34745  	0.33281  	-3.02442  	0.06036  	-0.08565  	-119.89974  	-0.96809  	98.22621  	102.54562  	-20445.49599  	-11427.86667  	Inf  	-Inf  	0.00453  	0.00003  	0.00419  	0.00434  	0.00558  	0.00000  	0.00000  
168.80611  	25.91737  	49.79085  	49.59537  	35.39915  	-1.18512  	0.01711  	0.34730  	0.33060  	-3.02442  	0.05962  	-0.08572  	-119.90961  	-0.96907  	97.57383  	102.50121  	-20446.08782  	-11428.29410  	Inf  	-Inf  	0.00453  	0.00003  	0.00419  	0.00433  	0.00558  	0.00000  	0.00000  
169.80637  	25.91844  	49.79225  	49.59696  	35.40167  	-1.18512  	0.01653  	0.34677  	0.33452  	-3.02442  	0.06038  	-0.08564  	-119.92779  	-0.96815  	98.72916  	102.34592  	-20446.87513  	-11428.57400  	Inf  	-Inf  	0.00454  	0.00003  	0.00419  	0.00432  	0.00557  	0.00000  	0.00000  
170.80622  	25.92022  	49.79400  	49.59856  	35.40267  	-1.18512  	0.01788  	0.34650  	0.33493  	-3.02442  	0.06149  	-0.08563  	-119.91802  	-0.96889  	98.85086  	102.26582  	-20447.48434  	-11428.88650  	Inf  	-Inf  	0.00454  	0.00003  	0.00420  	0.00434  	0.00557  	0.00000  	0.00000  
171.80648  	25.92060  	49.79644  	49.60093  	35.40480  	-1.18512  	0.01772  	0.34757  	0.33487  	-3.02442  	0.06079  	-0.08572  	-119.94016  	-0.96917  	98.83457  	102.58204  	-20448.03440  	-11429.33530  	Inf  	-Inf  	0.00454  	0.00003  	0.00419  	0.00434  	0.00558  	0.00000  	0.00000  
172.80647  	25.92214  	49.79870  	49.60244  	35.40576  	-1.18512  	0.01710  	0.34850  	0.33670  	-3.02442  	0.06104  	-0.08570  	-119.93275  	-0.97291  	99.37388  	102.85672  	-20448.58431  	-11429.68670  	Inf  	-Inf  	0.00454  	0.00003  	0.00420  	0.00433  	0.00558  	0.00000  	0.00000  
173.80614  	25.92315  	49.80032  	49.60417  	35.40747  	-1.18512  	0.01780  	0.34772  	0.33567  	-3.02442  	0.06093  	-0.08565  	-119.94161  	-0.97239  	99.07034  	102.62557  	-20449.18183  	-11429.99967  	Inf  	-Inf  	0.00454  	0.00003  	0.00419  	0.00434  	0.00558  	0.00000  	0.00000  
174.80578  	25.92433  	49.80147  	49.60688  	35.40810  	-1.18512  	0.01747  	0.34823  	0.33146  	-3.02442  	0.06132  	-0.08567  	-119.93464  	-0.96462  	97.82630  	102.77647  	-20449.57751  	-11430.36023  	Inf  	-Inf  	0.00453  	0.00003  	0.00420  	0.00434  	0.00558  	0.00000  	0.00000  
175.80686  	25.92565  	49.80352  	49.60818  	35.40986  	-1.18512  	0.01708  	0.34877  	0.33684  	-3.02442  	0.06303  	-0.08568  	-119.94027  	-0.96835  	99.41555  	102.93602  	-20450.25146  	-11430.67311  	Inf  	-Inf  	0.00454  	0.00003  	0.00420  	0.00433  	0.00558  	0.00000  	0.00000  
176.80741  	25.92735  	49.80541  	49.61009  	35.41187  	-1.18512  	0.01749  	0.34885  	0.33149  	-3.02442  	0.06020  	-0.08569  	-119.94409  	-0.96824  	97.83523  	102.95853  	-20451.06705  	-11431.02757  	Inf  	-Inf  	0.00453  	0.00003  	0.00419  	0.00434  	0.00558  	0.00000  	0.00000  
177.80804  	25.92834  	49.80650  	49.60986  	35.41337  	-1.18512  	0.01781  	0.34893  	0.33633  	-3.02442  	0.06141  	-0.08570  	-119.95072  	-0.97480  	99.26430  	102.98221  	-20451.61321  	-11431.10766  	Inf  	-Inf  	0.00454  	0.00003  	0.00420  	0.00434  	0.00558  	0.00000  	0.00000  
178.80841  	25.93008  	49.80746  	49.61150  	35.41334  	-1.18512  	0.01678  	0.34790  	0.33420  	-3.02442  	0.06031  	-0.08563  	-119.92821  	-0.97144  	98.63459  	102.67835  	-20451.98817  	-11431.35098  	Inf  	-Inf  	0.00453  	0.00003  	0.00419  	0.00432  	0.00558  	0.00000  	0.00000  
179.80834  	25.93059  	49.81013  	49.61412  	35.41463  	-1.18512  	0.01829  	0.34840  	0.33588  	-3.02442  	0.06106  	-0.08567  	-119.93807  	-0.97170  	99.13050  	102.82725  	-20452.38136  	-11431.84361  	Inf  	-Inf  	0.00454  	0.00003  	0.00420  	0.00435  	0.00558  	0.00000  	0.00000  
180.80837  	25.93283  	49.81264  	49.61540  	35.41516  	-1.18512  	0.01700  	0.34762  	0.33307  	-3.02442  	0.06094  	-0.08570  	-119.91649  	-0.97778  	98.30162  	102.59524  	-20452.99128  	-11432.19830  	Inf  	-Inf  	0.00453  	0.00003  	0.00420  	0.00433  	0.00558  	0.00000  	0.00000  
181.80901  	25.93465  	49.81308  	49.61640  	35.41719  	-1.18512  	0.01794  	0.34702  	0.33626  	-3.02442  	0.06267  	-0.08561  	-119.91905  	-0.97502  	99.24282  	102.42007  	-20453.83434  	-11432.33268  	Inf  	-Inf  	0.00454  	0.00003  	0.00420  	0.00434  	0.00557  	0.00000  	0.00000  
182.80913  	25.93569  	49.81412  	49.61889  	35.41759  	-1.18512  	0.01778  	0.34792  	0.33139  	-3.02442  	0.06161  	-0.08570  	-119.91100  	-0.96781  	97.80620  	102.68391  	-20454.14977  	-11432.66210  	Inf  	-Inf  	0.00453  	0.00003  	0.00420  	0.00434  	0.00558  	0.00000  	0.00000  
183.80944  	25.93758  	49.81750  	49.62063  	35.41966  	-1.18512  	0.01676  	0.34715  	0.33444  	-3.02442  	0.06067  	-0.08571  	-119.91330  	-0.97594  	98.70600  	102.45860  	-20455.02140  	-11433.13867  	Inf  	-Inf  	0.00454  	0.00003  	0.00419  	0.00432  	0.00557  	0.00000  	0.00000  
184.80958  	25.93929  	49.81919  	49.62262  	35.42056  	-1.18512  	0.01618  	0.34704  	0.33305  	-3.02442  	0.06178  	-0.08572  	-119.90300  	-0.97446  	98.29622  	102.42488  	-20455.59113  	-11433.48327  	Inf  	-Inf  	0.00453  	0.00003  	0.00420  	0.00431  	0.00557  	0.00000  	0.00000  
185.80937  	25.94088  	49.81981  	49.62406  	35.42289  	-1.18512  	0.01773  	0.34723  	0.33447  	-3.02442  	0.06235  	-0.08567  	-119.91242  	-0.97037  	98.71464  	102.47995  	-20456.45167  	-11433.67516  	Inf  	-Inf  	0.00454  	0.00003  	0.00420  	0.00434  	0.00557  	0.00000  	0.00000  
186.81034  	25.94377  	49.82152  	49.62592  	35.42295  	-1.18512  	0.01744  	0.34728  	0.33270  	-3.02442  	0.06068  	-0.08567  	-119.87662  	-0.96967  	98.19245  	102.49660  	-20457.10083  	-11434.00864  	Inf  	-Inf  	0.00453  	0.00003  	0.00419  	0.00433  	0.00558  	0.00000  	0.00000  
187.81095  	25.94461  	49.82395  	49.62895  	35.42571  	-1.18512  	0.01676  	0.34755  	0.33308  	-3.02442  	0.06059  	-0.08572  	-119.90089  	-0.96670  	98.30501  	102.57610  	-20457.88902  	-11434.51836  	Inf  	-Inf  	0.00453  	0.00003  	0.00419  	0.00432  	0.00558  	0.00000  	0.00000  
188.81118  	25.94627  	49.82532  	49.62957  	35.42741  	-1.18512  	0.01659  	0.34504  	0.33291  	-3.02442  	0.06015  	-0.08569  	-119.90137  	-0.97039  	98.25380  	101.83412  	-20458.62608  	-11434.70390  	Inf  	-Inf  	0.00453  	0.00003  	0.00419  	0.00432  	0.00556  	0.00000  	0.00000  
189.81118  	25.94755  	49.82780  	49.63199  	35.42806  	-1.18512  	0.01662  	0.34609  	0.33387  	-3.02442  	0.06212  	-0.08566  	-119.89348  	-0.97071  	98.53656  	102.14500  	-20459.04854  	-11435.16148  	Inf  	-Inf  	0.00453  	0.00003  	0.00420  	0.00432  	0.00557  	0.00000  	0.00000  
190.81084  	25.94923  	49.82898  	49.63259  	35.43145  	-1.18512  	0.01643  	0.34706  	0.33520  	-3.02442  	0.06288  	-0.08567  	-119.91506  	-0.97358  	98.92998  	102.42971  	-20460.16062  	-11435.32811  	Inf  	-Inf  	0.00454  	0.00003  	0.00420  	0.00432  	0.00557  	0.00000  	0.00000  
191.81123  	25.95086  	49.83063  	49.63244  	35.43320  	-1.18512  	0.01797  	0.34653  	0.33243  	-3.02442  	0.06096  	-0.08573  	-119.91659  	-0.98245  	98.11211  	102.27440  	-20460.90150  	-11435.46737  	Inf  	-Inf  	0.00453  	0.00003  	0.00420  	0.00435  	0.00557  	0.00000  	0.00000  
192.81124  	25.95246  	49.83204  	49.63526  	35.43619  	-1.18512  	0.01711  	0.34688  	0.33541  	-3.02442  	0.06190  	-0.08569  	-119.93415  	-0.97552  	98.99289  	102.37826  	-20461.91128  	-11435.86224  	Inf  	-Inf  	0.00454  	0.00003  	0.00420  	0.00433  	0.00557  	0.00000  	0.00000  
193.81127  	25.95406  	49.83364  	49.63737  	35.43732  	-1.18512  	0.01781  	0.34603  	0.33144  	-3.02442  	0.06178  	-0.08567  	-119.92822  	-0.97297  	97.82216  	102.12791  	-20462.50749  	-11436.20836  	Inf  	-Inf  	0.00453  	0.00003  	0.00420  	0.00434  	0.00557  	0.00000  	0.00000  
194.81159  	25.95482  	49.83567  	49.63818  	35.43917  	-1.18512  	0.01746  	0.34706  	0.33227  	-3.02442  	0.06115  	-0.08569  	-119.94202  	-0.97903  	98.06698  	102.43066  	-20463.07980  	-11436.47361  	Inf  	-Inf  	0.00453  	0.00003  	0.00420  	0.00434  	0.00557  	0.00000  	0.00000  
195.81093  	25.95570  	49.83629  	49.64017  	35.44197  	-1.18512  	0.01825  	0.34606  	0.32990  	-3.02442  	0.06080  	-0.08577  	-119.96628  	-0.97224  	97.36627  	102.13543  	-20463.88810  	-11436.71660  	Inf  	-Inf  	0.00453  	0.00002  	0.00419  	0.00435  	0.00557  	0.00000  	0.00000  
196.81149  	25.95826  	49.83772  	49.64192  	35.44415  	-1.18512  	0.01673  	0.34593  	0.33449  	-3.02442  	0.06106  	-0.08565  	-119.96157  	-0.97062  	98.72187  	102.09687  	-20464.92803  	-11437.01376  	Inf  	-Inf  	0.00454  	0.00003  	0.00420  	0.00432  	0.00557  	0.00000  	0.00000  
197.81176  	25.95781  	49.83936  	49.64308  	35.44620  	-1.18512  	0.01779  	0.34589  	0.32974  	-3.02442  	0.06134  	-0.08567  	-119.99307  	-0.97301  	97.32036  	102.08692  	-20465.28059  	-11437.27520  	Inf  	-Inf  	0.00453  	0.00003  	0.00420  	0.00434  	0.00557  	0.00000  	0.00000  
198.81207  	25.95880  	49.84091  	49.64439  	35.44875  	-1.18512  	0.01802  	0.34593  	0.33180  	-3.02442  	0.06252  	-0.08568  	-120.01287  	-0.97421  	97.92587  	102.09701  	-20466.05643  	-11437.54167  	Inf  	-Inf  	0.00453  	0.00003  	0.00420  	0.00435  	0.00557  	0.00000  	0.00000  
199.81185  	25.96099  	49.84201  	49.64613  	35.45033  	-1.18512  	0.01721  	0.34679  	0.33467  	-3.02442  	0.06059  	-0.08571  	-120.00513  	-0.97105  	98.77411  	102.35100  	-20466.88506  	-11437.80780  	Inf  	-Inf  	0.00454  	0.00003  	0.00419  	0.00433  	0.00557  	0.00000  	0.00000  
200.81193  	25.96164  	49.84396  	49.64884  	35.45232  	-1.18512  	0.01649  	0.34714  	0.33061  	-3.02442  	0.06134  	-0.08569  	-120.02212  	-0.96727  	97.57630  	102.45363  	-20467.46111  	-11438.24229  	Inf  	-Inf  	0.00453  	0.00003  	0.00420  	0.00432  	0.00557  	0.00000  	0.00000  
201.81187  	25.96296  	49.84544  	49.64925  	35.45458  	-1.18512  	0.01643  	0.34679  	0.33661  	-3.02442  	0.06085  	-0.08565  	-120.03394  	-0.97258  	99.34582  	102.35244  	-20468.24911  	-11438.41982  	Inf  	-Inf  	0.00454  	0.00003  	0.00419  	0.00432  	0.00557  	0.00000  	0.00000  
202.81187  	25.96380  	49.84614  	49.65083  	35.45688  	-1.18512  	0.01745  	0.34757  	0.33545  	-3.02442  	0.06270  	-0.08566  	-120.05244  	-0.96820  	99.00382  	102.58146  	-20468.93696  	-11438.63227  	Inf  	-Inf  	0.00454  	0.00003  	0.00420  	0.00433  	0.00558  	0.00000  	0.00000  
203.81187  	25.96576  	49.84741  	49.65236  	35.45812  	-1.18512  	0.01697  	0.34702  	0.33194  	-3.02442  	0.06160  	-0.08567  	-120.04335  	-0.96692  	97.96868  	102.41786  	-20469.63769  	-11438.89308  	Inf  	-Inf  	0.00453  	0.00003  	0.00420  	0.00433  	0.00557  	0.00000  	0.00000  
204.81170  	25.96645  	49.84933  	49.65400  	35.45961  	-1.18512  	0.01721  	0.34774  	0.33332  	-3.02442  	0.06240  	-0.08569  	-120.05344  	-0.96829  	98.37608  	102.63091  	-20470.11792  	-11439.22518  	Inf  	-Inf  	0.00453  	0.00003  	0.00420  	0.00433  	0.00558  	0.00000  	0.00000  
205.81190  	25.96790  	49.85103  	49.65437  	35.46172  	-1.18512  	0.01670  	0.34779  	0.33369  	-3.02442  	0.06183  	-0.08572  	-120.06178  	-0.97492  	98.48613  	102.64519  	-20470.89766  	-11439.41947  	Inf  	-Inf  	0.00453  	0.00003  	0.00420  	0.00432  	0.00558  	0.00000  	0.00000  
206.81401  	25.96869  	49.85214  	49.65598  	35.46306  	-1.18512  	0.01708  	0.34722  	0.33698  	-3.02442  	0.06183  	-0.08562  	-120.06876  	-0.97239  	99.45603  	102.47704  	-20471.36524  	-11439.67280  	Inf  	-Inf  	0.00454  	0.00003  	0.00420  	0.00433  	0.00557  	0.00000  	0.00000  
207.81402  	25.97040  	49.85333  	49.65664  	35.46474  	-1.18512  	0.01583  	0.34865  	0.33406  	-3.02442  	0.06092  	-0.08568  	-120.06843  	-0.97504  	98.59405  	102.89939  	-20472.10979  	-11439.84592  	Inf  	-Inf  	0.00453  	0.00003  	0.00419  	0.00430  	0.00558  	0.00000  	0.00000  
208.81400  	25.97127  	49.85438  	49.65942  	35.46574  	-1.18512  	0.01620  	0.34823  	0.33440  	-3.02442  	0.06069  	-0.08564  	-120.07001  	-0.96647  	98.69408  	102.77523  	-20472.51857  	-11440.20267  	Inf  	-Inf  	0.00454  	0.00003  	0.00419  	0.00431  	0.00558  	0.00000  	0.00000  
209.81390  	25.97298  	49.85678  	49.66004  	35.46611  	-1.18512  	0.01766  	0.34872  	0.33602  	-3.02442  	0.06168  	-0.08564  	-120.05298  	-0.97533  	99.17149  	102.92116  	-20472.97649  	-11440.48488  	Inf  	-Inf  	0.00454  	0.00003  	0.00420  	0.00434  	0.00558  	0.00000  	0.00000  
210.81524  	25.97447  	49.85694  	49.66198  	35.46738  	-1.18512  	0.01619  	0.34829  	0.33317  	-3.02442  	0.06050  	-0.08566  	-120.05021  	-0.96644  	98.33170  	102.79252  	-20473.58237  	-11440.68100  	Inf  	-Inf  	0.00453  	0.00003  	0.00419  	0.00431  	0.00558  	0.00000  	0.00000  
