10/08/2024 10:44:57Time	T_hot_in(C)	T_cold_in(C)	T_cold_out(C)	T_hot_out(C)	mdot_cold(kg/s)	ASFASIFUAS(kg/s)	Diferencial_cold(bar)	Diferencial_hot(bar)	mdot_hot(kg/s)	ABS_cold(bar)	ABS_hot(bar)	q_cold(kW)	q_hot(kW)	ASFASYFY	Tau_cold_haste	Re_hot	Re_cold	U_global	PSIG_cold(bar)	R_fouling	PSIG_hot(bar)	PSID_hot(bar)	m_dot_hot	PSID_cold(bar)	m_dot_cold
1.74312  	0.00000  	0.00000  	0.00000  	0.00000  	-1.18512  	-0.20833  	-0.86278  	-2.50000  	-3.02442  	-1.25000  	-0.08628  	-0.00000  	-0.00000  	-737.84722  	-254.63905  	-9234.48090  	-3618.55272  	NaN  	NaN  	0.00000  	0.00000  	0.00000  	0.00000  	0.00000  	0.00000  	0.00000  
2.74362  	25.47383  	49.64401  	49.43238  	33.90359  	-1.18512  	0.02350  	0.50392  	0.49406  	-3.02442  	0.06239  	-0.08573  	-106.60538  	-1.04910  	145.81678  	148.72766  	-20022.11317  	-11399.39134  	Inf  	-Inf  	0.00479  	0.00003  	0.00420  	0.00445  	0.00630  	0.00000  	0.00000  
3.74355  	25.47507  	49.64485  	49.43329  	33.89941  	-1.18512  	0.02349  	0.50429  	0.49728  	-3.02442  	0.06118  	-0.08566  	-106.53691  	-1.04879  	146.76685  	148.83610  	-20021.47239  	-11399.55507  	Inf  	-Inf  	0.00480  	0.00003  	0.00420  	0.00445  	0.00630  	0.00000  	0.00000  
4.74383  	25.47688  	49.64519  	49.43421  	33.89533  	-1.18512  	0.02417  	0.50519  	0.49575  	-3.02442  	0.06159  	-0.08569  	-106.46241  	-1.04591  	146.31556  	149.10185  	-20020.97820  	-11399.67176  	Inf  	-Inf  	0.00479  	0.00003  	0.00420  	0.00446  	0.00630  	0.00000  	0.00000  
5.74351  	25.47817  	49.64611  	49.43462  	33.89128  	-1.18512  	0.02261  	0.50385  	0.49383  	-3.02442  	0.06121  	-0.08566  	-106.39485  	-1.04844  	145.74761  	148.70588  	-20020.37658  	-11399.79657  	Inf  	-Inf  	0.00479  	0.00003  	0.00420  	0.00443  	0.00630  	0.00000  	0.00000  
6.74385  	25.47966  	49.64669  	49.43512  	33.88793  	-1.18512  	0.02281  	0.50489  	0.49505  	-3.02442  	0.06172  	-0.08566  	-106.33361  	-1.04883  	146.10876  	149.01268  	-20019.97275  	-11399.89606  	Inf  	-Inf  	0.00479  	0.00003  	0.00420  	0.00444  	0.00630  	0.00000  	0.00000  
7.74597  	25.48162  	49.64905  	49.43561  	33.88326  	-1.18512  	0.02368  	0.50473  	0.49271  	-3.02442  	0.06107  	-0.08574  	-106.24971  	-1.05814  	145.41658  	148.96516  	-20019.38044  	-11400.16251  	Inf  	-Inf  	0.00479  	0.00003  	0.00420  	0.00445  	0.00630  	0.00000  	0.00000  
8.74670  	25.48477  	49.65067  	49.43797  	33.88027  	-1.18512  	0.02308  	0.50477  	0.49580  	-3.02442  	0.06373  	-0.08569  	-106.17217  	-1.05447  	146.32843  	148.97633  	-20019.41428  	-11400.53343  	Inf  	-Inf  	0.00479  	0.00003  	0.00420  	0.00444  	0.00630  	0.00000  	0.00000  
9.74724  	25.48691  	49.65134  	49.43914  	33.87655  	-1.18512  	0.02361  	0.50461  	0.49634  	-3.02442  	0.06284  	-0.08570  	-106.09799  	-1.05197  	146.48854  	148.93047  	-20019.06983  	-11400.70573  	Inf  	-Inf  	0.00479  	0.00003  	0.00420  	0.00445  	0.00630  	0.00000  	0.00000  
10.74814  	25.48832  	49.65221  	49.44059  	33.87313  	-1.18512  	0.02316  	0.50456  	0.49692  	-3.02442  	0.06011  	-0.08564  	-106.03695  	-1.04910  	146.65964  	148.91449  	-20018.63472  	-11400.92144  	Inf  	-Inf  	0.00480  	0.00003  	0.00419  	0.00444  	0.00630  	0.00000  	0.00000  
11.74783  	25.49059  	49.65295  	49.44093  	33.86935  	-1.18512  	0.02169  	0.50493  	0.49672  	-3.02442  	0.06252  	-0.08566  	-105.96044  	-1.05104  	146.60152  	149.02451  	-20018.30420  	-11401.02165  	Inf  	-Inf  	0.00479  	0.00003  	0.00420  	0.00442  	0.00630  	0.00000  	0.00000  
12.74811  	25.49309  	49.65379  	49.44132  	33.86664  	-1.18512  	0.02340  	0.50539  	0.49292  	-3.02442  	0.06111  	-0.08574  	-105.89458  	-1.05330  	145.47924  	149.15888  	-20018.25757  	-11401.13717  	Inf  	-Inf  	0.00479  	0.00003  	0.00420  	0.00445  	0.00630  	0.00000  	0.00000  
13.74869  	25.49523  	49.65595  	49.44273  	33.86367  	-1.18512  	0.02315  	0.50396  	0.49303  	-3.02442  	0.06147  	-0.08573  	-105.82994  	-1.05702  	145.51350  	148.73771  	-20018.07783  	-11401.46951  	Inf  	-Inf  	0.00479  	0.00003  	0.00420  	0.00444  	0.00630  	0.00000  	0.00000  
14.74830  	25.49806  	49.65779  	49.44498  	33.86137  	-1.18512  	0.02320  	0.50327  	0.49478  	-3.02442  	0.06140  	-0.08576  	-105.76510  	-1.05499  	146.03022  	148.53559  	-20018.19215  	-11401.85045  	Inf  	-Inf  	0.00479  	0.00002  	0.00420  	0.00445  	0.00629  	0.00000  	0.00000  
15.74933  	25.50143  	49.65807  	49.44565  	33.85844  	-1.18512  	0.02316  	0.50389  	0.49339  	-3.02442  	0.06284  	-0.08566  	-105.68534  	-1.05302  	145.62002  	148.71874  	-20018.28909  	-11401.93939  	Inf  	-Inf  	0.00479  	0.00003  	0.00420  	0.00444  	0.00630  	0.00000  	0.00000  
16.75113  	25.50338  	49.65959  	49.44792  	33.85690  	-1.18512  	0.02376  	0.50452  	0.49565  	-3.02442  	0.06195  	-0.08572  	-105.64129  	-1.04936  	146.28555  	148.90260  	-20018.37715  	-11402.29334  	Inf  	-Inf  	0.00479  	0.00003  	0.00420  	0.00446  	0.00630  	0.00000  	0.00000  
17.75067  	25.50611  	49.66102  	49.44899  	33.85507  	-1.18512  	0.02258  	0.50395  	0.49308  	-3.02442  	0.06110  	-0.08569  	-105.58349  	-1.05109  	145.52703  	148.73581  	-20018.57360  	-11402.52629  	Inf  	-Inf  	0.00479  	0.00003  	0.00420  	0.00443  	0.00630  	0.00000  	0.00000  
18.75072  	25.50861  	49.66259  	49.45071  	33.85449  	-1.18512  	0.02191  	0.50228  	0.49683  	-3.02442  	0.06106  	-0.08571  	-105.54456  	-1.05038  	146.63486  	148.24183  	-20018.99308  	-11402.83314  	Inf  	-Inf  	0.00479  	0.00003  	0.00420  	0.00442  	0.00629  	0.00000  	0.00000  
19.75042  	25.51160  	49.66398  	49.45162  	33.85265  	-1.18512  	0.02220  	0.50202  	0.49504  	-3.02442  	0.06219  	-0.08562  	-105.48347  	-1.05275  	146.10663  	148.16447  	-20019.24325  	-11403.04680  	Inf  	-Inf  	0.00479  	0.00003  	0.00420  	0.00443  	0.00629  	0.00000  	0.00000  
20.75053  	25.51419  	49.66562  	49.45317  	33.85024  	-1.18512  	0.02355  	0.50126  	0.49549  	-3.02442  	0.06099  	-0.08567  	-105.42024  	-1.05323  	146.23827  	147.94083  	-20019.28286  	-11403.34488  	Inf  	-Inf  	0.00479  	0.00003  	0.00420  	0.00445  	0.00628  	0.00000  	0.00000  
21.75032  	25.51611  	49.66703  	49.45481  	33.85027  	-1.18512  	0.02196  	0.50184  	0.49245  	-3.02442  	0.06238  	-0.08569  	-105.39642  	-1.05204  	145.34061  	148.11325  	-20019.70754  	-11403.62952  	Inf  	-Inf  	0.00479  	0.00003  	0.00420  	0.00442  	0.00629  	0.00000  	0.00000  
22.75105  	25.51886  	49.66930  	49.45597  	33.84961  	-1.18512  	0.02260  	0.50186  	0.49259  	-3.02442  	0.06152  	-0.08574  	-105.35325  	-1.05756  	145.38250  	148.11926  	-20020.16218  	-11403.94953  	Inf  	-Inf  	0.00479  	0.00003  	0.00420  	0.00443  	0.00629  	0.00000  	0.00000  
23.75032  	25.52117  	49.66961  	49.45748  	33.84990  	-1.18512  	0.02236  	0.50172  	0.49364  	-3.02442  	0.06155  	-0.08566  	-105.32776  	-1.05160  	145.69164  	148.07788  	-20020.73130  	-11404.11869  	Inf  	-Inf  	0.00479  	0.00003  	0.00420  	0.00443  	0.00629  	0.00000  	0.00000  
24.75066  	25.52294  	49.67184  	49.45876  	33.85048  	-1.18512  	0.02220  	0.50248  	0.49204  	-3.02442  	0.05947  	-0.08571  	-105.31268  	-1.05630  	145.21916  	148.30159  	-20021.24002  	-11404.44704  	Inf  	-Inf  	0.00479  	0.00003  	0.00419  	0.00443  	0.00629  	0.00000  	0.00000  
25.75068  	25.52513  	49.67408  	49.46153  	33.85001  	-1.18512  	0.02181  	0.50114  	0.49347  	-3.02442  	0.06132  	-0.08566  	-105.27902  	-1.05366  	145.64167  	147.90620  	-20021.61606  	-11404.91363  	Inf  	-Inf  	0.00479  	0.00003  	0.00420  	0.00442  	0.00628  	0.00000  	0.00000  
26.75096  	25.52741  	49.67544  	49.46304  	33.85018  	-1.18512  	0.02312  	0.50044  	0.49143  	-3.02442  	0.06228  	-0.08569  	-105.25235  	-1.05293  	145.04028  	147.69936  	-20022.15173  	-11405.18110  	Inf  	-Inf  	0.00479  	0.00003  	0.00420  	0.00444  	0.00628  	0.00000  	0.00000  
27.75140  	25.52900  	49.67643  	49.46411  	33.85032  	-1.18512  	0.02208  	0.50169  	0.49337  	-3.02442  	0.06120  	-0.08571  	-105.23392  	-1.05256  	145.61205  	148.06834  	-20022.52798  	-11405.37454  	Inf  	-Inf  	0.00479  	0.00003  	0.00420  	0.00442  	0.00629  	0.00000  	0.00000  
28.75250  	25.53185  	49.67849  	49.46554  	33.85181  	-1.18512  	0.02237  	0.50194  	0.49190  	-3.02442  	0.06162  	-0.08567  	-105.21675  	-1.05567  	145.17915  	148.14210  	-20023.47374  	-11405.69851  	Inf  	-Inf  	0.00479  	0.00003  	0.00420  	0.00443  	0.00629  	0.00000  	0.00000  
29.75249  	25.53282  	49.67954  	49.46702  	33.85194  	-1.18512  	0.02327  	0.50157  	0.49358  	-3.02442  	0.06355  	-0.08572  	-105.20624  	-1.05354  	145.67350  	148.03364  	-20023.71261  	-11405.93572  	Inf  	-Inf  	0.00479  	0.00003  	0.00420  	0.00445  	0.00629  	0.00000  	0.00000  
30.75247  	25.53545  	49.68137  	49.46809  	33.85249  	-1.18512  	0.02290  	0.50040  	0.49134  	-3.02442  	0.06107  	-0.08564  	-105.17986  	-1.05730  	145.01261  	147.68624  	-20024.40587  	-11406.20606  	Inf  	-Inf  	0.00479  	0.00003  	0.00420  	0.00444  	0.00628  	0.00000  	0.00000  
31.75250  	25.53629  	49.68361  	49.47058  	33.85366  	-1.18512  	0.02228  	0.50180  	0.49088  	-3.02442  	0.06204  	-0.08569  	-105.18400  	-1.05604  	144.87811  	148.10133  	-20024.84495  	-11406.64647  	Inf  	-Inf  	0.00479  	0.00003  	0.00420  	0.00443  	0.00629  	0.00000  	0.00000  
32.75395  	25.53798  	49.68558  	49.47315  	33.85245  	-1.18512  	0.02215  	0.50171  	0.48980  	-3.02442  	0.06148  	-0.08570  	-105.14735  	-1.05308  	144.55804  	148.07410  	-20024.95020  	-11407.07020  	Inf  	-Inf  	0.00478  	0.00003  	0.00420  	0.00443  	0.00629  	0.00000  	0.00000  
33.75351  	25.53893  	49.68719  	49.47569  	33.85312  	-1.18512  	0.02194  	0.50116  	0.49364  	-3.02442  	0.05952  	-0.08563  	-105.14376  	-1.04850  	145.69102  	147.91060  	-20025.30283  	-11407.45677  	Inf  	-Inf  	0.00479  	0.00003  	0.00419  	0.00442  	0.00628  	0.00000  	0.00000  
34.75460  	25.54119  	49.68735  	49.47650  	33.85398  	-1.18512  	0.02296  	0.50174  	0.49053  	-3.02442  	0.06240  	-0.08576  	-105.12615  	-1.04527  	144.77465  	148.08329  	-20025.98402  	-11407.54802  	Inf  	-Inf  	0.00478  	0.00002  	0.00420  	0.00444  	0.00629  	0.00000  	0.00000  
35.75460  	25.54343  	49.69009  	49.47808  	33.85324  	-1.18512  	0.02284  	0.50283  	0.49417  	-3.02442  	0.06026  	-0.08568  	-105.08850  	-1.05102  	145.84871  	148.40347  	-20026.30979  	-11407.95105  	Inf  	-Inf  	0.00479  	0.00003  	0.00419  	0.00444  	0.00629  	0.00000  	0.00000  
36.75460  	25.54490  	49.69172  	49.47982  	33.85352  	-1.18512  	0.02264  	0.50418  	0.49407  	-3.02442  	0.06095  	-0.08563  	-105.07332  	-1.05045  	145.81918  	148.80377  	-20026.69016  	-11408.26553  	Inf  	-Inf  	0.00479  	0.00003  	0.00420  	0.00443  	0.00630  	0.00000  	0.00000  
37.75460  	25.54664  	49.69349  	49.48135  	33.85352  	-1.18512  	0.02378  	0.50456  	0.49553  	-3.02442  	0.06254  	-0.08570  	-105.05131  	-1.05164  	146.24952  	148.91479  	-20027.06949  	-11408.57243  	Inf  	-Inf  	0.00479  	0.00003  	0.00420  	0.00446  	0.00630  	0.00000  	0.00000  
38.75449  	25.54811  	49.69381  	49.48286  	33.85372  	-1.18512  	0.02322  	0.50427  	0.49504  	-3.02442  	0.06133  	-0.08562  	-105.03543  	-1.04577  	146.10525  	148.82830  	-20027.43376  	-11408.74349  	Inf  	-Inf  	0.00479  	0.00003  	0.00420  	0.00445  	0.00630  	0.00000  	0.00000  
39.75451  	25.55132  	49.69679  	49.48510  	33.85318  	-1.18512  	0.02321  	0.50417  	0.49347  	-3.02442  	0.06019  	-0.08564  	-104.98801  	-1.04947  	145.64116  	148.79958  	-20028.01617  	-11409.23041  	Inf  	-Inf  	0.00479  	0.00003  	0.00419  	0.00445  	0.00630  	0.00000  	0.00000  
40.75571  	25.55448  	49.69818  	49.48593  	33.85322  	-1.18512  	0.02235  	0.50466  	0.49687  	-3.02442  	0.06221  	-0.08569  	-104.94846  	-1.05218  	146.64654  	148.94501  	-20028.71294  	-11409.43730  	Inf  	-Inf  	0.00479  	0.00003  	0.00420  	0.00443  	0.00630  	0.00000  	0.00000  
41.75571  	25.55557  	49.69977  	49.48745  	33.85266  	-1.18512  	0.02196  	0.50469  	0.49654  	-3.02442  	0.06117  	-0.08569  	-104.92759  	-1.05254  	146.54884  	148.95271  	-20028.82743  	-11409.72798  	Inf  	-Inf  	0.00479  	0.00003  	0.00420  	0.00442  	0.00630  	0.00000  	0.00000  
42.75571  	25.55882  	49.70161  	49.48952  	33.85300  	-1.18512  	0.02170  	0.50442  	0.49660  	-3.02442  	0.06162  	-0.08567  	-104.89087  	-1.05139  	146.56573  	148.87295  	-20029.61151  	-11410.09199  	Inf  	-Inf  	0.00479  	0.00003  	0.00420  	0.00442  	0.00630  	0.00000  	0.00000  
43.75557  	25.56120  	49.70284  	49.49133  	33.85115  	-1.18512  	0.02150  	0.50343  	0.49748  	-3.02442  	0.06108  	-0.08559  	-104.83737  	-1.04854  	146.82596  	148.58255  	-20029.72675  	-11410.37610  	Inf  	-Inf  	0.00480  	0.00003  	0.00420  	0.00441  	0.00629  	0.00000  	0.00000  
44.75558  	25.56363  	49.70440  	49.49474  	33.85057  	-1.18512  	0.02210  	0.50390  	0.49634  	-3.02442  	0.06180  	-0.08563  	-104.79921  	-1.03935  	146.48936  	148.71969  	-20030.13148  	-11410.83911  	Inf  	-Inf  	0.00479  	0.00003  	0.00420  	0.00442  	0.00630  	0.00000  	0.00000  
45.75566  	25.56639  	49.70558  	49.49567  	33.85020  	-1.18512  	0.02221  	0.50486  	0.49249  	-3.02442  	0.06289  	-0.08563  	-104.75964  	-1.04063  	145.35303  	149.00313  	-20030.65091  	-11411.03598  	Inf  	-Inf  	0.00479  	0.00003  	0.00420  	0.00443  	0.00630  	0.00000  	0.00000  
46.75565  	25.56978  	49.70775  	49.49684  	33.84966  	-1.18512  	0.02266  	0.50536  	0.49222  	-3.02442  	0.06204  	-0.08571  	-104.70993  	-1.04559  	145.27190  	149.15280  	-20031.27057  	-11411.34788  	Inf  	-Inf  	0.00479  	0.00003  	0.00420  	0.00444  	0.00630  	0.00000  	0.00000  
47.75572  	25.57161  	49.70859  	49.49866  	33.84933  	-1.18512  	0.02321  	0.50375  	0.49297  	-3.02442  	0.06230  	-0.08567  	-104.68261  	-1.04071  	145.49428  	148.67494  	-20031.60066  	-11411.59643  	Inf  	-Inf  	0.00479  	0.00003  	0.00420  	0.00445  	0.00630  	0.00000  	0.00000  
48.75566  	25.57463  	49.71135  	49.50043  	33.84913  	-1.18512  	0.02303  	0.50422  	0.48947  	-3.02442  	0.06008  	-0.08570  	-104.64197  	-1.04562  	144.46240  	148.81417  	-20032.21411  	-11412.01874  	Inf  	-Inf  	0.00478  	0.00003  	0.00419  	0.00444  	0.00630  	0.00000  	0.00000  
49.75565  	25.57717  	49.71288  	49.50240  	33.84965  	-1.18512  	0.02131  	0.50396  	0.49524  	-3.02442  	0.06034  	-0.08565  	-104.61637  	-1.04341  	146.16487  	148.73771  	-20032.88042  	-11412.34528  	Inf  	-Inf  	0.00479  	0.00003  	0.00419  	0.00441  	0.00630  	0.00000  	0.00000  
50.75557  	25.58101  	49.71467  	49.50402  	33.85008  	-1.18512  	0.02329  	0.50309  	0.49310  	-3.02442  	0.06203  	-0.08569  	-104.57323  	-1.04428  	145.53422  	148.48212  	-20033.81019  	-11412.66279  	Inf  	-Inf  	0.00479  	0.00003  	0.00420  	0.00445  	0.00629  	0.00000  	0.00000  
51.75558  	25.58354  	49.71662  	49.50530  	33.85065  	-1.18512  	0.02273  	0.50343  	0.49355  	-3.02442  	0.06223  	-0.08566  	-104.54853  	-1.04756  	145.66564  	148.58074  	-20034.48805  	-11412.96426  	Inf  	-Inf  	0.00479  	0.00003  	0.00420  	0.00444  	0.00629  	0.00000  	0.00000  
52.75704  	25.58664  	49.71771  	49.50690  	33.85067  	-1.18512  	0.02261  	0.50189  	0.49579  	-3.02442  	0.06078  	-0.08564  	-104.50948  	-1.04509  	146.32710  	148.12596  	-20035.16947  	-11413.21581  	Inf  	-Inf  	0.00479  	0.00003  	0.00419  	0.00443  	0.00629  	0.00000  	0.00000  
53.75768  	25.58978  	49.71991  	49.50812  	33.85097  	-1.18512  	0.02260  	0.50280  	0.49229  	-3.02442  	0.06132  	-0.08566  	-104.47355  	-1.04992  	145.29365  	148.39617  	-20035.91805  	-11413.53489  	Inf  	-Inf  	0.00479  	0.00003  	0.00420  	0.00443  	0.00629  	0.00000  	0.00000  
54.75845  	25.59299  	49.72121  	49.50927  	33.85209  	-1.18512  	0.02343  	0.50154  	0.49225  	-3.02442  	0.06112  	-0.08571  	-104.44721  	-1.05067  	145.28315  	148.02408  	-20036.86166  	-11413.76341  	Inf  	-Inf  	0.00479  	0.00003  	0.00420  	0.00445  	0.00629  	0.00000  	0.00000  
55.75998  	25.59615  	49.72403  	49.51125  	33.85387  	-1.18512  	0.02182  	0.50234  	0.49225  	-3.02442  	0.06019  	-0.08567  	-104.42969  	-1.05485  	145.28335  	148.25998  	-20037.93779  	-11414.21051  	Inf  	-Inf  	0.00479  	0.00003  	0.00419  	0.00442  	0.00629  	0.00000  	0.00000  
56.76066  	25.59878  	49.72634  	49.51340  	33.85514  	-1.18512  	0.02300  	0.50147  	0.48845  	-3.02442  	0.06145  	-0.08569  	-104.41250  	-1.05559  	144.16198  	148.00272  	-20038.78673  	-11414.62694  	Inf  	-Inf  	0.00478  	0.00003  	0.00420  	0.00444  	0.00629  	0.00000  	0.00000  
57.76061  	25.60169  	49.72749  	49.51478  	33.85628  	-1.18512  	0.02233  	0.50125  	0.49140  	-3.02442  	0.06107  	-0.08566  	-104.39014  	-1.05449  	145.03218  	147.93859  	-20039.67241  	-11414.86283  	Inf  	-Inf  	0.00479  	0.00003  	0.00420  	0.00443  	0.00628  	0.00000  	0.00000  
58.76106  	25.60357  	49.72911  	49.51672  	33.85739  	-1.18512  	0.02343  	0.50150  	0.49072  	-3.02442  	0.06126  	-0.08569  	-104.38033  	-1.05292  	144.83133  	148.01224  	-20040.32311  	-11415.19510  	Inf  	-Inf  	0.00479  	0.00003  	0.00420  	0.00445  	0.00629  	0.00000  	0.00000  
59.76050  	25.60574  	49.73077  	49.51817  	33.85972  	-1.18512  	0.02266  	0.50064  	0.49267  	-3.02442  	0.06147  	-0.08572  	-104.38241  	-1.05397  	145.40473  	147.75747  	-20041.30440  	-11415.48548  	Inf  	-Inf  	0.00479  	0.00003  	0.00420  	0.00444  	0.00628  	0.00000  	0.00000  
60.76115  	25.60829  	49.73246  	49.52002  	33.86155  	-1.18512  	0.02220  	0.50075  	0.49018  	-3.02442  	0.06053  	-0.08570  	-104.37329  	-1.05315  	144.67044  	147.79051  	-20042.25798  	-11415.81501  	Inf  	-Inf  	0.00478  	0.00003  	0.00419  	0.00443  	0.00628  	0.00000  	0.00000  
61.76068  	25.61017  	49.73461  	49.52091  	33.86243  	-1.18512  	0.02308  	0.50151  	0.49226  	-3.02442  	0.06122  	-0.08567  	-104.36074  	-1.05941  	145.28511  	148.01515  	-20042.86146  	-11416.09924  	Inf  	-Inf  	0.00479  	0.00003  	0.00420  	0.00444  	0.00629  	0.00000  	0.00000  
62.76084  	25.61287  	49.73644  	49.52287  	33.86501  	-1.18512  	0.02368  	0.50097  	0.49484  	-3.02442  	0.06032  	-0.08571  	-104.35913  	-1.05878  	146.04578  	147.85599  	-20044.01350  	-11416.45281  	Inf  	-Inf  	0.00479  	0.00003  	0.00419  	0.00445  	0.00628  	0.00000  	0.00000  
63.76105  	25.61488  	49.73777  	49.52495  	33.86666  	-1.18512  	0.02250  	0.50153  	0.49419  	-3.02442  	0.06186  	-0.08568  	-104.35467  	-1.05504  	145.85375  	148.02070  	-20044.81008  	-11416.77088  	Inf  	-Inf  	0.00479  	0.00003  	0.00420  	0.00443  	0.00629  	0.00000  	0.00000  
64.76057  	25.61706  	49.74027  	49.52753  	33.86850  	-1.18512  	0.02224  	0.50106  	0.49344  	-3.02442  	0.06071  	-0.08566  	-104.35021  	-1.05464  	145.63326  	147.88365  	-20045.68738  	-11417.24475  	Inf  	-Inf  	0.00479  	0.00003  	0.00419  	0.00443  	0.00628  	0.00000  	0.00000  
65.76420  	25.61990  	49.74209  	49.52860  	33.87013  	-1.18512  	0.02151  	0.50235  	0.49627  	-3.02442  	0.06119  	-0.08568  	-104.33488  	-1.05836  	146.46820  	148.26166  	-20046.66134  	-11417.51509  	Inf  	-Inf  	0.00479  	0.00003  	0.00420  	0.00441  	0.00629  	0.00000  	0.00000  
66.76555  	25.62118  	49.74359  	49.53010  	33.87166  	-1.18512  	0.02272  	0.50216  	0.49171  	-3.02442  	0.06230  	-0.08573  	-104.33816  	-1.05837  	145.12191  	148.20651  	-20047.27385  	-11417.79483  	Inf  	-Inf  	0.00479  	0.00003  	0.00420  	0.00444  	0.00629  	0.00000  	0.00000  
67.76678  	25.62481  	49.74573  	49.53279  	33.87354  	-1.18512  	0.02326  	0.50336  	0.49131  	-3.02442  	0.06124  	-0.08569  	-104.31600  	-1.05566  	145.00416  	148.56099  	-20048.47522  	-11418.24469  	Inf  	-Inf  	0.00479  	0.00003  	0.00420  	0.00445  	0.00629  	0.00000  	0.00000  
68.76701  	25.62684  	49.74673  	49.53501  	33.87447  	-1.18512  	0.02175  	0.50403  	0.49381  	-3.02442  	0.06147  	-0.08567  	-104.30205  	-1.04957  	145.74192  	148.75847  	-20049.12151  	-11418.54591  	Inf  	-Inf  	0.00479  	0.00003  	0.00420  	0.00442  	0.00630  	0.00000  	0.00000  
69.76647  	25.62869  	49.74910  	49.53662  	33.87524  	-1.18512  	0.02109  	0.50481  	0.49338  	-3.02442  	0.06108  	-0.08573  	-104.28845  	-1.05337  	145.61545  	148.99012  	-20049.69147  	-11418.91658  	Inf  	-Inf  	0.00479  	0.00003  	0.00420  	0.00440  	0.00630  	0.00000  	0.00000  
70.76637  	25.63159  	49.75080  	49.53834  	33.87587  	-1.18512  	0.02236  	0.50469  	0.49619  	-3.02442  	0.06238  	-0.08570  	-104.25981  	-1.05325  	146.44634  	148.95326  	-20050.46227  	-11419.23595  	Inf  	-Inf  	0.00479  	0.00003  	0.00420  	0.00443  	0.00630  	0.00000  	0.00000  
71.76706  	25.63347  	49.75245  	49.53953  	33.87644  	-1.18512  	0.02314  	0.50428  	0.49443  	-3.02442  	0.06137  	-0.08572  	-104.24309  	-1.05556  	145.92592  	148.83351  	-20050.99595  	-11419.50049  	Inf  	-Inf  	0.00479  	0.00003  	0.00420  	0.00444  	0.00630  	0.00000  	0.00000  
72.76695  	25.63639  	49.75383  	49.54001  	33.87647  	-1.18512  	0.02239  	0.50414  	0.49425  	-3.02442  	0.06244  	-0.08569  	-104.20661  	-1.05997  	145.87306  	148.79009  	-20051.64004  	-11419.67489  	Inf  	-Inf  	0.00479  	0.00003  	0.00420  	0.00443  	0.00630  	0.00000  	0.00000  
73.76703  	25.63828  	49.75568  	49.54303  	33.87685  	-1.18512  	0.02354  	0.50454  	0.49686  	-3.02442  	0.06039  	-0.08567  	-104.18746  	-1.05422  	146.64334  	148.90928  	-20052.13396  	-11420.12876  	Inf  	-Inf  	0.00479  	0.00003  	0.00419  	0.00445  	0.00630  	0.00000  	0.00000  
74.76672  	25.64179  	49.75688  	49.54424  	33.87798  	-1.18512  	0.02267  	0.50483  	0.49496  	-3.02442  	0.06091  	-0.08569  	-104.15750  	-1.05411  	146.08105  	148.99633  	-20053.14595  	-11420.35356  	Inf  	-Inf  	0.00479  	0.00003  	0.00419  	0.00444  	0.00630  	0.00000  	0.00000  
75.76630  	25.64524  	49.75912  	49.54515  	33.87742  	-1.18512  	0.02258  	0.50427  	0.49812  	-3.02442  	0.06186  	-0.08573  	-104.10665  	-1.06073  	147.01392  	148.82984  	-20053.77542  	-11420.64681  	Inf  	-Inf  	0.00480  	0.00003  	0.00420  	0.00443  	0.00630  	0.00000  	0.00000  
76.76773  	25.64864  	49.76126  	49.54735  	33.87907  	-1.18512  	0.02172  	0.50413  	0.49339  	-3.02442  	0.06132  	-0.08566  	-104.08449  	-1.06042  	145.61896  	148.78854  	-20054.87778  	-11421.05286  	Inf  	-Inf  	0.00479  	0.00003  	0.00420  	0.00442  	0.00630  	0.00000  	0.00000  
77.76784  	25.65136  	49.76249  	49.54839  	33.87855  	-1.18512  	0.02228  	0.50432  	0.49361  	-3.02442  	0.06187  	-0.08569  	-104.04366  	-1.06137  	145.68309  	148.84486  	-20055.35746  	-11421.26472  	Inf  	-Inf  	0.00479  	0.00003  	0.00420  	0.00443  	0.00630  	0.00000  	0.00000  
78.76749  	25.65455  	49.76321  	49.55145  	33.87911  	-1.18512  	0.02182  	0.50291  	0.49381  	-3.02442  	0.06148  	-0.08568  	-104.01031  	-1.04973  	145.74373  	148.42885  	-20056.17574  	-11421.61684  	Inf  	-Inf  	0.00479  	0.00003  	0.00420  	0.00442  	0.00629  	0.00000  	0.00000  
79.76779  	25.65795  	49.76596  	49.55295  	33.87996  	-1.18512  	0.02259  	0.50441  	0.49390  	-3.02442  	0.06156  	-0.08567  	-103.97812  	-1.05596  	145.76772  	148.87158  	-20057.10119  	-11422.01294  	Inf  	-Inf  	0.00479  	0.00003  	0.00420  	0.00443  	0.00630  	0.00000  	0.00000  
80.76942  	25.66059  	49.76783  	49.55505  	33.88061  	-1.18512  	0.02160  	0.50364  	0.49520  	-3.02442  	0.06152  	-0.08563  	-103.95300  	-1.05481  	146.15259  	148.64405  	-20057.81948  	-11422.38412  	Inf  	-Inf  	0.00479  	0.00003  	0.00420  	0.00441  	0.00630  	0.00000  	0.00000  
81.76932  	25.66432  	49.76899  	49.55698  	33.88194  	-1.18512  	0.02226  	0.50304  	0.49490  	-3.02442  	0.06293  	-0.08570  	-103.92256  	-1.05102  	146.06443  	148.46595  	-20058.92086  	-11422.67237  	Inf  	-Inf  	0.00479  	0.00003  	0.00420  	0.00443  	0.00629  	0.00000  	0.00000  
82.76985  	25.66827  	49.77050  	49.55793  	33.88355  	-1.18512  	0.02294  	0.50391  	0.49459  	-3.02442  	0.06077  	-0.08570  	-103.89303  	-1.05378  	145.97161  	148.72377  	-20060.13528  	-11422.90229  	Inf  	-Inf  	0.00479  	0.00003  	0.00419  	0.00444  	0.00630  	0.00000  	0.00000  
83.76931  	25.67100  	49.77296  	49.56045  	33.88481  	-1.18512  	0.02305  	0.50208  	0.48977  	-3.02442  	0.06110  	-0.08569  	-103.87436  	-1.05348  	144.55084  	148.18301  	-20061.00416  	-11423.36579  	Inf  	-Inf  	0.00478  	0.00003  	0.00420  	0.00444  	0.00629  	0.00000  	0.00000  
84.76952  	25.67512  	49.77465  	49.56156  	33.88616  	-1.18512  	0.02123  	0.50248  	0.49193  	-3.02442  	0.06171  	-0.08567  	-103.83946  	-1.05636  	145.18747  	148.30269  	-20062.19787  	-11423.62728  	Inf  	-Inf  	0.00479  	0.00003  	0.00420  	0.00441  	0.00629  	0.00000  	0.00000  
85.76981  	25.67769  	49.77620  	49.56356  	33.88771  	-1.18512  	0.02243  	0.50123  	0.49025  	-3.02442  	0.06172  	-0.08565  	-103.82649  	-1.05414  	144.69171  	147.93160  	-20063.09591  	-11423.95899  	Inf  	-Inf  	0.00478  	0.00003  	0.00420  	0.00443  	0.00628  	0.00000  	0.00000  
86.77065  	25.68116  	49.77817  	49.56459  	33.89031  	-1.18512  	0.02246  	0.50175  	0.48945  	-3.02442  	0.06105  	-0.08571  	-103.81546  	-1.05879  	144.45519  	148.08453  	-20064.41932  	-11424.23891  	Inf  	-Inf  	0.00478  	0.00003  	0.00420  	0.00443  	0.00629  	0.00000  	0.00000  
87.77121  	25.68304  	49.77941  	49.56634  	33.89193  	-1.18512  	0.02124  	0.50100  	0.49050  	-3.02442  	0.06189  	-0.08565  	-103.81210  	-1.05625  	144.76639  	147.86560  	-20065.18307  	-11424.51767  	Inf  	-Inf  	0.00478  	0.00003  	0.00420  	0.00441  	0.00628  	0.00000  	0.00000  
88.77247  	25.68722  	49.78043  	49.57047  	33.89486  	-1.18512  	0.02189  	0.50167  	0.49009  	-3.02442  	0.06176  	-0.08568  	-103.79636  	-1.04085  	144.64515  	148.06348  	-20066.73293  	-11424.99801  	Inf  	-Inf  	0.00478  	0.00003  	0.00420  	0.00442  	0.00629  	0.00000  	0.00000  
89.77273  	25.69015  	49.78286  	49.57169  	33.89611  	-1.18512  	0.02159  	0.50034  	0.49269  	-3.02442  	0.06098  	-0.08564  	-103.77517  	-1.04683  	145.41239  	147.67035  	-20067.64492  	-11425.33929  	Inf  	-Inf  	0.00479  	0.00003  	0.00420  	0.00441  	0.00628  	0.00000  	0.00000  
90.77249  	25.69234  	49.78440  	49.57281  	33.89864  	-1.18512  	0.02170  	0.49964  	0.49240  	-3.02442  	0.06087  	-0.08563  	-103.77932  	-1.04896  	145.32737  	147.46338  	-20068.67568  	-11425.58750  	Inf  	-Inf  	0.00479  	0.00003  	0.00419  	0.00442  	0.00628  	0.00000  	0.00000  
91.77247  	25.69604  	49.78638  	49.57334  	33.90144  	-1.18512  	0.02167  	0.50016  	0.48983  	-3.02442  	0.06111  	-0.08564  	-103.76812  	-1.05610  	144.56648  	147.61550  	-20070.09283  	-11425.82134  	Inf  	-Inf  	0.00478  	0.00003  	0.00420  	0.00442  	0.00628  	0.00000  	0.00000  
92.77249  	25.69809  	49.78816  	49.57386  	33.90294  	-1.18512  	0.02349  	0.50049  	0.48874  	-3.02442  	0.06193  	-0.08567  	-103.76118  	-1.06236  	144.24627  	147.71441  	-20070.86688  	-11426.03705  	Inf  	-Inf  	0.00478  	0.00003  	0.00420  	0.00445  	0.00628  	0.00000  	0.00000  
93.77250  	25.70030  	49.78983  	49.57672  	33.90565  	-1.18512  	0.02339  	0.50146  	0.49115  	-3.02442  	0.06235  	-0.08572  	-103.76743  	-1.05646  	144.95701  	147.99910  	-20071.94003  	-11426.45831  	Inf  	-Inf  	0.00479  	0.00003  	0.00420  	0.00445  	0.00629  	0.00000  	0.00000  
94.77247  	25.70272  	49.79137  	49.57892  	33.90815  	-1.18512  	0.02303  	0.50121  	0.48777  	-3.02442  	0.06100  	-0.08567  	-103.76840  	-1.05321  	143.95880  	147.92791  	-20073.01489  	-11426.80771  	Inf  	-Inf  	0.00478  	0.00003  	0.00420  	0.00444  	0.00628  	0.00000  	0.00000  
95.77394  	25.70559  	49.79373  	49.58138  	33.90931  	-1.18512  	0.02242  	0.50167  	0.48740  	-3.02442  	0.06093  	-0.08573  	-103.74670  	-1.05269  	143.85156  	148.06363  	-20073.89270  	-11427.25782  	Inf  	-Inf  	0.00478  	0.00003  	0.00419  	0.00443  	0.00629  	0.00000  	0.00000  
96.77351  	25.70694  	49.79519  	49.58336  	33.91310  	-1.18512  	0.02206  	0.50150  	0.49160  	-3.02442  	0.06286  	-0.08568  	-103.77767  	-1.05013  	145.08971  	148.01294  	-20075.01490  	-11427.57955  	Inf  	-Inf  	0.00479  	0.00003  	0.00420  	0.00442  	0.00629  	0.00000  	0.00000  
97.77460  	25.71044  	49.79664  	49.58378  	33.91406  	-1.18512  	0.02353  	0.50219  	0.49063  	-3.02442  	0.06233  	-0.08568  	-103.74558  	-1.05522  	144.80281  	148.21614  	-20075.98630  	-11427.75314  	Inf  	-Inf  	0.00479  	0.00003  	0.00420  	0.00445  	0.00629  	0.00000  	0.00000  
98.77460  	25.71275  	49.79808  	49.58525  	33.91544  	-1.18512  	0.02215  	0.50184  	0.49407  	-3.02442  	0.06046  	-0.08571  	-103.73383  	-1.05508  	145.81967  	148.11373  	-20076.79220  	-11428.02428  	Inf  	-Inf  	0.00479  	0.00003  	0.00419  	0.00443  	0.00629  	0.00000  	0.00000  
99.77560  	25.71500  	49.79908  	49.58723  	33.91778  	-1.18512  	0.02272  	0.50340  	0.49517  	-3.02442  	0.06214  	-0.08569  	-103.73490  	-1.05020  	146.14361  	148.57393  	-20077.79117  	-11428.30353  	Inf  	-Inf  	0.00479  	0.00003  	0.00420  	0.00444  	0.00629  	0.00000  	0.00000  
100.77560  	25.71813  	49.80104  	49.58810  	33.91978  	-1.18512  	0.02130  	0.50318  	0.49432  	-3.02442  	0.06267  	-0.08566  	-103.72066  	-1.05559  	145.89429  	148.50838  	-20078.91216  	-11428.56702  	Inf  	-Inf  	0.00479  	0.00003  	0.00420  	0.00441  	0.00629  	0.00000  	0.00000  
101.77557  	25.72104  	49.80291  	49.58996  	33.92061  	-1.18512  	0.02091  	0.50360  	0.49492  	-3.02442  	0.06009  	-0.08566  	-103.69423  	-1.05565  	146.07092  	148.63114  	-20079.72690  	-11428.91500  	Inf  	-Inf  	0.00479  	0.00003  	0.00419  	0.00440  	0.00630  	0.00000  	0.00000  
102.77714  	25.72429  	49.80532  	49.59193  	33.92198  	-1.18512  	0.02210  	0.50342  	0.49448  	-3.02442  	0.06239  	-0.08568  	-103.67058  	-1.05788  	145.94035  	148.57823  	-20080.73602  	-11429.32381  	Inf  	-Inf  	0.00479  	0.00003  	0.00420  	0.00442  	0.00629  	0.00000  	0.00000  
103.77791  	25.72636  	49.80696  	49.59306  	33.92272  	-1.18512  	0.02367  	0.50363  	0.49712  	-3.02442  	0.06203  	-0.08572  	-103.65370  	-1.06043  	146.71801  	148.63982  	-20081.34838  	-11429.58251  	Inf  	-Inf  	0.00480  	0.00003  	0.00420  	0.00445  	0.00630  	0.00000  	0.00000  
104.77854  	25.72941  	49.80796  	49.59570  	33.92380  	-1.18512  	0.02262  	0.50503  	0.49458  	-3.02442  	0.06098  	-0.08567  	-103.62884  	-1.05222  	145.97057  	149.05304  	-20082.24909  	-11429.92243  	Inf  	-Inf  	0.00479  	0.00003  	0.00420  	0.00443  	0.00630  	0.00000  	0.00000  
105.77887  	25.73257  	49.80918  	49.59879  	33.92454  	-1.18512  	0.02311  	0.50370  	0.49492  	-3.02442  	0.06231  	-0.08565  	-103.59814  	-1.04301  	146.06955  	148.65998  	-20083.10146  	-11430.32431  	Inf  	-Inf  	0.00479  	0.00003  	0.00420  	0.00444  	0.00630  	0.00000  	0.00000  
106.77891  	25.73520  	49.81084  	49.59992  	33.92528  	-1.18512  	0.02225  	0.50466  	0.49514  	-3.02442  	0.06235  	-0.08573  	-103.57425  	-1.04560  	146.13586  	148.94474  	-20083.83648  	-11430.58470  	Inf  	-Inf  	0.00479  	0.00003  	0.00420  	0.00443  	0.00630  	0.00000  	0.00000  
107.77866  	25.74027  	49.81280  	49.60060  	33.92684  	-1.18512  	0.02139  	0.50337  	0.49603  	-3.02442  	0.06091  	-0.08564  	-103.52982  	-1.05198  	146.39641  	148.56434  	-20085.28194  	-11430.83176  	Inf  	-Inf  	0.00479  	0.00003  	0.00419  	0.00441  	0.00629  	0.00000  	0.00000  
108.77934  	25.74315  	49.81403  	49.60147  	33.92727  	-1.18512  	0.02297  	0.50402  	0.49463  	-3.02442  	0.05977  	-0.08565  	-103.49891  	-1.05374  	145.98435  	148.75445  	-20086.00340  	-11431.02685  	Inf  	-Inf  	0.00479  	0.00003  	0.00419  	0.00444  	0.00630  	0.00000  	0.00000  
109.77953  	25.74610  	49.81584  	49.60305  	33.92878  	-1.18512  	0.02286  	0.50427  	0.49689  	-3.02442  	0.06048  	-0.08565  	-103.48070  	-1.05490  	146.65046  	148.83050  	-20086.97651  	-11431.34332  	Inf  	-Inf  	0.00480  	0.00003  	0.00419  	0.00444  	0.00630  	0.00000  	0.00000  
110.78009  	25.74851  	49.81646  	49.60452  	33.93029  	-1.18512  	0.02306  	0.50366  	0.49575  	-3.02442  	0.06013  	-0.08571  	-103.46928  	-1.05067  	146.31372  	148.65005  	-20087.83254  	-11431.53844  	Inf  	-Inf  	0.00479  	0.00003  	0.00419  	0.00444  	0.00630  	0.00000  	0.00000  
111.77979  	25.75250  	49.81851  	49.60619  	33.93162  	-1.18512  	0.02383  	0.50290  	0.49222  	-3.02442  	0.06302  	-0.08568  	-103.43565  	-1.05252  	145.27191  	148.42431  	-20088.99137  	-11431.88564  	Inf  	-Inf  	0.00479  	0.00003  	0.00420  	0.00446  	0.00629  	0.00000  	0.00000  
112.77981  	25.75640  	49.81988  	49.60761  	33.93296  	-1.18512  	0.02306  	0.50327  	0.49240  	-3.02442  	0.06179  	-0.08574  	-103.40329  	-1.05229  	145.32602  	148.53329  	-20090.13434  	-11432.14683  	Inf  	-Inf  	0.00479  	0.00002  	0.00420  	0.00444  	0.00629  	0.00000  	0.00000  
113.78012  	25.76016  	49.82172  	49.60924  	33.93479  	-1.18512  	0.02268  	0.50275  	0.49304  	-3.02442  	0.06257  	-0.08565  	-103.37885  	-1.05337  	145.51674  	148.37997  	-20091.35593  	-11432.47061  	Inf  	-Inf  	0.00479  	0.00003  	0.00420  	0.00444  	0.00629  	0.00000  	0.00000  
114.78019  	25.76328  	49.82302  	49.61065  	33.93662  	-1.18512  	0.02311  	0.50300  	0.49371  	-3.02442  	0.06156  	-0.08563  	-103.36261  	-1.05282  	145.71342  	148.45633  	-20092.43657  	-11432.72334  	Inf  	-Inf  	0.00479  	0.00003  	0.00420  	0.00444  	0.00629  	0.00000  	0.00000  
115.77997  	25.76720  	49.82460  	49.61150  	33.93783  	-1.18512  	0.02237  	0.50238  	0.49332  	-3.02442  	0.06235  	-0.08569  	-103.32823  	-1.05643  	145.59712  	148.27103  	-20093.55408  	-11432.95031  	Inf  	-Inf  	0.00479  	0.00003  	0.00420  	0.00443  	0.00629  	0.00000  	0.00000  
116.78082  	25.77162  	49.82620  	49.61348  	33.94051  	-1.18512  	0.02152  	0.50175  	0.49163  	-3.02442  	0.06027  	-0.08572  	-103.30620  	-1.05452  	145.09903  	148.08739  	-20095.10377  	-11433.28392  	Inf  	-Inf  	0.00479  	0.00003  	0.00419  	0.00441  	0.00629  	0.00000  	0.00000  
117.78121  	25.77438  	49.82807  	49.61481  	33.94211  	-1.18512  	0.02193  	0.50168  	0.49164  	-3.02442  	0.05999  	-0.08565  	-103.29167  	-1.05720  	145.10236  	148.06385  	-20096.05358  	-11433.58316  	Inf  	-Inf  	0.00479  	0.00003  	0.00419  	0.00442  	0.00629  	0.00000  	0.00000  
118.78073  	25.77777  	49.82962  	49.61701  	33.94414  	-1.18512  	0.02249  	0.50140  	0.49272  	-3.02442  	0.06147  	-0.08569  	-103.27443  	-1.05398  	145.42060  	147.98333  	-20097.23990  	-11433.93307  	Inf  	-Inf  	0.00479  	0.00003  	0.00420  	0.00443  	0.00629  	0.00000  	0.00000  
119.78108  	25.78213  	49.83066  	49.61910  	33.94704  	-1.18512  	0.02248  	0.50121  	0.49226  	-3.02442  	0.06074  	-0.08566  	-103.25603  	-1.04876  	145.28573  	147.92708  	-20098.82233  	-11434.22517  	Inf  	-Inf  	0.00479  	0.00003  	0.00419  	0.00443  	0.00628  	0.00000  	0.00000  
120.78115  	25.78518  	49.83237  	49.62034  	33.94843  	-1.18512  	0.02122  	0.49939  	0.49265  	-3.02442  	0.06158  	-0.08566  	-103.23495  	-1.05113  	145.39909  	147.38991  	-20099.78988  	-11434.50099  	Inf  	-Inf  	0.00479  	0.00003  	0.00420  	0.00441  	0.00628  	0.00000  	0.00000  
121.78115  	25.78752  	49.83419  	49.62224  	33.95113  	-1.18512  	0.02189  	0.50057  	0.49221  	-3.02442  	0.06097  	-0.08569  	-103.23954  	-1.05069  	145.27163  	147.73889  	-20100.88899  	-11434.84782  	Inf  	-Inf  	0.00479  	0.00003  	0.00420  	0.00442  	0.00628  	0.00000  	0.00000  
122.78173  	25.79050  	49.83578  	49.62361  	33.95404  	-1.18512  	0.02239  	0.50049  	0.49211  	-3.02442  	0.06009  	-0.08568  	-103.23863  	-1.05182  	145.24091  	147.71395  	-20102.17446  	-11435.12361  	Inf  	-Inf  	0.00479  	0.00003  	0.00419  	0.00443  	0.00628  	0.00000  	0.00000  
123.78191  	25.79473  	49.83662  	49.62538  	33.95682  	-1.18512  	0.02226  	0.50098  	0.49109  	-3.02442  	0.06154  	-0.08569  	-103.22029  	-1.04722  	144.93999  	147.85915  	-20103.70449  	-11435.36734  	Inf  	-Inf  	0.00479  	0.00003  	0.00420  	0.00443  	0.00628  	0.00000  	0.00000  
124.78134  	25.79694  	49.83908  	49.62740  	33.96003  	-1.18512  	0.02353  	0.50126  	0.48982  	-3.02442  	0.06059  	-0.08572  	-103.23299  	-1.04940  	144.56495  	147.94278  	-20104.88783  	-11435.78516  	Inf  	-Inf  	0.00478  	0.00003  	0.00419  	0.00445  	0.00628  	0.00000  	0.00000  
125.78175  	25.80074  	49.83976  	49.62852  	33.96261  	-1.18512  	0.02350  	0.50087  	0.48956  	-3.02442  	0.06254  	-0.08565  	-103.21751  	-1.04718  	144.48720  	147.82523  	-20106.27971  	-11435.95349  	Inf  	-Inf  	0.00478  	0.00003  	0.00420  	0.00445  	0.00628  	0.00000  	0.00000  
126.78211  	25.80345  	49.84033  	49.63104  	33.96648  	-1.18512  	0.02275  	0.50060  	0.49158  	-3.02442  	0.06175  	-0.08569  	-103.23217  	-1.03755  	145.08358  	147.74722  	-20107.71563  	-11436.24232  	Inf  	-Inf  	0.00479  	0.00003  	0.00420  	0.00444  	0.00628  	0.00000  	0.00000  
127.78248  	25.80565  	49.84217  	49.63181  	33.96743  	-1.18512  	0.02322  	0.50169  	0.49049  	-3.02442  	0.06171  	-0.08569  	-103.21640  	-1.04280  	144.76394  	148.06757  	-20108.40518  	-11436.48554  	Inf  	-Inf  	0.00478  	0.00003  	0.00420  	0.00445  	0.00629  	0.00000  	0.00000  
128.78246  	25.80811  	49.84389  	49.63310  	33.97133  	-1.18512  	0.02217  	0.50110  	0.49079  	-3.02442  	0.06047  	-0.08570  	-103.23460  	-1.04498  	144.85258  	147.89280  	-20109.79398  	-11436.76698  	Inf  	-Inf  	0.00479  	0.00003  	0.00419  	0.00443  	0.00628  	0.00000  	0.00000  
129.78246  	25.81180  	49.84471  	49.63424  	33.97301  	-1.18512  	0.02258  	0.50155  	0.49085  	-3.02442  	0.06047  	-0.08569  	-103.20924  	-1.04341  	144.86854  	148.02683  	-20110.96358  	-11436.94990  	Inf  	-Inf  	0.00479  	0.00003  	0.00419  	0.00443  	0.00629  	0.00000  	0.00000  
130.78274  	25.81484  	49.84695  	49.63496  	33.97629  	-1.18512  	0.02356  	0.50228  	0.49241  	-3.02442  	0.06216  	-0.08572  	-103.21216  	-1.05094  	145.32906  	148.24123  	-20112.34360  	-11437.22561  	Inf  	-Inf  	0.00479  	0.00003  	0.00420  	0.00445  	0.00629  	0.00000  	0.00000  
131.78475  	25.81687  	49.84797  	49.63598  	33.97798  	-1.18512  	0.02278  	0.50270  	0.49078  	-3.02442  	0.06215  	-0.08569  	-103.20784  	-1.05088  	144.84941  	148.36665  	-20113.15440  	-11437.41637  	Inf  	-Inf  	0.00479  	0.00003  	0.00420  	0.00444  	0.00629  	0.00000  	0.00000  
132.78442  	25.81928  	49.84933  	49.63797  	33.98160  	-1.18512  	0.02236  	0.50340  	0.49241  	-3.02442  	0.06200  	-0.08570  	-103.22323  	-1.04782  	145.33078  	148.57180  	-20114.47283  	-11437.72918  	Inf  	-Inf  	0.00479  	0.00003  	0.00420  	0.00443  	0.00629  	0.00000  	0.00000  
133.78468  	25.82218  	49.85106  	49.63835  	33.98255  	-1.18512  	0.02242  	0.50402  	0.49373  	-3.02442  	0.06075  	-0.08570  	-103.19859  	-1.05451  	145.72012  	148.75473  	-20115.31071  	-11437.92643  	Inf  	-Inf  	0.00479  	0.00003  	0.00419  	0.00443  	0.00630  	0.00000  	0.00000  
134.78459  	25.82506  	49.85171  	49.63926  	33.98482  	-1.18512  	0.02091  	0.50376  	0.49228  	-3.02442  	0.06214  	-0.08565  	-103.19082  	-1.05321  	145.29195  	148.67899  	-20116.43671  	-11438.07139  	Inf  	-Inf  	0.00479  	0.00003  	0.00420  	0.00440  	0.00630  	0.00000  	0.00000  
135.78564  	25.82891  	49.85253  	49.64132  	33.98686  	-1.18512  	0.02196  	0.50509  	0.49304  	-3.02442  	0.06050  	-0.08570  	-103.16790  	-1.04705  	145.51396  	149.07179  	-20117.72104  	-11438.34031  	Inf  	-Inf  	0.00479  	0.00003  	0.00419  	0.00442  	0.00630  	0.00000  	0.00000  
136.78698  	25.83211  	49.85486  	49.64323  	33.98752  	-1.18512  	0.02312  	0.50437  	0.49582  	-3.02442  	0.06197  	-0.08569  	-103.13582  	-1.04915  	146.33466  	148.85918  	-20118.56434  	-11438.73613  	Inf  	-Inf  	0.00479  	0.00003  	0.00420  	0.00444  	0.00630  	0.00000  	0.00000  
137.78726  	25.83479  	49.85586  	49.64461  	33.98880  	-1.18512  	0.02225  	0.50463  	0.49421  	-3.02442  	0.06247  	-0.08569  	-103.11813  	-1.04721  	145.85976  	148.93612  	-20119.42622  	-11438.95875  	Inf  	-Inf  	0.00479  	0.00003  	0.00420  	0.00443  	0.00630  	0.00000  	0.00000  
138.78782  	25.83906  	49.85666  	49.64536  	33.99030  	-1.18512  	0.02241  	0.50457  	0.49563  	-3.02442  	0.06055  	-0.08568  	-103.08305  	-1.04749  	146.27834  	148.91929  	-20120.68833  	-11439.10292  	Inf  	-Inf  	0.00479  	0.00003  	0.00419  	0.00443  	0.00630  	0.00000  	0.00000  
139.78756  	25.84304  	49.85814  	49.64657  	33.99103  	-1.18512  	0.02247  	0.50411  	0.49583  	-3.02442  	0.06194  	-0.08566  	-103.04195  	-1.04883  	146.33837  	148.78191  	-20121.71606  	-11439.35404  	Inf  	-Inf  	0.00479  	0.00003  	0.00420  	0.00443  	0.00630  	0.00000  	0.00000  
140.78780  	25.84608  	49.85944  	49.64803  	33.99290  	-1.18512  	0.02353  	0.50469  	0.49443  	-3.02442  	0.06201  	-0.08569  	-103.02729  	-1.04803  	145.92667  	148.95292  	-20122.78765  	-11439.61154  	Inf  	-Inf  	0.00479  	0.00003  	0.00420  	0.00445  	0.00630  	0.00000  	0.00000  
141.78854  	25.84900  	49.85997  	49.64826  	33.99327  	-1.18512  	0.02147  	0.50462  	0.49576  	-3.02442  	0.06100  	-0.08571  	-102.99494  	-1.04951  	146.31693  	148.93240  	-20123.50499  	-11439.68245  	Inf  	-Inf  	0.00479  	0.00003  	0.00420  	0.00441  	0.00630  	0.00000  	0.00000  
142.78908  	25.85290  	49.86148  	49.64967  	33.99460  	-1.18512  	0.02264  	0.50408  	0.49664  	-3.02442  	0.06101  	-0.08571  	-102.96244  	-1.05002  	146.57841  	148.77268  	-20124.64563  	-11439.95519  	Inf  	-Inf  	0.00479  	0.00003  	0.00420  	0.00443  	0.00630  	0.00000  	0.00000  
143.78897  	25.85676  	49.86239  	49.65092  	33.99625  	-1.18512  	0.02243  	0.50394  	0.49302  	-3.02442  	0.06011  	-0.08559  	-102.93449  	-1.04832  	145.51075  	148.73098  	-20125.84802  	-11440.15773  	Inf  	-Inf  	0.00479  	0.00003  	0.00419  	0.00443  	0.00630  	0.00000  	0.00000  
144.78957  	25.86005  	49.86414  	49.65171  	33.99821  	-1.18512  	0.02263  	0.50315  	0.49735  	-3.02442  	0.06174  	-0.08568  	-102.91761  	-1.05312  	146.78732  	148.50016  	-20126.99532  	-11440.39474  	Inf  	-Inf  	0.00480  	0.00003  	0.00420  	0.00443  	0.00629  	0.00000  	0.00000  
145.78980  	25.86415  	49.86577  	49.65353  	33.99998  	-1.18512  	0.02256  	0.50402  	0.49410  	-3.02442  	0.06134  	-0.08569  	-102.88811  	-1.05213  	145.82778  	148.75622  	-20128.27768  	-11440.71696  	Inf  	-Inf  	0.00479  	0.00003  	0.00420  	0.00443  	0.00630  	0.00000  	0.00000  
146.78984  	25.86779  	49.86567  	49.65489  	34.00142  	-1.18512  	0.02398  	0.50351  	0.49262  	-3.02442  	0.06114  	-0.08572  	-102.86040  	-1.04489  	145.39032  	148.60581  	-20129.38728  	-11440.83415  	Inf  	-Inf  	0.00479  	0.00003  	0.00420  	0.00446  	0.00630  	0.00000  	0.00000  
147.78943  	25.87147  	49.86779  	49.65609  	34.00354  	-1.18512  	0.02341  	0.50271  	0.49300  	-3.02442  	0.06176  	-0.08566  	-102.84068  	-1.04944  	145.50470  	148.36863  	-20130.65189  	-11441.14407  	Inf  	-Inf  	0.00479  	0.00003  	0.00420  	0.00445  	0.00629  	0.00000  	0.00000  
148.79046  	25.87602  	49.86919  	49.65626  	34.00562  	-1.18512  	0.01534  	0.50107  	0.49510  	-3.02442  	0.06164  	-0.08569  	-102.80948  	-1.05558  	146.12445  	147.88630  	-20132.09981  	-11441.29056  	Inf  	-Inf  	0.00479  	0.00003  	0.00420  	0.00429  	0.00628  	0.00000  	0.00000  
149.79247  	25.87973  	49.87027  	49.65819  	34.00814  	-1.18512  	0.01966  	0.50107  	0.49237  	-3.02442  	0.06129  	-0.08569  	-102.79428  	-1.05139  	145.31788  	147.88501  	-20133.46058  	-11441.57195  	Inf  	-Inf  	0.00479  	0.00003  	0.00420  	0.00438  	0.00628  	0.00000  	0.00000  
150.79250  	25.88381  	49.87111  	49.66018  	34.01027  	-1.18512  	0.02290  	0.50130  	0.49089  	-3.02442  	0.06058  	-0.08565  	-102.76964  	-1.04566  	144.88074  	147.95398  	-20134.81656  	-11441.83527  	Inf  	-Inf  	0.00479  	0.00003  	0.00419  	0.00444  	0.00628  	0.00000  	0.00000  
151.79249  	25.88636  	49.87245  	49.66300  	34.01383  	-1.18512  	0.02332  	0.50196  	0.49504  	-3.02442  	0.06106  	-0.08568  	-102.78247  	-1.03833  	146.10527  	148.14668  	-20136.15003  	-11442.22419  	Inf  	-Inf  	0.00479  	0.00003  	0.00420  	0.00445  	0.00629  	0.00000  	0.00000  
152.79247  	25.89028  	49.87346  	49.66444  	34.01651  	-1.18512  	0.02252  	0.50076  	0.49157  	-3.02442  	0.06126  	-0.08570  	-102.76686  	-1.03617  	145.08144  	147.79262  	-20137.59054  	-11442.45320  	Inf  	-Inf  	0.00479  	0.00003  	0.00420  	0.00443  	0.00628  	0.00000  	0.00000  
153.79247  	25.89436  	49.87508  	49.66420  	34.01947  	-1.18512  	0.02214  	0.50082  	0.49283  	-3.02442  	0.06265  	-0.08569  	-102.75265  	-1.04538  	145.45238  	147.81291  	-20139.12798  	-11442.58194  	Inf  	-Inf  	0.00479  	0.00003  	0.00420  	0.00443  	0.00628  	0.00000  	0.00000  
154.79415  	25.89787  	49.87657  	49.66613  	34.02117  	-1.18512  	0.02347  	0.50035  	0.49234  	-3.02442  	0.06172  	-0.08565  	-102.72971  	-1.04324  	145.30845  	147.67340  	-20140.26602  	-11442.90070  	Inf  	-Inf  	0.00479  	0.00003  	0.00420  	0.00445  	0.00628  	0.00000  	0.00000  
155.79456  	25.90089  	49.87779  	49.66815  	34.02468  	-1.18512  	0.02246  	0.50082  	0.48801  	-3.02442  	0.06134  	-0.08566  	-102.73591  	-1.03929  	144.03082  	147.81264  	-20141.68989  	-11443.20322  	Inf  	-Inf  	0.00478  	0.00003  	0.00420  	0.00443  	0.00628  	0.00000  	0.00000  
156.79461  	25.90421  	49.87879  	49.66942  	34.02758  	-1.18512  	0.02225  	0.50095  	0.49203  	-3.02442  	0.06195  	-0.08573  	-102.73062  	-1.03793  	145.21734  	147.84851  	-20143.04914  	-11443.41550  	Inf  	-Inf  	0.00479  	0.00003  	0.00420  	0.00443  	0.00628  	0.00000  	0.00000  
157.79461  	25.90714  	49.87940  	49.66936  	34.03043  	-1.18512  	0.02205  	0.50072  	0.49091  	-3.02442  	0.06197  	-0.08560  	-102.72963  	-1.04123  	144.88564  	147.78205  	-20144.31231  	-11443.46739  	Inf  	-Inf  	0.00479  	0.00003  	0.00420  	0.00442  	0.00628  	0.00000  	0.00000  
158.79443  	25.91070  	49.88155  	49.66947  	34.03361  	-1.18512  	0.02272  	0.50069  	0.49218  	-3.02442  	0.06171  	-0.08570  	-102.72488  	-1.05136  	145.26089  	147.77361  	-20145.78281  	-11443.67772  	Inf  	-Inf  	0.00479  	0.00003  	0.00420  	0.00444  	0.00628  	0.00000  	0.00000  
159.79457  	25.91300  	49.88248  	49.67089  	34.03640  	-1.18512  	0.02249  	0.50028  	0.49069  	-3.02442  	0.06129  	-0.08571  	-102.73094  	-1.04893  	144.82268  	147.65083  	-20146.89443  	-11443.89816  	Inf  	-Inf  	0.00479  	0.00003  	0.00420  	0.00443  	0.00628  	0.00000  	0.00000  
160.79571  	25.91637  	49.88352  	49.67228  	34.03950  	-1.18512  	0.02219  	0.50061  	0.49193  	-3.02442  	0.06179  	-0.08565  	-102.72765  	-1.04722  	145.18668  	147.75031  	-20148.30678  	-11444.12456  	Inf  	-Inf  	0.00479  	0.00003  	0.00420  	0.00443  	0.00628  	0.00000  	0.00000  
161.79566  	25.91892  	49.88499  	49.67387  	34.04183  	-1.18512  	0.02271  	0.50104  	0.49309  	-3.02442  	0.06215  	-0.08567  	-102.72474  	-1.04659  	145.52919  	147.87553  	-20149.37238  	-11444.40925  	Inf  	-Inf  	0.00479  	0.00003  	0.00420  	0.00444  	0.00628  	0.00000  	0.00000  
162.79560  	25.92150  	49.88599  	49.67465  	34.04471  	-1.18512  	0.02180  	0.50186  	0.49401  	-3.02442  	0.06217  	-0.08569  	-102.72857  	-1.04772  	145.80057  	148.11972  	-20150.56529  	-11444.57578  	Inf  	-Inf  	0.00479  	0.00003  	0.00420  	0.00442  	0.00629  	0.00000  	0.00000  
163.79555  	25.92541  	49.88602  	49.67585  	34.04697  	-1.18512  	0.02355  	0.50252  	0.48855  	-3.02442  	0.06198  	-0.08573  	-102.70768  	-1.04190  	144.19021  	148.31395  	-20151.91210  	-11444.69027  	Inf  	-Inf  	0.00478  	0.00003  	0.00420  	0.00445  	0.00629  	0.00000  	0.00000  
164.79529  	25.92889  	49.88731  	49.67816  	34.04995  	-1.18512  	0.02263  	0.50303  	0.49447  	-3.02442  	0.06173  	-0.08568  	-102.70131  	-1.03682  	145.93620  	148.46387  	-20153.32370  	-11445.02698  	Inf  	-Inf  	0.00479  	0.00003  	0.00420  	0.00443  	0.00629  	0.00000  	0.00000  
165.79660  	25.93069  	49.88985  	49.67894  	34.05161  	-1.18512  	0.02143  	0.50311  	0.49540  	-3.02442  	0.06086  	-0.08563  	-102.69968  	-1.04556  	146.21324  	148.48612  	-20154.07981  	-11445.33678  	Inf  	-Inf  	0.00479  	0.00003  	0.00419  	0.00441  	0.00629  	0.00000  	0.00000  
166.79665  	25.93386  	49.88948  	49.67984  	34.05269  	-1.18512  	0.02227  	0.50386  	0.49412  	-3.02442  	0.06022  	-0.08559  	-102.67322  	-1.03928  	145.83329  	148.70849  	-20155.00778  	-11445.38658  	Inf  	-Inf  	0.00479  	0.00003  	0.00419  	0.00443  	0.00630  	0.00000  	0.00000  
167.79671  	25.93763  	49.89087  	49.67954  	34.05483  	-1.18512  	0.02274  	0.50527  	0.49630  	-3.02442  	0.05946  	-0.08570  	-102.65255  	-1.04763  	146.47848  	149.12520  	-20156.29748  	-11445.48895  	Inf  	-Inf  	0.00479  	0.00003  	0.00419  	0.00444  	0.00630  	0.00000  	0.00000  
168.79664  	25.94111  	49.89175  	49.68169  	34.05699  	-1.18512  	0.02022  	0.50507  	0.49624  	-3.02442  	0.06257  	-0.08566  	-102.63600  	-1.04134  	146.45899  	149.06503  	-20157.52962  	-11445.77045  	Inf  	-Inf  	0.00479  	0.00003  	0.00420  	0.00439  	0.00630  	0.00000  	0.00000  
169.79726  	25.94453  	49.89185  	49.68293  	34.05776  	-1.18512  	0.02224  	0.50344  	0.49610  	-3.02442  	0.06088  	-0.08567  	-102.60242  	-1.03571  	146.41839  	148.58400  	-20158.44547  	-11445.89614  	Inf  	-Inf  	0.00479  	0.00003  	0.00419  	0.00443  	0.00629  	0.00000  	0.00000  
170.79779  	25.94763  	49.89285  	49.68322  	34.05972  	-1.18512  	0.02205  	0.50338  	0.49336  	-3.02442  	0.06006  	-0.08571  	-102.58801  	-1.03921  	145.61112  	148.56777  	-20159.54987  	-11446.01735  	Inf  	-Inf  	0.00479  	0.00003  	0.00419  	0.00442  	0.00629  	0.00000  	0.00000  
171.79967  	25.95091  	49.89514  	49.68419  	34.06182  	-1.18512  	0.02277  	0.50505  	0.49509  	-3.02442  	0.06057  	-0.08568  	-102.57306  	-1.04578  	146.11922  	149.05843  	-20160.72629  	-11446.32122  	Inf  	-Inf  	0.00479  	0.00003  	0.00419  	0.00444  	0.00630  	0.00000  	0.00000  
172.79954  	25.95546  	49.89528  	49.68503  	34.06242  	-1.18512  	0.02320  	0.50296  	0.49680  	-3.02442  	0.05969  	-0.08563  	-102.52311  	-1.04229  	146.62619  	148.44398  	-20161.84863  	-11446.41307  	Inf  	-Inf  	0.00479  	0.00003  	0.00419  	0.00445  	0.00629  	0.00000  	0.00000  
173.79987  	25.95883  	49.89657  	49.68497  	34.06392  	-1.18512  	0.02238  	0.50403  	0.49303  	-3.02442  	0.06131  	-0.08562  	-102.49934  	-1.04897  	145.51168  	148.75949  	-20162.91354  	-11446.52770  	Inf  	-Inf  	0.00479  	0.00003  	0.00420  	0.00443  	0.00630  	0.00000  	0.00000  
174.79968  	25.96241  	49.89661  	49.68512  	34.06536  	-1.18512  	0.02199  	0.50387  	0.49465  	-3.02442  	0.06192  	-0.08567  	-102.47235  	-1.04843  	145.98915  	148.71018  	-20164.01063  	-11446.54478  	Inf  	-Inf  	0.00479  	0.00003  	0.00420  	0.00442  	0.00630  	0.00000  	0.00000  
175.79940  	25.96688  	49.89877  	49.68713  	34.06673  	-1.18512  	0.02225  	0.50371  	0.49689  	-3.02442  	0.06010  	-0.08566  	-102.43311  	-1.04919  	146.65167  	148.66553  	-20165.28585  	-11446.93466  	Inf  	-Inf  	0.00480  	0.00003  	0.00419  	0.00443  	0.00630  	0.00000  	0.00000  
176.80012  	25.97030  	49.89907  	49.68871  	34.06879  	-1.18512  	0.02247  	0.50240  	0.49694  	-3.02442  	0.06180  	-0.08567  	-102.41594  	-1.04280  	146.66748  	148.27785  	-20166.48174  	-11447.11004  	Inf  	-Inf  	0.00480  	0.00003  	0.00420  	0.00443  	0.00629  	0.00000  	0.00000  
177.80023  	25.97467  	49.89991  	49.68950  	34.07079  	-1.18512  	0.02162  	0.50257  	0.49534  	-3.02442  	0.06113  	-0.08564  	-102.38599  	-1.04312  	146.19376  	148.32689  	-20167.87386  	-11447.26248  	Inf  	-Inf  	0.00479  	0.00003  	0.00420  	0.00442  	0.00629  	0.00000  	0.00000  
178.80132  	25.97828  	49.90066  	49.68991  	34.07293  	-1.18512  	0.02255  	0.50300  	0.49365  	-3.02442  	0.06169  	-0.08570  	-102.36744  	-1.04477  	145.69586  	148.45342  	-20169.13190  	-11447.37018  	Inf  	-Inf  	0.00479  	0.00003  	0.00420  	0.00443  	0.00629  	0.00000  	0.00000  
179.80183  	25.98259  	49.90153  	49.69048  	34.07517  	-1.18512  	0.02325  	0.50259  	0.49485  	-3.02442  	0.06255  	-0.08571  	-102.34135  	-1.04625  	146.05052  	148.33367  	-20170.56102  	-11447.50426  	Inf  	-Inf  	0.00479  	0.00003  	0.00420  	0.00445  	0.00629  	0.00000  	0.00000  
180.80152  	25.98686  	49.90341  	49.69198  	34.07815  	-1.18512  	0.02246  	0.50257  	0.49292  	-3.02442  	0.06205  	-0.08568  	-102.32494  	-1.04815  	145.47940  	148.32726  	-20172.14385  	-11447.82093  	Inf  	-Inf  	0.00479  	0.00003  	0.00420  	0.00443  	0.00629  	0.00000  	0.00000  
181.80184  	25.99081  	49.90355  	49.69255  	34.07998  	-1.18512  	0.02329  	0.50105  	0.49175  	-3.02442  	0.06158  	-0.08568  	-102.29815  	-1.04602  	145.13412  	147.87847  	-20173.40830  	-11447.88679  	Inf  	-Inf  	0.00479  	0.00003  	0.00420  	0.00445  	0.00628  	0.00000  	0.00000  
182.80249  	25.99531  	49.90422  	49.69407  	34.08209  	-1.18512  	0.02220  	0.50095  	0.49353  	-3.02442  	0.06151  	-0.08566  	-102.26783  	-1.04178  	145.65969  	147.85070  	-20174.85177  	-11448.09167  	Inf  	-Inf  	0.00479  	0.00003  	0.00420  	0.00443  	0.00628  	0.00000  	0.00000  
183.80249  	25.99856  	49.90561  	49.69505  	34.08449  	-1.18512  	0.02171  	0.50101  	0.49054  	-3.02442  	0.06233  	-0.08561  	-102.25709  	-1.04384  	144.77685  	147.86842  	-20176.08425  	-11448.31276  	Inf  	-Inf  	0.00478  	0.00003  	0.00420  	0.00442  	0.00628  	0.00000  	0.00000  
184.80247  	26.00294  	49.90645  	49.69508  	34.08769  	-1.18512  	0.02158  	0.50071  	0.49046  	-3.02442  	0.06161  	-0.08568  	-102.24214  	-1.04783  	144.75272  	147.78027  	-20177.74096  	-11448.39405  	Inf  	-Inf  	0.00478  	0.00003  	0.00420  	0.00441  	0.00628  	0.00000  	0.00000  
185.80250  	26.00678  	49.90719  	49.69639  	34.09053  	-1.18512  	0.02249  	0.49972  	0.49008  	-3.02442  	0.06137  	-0.08566  	-102.22955  	-1.04503  	144.64202  	147.48539  	-20179.20087  	-11448.58568  	Inf  	-Inf  	0.00478  	0.00003  	0.00420  	0.00443  	0.00628  	0.00000  	0.00000  
186.80249  	26.01021  	49.90715  	49.69764  	34.09386  	-1.18512  	0.02273  	0.49988  	0.49087  	-3.02442  	0.06237  	-0.08567  	-102.22834  	-1.03863  	144.87606  	147.53278  	-20180.67888  	-11448.69841  	Inf  	-Inf  	0.00479  	0.00003  	0.00420  	0.00444  	0.00628  	0.00000  	0.00000  
187.80248  	26.01427  	49.90832  	49.69919  	34.09673  	-1.18512  	0.02186  	0.50002  	0.49357  	-3.02442  	0.06040  	-0.08564  	-102.21329  	-1.03673  	145.67033  	147.57622  	-20182.19072  	-11448.95285  	Inf  	-Inf  	0.00479  	0.00003  	0.00419  	0.00442  	0.00628  	0.00000  	0.00000  
188.80249  	26.01729  	49.90960  	49.69929  	34.09987  	-1.18512  	0.02082  	0.49996  	0.49639  	-3.02442  	0.06221  	-0.08567  	-102.21476  	-1.04257  	146.50520  	147.55891  	-20183.53822  	-11449.08165  	Inf  	-Inf  	0.00479  	0.00003  	0.00420  	0.00440  	0.00628  	0.00000  	0.00000  
189.80250  	26.02150  	49.91021  	49.69985  	34.10347  	-1.18512  	0.02242  	0.50011  	0.49032  	-3.02442  	0.06083  	-0.08570  	-102.20714  	-1.04284  	144.71112  	147.60067  	-20185.24396  	-11449.19131  	Inf  	-Inf  	0.00478  	0.00003  	0.00419  	0.00443  	0.00628  	0.00000  	0.00000  
190.80460  	26.02440  	49.91137  	49.70031  	34.10723  	-1.18512  	0.02187  	0.50148  	0.49028  	-3.02442  	0.06141  	-0.08563  	-102.21800  	-1.04631  	144.70130  	148.00686  	-20186.69873  	-11449.34143  	Inf  	-Inf  	0.00478  	0.00003  	0.00420  	0.00442  	0.00629  	0.00000  	0.00000  
191.80593  	26.02809  	49.91258  	49.70112  	34.11127  	-1.18512  	0.02268  	0.50050  	0.48763  	-3.02442  	0.06301  	-0.08571  	-102.22237  	-1.04832  	143.91762  	147.71802  	-20188.38814  	-11449.53065  	Inf  	-Inf  	0.00478  	0.00003  	0.00420  	0.00444  	0.00628  	0.00000  	0.00000  
192.80546  	26.03108  	49.91301  	49.70163  	34.11379  	-1.18512  	0.02250  	0.50004  	0.49218  	-3.02442  	0.06128  	-0.08571  	-102.21645  	-1.04791  	145.26140  	147.58229  	-20189.59267  	-11449.61784  	Inf  	-Inf  	0.00479  	0.00003  	0.00420  	0.00443  	0.00628  	0.00000  	0.00000  
193.80557  	26.03414  	49.91331  	49.70408  	34.11580  	-1.18512  	0.02192  	0.50055  	0.49319  	-3.02442  	0.06325  	-0.08566  	-102.20327  	-1.03723  	145.55973  	147.73079  	-20190.69978  	-11449.87574  	Inf  	-Inf  	0.00479  	0.00003  	0.00420  	0.00442  	0.00628  	0.00000  	0.00000  
194.80663  	26.03697  	49.91458  	49.70479  	34.11881  	-1.18512  	0.02333  	0.50147  	0.49230  	-3.02442  	0.06088  	-0.08568  	-102.20535  	-1.04003  	145.29700  	148.00371  	-20191.97633  	-11450.05967  	Inf  	-Inf  	0.00479  	0.00003  	0.00419  	0.00445  	0.00629  	0.00000  	0.00000  
195.80787  	26.03966  	49.91565  	49.70508  	34.12158  	-1.18512  	0.02259  	0.50145  	0.49103  	-3.02442  	0.06087  	-0.08569  	-102.20637  	-1.04387  	144.92096  	147.99688  	-20193.16916  	-11450.18729  	Inf  	-Inf  	0.00479  	0.00003  	0.00419  	0.00443  	0.00629  	0.00000  	0.00000  
196.80746  	26.04339  	49.91657  	49.70550  	34.12422  	-1.18512  	0.02206  	0.50132  	0.49204  	-3.02442  	0.06025  	-0.08566  	-102.19267  	-1.04639  	145.21908  	147.95990  	-20194.56018  	-11450.31182  	Inf  	-Inf  	0.00479  	0.00003  	0.00419  	0.00442  	0.00628  	0.00000  	0.00000  
197.80898  	26.04496  	49.91714  	49.70671  	34.12683  	-1.18512  	0.02169  	0.50306  	0.49179  	-3.02442  	0.06113  	-0.08572  	-102.20579  	-1.04316  	145.14614  	148.47215  	-20195.47461  	-11450.47872  	Inf  	-Inf  	0.00479  	0.00003  	0.00420  	0.00442  	0.00629  	0.00000  	0.00000  
198.80845  	26.04826  	49.91756  	49.70726  	34.13002  	-1.18512  	0.02119  	0.50295  	0.49539  	-3.02442  	0.06241  	-0.08569  	-102.20448  	-1.04253  	146.20945  	148.44088  	-20196.89202  	-11450.56948  	Inf  	-Inf  	0.00479  	0.00003  	0.00420  	0.00441  	0.00629  	0.00000  	0.00000  
199.80849  	26.05245  	49.91935  	49.70732  	34.13208  	-1.18512  	0.02265  	0.50340  	0.49392  	-3.02442  	0.06116  	-0.08561  	-102.17744  	-1.05110  	145.77571  	148.57385  	-20198.25865  	-11450.74163  	Inf  	-Inf  	0.00479  	0.00003  	0.00420  	0.00443  	0.00629  	0.00000  	0.00000  
200.80905  	26.05563  	49.92013  	49.70957  	34.13409  	-1.18512  	0.02246  	0.50333  	0.49692  	-3.02442  	0.06034  	-0.08569  	-102.16267  	-1.04380  	146.66067  	148.55340  	-20199.39093  	-11451.02490  	Inf  	-Inf  	0.00480  	0.00003  	0.00419  	0.00443  	0.00629  	0.00000  	0.00000  
201.80873  	26.05931  	49.92108  	49.70968  	34.13550  	-1.18512  	0.02202  	0.50288  	0.49319  	-3.02442  	0.06143  	-0.08565  	-102.13403  	-1.04796  	145.55864  	148.42054  	-20200.50602  	-11451.12332  	Inf  	-Inf  	0.00479  	0.00003  	0.00420  	0.00442  	0.00629  	0.00000  	0.00000  
202.80873  	26.06291  	49.92049  	49.70966  	34.13785  	-1.18512  	0.02141  	0.50468  	0.49396  	-3.02442  	0.06119  	-0.08568  	-102.11819  	-1.04516  	145.78727  	148.94927  	-20201.80577  	-11451.06601  	Inf  	-Inf  	0.00479  	0.00003  	0.00420  	0.00441  	0.00630  	0.00000  	0.00000  
203.80834  	26.06665  	49.92106  	49.71089  	34.13956  	-1.18512  	0.02147  	0.50358  	0.49420  	-3.02442  	0.06112  	-0.08572  	-102.09250  	-1.04186  	145.85678  	148.62648  	-20202.99705  	-11451.23448  	Inf  	-Inf  	0.00479  	0.00003  	0.00420  	0.00441  	0.00630  	0.00000  	0.00000  
204.81007  	26.06992  	49.92137  	49.71144  	34.14045  	-1.18512  	0.02257  	0.50426  	0.49489  	-3.02442  	0.06207  	-0.08564  	-102.06243  	-1.04071  	146.06245  	148.82792  	-20203.90601  	-11451.31439  	Inf  	-Inf  	0.00479  	0.00003  	0.00420  	0.00443  	0.00630  	0.00000  	0.00000  
205.80970  	26.07346  	49.92174  	49.71209  	34.14267  	-1.18512  	0.02221  	0.50386  	0.49481  	-3.02442  	0.06184  	-0.08569  	-102.04576  	-1.03931  	146.03740  	148.70744  	-20205.16554  	-11451.41021  	Inf  	-Inf  	0.00479  	0.00003  	0.00420  	0.00443  	0.00630  	0.00000  	0.00000  
206.81023  	26.07709  	49.92290  	49.71315  	34.14386  	-1.18512  	0.02221  	0.50339  	0.49692  	-3.02442  	0.06137  	-0.08567  	-102.01478  	-1.03984  	146.66103  	148.57107  	-20206.21750  	-11451.61762  	Inf  	-Inf  	0.00480  	0.00003  	0.00420  	0.00443  	0.00629  	0.00000  	0.00000  
207.81040  	26.08090  	49.92355  	49.71298  	34.14583  	-1.18512  	0.02294  	0.50374  	0.49443  	-3.02442  	0.06205  	-0.08570  	-101.99157  	-1.04385  	145.92623  	148.67274  	-20207.47920  	-11451.66207  	Inf  	-Inf  	0.00479  	0.00003  	0.00420  	0.00444  	0.00630  	0.00000  	0.00000  
208.81033  	26.08524  	49.92374  	49.71468  	34.14754  	-1.18512  	0.02260  	0.50345  	0.49561  	-3.02442  	0.06105  	-0.08566  	-101.95840  	-1.03638  	146.27423  	148.58880  	-20208.80416  	-11451.83946  	Inf  	-Inf  	0.00479  	0.00003  	0.00420  	0.00443  	0.00629  	0.00000  	0.00000  
209.81077  	26.08895  	49.92486  	49.71520  	34.14954  	-1.18512  	0.02379  	0.50303  	0.49347  	-3.02442  	0.06159  	-0.08569  	-101.93670  	-1.03934  	145.64291  	148.46397  	-20210.05067  	-11451.99181  	Inf  	-Inf  	0.00479  	0.00003  	0.00420  	0.00446  	0.00629  	0.00000  	0.00000  
210.81028  	26.09301  	49.92540  	49.71531  	34.15079  	-1.18512  	0.02232  	0.50292  	0.49362  	-3.02442  	0.06192  	-0.08565  	-101.90113  	-1.04149  	145.68693  	148.42997  	-20211.21336  	-11452.05353  	Inf  	-Inf  	0.00479  	0.00003  	0.00420  	0.00443  	0.00629  	0.00000  	0.00000  
211.81098  	26.09811  	49.92646  	49.71529  	34.15360  	-1.18512  	0.02222  	0.50281  	0.49409  	-3.02442  	0.06271  	-0.08568  	-101.87220  	-1.04681  	145.82547  	148.39799  	-20212.94291  	-11452.14980  	Inf  	-Inf  	0.00479  	0.00003  	0.00420  	0.00443  	0.00629  	0.00000  	0.00000  
212.81306  	26.10220  	49.92704  	49.71701  	34.15489  	-1.18512  	0.02343  	0.50289  	0.49438  	-3.02442  	0.06189  	-0.08569  	-101.83686  	-1.04124  	145.91037  	148.42374  	-20214.11614  	-11452.36479  	Inf  	-Inf  	0.00479  	0.00003  	0.00420  	0.00445  	0.00629  	0.00000  	0.00000  
213.81416  	26.10631  	49.92808  	49.71810  	34.15715  	-1.18512  	0.02250  	0.50275  	0.49528  	-3.02442  	0.06131  	-0.08567  	-101.81334  	-1.04093  	146.17786  	148.38029  	-20215.51028  	-11452.56337  	Inf  	-Inf  	0.00479  	0.00003  	0.00420  	0.00443  	0.00629  	0.00000  	0.00000  
214.81381  	26.11027  	49.92706  	49.71917  	34.15995  	-1.18512  	0.02196  	0.50251  	0.49273  	-3.02442  	0.06220  	-0.08572  	-101.79866  	-1.03054  	145.42428  	148.31170  	-20216.98596  	-11452.56822  	Inf  	-Inf  	0.00479  	0.00003  	0.00420  	0.00442  	0.00629  	0.00000  	0.00000  
215.81480  	26.11516  	49.92875  	49.72054  	34.16359  	-1.18512  	0.02262  	0.50150  	0.49350  	-3.02442  	0.05952  	-0.08567  	-101.78293  	-1.03219  	145.65090  	148.01314  	-20218.85091  	-11452.85357  	Inf  	-Inf  	0.00479  	0.00003  	0.00419  	0.00443  	0.00629  	0.00000  	0.00000  
216.81443  	26.11931  	49.92875  	49.72016  	34.16630  	-1.18512  	0.02273  	0.50063  	0.49270  	-3.02442  	0.06173  	-0.08568  	-101.76468  	-1.03408  	145.41450  	147.75684  	-20220.35134  	-11452.81853  	Inf  	-Inf  	0.00479  	0.00003  	0.00420  	0.00444  	0.00628  	0.00000  	0.00000  
217.81461  	26.12239  	49.92986  	49.72133  	34.16874  	-1.18512  	0.02144  	0.50048  	0.49012  	-3.02442  	0.06394  	-0.08574  	-101.75667  	-1.03376  	144.65433  	147.71116  	-20221.55835  	-11453.03199  	Inf  	-Inf  	0.00478  	0.00003  	0.00420  	0.00441  	0.00628  	0.00000  	0.00000  
218.81460  	26.12766  	49.93005  	49.72132  	34.17032  	-1.18512  	0.02118  	0.50103  	0.49109  	-3.02442  	0.06122  	-0.08570  	-101.70996  	-1.03475  	144.94035  	147.87239  	-20223.05680  	-11453.04816  	Inf  	-Inf  	0.00479  	0.00003  	0.00420  	0.00441  	0.00628  	0.00000  	0.00000  
219.81506  	26.13047  	49.92976  	49.72136  	34.17336  	-1.18512  	0.02115  	0.50017  	0.49209  	-3.02442  	0.06102  	-0.08570  	-101.71289  	-1.03311  	145.23472  	147.61938  	-20224.33326  	-11453.02574  	Inf  	-Inf  	0.00479  	0.00003  	0.00420  	0.00441  	0.00628  	0.00000  	0.00000  
220.81776  	26.13433  	49.93143  	49.72279  	34.17761  	-1.18512  	0.02291  	0.50112  	0.48982  	-3.02442  	0.05978  	-0.08572  	-101.71778  	-1.03430  	144.56435  	147.90049  	-20226.10595  	-11453.31494  	Inf  	-Inf  	0.00478  	0.00003  	0.00419  	0.00444  	0.00628  	0.00000  	0.00000  
221.81766  	26.13806  	49.93230  	49.72411  	34.18074  	-1.18512  	0.02199  	0.50095  	0.48993  	-3.02442  	0.06183  	-0.08570  	-101.71026  	-1.03210  	144.59887  	147.84843  	-20227.60643  	-11453.51911  	Inf  	-Inf  	0.00478  	0.00003  	0.00420  	0.00442  	0.00628  	0.00000  	0.00000  
222.81723  	26.14149  	49.93242  	49.72441  	34.18261  	-1.18512  	0.02275  	0.50053  	0.49031  	-3.02442  	0.06049  	-0.08567  	-101.69039  	-1.03119  	144.70807  	147.72680  	-20228.76531  	-11453.55792  	Inf  	-Inf  	0.00478  	0.00003  	0.00419  	0.00444  	0.00628  	0.00000  	0.00000  
223.81770  	26.14525  	49.93288  	49.72532  	34.18700  	-1.18512  	0.02177  	0.50064  	0.49110  	-3.02442  	0.06134  	-0.08568  	-101.69841  	-1.02894  	144.94164  	147.75745  	-20230.54636  	-11453.68683  	Inf  	-Inf  	0.00479  	0.00003  	0.00420  	0.00442  	0.00628  	0.00000  	0.00000  
224.81774  	26.14960  	49.93298  	49.72583  	34.19044  	-1.18512  	0.02301  	0.50155  	0.48861  	-3.02442  	0.06217  	-0.08567  	-101.68702  	-1.02691  	144.20647  	148.02659  	-20232.25130  	-11453.74239  	Inf  	-Inf  	0.00478  	0.00003  	0.00420  	0.00444  	0.00629  	0.00000  	0.00000  
225.81802  	26.15182  	49.93365  	49.72525  	34.19281  	-1.18512  	0.02241  	0.50106  	0.49118  	-3.02442  	0.06184  	-0.08574  	-101.68885  	-1.03313  	144.96681  	147.88369  	-20233.25470  	-11453.75188  	Inf  	-Inf  	0.00479  	0.00003  	0.00420  	0.00443  	0.00628  	0.00000  	0.00000  
226.81813  	26.15440  	49.93458  	49.72614  	34.19536  	-1.18512  	0.02203  	0.50096  	0.49276  	-3.02442  	0.06064  	-0.08571  	-101.68835  	-1.03331  	145.43292  	147.85186  	-20234.37642  	-11453.92133  	Inf  	-Inf  	0.00479  	0.00003  	0.00419  	0.00442  	0.00628  	0.00000  	0.00000  
227.81827  	26.15882  	49.93510  	49.72563  	34.19912  	-1.18512  	0.02225  	0.50165  	0.48929  	-3.02442  	0.06262  	-0.08569  	-101.68004  	-1.03841  	144.40906  	148.05700  	-20236.16573  	-11453.92309  	Inf  	-Inf  	0.00478  	0.00003  	0.00420  	0.00443  	0.00629  	0.00000  	0.00000  
228.81839  	26.16097  	49.93582  	49.72645  	34.20216  	-1.18512  	0.02186  	0.50162  	0.49238  	-3.02442  	0.06228  	-0.08569  	-101.69138  	-1.03793  	145.32038  	148.04771  	-20237.29868  	-11454.06623  	Inf  	-Inf  	0.00479  	0.00003  	0.00420  	0.00442  	0.00629  	0.00000  	0.00000  
229.81855  	26.16438  	49.93663  	49.72702  	34.20466  	-1.18512  	0.02267  	0.50070  	0.49228  	-3.02442  	0.06214  	-0.08566  	-101.67991  	-1.03913  	145.29036  	147.77722  	-20238.59277  	-11454.19467  	Inf  	-Inf  	0.00479  	0.00003  	0.00420  	0.00444  	0.00628  	0.00000  	0.00000  
230.81871  	26.16801  	49.93591  	49.72781  	34.20718  	-1.18512  	0.02166  	0.50271  	0.49393  	-3.02442  	0.06035  	-0.08561  	-101.66585  	-1.03161  	145.77894  	148.36892  	-20239.93716  	-11454.20207  	Inf  	-Inf  	0.00479  	0.00003  	0.00419  	0.00442  	0.00629  	0.00000  	0.00000  
