10/17/2024 14:47:16Time	T_hot_in(C)	T_cold_in(C)	T_cold_out(C)	T_hot_out(C)	mdot_cold(kg/s)	ASFASIFUAS(kg/s)	Diferencial_cold(bar)	Diferencial_hot(bar)	mdot_hot(kg/s)	ABS_cold(bar)	ABS_hot(bar)	q_cold(kW)	q_hot(kW)	ASFASYFY	Tau_cold_haste	Re_hot	Re_cold	U_global	PSIG_cold(bar)	R_fouling	PSIG_hot(bar)	PSID_hot(bar)	m_dot_hot	PSID_cold(bar)	m_dot_cold
1.73932  	0.00000  	0.00000  	0.00000  	0.00000  	-1.18512  	-0.20833  	-0.86278  	-2.50000  	-3.02442  	-1.25000  	-0.08628  	-0.00000  	-0.00000  	-737.84722  	-254.63905  	-9234.48090  	-3618.55272  	0.00000  	0.00000  	0.00000  	0.00000  	0.00000  	0.00000  	0.00000  
2.74065  	26.40843  	5.52789  	5.83910  	20.92511  	-1.18512  	0.04937  	1.40279  	1.43588  	-3.02442  	0.07223  	-0.08569  	-69.52103  	-1.54284  	423.78461  	414.01667  	-17458.21005  	-4263.98254  	0.00630  	0.00003  	0.00423  	0.00495  	0.01044  	0.00000  	0.00000  
3.74299  	26.42276  	5.53089  	5.84125  	20.93708  	-1.18512  	0.05069  	1.40319  	1.43811  	-3.02442  	0.07267  	-0.08577  	-69.55080  	-1.53862  	424.44181  	414.13506  	-17463.65804  	-4264.29483  	0.00630  	0.00002  	0.00423  	0.00497  	0.01044  	0.00000  	0.00000  
4.74531  	26.43830  	5.53228  	5.84449  	20.94977  	-1.18512  	0.05241  	1.40213  	1.43419  	-3.02442  	0.07178  	-0.08573  	-69.58693  	-1.54779  	423.28412  	413.82382  	-17469.50866  	-4264.57482  	0.00629  	0.00003  	0.00423  	0.00501  	0.01044  	0.00000  	0.00000  
5.74663  	26.45126  	5.53442  	5.84685  	20.96190  	-1.18512  	0.05118  	1.40291  	1.43226  	-3.02442  	0.07144  	-0.08578  	-69.59723  	-1.54890  	422.71485  	414.05477  	-17474.70737  	-4264.84783  	0.00629  	0.00002  	0.00423  	0.00498  	0.01044  	0.00000  	0.00000  
6.74995  	26.46475  	5.53599  	5.84740  	20.97249  	-1.18512  	0.05108  	1.40269  	1.43497  	-3.02442  	0.07224  	-0.08570  	-69.63404  	-1.54384  	423.51404  	413.98836  	-17479.69896  	-4264.97623  	0.00630  	0.00003  	0.00423  	0.00498  	0.01044  	0.00000  	0.00000  
7.75326  	26.48032  	5.53718  	5.84943  	20.98499  	-1.18512  	0.04964  	1.40096  	1.43166  	-3.02442  	0.07025  	-0.08570  	-69.67286  	-1.54798  	422.53851  	413.47921  	-17485.51744  	-4265.17069  	0.00629  	0.00003  	0.00422  	0.00495  	0.01043  	0.00000  	0.00000  
8.75459  	26.49553  	5.53871  	5.85117  	20.99788  	-1.18512  	0.04995  	1.40211  	1.43526  	-3.02442  	0.07128  	-0.08570  	-69.70235  	-1.54904  	423.60018  	413.81839  	-17491.34226  	-4265.36975  	0.00630  	0.00003  	0.00423  	0.00496  	0.01044  	0.00000  	0.00000  
9.75790  	26.50898  	5.54077  	5.85334  	21.00891  	-1.18512  	0.05092  	1.40082  	1.43536  	-3.02442  	0.07060  	-0.08571  	-69.73293  	-1.54956  	423.63122  	413.43778  	-17496.41771  	-4265.62595  	0.00630  	0.00003  	0.00423  	0.00498  	0.01043  	0.00000  	0.00000  
10.76122  	26.52235  	5.54144  	5.85542  	21.02059  	-1.18512  	0.04997  	1.40019  	1.42992  	-3.02442  	0.07247  	-0.08573  	-69.75431  	-1.55656  	422.02511  	413.25025  	-17501.61020  	-4265.79210  	0.00629  	0.00003  	0.00423  	0.00496  	0.01043  	0.00000  	0.00000  
11.76450  	26.53697  	5.54258  	5.85798  	21.03357  	-1.18512  	0.04927  	1.39945  	1.43209  	-3.02442  	0.07115  	-0.08571  	-69.77503  	-1.56359  	422.66458  	413.03346  	-17507.33647  	-4266.01652  	0.00629  	0.00003  	0.00423  	0.00495  	0.01042  	0.00000  	0.00000  
12.76585  	26.55199  	5.54465  	5.85907  	21.04549  	-1.18512  	0.04979  	1.39993  	1.43450  	-3.02442  	0.07243  	-0.08574  	-69.81435  	-1.55876  	423.37778  	413.17362  	-17512.92370  	-4266.20832  	0.00630  	0.00003  	0.00423  	0.00496  	0.01043  	0.00000  	0.00000  
13.76818  	26.56513  	5.54568  	5.86025  	21.05682  	-1.18512  	0.04957  	1.40031  	1.43179  	-3.02442  	0.07243  	-0.08574  	-69.83713  	-1.55949  	422.57721  	413.28687  	-17517.99948  	-4266.34196  	0.00629  	0.00003  	0.00423  	0.00495  	0.01043  	0.00000  	0.00000  
14.77146  	26.57925  	5.54617  	5.86122  	21.06890  	-1.18512  	0.04959  	1.39985  	1.43177  	-3.02442  	0.07177  	-0.08572  	-69.86306  	-1.56184  	422.57222  	413.15128  	-17523.43690  	-4266.43088  	0.00629  	0.00003  	0.00423  	0.00495  	0.01042  	0.00000  	0.00000  
15.77181  	26.59413  	5.54680  	5.86218  	21.08167  	-1.18512  	0.04921  	1.39950  	1.43501  	-3.02442  	0.07204  	-0.08572  	-69.88975  	-1.56350  	423.52734  	413.04811  	-17529.17297  	-4266.52647  	0.00630  	0.00003  	0.00423  	0.00494  	0.01042  	0.00000  	0.00000  
16.77513  	26.60862  	5.54745  	5.86300  	21.09297  	-1.18512  	0.05047  	1.39958  	1.43644  	-3.02442  	0.07177  	-0.08566  	-69.93021  	-1.56432  	423.94989  	413.06939  	-17534.52334  	-4266.61632  	0.00630  	0.00003  	0.00423  	0.00497  	0.01042  	0.00000  	0.00000  
17.77845  	26.62258  	5.54866  	5.86347  	21.10396  	-1.18512  	0.05167  	1.39873  	1.43149  	-3.02442  	0.07146  	-0.08569  	-69.96779  	-1.56064  	422.48812  	412.81909  	-17539.70267  	-4266.71801  	0.00629  	0.00003  	0.00423  	0.00499  	0.01042  	0.00000  	0.00000  
18.77977  	26.63630  	5.54827  	5.86480  	21.11538  	-1.18512  	0.05038  	1.39791  	1.43103  	-3.02442  	0.07080  	-0.08569  	-69.99701  	-1.56919  	422.35160  	412.57635  	-17544.92092  	-4266.77494  	0.00629  	0.00003  	0.00423  	0.00497  	0.01042  	0.00000  	0.00000  
19.78308  	26.65129  	5.54880  	5.86463  	21.12726  	-1.18512  	0.04968  	1.39773  	1.43391  	-3.02442  	0.07111  	-0.08571  	-70.03635  	-1.56573  	423.20304  	412.52546  	-17550.50036  	-4266.79699  	0.00629  	0.00003  	0.00423  	0.00495  	0.01042  	0.00000  	0.00000  
20.78540  	26.66680  	5.54883  	5.86455  	21.13914  	-1.18512  	0.04894  	1.39666  	1.43104  	-3.02442  	0.07260  	-0.08577  	-70.08248  	-1.56518  	422.35479  	412.20908  	-17556.18826  	-4266.79323  	0.00629  	0.00002  	0.00423  	0.00494  	0.01041  	0.00000  	0.00000  
21.78669  	26.67939  	5.55004  	5.86531  	21.15079  	-1.18512  	0.04899  	1.39705  	1.43088  	-3.02442  	0.07220  	-0.08573  	-70.09437  	-1.56293  	422.30873  	412.32300  	-17561.22139  	-4266.91322  	0.00629  	0.00003  	0.00423  	0.00494  	0.01041  	0.00000  	0.00000  
22.79004  	26.69285  	5.54965  	5.86608  	21.16255  	-1.18512  	0.04998  	1.39695  	1.42857  	-3.02442  	0.07200  	-0.08567  	-70.11594  	-1.56867  	421.62537  	412.29502  	-17566.45903  	-4266.93605  	0.00629  	0.00003  	0.00423  	0.00496  	0.01041  	0.00000  	0.00000  
23.79236  	26.70811  	5.54899  	5.86630  	21.17390  	-1.18512  	0.05062  	1.39670  	1.43061  	-3.02442  	0.07222  	-0.08573  	-70.16554  	-1.57304  	422.22845  	412.22018  	-17571.98755  	-4266.90973  	0.00629  	0.00003  	0.00423  	0.00497  	0.01041  	0.00000  	0.00000  
24.79368  	26.72224  	5.54951  	5.86528  	21.18657  	-1.18512  	0.04907  	1.39640  	1.42927  	-3.02442  	0.07177  	-0.08568  	-70.18402  	-1.56544  	421.83333  	412.13310  	-17577.55469  	-4266.87869  	0.00629  	0.00003  	0.00423  	0.00494  	0.01041  	0.00000  	0.00000  
25.79700  	26.73636  	5.54859  	5.86554  	21.19682  	-1.18512  	0.04993  	1.39626  	1.42867  	-3.02442  	0.07195  	-0.08572  	-70.23305  	-1.57129  	421.65739  	412.09084  	-17582.61748  	-4266.83895  	0.00629  	0.00003  	0.00423  	0.00496  	0.01041  	0.00000  	0.00000  
26.80031  	26.74930  	5.54950  	5.86580  	21.20807  	-1.18512  	0.05104  	1.39334  	1.42469  	-3.02442  	0.07257  	-0.08566  	-70.25445  	-1.56804  	420.48257  	411.22939  	-17587.64579  	-4266.90991  	0.00628  	0.00003  	0.00423  	0.00498  	0.01039  	0.00000  	0.00000  
27.80160  	26.76354  	5.54813  	5.86529  	21.21963  	-1.18512  	0.05067  	1.39025  	1.42461  	-3.02442  	0.07222  	-0.08573  	-70.28834  	-1.57233  	420.45728  	410.31710  	-17593.00664  	-4266.79584  	0.00628  	0.00003  	0.00423  	0.00497  	0.01038  	0.00000  	0.00000  
28.80495  	26.77802  	5.54764  	5.86471  	21.23142  	-1.18512  	0.05178  	1.38793  	1.41948  	-3.02442  	0.07128  	-0.08565  	-70.32259  	-1.57186  	418.94284  	409.63142  	-17598.46668  	-4266.73127  	0.00627  	0.00003  	0.00423  	0.00499  	0.01037  	0.00000  	0.00000  
29.80827  	26.79079  	5.54757  	5.86521  	21.24195  	-1.18512  	0.05024  	1.38680  	1.42393  	-3.02442  	0.07169  	-0.08562  	-70.35090  	-1.57470  	420.25766  	409.29720  	-17603.30986  	-4266.75764  	0.00628  	0.00003  	0.00423  	0.00496  	0.01036  	0.00000  	0.00000  
30.80959  	26.80339  	5.54725  	5.86526  	21.25177  	-1.18512  	0.05115  	1.38800  	1.41954  	-3.02442  	0.07329  	-0.08571  	-70.38629  	-1.57652  	418.96135  	409.65243  	-17607.97243  	-4266.74078  	0.00627  	0.00003  	0.00423  	0.00498  	0.01037  	0.00000  	0.00000  
31.81290  	26.81787  	5.54770  	5.86573  	21.26470  	-1.18512  	0.05014  	1.38815  	1.41801  	-3.02442  	0.07153  	-0.08571  	-70.40584  	-1.57663  	418.51091  	409.69642  	-17613.67007  	-4266.79637  	0.00627  	0.00003  	0.00423  	0.00496  	0.01037  	0.00000  	0.00000  
32.81622  	26.83107  	5.54734  	5.86543  	21.27568  	-1.18512  	0.05036  	1.38734  	1.41978  	-3.02442  	0.07174  	-0.08569  	-70.43406  	-1.57695  	419.03191  	409.45741  	-17618.69856  	-4266.75700  	0.00627  	0.00003  	0.00423  	0.00497  	0.01037  	0.00000  	0.00000  
33.81851  	26.84396  	5.54609  	5.86461  	21.28578  	-1.18512  	0.05187  	1.38773  	1.42262  	-3.02442  	0.07215  	-0.08577  	-70.46945  	-1.57904  	419.87188  	409.57400  	-17623.48079  	-4266.63152  	0.00628  	0.00002  	0.00423  	0.00500  	0.01037  	0.00000  	0.00000  
34.81886  	26.85726  	5.54568  	5.86366  	21.29650  	-1.18512  	0.04797  	1.38781  	1.41934  	-3.02442  	0.07120  	-0.08569  	-70.50211  	-1.57637  	418.90352  	409.59626  	-17628.47768  	-4266.54910  	0.00627  	0.00003  	0.00423  	0.00492  	0.01037  	0.00000  	0.00000  
35.82218  	26.87242  	5.54620  	5.86254  	21.30837  	-1.18512  	0.04984  	1.38795  	1.42116  	-3.02442  	0.07168  	-0.08575  	-70.54393  	-1.56824  	419.43832  	409.63785  	-17634.09990  	-4266.51229  	0.00627  	0.00002  	0.00423  	0.00496  	0.01037  	0.00000  	0.00000  
36.82549  	26.88570  	5.54423  	5.86293  	21.31913  	-1.18512  	0.04914  	1.38750  	1.41999  	-3.02442  	0.07191  	-0.08568  	-70.57582  	-1.57996  	419.09553  	409.50641  	-17639.10029  	-4266.41624  	0.00627  	0.00003  	0.00423  	0.00494  	0.01037  	0.00000  	0.00000  
37.82682  	26.89931  	5.54337  	5.86249  	21.32905  	-1.18512  	0.05023  	1.38715  	1.41935  	-3.02442  	0.07128  	-0.08574  	-70.62265  	-1.58203  	418.90601  	409.40267  	-17643.99973  	-4266.33832  	0.00627  	0.00003  	0.00423  	0.00496  	0.01037  	0.00000  	0.00000  
38.83013  	26.91243  	5.54225  	5.86206  	21.33992  	-1.18512  	0.05078  	1.38753  	1.42025  	-3.02442  	0.07224  	-0.08573  	-70.65123  	-1.58545  	419.17093  	409.51475  	-17648.98897  	-4266.24413  	0.00627  	0.00003  	0.00423  	0.00498  	0.01037  	0.00000  	0.00000  
39.83345  	26.92746  	5.54296  	5.86217  	21.35160  	-1.18512  	0.05042  	1.38740  	1.42319  	-3.02442  	0.07018  	-0.08569  	-70.69367  	-1.58245  	420.04017  	409.47674  	-17654.55050  	-4266.29381  	0.00628  	0.00003  	0.00422  	0.00497  	0.01037  	0.00000  	0.00000  
40.83374  	26.94181  	5.54187  	5.86070  	21.36324  	-1.18512  	0.05158  	1.38769  	1.42022  	-3.02442  	0.07271  	-0.08569  	-70.72808  	-1.58059  	419.16095  	409.56139  	-17659.95890  	-4266.13849  	0.00627  	0.00003  	0.00423  	0.00499  	0.01037  	0.00000  	0.00000  
41.83609  	26.95531  	5.54042  	5.86071  	21.37359  	-1.18512  	0.04989  	1.38642  	1.41773  	-3.02442  	0.07296  	-0.08572  	-70.76792  	-1.58787  	418.42721  	409.18698  	-17664.92435  	-4266.05116  	0.00627  	0.00003  	0.00423  	0.00496  	0.01036  	0.00000  	0.00000  
42.83941  	26.96896  	5.53969  	5.85891  	21.38297  	-1.18512  	0.05027  	1.38651  	1.41948  	-3.02442  	0.07158  	-0.08570  	-70.82210  	-1.58253  	418.94390  	409.21342  	-17669.71972  	-4265.89777  	0.00627  	0.00003  	0.00423  	0.00497  	0.01036  	0.00000  	0.00000  
43.84073  	26.98360  	5.53787  	5.85767  	21.39511  	-1.18512  	0.04918  	1.38739  	1.41806  	-3.02442  	0.07045  	-0.08570  	-70.85398  	-1.58541  	418.52439  	409.47198  	-17675.29733  	-4265.71223  	0.00627  	0.00003  	0.00423  	0.00494  	0.01037  	0.00000  	0.00000  
44.84404  	26.99743  	5.53651  	5.85620  	21.40540  	-1.18512  	0.04882  	1.38680  	1.41799  	-3.02442  	0.07190  	-0.08569  	-70.89880  	-1.58484  	418.50493  	409.29990  	-17680.31899  	-4265.54124  	0.00627  	0.00003  	0.00423  	0.00494  	0.01036  	0.00000  	0.00000  
45.84736  	27.01010  	5.53549  	5.85539  	21.41553  	-1.18512  	0.05067  	1.38625  	1.41906  	-3.02442  	0.07157  	-0.08575  	-70.93100  	-1.58592  	418.82086  	409.13660  	-17685.06782  	-4265.42989  	0.00627  	0.00002  	0.00423  	0.00497  	0.01036  	0.00000  	0.00000  
46.84868  	27.02337  	5.53464  	5.85452  	21.42617  	-1.18512  	0.05102  	1.38639  	1.41831  	-3.02442  	0.07137  	-0.08570  	-70.96447  	-1.58584  	418.59793  	409.17672  	-17690.04840  	-4265.32570  	0.00627  	0.00003  	0.00423  	0.00498  	0.01036  	0.00000  	0.00000  
47.85200  	27.03894  	5.53299  	5.85280  	21.43781  	-1.18512  	0.04996  	1.38610  	1.41813  	-3.02442  	0.07259  	-0.08571  	-71.01430  	-1.58546  	418.54393  	409.09307  	-17695.71756  	-4265.12107  	0.00627  	0.00003  	0.00423  	0.00496  	0.01036  	0.00000  	0.00000  
48.85532  	27.05150  	5.53133  	5.85161  	21.44814  	-1.18512  	0.05016  	1.38480  	1.41749  	-3.02442  	0.07058  	-0.08569  	-71.04257  	-1.58782  	418.35638  	408.70751  	-17700.48795  	-4264.94888  	0.00627  	0.00003  	0.00423  	0.00496  	0.01036  	0.00000  	0.00000  
49.85663  	27.06564  	5.53033  	5.85039  	21.45823  	-1.18512  	0.04870  	1.38508  	1.42082  	-3.02442  	0.07091  	-0.08568  	-71.09403  	-1.58668  	419.33999  	408.79018  	-17705.53474  	-4264.81397  	0.00627  	0.00003  	0.00423  	0.00494  	0.01036  	0.00000  	0.00000  
50.85995  	27.07776  	5.52881  	5.84931  	21.46847  	-1.18512  	0.05017  	1.38605  	1.41888  	-3.02442  	0.07262  	-0.08576  	-71.11794  	-1.58887  	418.76770  	409.07731  	-17710.19624  	-4264.65628  	0.00627  	0.00002  	0.00423  	0.00496  	0.01036  	0.00000  	0.00000  
51.86327  	27.09275  	5.52734  	5.84916  	21.47971  	-1.18512  	0.04893  	1.38568  	1.41559  	-3.02442  	0.07155  	-0.08576  	-71.16544  	-1.59540  	417.79476  	408.96755  	-17715.66495  	-4264.55837  	0.00626  	0.00002  	0.00423  	0.00494  	0.01036  	0.00000  	0.00000  
52.86459  	27.10625  	5.52659  	5.84856  	21.48954  	-1.18512  	0.04991  	1.38560  	1.41822  	-3.02442  	0.07256  	-0.08573  	-71.21202  	-1.59621  	418.57077  	408.94507  	-17720.52630  	-4264.47677  	0.00627  	0.00003  	0.00423  	0.00496  	0.01036  	0.00000  	0.00000  
53.86790  	27.11958  	5.52612  	5.84709  	21.50045  	-1.18512  	0.05176  	1.38549  	1.41649  	-3.02442  	0.07151  	-0.08571  	-71.24264  	-1.59124  	418.06141  	408.91114  	-17725.58123  	-4264.35953  	0.00627  	0.00003  	0.00423  	0.00499  	0.01036  	0.00000  	0.00000  
54.87122  	27.13178  	5.52485  	5.84671  	21.51054  	-1.18512  	0.05033  	1.38534  	1.41515  	-3.02442  	0.07227  	-0.08574  	-71.26952  	-1.59561  	417.66721  	408.86833  	-17730.22760  	-4264.25935  	0.00626  	0.00003  	0.00423  	0.00497  	0.01036  	0.00000  	0.00000  
55.87454  	27.14767  	5.52320  	5.84675  	21.52140  	-1.18512  	0.05028  	1.38428  	1.41440  	-3.02442  	0.07087  	-0.08573  	-71.33326  	-1.60398  	417.44449  	408.55570  	-17735.80764  	-4264.16146  	0.00626  	0.00003  	0.00423  	0.00497  	0.01035  	0.00000  	0.00000  
56.87586  	27.16046  	5.52270  	5.84516  	21.53211  	-1.18512  	0.04905  	1.38464  	1.41672  	-3.02442  	0.07164  	-0.08574  	-71.35969  	-1.59864  	418.12795  	408.66196  	-17740.70928  	-4264.03514  	0.00627  	0.00003  	0.00423  	0.00494  	0.01035  	0.00000  	0.00000  
57.87917  	27.17303  	5.52224  	5.84387  	21.54199  	-1.18512  	0.05031  	1.38573  	1.41281  	-3.02442  	0.07247  	-0.08577  	-71.39389  	-1.59448  	416.97398  	408.98245  	-17745.39176  	-4263.92895  	0.00626  	0.00002  	0.00423  	0.00497  	0.01036  	0.00000  	0.00000  
58.88249  	27.18600  	5.52132  	5.84240  	21.55162  	-1.18512  	0.05079  	1.38333  	1.41196  	-3.02442  	0.07089  	-0.08571  	-71.43629  	-1.59180  	416.72536  	408.27406  	-17750.10515  	-4263.78432  	0.00626  	0.00003  	0.00423  	0.00498  	0.01035  	0.00000  	0.00000  
59.88381  	27.20099  	5.51930  	5.84246  	21.56461  	-1.18512  	0.04997  	1.38432  	1.41729  	-3.02442  	0.07021  	-0.08563  	-71.46162  	-1.60205  	418.29698  	408.56808  	-17755.94209  	-4263.66547  	0.00627  	0.00003  	0.00422  	0.00496  	0.01035  	0.00000  	0.00000  
60.88712  	27.21416  	5.51863  	5.84112  	21.57451  	-1.18512  	0.04920  	1.38367  	1.42002  	-3.02442  	0.07010  	-0.08571  	-71.50318  	-1.59872  	419.10331  	408.37463  	-17760.75658  	-4263.54379  	0.00627  	0.00003  	0.00422  	0.00494  	0.01035  	0.00000  	0.00000  
61.89041  	27.22693  	5.51854  	5.84056  	21.58523  	-1.18512  	0.05054  	1.38332  	1.41838  	-3.02442  	0.07152  	-0.08566  	-71.52906  	-1.59645  	418.61835  	408.27051  	-17765.65965  	-4263.50450  	0.00627  	0.00003  	0.00423  	0.00497  	0.01035  	0.00000  	0.00000  
62.89077  	27.23999  	5.51778  	5.84046  	21.59534  	-1.18512  	0.04923  	1.38251  	1.41277  	-3.02442  	0.07104  	-0.08572  	-71.56656  	-1.59971  	416.96448  	408.03342  	-17770.49535  	-4263.45241  	0.00626  	0.00003  	0.00423  	0.00495  	0.01034  	0.00000  	0.00000  
63.89309  	27.25535  	5.51574  	5.84157  	21.60706  	-1.18512  	0.04890  	1.38223  	1.41479  	-3.02442  	0.07192  	-0.08570  	-71.61266  	-1.61528  	417.55895  	407.94855  	-17776.14579  	-4263.39613  	0.00626  	0.00003  	0.00423  	0.00494  	0.01034  	0.00000  	0.00000  
64.89640  	27.26883  	5.51439  	5.84096  	21.61717  	-1.18512  	0.05034  	1.38281  	1.41380  	-3.02442  	0.07072  	-0.08567  	-71.65539  	-1.61895  	417.26827  	408.12242  	-17781.07141  	-4263.27762  	0.00626  	0.00003  	0.00423  	0.00497  	0.01035  	0.00000  	0.00000  
65.89673  	27.28222  	5.51330  	5.83974  	21.62728  	-1.18512  	0.05143  	1.38283  	1.41381  	-3.02442  	0.07261  	-0.08582  	-71.69715  	-1.61833  	417.26909  	408.12670  	-17785.97760  	-4263.13787  	0.00626  	0.00002  	0.00423  	0.00499  	0.01035  	0.00000  	0.00000  
66.90004  	27.29522  	5.51244  	5.83745  	21.63816  	-1.18512  	0.04968  	1.38237  	1.41616  	-3.02442  	0.07227  	-0.08567  	-71.72389  	-1.61123  	417.96348  	407.99027  	-17790.96378  	-4262.94678  	0.00627  	0.00003  	0.00423  	0.00495  	0.01034  	0.00000  	0.00000  
67.90236  	27.31036  	5.51175  	5.83583  	21.64942  	-1.18512  	0.04846  	1.38340  	1.41317  	-3.02442  	0.07179  	-0.08571  	-71.77312  	-1.60663  	417.08159  	408.29501  	-17796.47679  	-4262.80607  	0.00626  	0.00003  	0.00423  	0.00493  	0.01035  	0.00000  	0.00000  
68.90368  	27.32444  	5.51000  	5.83611  	21.66006  	-1.18512  	0.04826  	1.38190  	1.41234  	-3.02442  	0.07173  	-0.08568  	-71.81686  	-1.61669  	416.83786  	407.85259  	-17801.63845  	-4262.71717  	0.00626  	0.00003  	0.00423  	0.00493  	0.01034  	0.00000  	0.00000  
69.90700  	27.33685  	5.50860  	5.83633  	21.67009  	-1.18512  	0.05098  	1.38146  	1.41296  	-3.02442  	0.06953  	-0.08565  	-71.84707  	-1.62473  	417.02086  	407.72170  	-17806.32685  	-4262.64629  	0.00626  	0.00003  	0.00422  	0.00498  	0.01034  	0.00000  	0.00000  
70.91031  	27.34974  	5.50876  	5.83463  	21.67948  	-1.18512  	0.05104  	1.38092  	1.41420  	-3.02442  	0.07321  	-0.08571  	-71.89142  	-1.61551  	417.38590  	407.56327  	-17810.98085  	-4262.55238  	0.00626  	0.00003  	0.00423  	0.00498  	0.01034  	0.00000  	0.00000  
71.91164  	27.36519  	5.50770  	5.83331  	21.69216  	-1.18512  	0.05228  	1.38108  	1.41523  	-3.02442  	0.07202  	-0.08577  	-71.92648  	-1.61420  	417.69062  	407.61151  	-17816.85872  	-4262.40848  	0.00626  	0.00002  	0.00423  	0.00500  	0.01034  	0.00000  	0.00000  
72.91495  	27.37845  	5.50638  	5.83251  	21.70194  	-1.18512  	0.04963  	1.38077  	1.41213  	-3.02442  	0.07191  	-0.08571  	-71.97070  	-1.61675  	416.77342  	407.51842  	-17821.67255  	-4262.28026  	0.00626  	0.00003  	0.00423  	0.00495  	0.01034  	0.00000  	0.00000  
73.91827  	27.39055  	5.50436  	5.83120  	21.71214  	-1.18512  	0.04897  	1.38153  	1.41521  	-3.02442  	0.07224  	-0.08572  	-71.99493  	-1.62029  	417.68235  	407.74205  	-17826.33351  	-4262.07864  	0.00626  	0.00003  	0.00423  	0.00494  	0.01034  	0.00000  	0.00000  
74.91959  	27.40467  	5.50254  	5.82943  	21.72251  	-1.18512  	0.04970  	1.38040  	1.41619  	-3.02442  	0.07233  	-0.08571  	-72.04239  	-1.62054  	417.97325  	407.40875  	-17831.45143  	-4261.86133  	0.00627  	0.00003  	0.00423  	0.00495  	0.01034  	0.00000  	0.00000  
75.92191  	27.41943  	5.50119  	5.82929  	21.73402  	-1.18512  	0.04980  	1.37846  	1.41242  	-3.02442  	0.07053  	-0.08573  	-72.08371  	-1.62658  	416.86129  	406.83771  	-17836.94216  	-4261.77083  	0.00626  	0.00003  	0.00423  	0.00496  	0.01033  	0.00000  	0.00000  
76.92522  	27.43249  	5.50095  	5.82831  	21.74511  	-1.18512  	0.04906  	1.37522  	1.40716  	-3.02442  	0.07165  	-0.08571  	-72.10866  	-1.62286  	415.30825  	405.88234  	-17841.99119  	-4261.69670  	0.00625  	0.00003  	0.00423  	0.00494  	0.01031  	0.00000  	0.00000  
77.92655  	27.44452  	5.49885  	5.82612  	21.75453  	-1.18512  	0.04919  	1.37322  	1.40663  	-3.02442  	0.07021  	-0.08567  	-72.14188  	-1.62244  	415.15049  	405.28987  	-17846.47747  	-4261.43677  	0.00625  	0.00003  	0.00422  	0.00494  	0.01030  	0.00000  	0.00000  
78.92886  	27.45685  	5.49726  	5.82388  	21.76539  	-1.18512  	0.04779  	1.37261  	1.40318  	-3.02442  	0.07061  	-0.08569  	-72.16059  	-1.61922  	414.13300  	405.10949  	-17851.32578  	-4261.20547  	0.00625  	0.00003  	0.00423  	0.00492  	0.01030  	0.00000  	0.00000  
79.93215  	27.47126  	5.49489  	5.82310  	21.77544  	-1.18512  	0.05012  	1.37306  	1.40750  	-3.02442  	0.07024  	-0.08570  	-72.21588  	-1.62710  	415.40733  	405.24196  	-17856.44202  	-4261.01415  	0.00625  	0.00003  	0.00422  	0.00496  	0.01030  	0.00000  	0.00000  
80.93547  	27.48363  	5.49264  	5.82192  	21.78496  	-1.18512  	0.04889  	1.37265  	1.40312  	-3.02442  	0.07062  	-0.08565  	-72.25210  	-1.63240  	414.11553  	405.12303  	-17861.01767  	-4260.80701  	0.00624  	0.00003  	0.00423  	0.00494  	0.01030  	0.00000  	0.00000  
81.93682  	27.49687  	5.49214  	5.82022  	21.79514  	-1.18512  	0.04819  	1.37221  	1.40435  	-3.02442  	0.07439  	-0.08572  	-72.29089  	-1.62644  	414.47950  	404.99274  	-17865.91649  	-4260.67366  	0.00625  	0.00003  	0.00424  	0.00493  	0.01030  	0.00000  	0.00000  
82.94010  	27.50992  	5.48982  	5.81864  	21.80459  	-1.18512  	0.04716  	1.37327  	1.40463  	-3.02442  	0.07061  	-0.08567  	-72.33658  	-1.63014  	414.56121  	405.30648  	-17870.62358  	-4260.43783  	0.00625  	0.00003  	0.00423  	0.00491  	0.01030  	0.00000  	0.00000  
83.94246  	27.52413  	5.48798  	5.81798  	21.81636  	-1.18512  	0.04792  	1.37291  	1.40258  	-3.02442  	0.07071  	-0.08570  	-72.36761  	-1.63598  	413.95702  	405.19845  	-17876.05954  	-4260.28580  	0.00624  	0.00003  	0.00423  	0.00492  	0.01030  	0.00000  	0.00000  
84.94377  	27.53793  	5.48708  	5.81716  	21.82711  	-1.18512  	0.05022  	1.37381  	1.40643  	-3.02442  	0.07206  	-0.08570  	-72.40627  	-1.63633  	415.09231  	405.46524  	-17881.19490  	-4260.18191  	0.00625  	0.00003  	0.00423  	0.00496  	0.01030  	0.00000  	0.00000  
85.94606  	27.55114  	5.48598  	5.81461  	21.83682  	-1.18512  	0.04784  	1.37233  	1.40821  	-3.02442  	0.07073  	-0.08565  	-72.45077  	-1.62917  	415.61763  	405.02735  	-17885.99266  	-4259.96088  	0.00625  	0.00003  	0.00423  	0.00492  	0.01030  	0.00000  	0.00000  
86.94941  	27.56445  	5.48321  	5.81184  	21.84627  	-1.18512  	0.04885  	1.37300  	1.40502  	-3.02442  	0.07292  	-0.08569  	-72.49960  	-1.62921  	414.67508  	405.22521  	-17890.75633  	-4259.62538  	0.00625  	0.00003  	0.00423  	0.00494  	0.01030  	0.00000  	0.00000  
87.95073  	27.57809  	5.48186  	5.81066  	21.85774  	-1.18512  	0.05014  	1.37341  	1.40438  	-3.02442  	0.07001  	-0.08562  	-72.52728  	-1.63004  	414.48809  	405.34747  	-17896.01079  	-4259.47211  	0.00625  	0.00003  	0.00422  	0.00496  	0.01030  	0.00000  	0.00000  
88.95405  	27.59201  	5.47935  	5.80890  	21.86781  	-1.18512  	0.05075  	1.37208  	1.40360  	-3.02442  	0.07201  	-0.08568  	-72.57605  	-1.63374  	414.25604  	404.95484  	-17901.03410  	-4259.21404  	0.00625  	0.00003  	0.00423  	0.00497  	0.01030  	0.00000  	0.00000  
89.95636  	27.60413  	5.47813  	5.80721  	21.87778  	-1.18512  	0.04995  	1.37307  	1.40694  	-3.02442  	0.07139  	-0.08575  	-72.60338  	-1.63141  	415.24157  	405.24642  	-17905.65960  	-4259.03808  	0.00625  	0.00002  	0.00423  	0.00496  	0.01030  	0.00000  	0.00000  
90.95669  	27.61920  	5.47572  	5.80587  	21.88874  	-1.18512  	0.04953  	1.37347  	1.40949  	-3.02442  	0.07241  	-0.08572  	-72.65557  	-1.63672  	415.99673  	405.36473  	-17911.10868  	-4258.81025  	0.00626  	0.00003  	0.00423  	0.00495  	0.01030  	0.00000  	0.00000  
91.96001  	27.63337  	5.47419  	5.80456  	21.90032  	-1.18512  	0.04886  	1.37438  	1.40316  	-3.02442  	0.07087  	-0.08567  	-72.68845  	-1.63782  	414.12660  	405.63438  	-17916.50155  	-4258.63886  	0.00625  	0.00003  	0.00423  	0.00494  	0.01031  	0.00000  	0.00000  
92.96230  	27.64612  	5.47239  	5.80254  	21.91047  	-1.18512  	0.04950  	1.37329  	1.40090  	-3.02442  	0.07145  	-0.08573  	-72.72149  	-1.63673  	413.46070  	405.31216  	-17921.29885  	-4258.40763  	0.00624  	0.00003  	0.00423  	0.00495  	0.01030  	0.00000  	0.00000  
93.96365  	27.65859  	5.47047  	5.80062  	21.92005  	-1.18512  	0.04877  	1.37285  	1.40503  	-3.02442  	0.07110  	-0.08561  	-72.75817  	-1.63673  	414.67917  	405.18039  	-17925.91525  	-4258.17577  	0.00625  	0.00003  	0.00423  	0.00494  	0.01030  	0.00000  	0.00000  
94.96497  	27.67261  	5.46859  	5.79916  	21.93046  	-1.18512  	0.05024  	1.37243  	1.40724  	-3.02442  	0.07298  	-0.08569  	-72.80405  	-1.63880  	415.33006  	405.05751  	-17931.03387  	-4257.97267  	0.00625  	0.00003  	0.00423  	0.00496  	0.01030  	0.00000  	0.00000  
95.96729  	27.68742  	5.46626  	5.79822  	21.94064  	-1.18512  	0.05008  	1.37249  	1.40314  	-3.02442  	0.07198  	-0.08571  	-72.86287  	-1.64570  	414.12253  	405.07484  	-17936.26898  	-4257.77494  	0.00625  	0.00003  	0.00423  	0.00496  	0.01030  	0.00000  	0.00000  
96.96761  	27.70056  	5.46459  	5.79664  	21.95132  	-1.18512  	0.05030  	1.37217  	1.40272  	-3.02442  	0.07167  	-0.08570  	-72.89407  	-1.64614  	413.99792  	404.98128  	-17941.25946  	-4257.57875  	0.00624  	0.00003  	0.00423  	0.00497  	0.01030  	0.00000  	0.00000  
97.96993  	27.71421  	5.46268  	5.79465  	21.96069  	-1.18512  	0.04968  	1.37315  	1.40631  	-3.02442  	0.07197  	-0.08572  	-72.94827  	-1.64570  	415.05616  	405.27082  	-17946.08380  	-4257.34252  	0.00625  	0.00003  	0.00423  	0.00495  	0.01030  	0.00000  	0.00000  
98.97125  	27.72812  	5.46135  	5.79207  	21.97234  	-1.18512  	0.04977  	1.37218  	1.40284  	-3.02442  	0.07272  	-0.08567  	-72.97705  	-1.63954  	414.03225  	404.98230  	-17951.44078  	-4257.10556  	0.00624  	0.00003  	0.00423  	0.00496  	0.01030  	0.00000  	0.00000  
99.97257  	27.74283  	5.45891  	5.79079  	21.98318  	-1.18512  	0.04847  	1.37254  	1.40357  	-3.02442  	0.07173  	-0.08569  	-73.02616  	-1.64528  	414.24694  	405.08950  	-17956.79612  	-4256.88069  	0.00625  	0.00003  	0.00423  	0.00493  	0.01030  	0.00000  	0.00000  
100.97389  	27.75550  	5.45686  	5.78847  	21.99274  	-1.18512  	0.04792  	1.37204  	1.40366  	-3.02442  	0.07154  	-0.08571  	-73.06580  	-1.64393  	414.27442  	404.94188  	-17961.45670  	-4256.61619  	0.00625  	0.00003  	0.00423  	0.00492  	0.01030  	0.00000  	0.00000  
101.97821  	27.76820  	5.45513  	5.78699  	22.00294  	-1.18512  	0.04761  	1.37158  	1.40574  	-3.02442  	0.07305  	-0.08570  	-73.09734  	-1.64519  	414.88994  	404.80702  	-17966.25759  	-4256.42224  	0.00625  	0.00003  	0.00423  	0.00491  	0.01029  	0.00000  	0.00000  
102.98149  	27.78322  	5.45374  	5.78627  	22.01388  	-1.18512  	0.04783  	1.37227  	1.40087  	-3.02442  	0.07357  	-0.08572  	-73.14925  	-1.64854  	413.45159  	405.00940  	-17971.69991  	-4256.29444  	0.00624  	0.00003  	0.00424  	0.00492  	0.01030  	0.00000  	0.00000  
103.98285  	27.79707  	5.45072  	5.78501  	22.02477  	-1.18512  	0.04943  	1.37178  	1.40244  	-3.02442  	0.07039  	-0.08568  	-73.18672  	-1.65722  	413.91532  	404.86693  	-17976.88937  	-4256.03588  	0.00624  	0.00003  	0.00423  	0.00495  	0.01030  	0.00000  	0.00000  
104.98513  	27.81104  	5.44913  	5.78157  	22.03550  	-1.18512  	0.04983  	1.37122  	1.40328  	-3.02442  	0.07165  	-0.08567  	-73.22788  	-1.64805  	414.16271  	404.70181  	-17982.06843  	-4255.73110  	0.00625  	0.00003  	0.00423  	0.00496  	0.01029  	0.00000  	0.00000  
105.98646  	27.82306  	5.44754  	5.77996  	22.04546  	-1.18512  	0.04982  	1.37194  	1.39835  	-3.02442  	0.07229  	-0.08574  	-73.25418  	-1.64795  	412.70845  	404.91226  	-17986.67929  	-4255.53767  	0.00624  	0.00003  	0.00423  	0.00496  	0.01030  	0.00000  	0.00000  
106.98678  	27.83768  	5.44562  	5.77743  	22.05647  	-1.18512  	0.04952  	1.37096  	1.40304  	-3.02442  	0.07149  	-0.08569  	-73.30002  	-1.64495  	414.09030  	404.62402  	-17992.05574  	-4255.26888  	0.00624  	0.00003  	0.00423  	0.00495  	0.01029  	0.00000  	0.00000  
107.98810  	27.85139  	5.44338  	5.77547  	22.06789  	-1.18512  	0.04915  	1.37165  	1.40316  	-3.02442  	0.07050  	-0.08567  	-73.32907  	-1.64632  	414.12686  	404.82699  	-17997.32684  	-4255.01479  	0.00625  	0.00003  	0.00423  	0.00494  	0.01029  	0.00000  	0.00000  
108.98945  	27.86432  	5.44194  	5.77353  	22.07683  	-1.18512  	0.04957  	1.37111  	1.40372  	-3.02442  	0.07178  	-0.08574  	-73.37970  	-1.64386  	414.29207  	404.66643  	-18001.91524  	-4254.81039  	0.00625  	0.00003  	0.00423  	0.00495  	0.01029  	0.00000  	0.00000  
109.98977  	27.87765  	5.43985  	5.77140  	22.08614  	-1.18512  	0.05004  	1.37154  	1.40306  	-3.02442  	0.07138  	-0.08570  	-73.43080  	-1.64363  	414.09869  	404.79594  	-18006.66780  	-4254.55514  	0.00624  	0.00003  	0.00423  	0.00496  	0.01029  	0.00000  	0.00000  
110.99110  	27.89089  	5.43808  	5.76948  	22.09725  	-1.18512  	0.04982  	1.37010  	1.40086  	-3.02442  	0.07143  	-0.08570  	-73.45778  	-1.64290  	413.44929  	404.36845  	-18011.77597  	-4254.33188  	0.00624  	0.00003  	0.00423  	0.00496  	0.01029  	0.00000  	0.00000  
111.99239  	27.90518  	5.43560  	5.76828  	22.10764  	-1.18512  	0.04930  	1.37177  	1.40147  	-3.02442  	0.07314  	-0.08579  	-73.50736  	-1.64926  	413.62865  	404.86199  	-18016.95698  	-4254.10957  	0.00624  	0.00002  	0.00423  	0.00495  	0.01030  	0.00000  	0.00000  
112.99271  	27.91847  	5.43330  	5.76674  	22.11820  	-1.18512  	0.04960  	1.37032  	1.40026  	-3.02442  	0.07190  	-0.08575  	-73.54203  	-1.65303  	413.27013  	404.43516  	-18021.96278  	-4253.87665  	0.00624  	0.00002  	0.00423  	0.00495  	0.01029  	0.00000  	0.00000  
