01/16/2025 17:28:40Time	T_hot_in(C)	T_cold_in(C)	T_cold_out(C)	T_hot_out(C)	mdot_cold(kg/s)	ASFASIFUAS(kg/s)	Diferencial_cold(bar)	Diferencial_hot(bar)	mdot_hot(kg/s)	ABS_cold(bar)	ABS_hot(bar)	q_cold(kW)	q_hot(kW)	ASFASYFY	Tau_cold_haste	Re_hot	Re_cold	U_global	PSIG_cold(bar)	R_fouling	PSIG_hot(bar)	PSID_hot(bar)	m_dot_hot	PSID_cold(bar)	m_dot_cold
2,03943  	0,00000  	0,00000  	0,00000  	0,00000  	-1,18512  	-0,20833  	-0,25900  	-0,86180  	-3,02442  	-1,72343  	-1,72415  	-0,00000  	-0,00000  	-254,35069  	-76,44127  	-9234,48090  	-3618,55272  	NaN  	NaN  	0,00000  	0,00000  	0,00000  	0,00000  	0,00000  	0,00000  	0,00000  
3,04117  	1327,82048  	1327,75450  	-244,98909  	25,67525  	0,05211  	-0,00407  	85706,53851  	-0,00206  	0,00379  	-0,03463  	-0,03657  	131359,37808  	9633284,67127  	-0,60884  	25295332,54600  	0,00547  	0,20580  	NaN  	NaN  	0,00405  	0,00399  	0,00397  	0,00392  	1327,62170  	0,00401  	0,00401  
4,04294  	198,75794  	198,73932  	884,07349  	25,67502  	0,04933  	-0,00148  	12827,26523  	-0,00084  	0,00355  	-0,01322  	-0,01518  	16326,48601  	143,78618  	-0,24883  	3785824,80880  	54,46537  	0,19479  	-Inf  	-Inf  	0,00405  	0,00400  	0,00396  	0,00397  	198,70185  	0,00400  	0,00400  
5,04289  	-244,98909  	-244,98909  	1327,82053  	25,67718  	0,04907  	0,01510  	-15815,93170  	0,00783  	0,17233  	0,12388  	0,12182  	1240578,24517  	3543,57392  	2,31091  	-4667896,50935  	29,04965  	0,19374  	NaN  	NaN  	0,00405  	0,00404  	0,00396  	0,00429  	-244,98909  	0,00400  	0,00423  
6,04439  	778,72010  	-244,98909  	304,11131  	25,76469  	0,04973  	0,02240  	-15815,93170  	0,00851  	0,34506  	0,18425  	0,18215  	1086,79405  	93622,89627  	2,51301  	-4667896,50935  	5,48799  	328,33750  	Inf  	-Inf  	0,00405  	0,00404  	0,00396  	0,00443  	-244,98909  	0,00400  	0,00446  
7,04489  	1327,82048  	781,95504  	781,99816  	25,98554  	0,05196  	0,02149  	-15815,93170  	0,00761  	0,30277  	0,17667  	0,17458  	119154398,31005  	263,72724  	2,24558  	-4667896,50935  	0,43632  	0,03958  	NaN  	NaN  	0,00405  	0,00404  	0,00396  	0,00441  	-244,98909  	0,00401  	0,00440  
8,04644  	297,53266  	1327,75450  	1327,82053  	26,18717  	0,04500  	0,01995  	50687,58320  	0,00461  	0,30928  	0,16399  	0,16191  	741639170,81555  	0,01890  	1,35913  	14959876,98549  	725,22675  	0,00353  	-Inf  	-Inf  	0,00405  	0,00402  	0,00396  	0,00438  	785,16852  	0,00398  	0,00441  
9,05094  	786,46968  	1327,75450  	1327,82053  	26,26879  	0,04975  	0,02812  	19127,44101  	0,01328  	0,29156  	0,23151  	0,22937  	1958780630,95727  	12,10364  	3,91965  	5645251,68840  	4,41506  	0,00390  	-Inf  	-Inf  	0,00405  	0,00406  	0,00396  	0,00454  	296,29330  	0,00400  	0,00439  
10,05187  	292,76378  	1327,75450  	1327,82053  	26,27739  	0,05337  	0,02645  	50995,40685  	0,01528  	0,11221  	0,21769  	0,21557  	264267459,47069  	0,02141  	4,51065  	15050727,71547  	288,40881  	0,00418  	-Inf  	-Inf  	0,00405  	0,00407  	0,00396  	0,00451  	789,93679  	0,00401  	0,00415  
11,05221  	795,91461  	1327,75450  	286,91680  	26,26876  	0,04712  	0,02622  	85706,53851  	0,01432  	0,06808  	0,21583  	0,21371  	19482896,79064  	196007,71402  	4,22673  	25295332,54600  	0,97535  	0,03121  	NaN  	NaN  	0,00405  	0,00407  	0,00396  	0,00450  	1327,62170  	0,00399  	0,00409  
12,05290  	282,73818  	1327,75450  	-244,98909  	26,26190  	0,05049  	0,02621  	18248,06260  	0,01555  	0,06555  	0,21570  	0,21358  	446949,77997  	442,13362  	4,58919  	5385712,91990  	206,06384  	0,19942  	NaN  	NaN  	0,00405  	0,00407  	0,00396  	0,00450  	282,67149  	0,00400  	0,00409  
13,05425  	-244,98909  	280,41166  	-244,98909  	26,26178  	0,04827  	0,02638  	51791,29506  	0,01592  	0,06438  	0,21713  	0,21501  	73,05119  	1153,02571  	4,69753  	15285625,27861  	10,91775  	240,59311  	-Inf  	-Inf  	0,00405  	0,00407  	0,00396  	0,00451  	802,26532  	0,00399  	0,00409  
14,05454  	-244,98909  	804,34493  	804,38899  	26,26420  	0,04838  	0,02620  	85706,53851  	0,01533  	0,06462  	0,21566  	0,21354  	6364062,27740  	0,09690  	4,52429  	25295332,54600  	10,96020  	0,03256  	-Inf  	-Inf  	0,00405  	0,00407  	0,00396  	0,00450  	1327,62170  	0,00400  	0,00409  
15,05554  	-244,98909  	1327,75450  	1327,82053  	26,26752  	0,05069  	0,02639  	85706,53851  	0,01456  	0,06439  	0,21723  	0,21511  	154364831,55778  	0,15217  	4,29739  	25295332,54600  	10,92136  	0,00397  	-Inf  	-Inf  	0,00405  	0,00407  	0,00396  	0,00451  	1327,62170  	0,00400  	0,00409  
16,05804  	811,51157  	1327,75450  	271,31984  	26,26739  	0,04709  	0,02632  	85706,53851  	0,01471  	0,06469  	0,21664  	0,21451  	17737099,62019  	226878,76559  	4,34070  	25295332,54600  	0,84711  	0,03255  	NaN  	NaN  	0,00405  	0,00407  	0,00396  	0,00451  	1327,62170  	0,00399  	0,00409  
17,05857  	1327,82048  	1327,75450  	813,82635  	26,26205  	0,04820  	0,02649  	85706,53851  	0,01431  	0,06508  	0,21806  	0,21593  	192494811,40813  	2919959,24962  	4,22402  	25295332,54600  	0,09369  	0,00942  	NaN  	NaN  	0,00405  	0,00407  	0,00396  	0,00451  	1327,62170  	0,00399  	0,00409  
18,06105  	1327,82048  	1327,75450  	1327,82053  	26,25244  	0,05175  	0,02607  	85706,53851  	0,01434  	0,06446  	0,21452  	0,21240  	741400872,87246  	402,83780  	4,23356  	25295332,54600  	0,09280  	0,00406  	-Inf  	-Inf  	0,00405  	0,00407  	0,00397  	0,00450  	1327,62170  	0,00401  	0,00409  
19,06284  	261,98332  	1327,75450  	1327,82053  	26,24506  	0,05000  	0,02649  	85706,53851  	0,01486  	0,06483  	0,21804  	0,21592  	135070802,36687  	0,01610  	4,38593  	25295332,54600  	314,11216  	0,00392  	-Inf  	-Inf  	0,00405  	0,00407  	0,00397  	0,00451  	1327,62170  	0,00400  	0,00409  
20,06248  	823,93193  	1327,75450  	258,89948  	26,23883  	0,04601  	0,02626  	16709,30945  	0,01459  	0,06457  	0,21615  	0,21403  	17096977,64281  	248528,70970  	4,30660  	4931567,02573  	0,78829  	0,03290  	NaN  	NaN  	0,00405  	0,00407  	0,00396  	0,00450  	258,83578  	0,00399  	0,00409  
21,06358  	254,02106  	1327,75450  	-244,98909  	26,22977  	0,04996  	0,02642  	53496,19060  	0,01526  	0,06474  	0,21742  	0,21530  	392027,38000  	369,88073  	4,50495  	15788806,25435  	371,42247  	0,19730  	NaN  	NaN  	0,00405  	0,00407  	0,00397  	0,00451  	828,67461  	0,00400  	0,00409  
22,06525  	831,09417  	251,71639  	831,09420  	26,22145  	0,05373  	0,02665  	85706,53851  	0,01430  	0,06471  	0,21934  	0,21722  	1384989,86711  	166821,51774  	4,22090  	25295332,54600  	0,75912  	0,21218  	-Inf  	-Inf  	0,00405  	0,00407  	0,00397  	0,00451  	1327,62170  	0,00401  	0,00409  
23,06547  	248,69399  	834,09212  	1327,82053  	26,21272  	0,05374  	0,02616  	85706,53851  	0,01323  	0,06312  	0,21531  	0,21319  	33887385,69521  	122,47821  	3,90351  	25295332,54600  	405,47634  	0,01009  	-Inf  	-Inf  	0,00405  	0,00406  	0,00396  	0,00450  	1327,62170  	0,00401  	0,00408  
24,06765  	-244,98909  	1327,75450  	1327,82053  	26,20211  	0,05143  	0,02659  	15868,00406  	0,01377  	0,06216  	0,21887  	0,21675  	148978447,18708  	0,15456  	4,06484  	4683265,08595  	10,53564  	0,00403  	-Inf  	-Inf  	0,00405  	0,00406  	0,00396  	0,00451  	245,80373  	0,00400  	0,00408  
25,06825  	-244,98909  	1327,75450  	1327,82053  	26,18991  	0,04454  	0,02641  	-15815,93170  	0,01368  	0,06175  	0,21735  	0,21523  	147980429,83741  	0,13388  	4,03761  	-4667896,50935  	10,46421  	0,00349  	-Inf  	-Inf  	0,00405  	0,00406  	0,00396  	0,00451  	-244,98909  	0,00398  	0,00408  
26,06949  	844,33882  	238,47229  	238,49259  	26,17639  	0,05299  	0,02630  	54498,53117  	0,01383  	0,06063  	0,21645  	0,21432  	3528,45243  	6,41186  	4,08222  	16084635,93439  	0,66147  	12,35901  	NaN  	NaN  	0,00405  	0,00406  	0,00396  	0,00450  	844,20114  	0,00401  	0,00408  
27,07196  	236,84885  	-244,98909  	-244,98909  	26,16294  	0,05210  	0,02629  	85706,53851  	0,01367  	0,06029  	0,21641  	0,21429  	20129,08895  	0,00000  	4,03393  	25295332,54600  	495,64959  	1,00808  	Inf  	-Inf  	0,00405  	0,00406  	0,00396  	0,00450  	1327,62170  	0,00401  	0,00408  
28,07281  	-244,98909  	-244,98909  	-244,98909  	26,14858  	0,05210  	0,02650  	85706,53851  	0,01349  	0,06008  	0,21811  	0,21599  	25813,03008  	0,00000  	3,98239  	25295332,54600  	10,17659  	1,00820  	Inf  	-Inf  	0,00405  	0,00406  	0,00396  	0,00451  	1327,62170  	0,00401  	0,00408  
29,07330  	852,49503  	-244,98909  	-244,98909  	26,13383  	0,05220  	0,02637  	85706,53851  	0,01240  	0,05924  	0,21702  	0,21490  	77574,66432  	0,00000  	3,65850  	25295332,54600  	0,61852  	1,01011  	Inf  	-Inf  	0,00405  	0,00406  	0,00396  	0,00451  	1327,62170  	0,00401  	0,00408  
30,07546  	226,22466  	856,56052  	-244,98909  	26,11924  	0,04851  	0,02617  	85706,53851  	0,01223  	0,05871  	0,21538  	0,21326  	5519,25656  	233,58530  	3,60928  	25295332,54600  	594,52969  	3,00860  	NaN  	NaN  	0,00405  	0,00406  	0,00396  	0,00450  	1327,62170  	0,00400  	0,00408  
31,07670  	-244,98909  	223,91510  	-244,98909  	26,10638  	0,05284  	0,02654  	14452,39208  	0,01294  	0,05972  	0,21845  	0,21632  	69,29439  	1129,40839  	3,81985  	4265462,94160  	10,11231  	117,90789  	-Inf  	-Inf  	0,00405  	0,00406  	0,00396  	0,00451  	223,87551  	0,00401  	0,00408  
32,07886  	863,14103  	-244,98909  	-244,98909  	26,09543  	0,05174  	0,02653  	55712,18504  	0,01300  	0,05942  	0,21838  	0,21626  	78815,61157  	0,00000  	3,83635  	16442832,39161  	0,58616  	1,00122  	Inf  	-Inf  	0,00405  	0,00406  	0,00396  	0,00451  	863,00097  	0,00401  	0,00408  
33,07977  	1327,82048  	-244,98909  	866,74344  	26,08656  	0,04567  	0,02612  	85706,53851  	0,01372  	0,05924  	0,21500  	0,21287  	40959,55671  	5979604,22599  	4,04836  	25295332,54600  	0,08533  	2,60254  	Inf  	-Inf  	0,00405  	0,00406  	0,00396  	0,00450  	1327,62170  	0,00399  	0,00408  
34,08214  	1327,82048  	-244,98909  	1327,82053  	26,08114  	0,04872  	0,02661  	85706,53851  	0,01393  	0,05803  	0,21902  	0,21690  	2009213,37308  	9024552,56922  	4,11015  	25295332,54600  	0,08360  	0,19236  	NaN  	NaN  	0,00405  	0,00406  	0,00396  	0,00451  	1327,62170  	0,00400  	0,00408  
35,08262  	1327,82048  	-244,98909  	1327,82053  	26,07777  	0,05097  	0,02638  	85706,53851  	0,01553  	0,05889  	0,21714  	0,21502  	2038818,08695  	9440914,05230  	4,58292  	25295332,54600  	0,08484  	0,20123  	NaN  	NaN  	0,00405  	0,00407  	0,00396  	0,00451  	1327,62170  	0,00400  	0,00408  
36,08234  	1327,82048  	879,74564  	203,03858  	26,07589  	0,04535  	0,02678  	85706,53851  	0,01395  	0,06074  	0,22040  	0,21828  	2102261,04481  	3614558,51200  	4,11728  	25295332,54600  	0,08750  	0,17911  	NaN  	NaN  	0,00405  	0,00406  	0,00396  	0,00451  	1327,62170  	0,00399  	0,00408  
37,08284  	1327,82048  	1327,75450  	-244,98909  	26,07639  	0,04716  	0,02634  	85706,53851  	0,01448  	0,05943  	0,21682  	0,21470  	2056537,66601  	8735660,18986  	4,27368  	25295332,54600  	0,08561  	0,18626  	NaN  	NaN  	0,00405  	0,00407  	0,00396  	0,00451  	1327,62170  	0,00399  	0,00408  
38,08426  	200,25248  	200,23381  	882,57894  	26,07856  	0,04986  	0,02645  	85706,53851  	0,01346  	0,05850  	0,21771  	0,21559  	270968,47401  	144,84097  	3,97265  	25295332,54600  	880,50261  	0,19687  	-Inf  	-Inf  	0,00405  	0,00406  	0,00396  	0,00451  	1327,62170  	0,00400  	0,00408  
39,08529  	-244,98909  	-244,98909  	198,10013  	26,08086  	0,04982  	0,02652  	12784,80416  	0,01326  	0,05927  	0,21829  	0,21616  	72,91071  	1006,67267  	3,91491  	3773292,89486  	10,03322  	75,40875  	NaN  	NaN  	0,00405  	0,00406  	0,00397  	0,00451  	198,04412  	0,00400  	0,00408  
40,08559  	887,73536  	887,68784  	887,73540  	26,08432  	0,04727  	0,02649  	57299,71191  	0,01334  	0,05973  	0,21800  	0,21588  	35301738,93367  	18,76811  	3,93658  	16911373,30763  	0,51814  	0,02071  	-Inf  	-Inf  	0,00405  	0,00406  	0,00396  	0,00451  	887,59220  	0,00399  	0,00408  
41,08542  	1327,82048  	1327,75450  	1327,82053  	26,08792  	0,05146  	0,02651  	85706,53851  	0,01270  	0,05947  	0,21819  	0,21606  	684101489,67321  	400,25310  	3,74747  	25295332,54600  	0,08567  	0,00403  	-Inf  	-Inf  	0,00405  	0,00406  	0,00396  	0,00451  	1327,62170  	0,00401  	0,00408  
42,08542  	1327,82048  	190,48669  	1327,82053  	26,09083  	0,04748  	0,02637  	85706,53851  	0,01366  	0,05767  	0,21705  	0,21493  	18718805,96873  	6359782,31867  	4,03175  	25295332,54600  	0,08308  	0,04119  	-Inf  	-Inf  	0,00405  	0,00406  	0,00396  	0,00451  	1327,62170  	0,00399  	0,00408  
43,08542  	188,96537  	-244,98909  	188,96539  	26,09556  	0,04790  	0,02661  	85706,53851  	0,01285  	0,05851  	0,21905  	0,21692  	44,86020  	88,03595  	3,79310  	25295332,54600  	971,03614  	63,28488  	NaN  	NaN  	0,00405  	0,00406  	0,00397  	0,00451  	1327,62170  	0,00399  	0,00408  
44,08800  	894,75534  	894,70752  	894,75538  	26,10063  	0,04610  	0,02647  	85706,53851  	0,01258  	0,05871  	0,21782  	0,21570  	36797590,64971  	19,42076  	3,71311  	25295332,54600  	0,49126  	0,01952  	-Inf  	-Inf  	0,00405  	0,00406  	0,00396  	0,00451  	1327,62170  	0,00399  	0,00408  
45,08727  	1327,82048  	185,79634  	1327,82053  	26,10792  	0,05090  	0,02659  	85706,53851  	0,01308  	0,05930  	0,21884  	0,21672  	18863293,47047  	6847496,83176  	3,86110  	25295332,54600  	0,08542  	0,04477  	-Inf  	-Inf  	0,00405  	0,00406  	0,00396  	0,00451  	1327,62170  	0,00400  	0,00408  
46,08774  	182,50055  	900,28279  	1327,82053  	26,11281  	0,04629  	0,02683  	85706,53851  	0,01280  	0,05961  	0,22088  	0,21875  	27237650,86972  	83,63973  	3,77819  	25295332,54600  	1022,48644  	0,00764  	-Inf  	-Inf  	0,00405  	0,00406  	0,00396  	0,00452  	1327,62170  	0,00399  	0,00408  
47,08764  	901,84467  	1327,75450  	180,98673  	26,11816  	0,04848  	0,02644  	11680,16007  	0,01320  	0,05898  	0,21762  	0,21550  	12359180,00915  	516068,92483  	3,89471  	3447269,46507  	0,47605  	0,04324  	NaN  	NaN  	0,00405  	0,00406  	0,00397  	0,00451  	180,93288  	0,00400  	0,00408  
48,09000  	1327,82048  	179,19225  	-244,98909  	26,12347  	0,04991  	0,02657  	58325,12798  	0,01316  	0,05893  	0,21873  	0,21660  	380,14733  	2493734,21568  	3,88500  	17214013,46505  	0,08489  	57,10860  	NaN  	NaN  	0,00405  	0,00406  	0,00396  	0,00451  	903,47617  	0,00400  	0,00408  
49,09118  	178,58067  	-244,98909  	904,25075  	26,12863  	0,04893  	0,02644  	85706,53851  	0,01328  	0,05824  	0,21758  	0,21545  	7267,21469  	237,42404  	3,92049  	25295332,54600  	1011,24689  	2,07187  	NaN  	NaN  	0,00405  	0,00406  	0,00396  	0,00451  	1327,62170  	0,00400  	0,00408  
50,09159  	-244,98909  	906,18143  	1327,82053  	26,13176  	0,04939  	0,02632  	85706,53851  	0,01418  	0,05891  	0,21664  	0,21452  	47451419,85553  	948,84603  	4,18654  	25295332,54600  	9,97681  	0,00806  	-Inf  	-Inf  	0,00405  	0,00407  	0,00396  	0,00451  	1327,62170  	0,00400  	0,00408  
51,09332  	911,37769  	171,43623  	1327,82053  	26,13506  	0,05088  	0,02645  	11064,81820  	0,01306  	0,05941  	0,21772  	0,21560  	12077674,47397  	586080,16432  	3,85323  	3265658,14868  	0,45705  	0,04666  	-Inf  	-Inf  	0,00405  	0,00406  	0,00396  	0,00451  	171,40107  	0,00400  	0,00408  
52,09531  	1327,82048  	914,85039  	167,93236  	26,13719  	0,04752  	0,02650  	-15815,93170  	0,01189  	0,05927  	0,21810  	0,21597  	2051228,55689  	4181712,93755  	3,51020  	-4667896,50935  	0,08537  	0,18768  	NaN  	NaN  	0,00405  	0,00406  	0,00396  	0,00451  	-244,98909  	0,00399  	0,00408  
53,09781  	164,28638  	164,26921  	918,54505  	26,13702  	0,05108  	0,02645  	59288,42811  	0,01138  	0,05865  	0,21768  	0,21556  	215478,64184  	162,21906  	3,35765  	17498320,79780  	1019,18392  	0,20170  	-Inf  	-Inf  	0,00405  	0,00405  	0,00396  	0,00451  	918,39796  	0,00400  	0,00408  
54,09833  	923,37475  	923,32573  	159,45666  	26,13588  	0,04563  	0,02635  	85706,53851  	0,01189  	0,05884  	0,21689  	0,21477  	1403578,99415  	378971,01846  	3,51061  	25295332,54600  	0,42651  	0,18021  	NaN  	NaN  	0,00405  	0,00406  	0,00396  	0,00451  	1327,62170  	0,00399  	0,00408  
55,09833  	1327,82048  	1327,75450  	-244,98909  	26,13837  	0,05070  	0,02629  	85706,53851  	0,01137  	0,05948  	0,21640  	0,21427  	2058359,83037  	9393424,11962  	3,35507  	25295332,54600  	0,08567  	0,20023  	NaN  	NaN  	0,00405  	0,00405  	0,00396  	0,00450  	1327,62170  	0,00400  	0,00408  
56,10040  	1327,82048  	1327,75450  	931,23726  	26,13851  	0,04376  	0,02635  	85706,53851  	0,01189  	0,05903  	0,21686  	0,21474  	244952622,40446  	2044287,34432  	3,50783  	25295332,54600  	0,08502  	0,00681  	NaN  	NaN  	0,00405  	0,00405  	0,00396  	0,00451  	1327,62170  	0,00398  	0,00408  
57,10241  	1327,82048  	1327,75450  	1327,82053  	26,13811  	0,05040  	0,02643  	85706,53851  	0,01113  	0,05961  	0,21754  	0,21542  	685772097,04565  	392,05677  	3,28370  	25295332,54600  	0,08586  	0,00395  	-Inf  	-Inf  	0,00405  	0,00405  	0,00396  	0,00451  	1327,62170  	0,00400  	0,00408  
58,10487  	1327,82048  	1327,75450  	146,80286  	26,13689  	0,04511  	0,02635  	85706,53851  	0,01180  	0,06000  	0,21687  	0,21474  	16093736,88699  	6275837,79418  	3,48130  	25295332,54600  	0,08642  	0,04451  	NaN  	NaN  	0,00405  	0,00405  	0,00396  	0,00451  	1327,62170  	0,00398  	0,00408  
59,10528  	1327,82048  	1327,75450  	979,50489  	26,13588  	0,04543  	0,02618  	85706,53851  	0,01119  	0,05879  	0,21545  	0,21333  	278901297,44969  	1863897,81379  	3,30180  	25295332,54600  	0,08468  	0,00646  	NaN  	NaN  	0,00405  	0,00405  	0,00396  	0,00450  	1327,62170  	0,00399  	0,00408  
60,10674  	1327,82048  	-5,97994  	-5,96990  	26,13263  	0,04966  	0,02647  	-387,60644  	0,01179  	0,05946  	0,21784  	0,21571  	328,07455  	58,71311  	3,47883  	-114397,73392  	0,08565  	127,05926  	Inf  	-Inf  	0,00405  	0,00405  	0,00396  	0,00451  	-6,00012  	0,00400  	0,00408  
61,10684  	134,68714  	-244,98909  	-244,98909  	26,13065  	0,04733  	0,02632  	61199,01420  	0,01169  	0,05950  	0,21663  	0,21451  	10235,77772  	0,00000  	3,44909  	18062209,05204  	899,45991  	0,91588  	Inf  	-Inf  	0,00405  	0,00405  	0,00396  	0,00451  	947,99346  	0,00399  	0,00408  
62,10659  	949,93154  	949,88141  	949,93158  	26,12995  	0,05168  	0,02666  	85706,53851  	0,01203  	0,05841  	0,21939  	0,21727  	57144904,91852  	34,05878  	3,54911  	25295332,54600  	0,37233  	0,01689  	-Inf  	-Inf  	0,00405  	0,00406  	0,00396  	0,00451  	1327,62170  	0,00401  	0,00408  
63,10743  	1327,82048  	1327,75450  	1327,82053  	26,12940  	0,04947  	0,02644  	85706,53851  	0,01122  	0,05900  	0,21760  	0,21547  	678662197,48709  	384,83960  	3,31019  	25295332,54600  	0,08498  	0,00388  	-Inf  	-Inf  	0,00405  	0,00405  	0,00396  	0,00451  	1327,62170  	0,00400  	0,00408  
64,10965  	1327,82048  	1327,75450  	1327,82053  	26,12708  	0,04974  	0,02639  	85706,53851  	0,01161  	0,05860  	0,21717  	0,21505  	674090806,11224  	386,92784  	3,42553  	25295332,54600  	0,08440  	0,00390  	-Inf  	-Inf  	0,00405  	0,00405  	0,00396  	0,00451  	1327,62170  	0,00400  	0,00408  
65,11189  	125,34265  	1327,75450  	125,34266  	26,12364  	0,04949  	0,02611  	85706,53851  	0,01208  	0,05900  	0,21486  	0,21273  	1096245,82556  	249,38178  	3,56611  	25295332,54600  	838,11510  	0,05210  	-Inf  	-Inf  	0,00405  	0,00406  	0,00397  	0,00450  	1327,62170  	0,00400  	0,00408  
66,11485  	-244,98909  	1327,75450  	960,20375  	26,12182  	0,04911  	0,02601  	85706,53851  	0,01180  	0,05909  	0,21403  	0,21191  	55360872,36763  	822,54566  	3,48175  	25295332,54600  	10,00694  	0,00724  	-Inf  	-Inf  	0,00405  	0,00405  	0,00396  	0,00450  	1327,62170  	0,00400  	0,00408  
67,11553  	965,10558  	1327,75450  	1327,82053  	26,12055  	0,04868  	0,02665  	7596,76474  	0,01169  	0,05873  	0,21937  	0,21724  	487378630,97101  	46,91768  	3,44968  	2242100,70354  	0,34852  	0,00381  	-Inf  	-Inf  	0,00405  	0,00405  	0,00396  	0,00451  	117,67997  	0,00400  	0,00408  
68,11613  	111,78241  	1327,75450  	1327,82053  	26,11928  	0,04961  	0,02638  	62677,47977  	0,01266  	0,05949  	0,21710  	0,21498  	45036244,83150  	0,01372  	3,73534  	18498561,73792  	768,01669  	0,00389  	-Inf  	-Inf  	0,00405  	0,00406  	0,00396  	0,00451  	970,89529  	0,00400  	0,00408  
69,11871  	974,81769  	107,99889  	1327,82053  	26,11729  	0,04938  	0,02638  	85706,53851  	0,01153  	0,05988  	0,21715  	0,21503  	9836332,25011  	939564,80868  	3,40216  	25295332,54600  	0,33960  	0,05481  	-Inf  	-Inf  	0,00405  	0,00405  	0,00396  	0,00451  	1327,62170  	0,00400  	0,00408  
70,11858  	1327,82048  	-244,98909  	1327,82053  	26,11679  	0,04806  	0,02656  	6758,15086  	0,01180  	0,05950  	0,21858  	0,21645  	2059852,88026  	8904170,01164  	3,48400  	1994593,13463  	0,08570  	0,18976  	NaN  	NaN  	0,00405  	0,00405  	0,00396  	0,00451  	104,68961  	0,00399  	0,00408  
71,12130  	1327,82048  	980,17471  	102,60529  	26,11569  	0,05012  	0,02627  	63269,84964  	0,01156  	0,05883  	0,21625  	0,21412  	2036069,17195  	5180578,44444  	3,41088  	18673393,12411  	0,08474  	0,19791  	NaN  	NaN  	0,00404  	0,00405  	0,00396  	0,00450  	980,07126  	0,00400  	0,00408  
72,12252  	98,72918  	98,71476  	-244,98909  	26,11328  	0,04571  	0,02660  	6370,56099  	0,01098  	0,06014  	0,21897  	0,21684  	56,79871  	65,71823  	3,24169  	1880200,29180  	705,91819  	17,62268  	NaN  	NaN  	0,00405  	0,00405  	0,00396  	0,00451  	98,68574  	0,00399  	0,00408  
73,12251  	-244,98909  	987,32837  	987,38011  	26,11269  	0,05107  	0,02654  	-15815,93170  	0,01164  	0,05897  	0,21848  	0,21635  	21678338,12091  	0,12043  	3,43433  	-4667896,50935  	9,98596  	0,01413  	-Inf  	-Inf  	0,00405  	0,00405  	0,00396  	0,00451  	-244,98909  	0,00400  	0,00408  
74,12357  	-244,98909  	1327,75450  	1327,82053  	26,11083  	0,04720  	0,02651  	63970,55128  	0,01147  	0,05847  	0,21816  	0,21604  	140086671,16764  	0,14205  	3,38523  	18880197,42570  	9,90076  	0,00370  	-Inf  	-Inf  	0,00405  	0,00405  	0,00396  	0,00451  	990,92532  	0,00399  	0,00408  
75,12351  	994,27042  	88,54698  	88,56098  	26,10871  	0,05055  	0,02651  	85706,53851  	0,01131  	0,05966  	0,21819  	0,21607  	242,73921  	12,58953  	3,33739  	25295332,54600  	0,30957  	838,38056  	NaN  	NaN  	0,00405  	0,00405  	0,00396  	0,00451  	1327,62170  	0,00400  	0,00408  
76,12358  	1327,82048  	995,95471  	-244,98909  	26,10716  	0,04760  	0,02644  	85706,53851  	0,01120  	0,05985  	0,21758  	0,21546  	163761,58917  	6958050,26598  	3,30606  	25295332,54600  	0,08621  	1,05707  	NaN  	NaN  	0,00405  	0,00405  	0,00396  	0,00451  	1327,62170  	0,00399  	0,00408  
77,12369  	1327,82048  	1327,75450  	996,33856  	26,10686  	0,04786  	0,02612  	85706,53851  	0,01187  	0,05889  	0,21493  	0,21281  	292503118,96568  	1868169,35515  	3,50278  	25295332,54600  	0,08483  	0,00660  	NaN  	NaN  	0,00405  	0,00405  	0,00396  	0,00450  	1327,62170  	0,00399  	0,00408  
