01/16/2025 17:30:04Time	T_hot_in(C)	T_cold_in(C)	T_cold_out(C)	T_hot_out(C)	mdot_cold(kg/s)	ASFASIFUAS(kg/s)	Diferencial_cold(bar)	Diferencial_hot(bar)	mdot_hot(kg/s)	ABS_cold(bar)	ABS_hot(bar)	q_cold(kW)	q_hot(kW)	ASFASYFY	Tau_cold_haste	Re_hot	Re_cold	U_global	PSIG_cold(bar)	R_fouling	PSIG_hot(bar)	PSID_hot(bar)	m_dot_hot	PSID_cold(bar)	m_dot_cold
2,06268  	0,00000  	0,00000  	0,00000  	0,00000  	-1,18512  	-0,20833  	-0,25900  	-0,86180  	-3,02442  	-1,72343  	-1,72415  	-0,00000  	-0,00000  	-254,35069  	-76,44127  	-9234,48090  	-3618,55272  	NaN  	NaN  	0,00000  	0,00000  	0,00000  	0,00000  	0,00000  	0,00000  	0,00000  
3,06377  	1327,82048  	1327,75450  	-244,98909  	26,10355  	0,04791  	0,02691  	-15815,93170  	0,01171  	0,05956  	0,22149  	0,21937  	2061313,30179  	8875458,41992  	3,45519  	-4667896,50935  	0,08580  	0,18922  	NaN  	NaN  	0,00405  	0,00405  	0,00397  	0,00452  	-244,98909  	0,00399  	0,00408  
4,06540  	199,74360  	1327,75450  	883,08782  	26,10276  	0,04938  	0,04507  	56999,71830  	0,02355  	0,07156  	0,37168  	0,36945  	34559843,24789  	93,46202  	6,95050  	16822833,52613  	1082,73538  	0,00842  	-Inf  	-Inf  	0,00405  	0,00411  	0,00396  	0,00487  	882,94522  	0,00400  	0,00409  
5,06654  	772,87749  	1327,75450  	309,95392  	26,10255  	0,05002  	0,04640  	85706,53851  	0,02445  	0,08443  	0,38266  	0,38042  	25694624,18208  	166257,48443  	7,21483  	25295332,54600  	1,38801  	0,03114  	NaN  	NaN  	0,00405  	0,00411  	0,00396  	0,00489  	1327,62170  	0,00400  	0,00411  
6,06653  	305,63545  	1327,75450  	-244,98909  	26,10434  	0,04568  	0,04643  	19726,04620  	0,02391  	0,08429  	0,38291  	0,38067  	626420,72891  	498,37916  	7,05534  	5821923,35743  	169,46099  	0,18041  	NaN  	NaN  	0,00405  	0,00411  	0,00397  	0,00489  	305,56585  	0,00399  	0,00411  
7,06851  	781,33047  	301,47799  	-244,98909  	26,10549  	0,05116  	0,04636  	-15815,93170  	0,02548  	0,08424  	0,38229  	0,38004  	266,11307  	98350,34780  	7,52148  	-4667896,50935  	1,31634  	328,08120  	NaN  	NaN  	0,00405  	0,00412  	0,00396  	0,00489  	-244,98909  	0,00400  	0,00411  
8,06993  	1327,82048  	783,71777  	-244,98909  	26,10457  	0,04912  	0,04681  	50588,32033  	0,02501  	0,08325  	0,38602  	0,38377  	19572,37488  	5952398,13393  	7,38273  	14930580,65388  	0,11992  	5,91146  	NaN  	NaN  	0,00405  	0,00412  	0,00396  	0,00490  	783,63091  	0,00400  	0,00411  
9,06989  	295,29140  	295,26874  	787,54002  	26,10557  	0,05154  	0,04654  	19058,35397  	0,02476  	0,08390  	0,38378  	0,38154  	600605,34874  	157,66051  	7,30841  	5624861,41565  	205,87877  	0,20350  	-Inf  	-Inf  	0,00405  	0,00411  	0,00396  	0,00489  	295,22312  	0,00401  	0,00411  
10,06992  	790,86329  	-244,98909  	291,96812  	26,10597  	0,04867  	0,04674  	51046,76718  	0,02523  	0,08427  	0,38546  	0,38321  	269,57130  	99874,66235  	7,44744  	15065886,14650  	1,24459  	279,78008  	Inf  	-Inf  	0,00405  	0,00412  	0,00396  	0,00490  	790,73238  	0,00400  	0,00411  
11,06989  	290,70985  	792,07803  	792,12158  	26,10617  	0,05127  	0,04622  	85706,53851  	0,02472  	0,08395  	0,38117  	0,37893  	7300118,68146  	0,01328  	7,29451  	25295332,54600  	225,50888  	0,03691  	-Inf  	-Inf  	0,00405  	0,00411  	0,00396  	0,00489  	1327,62170  	0,00400  	0,00411  
12,07031  	-244,98909  	1327,75450  	289,77248  	26,10701  	0,05065  	0,04636  	85706,53851  	0,02464  	0,08356  	0,38230  	0,38006  	8519627,92008  	2396,47869  	7,27227  	25295332,54600  	14,14858  	0,03329  	-Inf  	-Inf  	0,00405  	0,00411  	0,00396  	0,00489  	1327,62170  	0,00400  	0,00411  
13,07166  	-244,98909  	1327,75450  	-244,98909  	26,10744  	0,04978  	0,04673  	18626,65659  	0,02501  	0,08372  	0,38538  	0,38313  	603385,98699  	3568,34213  	7,38144  	5497450,73061  	14,17565  	0,19659  	-Inf  	-Inf  	0,00405  	0,00412  	0,00396  	0,00490  	288,53601  	0,00400  	0,00411  
14,07153  	-244,98909  	1327,75450  	-244,98909  	26,10770  	0,05091  	0,04616  	-15815,93170  	0,02487  	0,08282  	0,38064  	0,37840  	596905,78226  	3649,56241  	7,33955  	-4667896,50935  	14,02343  	0,20106  	-Inf  	-Inf  	0,00405  	0,00412  	0,00396  	0,00489  	-244,98909  	0,00400  	0,00411  
15,07208  	800,19463  	1327,75450  	800,19466  	26,10781  	0,04784  	0,04638  	-15815,93170  	0,02459  	0,08344  	0,38245  	0,38020  	140955290,44105  	104463,36032  	7,25812  	-4667896,50935  	1,16707  	0,00961  	-Inf  	-Inf  	0,00405  	0,00411  	0,00396  	0,00489  	-244,98909  	0,00399  	0,00411  
16,07286  	281,79827  	281,77617  	1327,82053  	26,10707  	0,04936  	0,04648  	-15815,93170  	0,02519  	0,08380  	0,38328  	0,38104  	7806409,25870  	285,03477  	7,43473  	-4667896,50935  	269,39263  	0,03315  	-Inf  	-Inf  	0,00405  	0,00412  	0,00396  	0,00489  	-244,98909  	0,00400  	0,00411  
17,07423  	-244,98909  	802,24945  	280,53803  	26,10754  	0,05136  	0,04631  	51784,56205  	0,02512  	0,08378  	0,38187  	0,37963  	603885,24306  	1221,30787  	7,41516  	15283638,10544  	14,18543  	0,20282  	-Inf  	-Inf  	0,00405  	0,00412  	0,00396  	0,00489  	802,16102  	0,00400  	0,00411  
18,07523  	-244,98909  	1327,75450  	805,32997  	26,10838  	0,05010  	0,04673  	17910,03964  	0,02518  	0,08330  	0,38539  	0,38315  	50043461,32837  	1192,92635  	7,43263  	5285949,19800  	14,10486  	0,00996  	-Inf  	-Inf  	0,00405  	0,00412  	0,00396  	0,00490  	277,43542  	0,00400  	0,00411  
19,07523  	-244,98909  	273,50126  	1327,82053  	26,10754  	0,04670  	0,04678  	-15815,93170  	0,02446  	0,08320  	0,38577  	0,38352  	7946918,99846  	2244,27343  	7,22047  	-4667896,50935  	14,08713  	0,03208  	-Inf  	-Inf  	0,00405  	0,00411  	0,00397  	0,00490  	-244,98909  	0,00399  	0,00411  
20,07647  	-244,98909  	812,51829  	1327,82053  	26,10744  	0,04900  	0,04647  	52447,42824  	0,02512  	0,08451  	0,38323  	0,38099  	51877427,14042  	1150,99358  	7,41247  	15479275,69577  	14,30975  	0,00960  	-Inf  	-Inf  	0,00405  	0,00412  	0,00396  	0,00489  	812,42900  	0,00400  	0,00411  
21,07961  	814,66070  	1327,75450  	1327,82053  	26,10712  	0,04759  	0,04639  	17307,75310  	0,02496  	0,08374  	0,38255  	0,38031  	583595224,33471  	14,69428  	7,36741  	5108191,01931  	1,07806  	0,00373  	-Inf  	-Inf  	0,00405  	0,00412  	0,00396  	0,00489  	268,10583  	0,00399  	0,00411  
22,08087  	265,36580  	1327,75450  	265,36582  	26,10707  	0,05121  	0,04627  	-15815,93170  	0,02521  	0,08406  	0,38158  	0,37934  	6854599,03748  	269,81442  	7,44166  	-4667896,50935  	380,28206  	0,03597  	-Inf  	-Inf  	0,00405  	0,00412  	0,00396  	0,00489  	-244,98909  	0,00400  	0,00411  
23,08324  	822,37539  	1327,75450  	-244,98909  	26,10824  	0,04805  	0,04635  	53080,82546  	0,02539  	0,08354  	0,38226  	0,38002  	1768363,89805  	376660,13546  	7,49320  	15666215,84778  	1,02953  	0,18977  	NaN  	NaN  	0,00405  	0,00412  	0,00396  	0,00489  	822,24050  	0,00399  	0,00411  
24,08577  	256,22212  	1327,75450  	826,60931  	26,10875  	0,05381  	0,04668  	85706,53851  	0,02514  	0,08352  	0,38493  	0,38269  	45358000,74972  	128,03157  	7,42092  	25295332,54600  	458,50198  	0,01025  	-Inf  	-Inf  	0,00405  	0,00412  	0,00397  	0,00490  	1327,62170  	0,00401  	0,00411  
25,08551  	830,18717  	1327,75450  	252,64424  	26,10886  	0,04756  	0,04677  	16305,54323  	0,02479  	0,08322  	0,38566  	0,38342  	21649095,36045  	271713,85946  	7,31711  	4812399,91223  	0,98182  	0,03460  	NaN  	NaN  	0,00405  	0,00411  	0,00396  	0,00490  	252,58133  	0,00399  	0,00411  
26,08551  	1327,82048  	1327,75450  	835,72796  	26,10793  	0,04769  	0,04668  	-15815,93170  	0,02598  	0,08325  	0,38498  	0,38273  	262711521,29191  	2763736,27635  	7,66661  	-4667896,50935  	0,11992  	0,00892  	NaN  	NaN  	0,00405  	0,00412  	0,00396  	0,00490  	-244,98909  	0,00399  	0,00411  
27,08757  	245,51103  	1327,75450  	1327,82053  	26,10716  	0,05005  	0,04637  	-15815,93170  	0,02508  	0,08375  	0,38239  	0,38014  	162384798,49937  	0,01510  	7,40250  	-4667896,50935  	576,48321  	0,00392  	-Inf  	-Inf  	0,00405  	0,00412  	0,00396  	0,00489  	-244,98909  	0,00400  	0,00411  
28,08921  	838,55785  	1327,75450  	244,27356  	26,10680  	0,05048  	0,04670  	54125,37824  	0,02542  	0,08396  	0,38510  	0,38285  	21322208,12240  	311065,56033  	7,50253  	15974503,99540  	0,94584  	0,03759  	NaN  	NaN  	0,00405  	0,00412  	0,00396  	0,00490  	838,42090  	0,00400  	0,00411  
29,08984  	241,02663  	1327,75450  	841,80480  	26,10648  	0,04996  	0,04633  	85706,53851  	0,02516  	0,08378  	0,38207  	0,37983  	44434166,19781  	109,47816  	7,42692  	25295332,54600  	633,04990  	0,00924  	-Inf  	-Inf  	0,00405  	0,00412  	0,00396  	0,00489  	1327,62170  	0,00400  	0,00411  
30,08984  	846,63699  	236,17422  	1327,82053  	26,10650  	0,04636  	0,04645  	85706,53851  	0,02447  	0,08357  	0,38307  	0,38082  	20731848,48871  	307081,08313  	7,22092  	25295332,54600  	0,90076  	0,03531  	-Inf  	-Inf  	0,00405  	0,00411  	0,00396  	0,00489  	1327,62170  	0,00399  	0,00411  
31,08984  	1327,82048  	848,54691  	1327,82053  	26,10786  	0,04765  	0,04648  	15117,48829  	0,02504  	0,08384  	0,38330  	0,38106  	274745705,21605  	2690038,66246  	7,38947  	4461758,69733  	0,12077  	0,00869  	-Inf  	-Inf  	0,00405  	0,00412  	0,00396  	0,00489  	234,17803  	0,00399  	0,00411  
32,08981  	232,07760  	232,05758  	1327,82053  	26,10668  	0,04923  	0,04616  	54912,60797  	0,02499  	0,08450  	0,38068  	0,37844  	5173057,18857  	238,27573  	7,37457  	16206846,10184  	765,00118  	0,03793  	-Inf  	-Inf  	0,00405  	0,00412  	0,00396  	0,00489  	850,61531  	0,00400  	0,00411  
33,09015  	851,47848  	-244,98909  	1327,82053  	26,10701  	0,04466  	0,04659  	85706,53851  	0,02464  	0,08371  	0,38424  	0,38199  	1837675,86205  	442957,82215  	7,27368  	25295332,54600  	0,87901  	0,17633  	NaN  	NaN  	0,00405  	0,00411  	0,00396  	0,00489  	1327,62170  	0,00398  	0,00411  
34,09182  	1327,82048  	-244,98909  	230,12393  	26,10947  	0,04994  	0,04637  	14851,89167  	0,02557  	0,08372  	0,38235  	0,38011  	463,13834  	2794655,32657  	7,54523  	4383370,80426  	0,12059  	122,30792  	Inf  	-Inf  	0,00405  	0,00412  	0,00396  	0,00489  	230,06387  	0,00400  	0,00411  
35,09309  	1327,82048  	-244,98909  	-244,98909  	26,11044  	0,04834  	0,04633  	-15815,93170  	0,02616  	0,08368  	0,38207  	0,37983  	172616,98262  	0,00000  	7,71987  	-4667896,50935  	0,12054  	0,93542  	Inf  	-Inf  	0,00405  	0,00412  	0,00397  	0,00489  	-244,98909  	0,00399  	0,00411  
36,09502  	223,83519  	-244,98909  	858,99623  	26,11015  	0,04556  	0,04667  	-15815,93170  	0,02477  	0,08432  	0,38485  	0,38260  	8067,67843  	219,05953  	7,31139  	-4667896,50935  	892,47432  	2,76862  	NaN  	NaN  	0,00405  	0,00411  	0,00396  	0,00490  	-244,98909  	0,00399  	0,00411  
37,09450  	861,25592  	861,20951  	1327,82053  	26,11001  	0,04836  	0,04646  	55590,50410  	0,02511  	0,08376  	0,38310  	0,38086  	182692869,37261  	153694,40780  	7,41090  	16406919,61208  	0,83453  	0,00860  	-Inf  	-Inf  	0,00405  	0,00412  	0,00396  	0,00489  	861,11610  	0,00400  	0,00411  
38,09466  	218,52622  	1327,75450  	218,52623  	26,11046  	0,04712  	0,04648  	14103,27780  	0,02513  	0,08394  	0,38331  	0,38107  	4534769,19198  	226,03100  	7,41593  	4162425,73973  	975,41395  	0,03773  	-Inf  	-Inf  	0,00405  	0,00412  	0,00396  	0,00489  	218,46764  	0,00399  	0,00411  
39,09466  	866,76493  	216,04712  	866,76496  	26,11020  	0,04957  	0,04654  	55946,10233  	0,02583  	0,08361  	0,38383  	0,38158  	1869177,49067  	229337,96881  	7,62423  	16511870,47939  	0,80907  	0,19572  	-Inf  	-Inf  	0,00405  	0,00412  	0,00396  	0,00489  	866,62442  	0,00400  	0,00411  
40,09565  	1327,82048  	-244,98909  	1327,82053  	26,10912  	0,04753  	0,04656  	13843,00231  	0,02503  	0,08352  	0,38399  	0,38175  	2891403,67312  	8804883,56750  	7,38875  	4085608,31966  	0,12030  	0,18765  	NaN  	NaN  	0,00405  	0,00412  	0,00396  	0,00489  	214,43590  	0,00399  	0,00411  
41,09838  	1327,82048  	869,31312  	1327,82053  	26,10819  	0,04964  	0,04650  	56113,60225  	0,02571  	0,08397  	0,38350  	0,38125  	292249001,01405  	2681035,22241  	7,58915  	16561306,21876  	0,12096  	0,00869  	-Inf  	-Inf  	0,00405  	0,00412  	0,00396  	0,00489  	869,21904  	0,00400  	0,00411  
42,09979  	211,50166  	1327,75450  	211,50167  	26,10886  	0,04688  	0,04625  	13649,85298  	0,02494  	0,08318  	0,38140  	0,37916  	4203756,05739  	224,64578  	7,36088  	4028602,44158  	1081,44729  	0,03829  	-Inf  	-Inf  	0,00405  	0,00412  	0,00396  	0,00489  	211,44396  	0,00399  	0,00411  
43,10065  	877,14339  	1327,75450  	877,14343  	26,10967  	0,04966  	0,04641  	-15815,93170  	0,02531  	0,08321  	0,38272  	0,38048  	193628960,28352  	172388,75572  	7,46954  	-4667896,50935  	0,76252  	0,00857  	-Inf  	-Inf  	0,00405  	0,00412  	0,00396  	0,00489  	-244,98909  	0,00400  	0,00411  
44,10452  	1327,82048  	1327,75450  	1327,82053  	26,11031  	0,05350  	0,04652  	56746,47310  	0,02569  	0,08411  	0,38367  	0,38143  	967557823,62803  	416,12675  	7,58109  	16748091,01763  	0,12115  	0,00419  	-Inf  	-Inf  	0,00405  	0,00412  	0,00396  	0,00489  	879,02238  	0,00401  	0,00411  
45,10591  	1327,82048  	1327,75450  	1327,82053  	26,11107  	0,04974  	0,04643  	10071,29411  	0,02558  	0,08431  	0,38286  	0,38061  	969849950,13951  	386,93699  	7,54916  	2972430,55422  	0,12144  	0,00390  	-Inf  	-Inf  	0,00405  	0,00412  	0,00396  	0,00489  	156,01111  	0,00400  	0,00411  
46,10797  	55,28096  	55,26836  	1327,82053  	26,10949  	0,04574  	0,04639  	66324,56288  	0,02529  	0,08408  	0,38258  	0,38033  	332351,30005  	243,42140  	7,46274  	19574957,79573  	693,94297  	0,05993  	-Inf  	-Inf  	0,00405  	0,00412  	0,00396  	0,00489  	1027,38960  	0,00399  	0,00411  
47,10832  	-244,98909  	893,62320  	189,16044  	26,10850  	0,04980  	0,04644  	12207,76035  	0,02512  	0,08440  	0,38295  	0,38071  	608324,65294  	1598,93525  	7,41370  	3602984,82694  	14,29015  	0,19665  	-Inf  	-Inf  	0,00405  	0,00412  	0,00396  	0,00489  	189,10555  	0,00400  	0,00411  
48,11074  	-244,98909  	1327,75450  	896,30288  	26,10999  	0,04870  	0,04671  	57852,72979  	0,02483  	0,08389  	0,38522  	0,38297  	65687765,22435  	957,74589  	7,32952  	17074590,38904  	14,20494  	0,00810  	-Inf  	-Inf  	0,00405  	0,00412  	0,00396  	0,00490  	896,15860  	0,00400  	0,00411  
49,11158  	900,92398  	181,88950  	181,90742  	26,11041  	0,05490  	0,04666  	85706,53851  	0,02554  	0,08457  	0,38480  	0,38256  	791,65873  	9,07096  	7,53915  	25295332,54600  	0,68579  	62,21283  	NaN  	NaN  	0,00405  	0,00412  	0,00396  	0,00490  	1327,62170  	0,00402  	0,00411  
50,11179  	1327,82048  	906,68029  	-244,98909  	26,11252  	0,05048  	0,04651  	85706,53851  	0,02493  	0,08366  	0,38352  	0,38127  	91568,18125  	6847938,57293  	7,35717  	25295332,54600  	0,12050  	2,09830  	NaN  	NaN  	0,00405  	0,00412  	0,00396  	0,00489  	1327,62170  	0,00400  	0,00411  
51,11190  	1327,82048  	1327,75450  	-244,98909  	26,11390  	0,04775  	0,04646  	85706,53851  	0,02470  	0,08371  	0,38312  	0,38087  	2896968,49979  	8845916,23717  	7,29046  	25295332,54600  	0,12058  	0,18858  	NaN  	NaN  	0,00405  	0,00411  	0,00396  	0,00489  	1327,62170  	0,00399  	0,00411  
52,11166  	172,20345  	172,18594  	-244,98909  	26,11423  	0,05448  	0,04668  	11113,21323  	0,02546  	0,08356  	0,38498  	0,38273  	63,30564  	95,82672  	7,51292  	3279941,40372  	1462,86974  	56,30870  	NaN  	NaN  	0,00405  	0,00412  	0,00396  	0,00490  	172,15072  	0,00401  	0,00411  
53,11340  	-244,98909  	911,44002  	911,48857  	26,11392  	0,04527  	0,04647  	-15815,93170  	0,02539  	0,08403  	0,38320  	0,38096  	18515172,73409  	0,10018  	7,49433  	-4667896,50935  	14,22915  	0,01769  	-Inf  	-Inf  	0,00405  	0,00412  	0,00396  	0,00489  	-244,98909  	0,00399  	0,00411  
54,11550  	912,86513  	1327,75450  	1327,82053  	26,11391  	0,04778  	0,04645  	58921,80051  	0,02471  	0,08365  	0,38306  	0,38082  	655496707,03457  	31,76746  	7,29414  	17390114,73451  	0,63882  	0,00374  	-Inf  	-Inf  	0,00405  	0,00411  	0,00397  	0,00489  	912,71879  	0,00399  	0,00411  
55,11504  	166,51092  	1327,75450  	166,51093  	26,11454  	0,05214  	0,04657  	85706,53851  	0,02518  	0,08407  	0,38405  	0,38180  	2652242,17773  	254,99749  	7,43213  	25295332,54600  	1466,47308  	0,04852  	-Inf  	-Inf  	0,00405  	0,00412  	0,00396  	0,00489  	1327,62170  	0,00401  	0,00411  
56,11667  	919,77582  	163,03846  	919,77586  	26,11521  	0,04866  	0,04622  	85706,53851  	0,02461  	0,08398  	0,38117  	0,37893  	1995793,84894  	389984,03551  	7,26392  	25295332,54600  	0,61974  	0,19215  	-Inf  	-Inf  	0,00405  	0,00411  	0,00396  	0,00489  	1327,62170  	0,00400  	0,00411  
57,11781  	160,16666  	922,61575  	160,16667  	26,11666  	0,04844  	0,04645  	85706,53851  	0,02560  	0,08388  	0,38303  	0,38079  	298975,90713  	155,41187  	7,55683  	25295332,54600  	1442,36416  	0,19131  	-Inf  	-Inf  	0,00405  	0,00412  	0,00397  	0,00489  	1327,62170  	0,00400  	0,00411  
58,11887  	-244,98909  	1327,75450  	924,24588  	26,11910  	0,04706  	0,04657  	85706,53851  	0,02532  	0,08445  	0,38408  	0,38183  	71573282,24264  	865,38210  	7,47219  	25295332,54600  	14,30160  	0,00742  	-Inf  	-Inf  	0,00405  	0,00412  	0,00396  	0,00489  	1327,62170  	0,00399  	0,00411  
59,11970  	927,08066  	155,73392  	1327,82053  	26,12096  	0,05028  	0,04652  	10051,21526  	0,02571  	0,08326  	0,38362  	0,38138  	16083650,12535  	658042,71238  	7,58900  	2966504,50396  	0,59271  	0,04831  	-Inf  	-Inf  	0,00405  	0,00412  	0,00396  	0,00489  	155,70008  	0,00400  	0,00411  
60,12250  	1327,82048  	930,95851  	1327,82053  	26,12160  	0,04528  	0,04666  	60092,88535  	0,02548  	0,08277  	0,38477  	0,38252  	343286431,59470  	2117032,58518  	7,52151  	17735747,41108  	0,11923  	0,00705  	-Inf  	-Inf  	0,00405  	0,00412  	0,00396  	0,00490  	930,85922  	0,00399  	0,00411  
61,12339  	1327,82048  	1327,75450  	1327,82053  	26,12168  	0,05087  	0,04643  	9539,33059  	0,02579  	0,08368  	0,38288  	0,38064  	962611804,65691  	395,74287  	7,61132  	2815427,43055  	0,12053  	0,00399  	-Inf  	-Inf  	0,00405  	0,00412  	0,00396  	0,00489  	147,77085  	0,00400  	0,00411  
62,12438  	1327,82048  	1327,75450  	1327,82053  	26,12156  	0,04908  	0,04637  	60579,01846  	0,02564  	0,08381  	0,38236  	0,38011  	964114393,34548  	381,79056  	7,56758  	17879224,19784  	0,12072  	0,00385  	-Inf  	-Inf  	0,00405  	0,00412  	0,00396  	0,00489  	938,38955  	0,00400  	0,00411  
