01/16/2025 17:31:15Time	T_hot_in(C)	T_cold_in(C)	T_cold_out(C)	T_hot_out(C)	mdot_cold(kg/s)	ASFASIFUAS(kg/s)	Diferencial_cold(bar)	Diferencial_hot(bar)	mdot_hot(kg/s)	ABS_cold(bar)	ABS_hot(bar)	q_cold(kW)	q_hot(kW)	ASFASYFY	Tau_cold_haste	Re_hot	Re_cold	U_global	PSIG_cold(bar)	R_fouling	PSIG_hot(bar)	PSID_hot(bar)	m_dot_hot	PSID_cold(bar)	m_dot_cold
2,02480  	0,00000  	0,00000  	0,00000  	0,00000  	-1,18512  	-0,20833  	-0,25900  	-0,86180  	-3,02442  	-1,72343  	-1,72415  	-0,00000  	-0,00000  	-254,35069  	-76,44127  	-9234,48090  	-3618,55272  	NaN  	NaN  	0,00000  	0,00000  	0,00000  	0,00000  	0,00000  	0,00000  	0,00000  
3,02546  	-244,98909  	-244,98909  	-244,98909  	26,12704  	0,05611  	0,04696  	-15815,93170  	0,02598  	0,08306  	0,38728  	0,38503  	35686,23215  	0,00000  	7,66707  	-4667896,50935  	14,06699  	1,08580  	Inf  	-Inf  	0,00405  	0,00412  	0,00396  	0,00490  	-244,98909  	0,00402  	0,00411  
4,02774  	-244,98909  	-244,98909  	884,07349  	26,12885  	0,05353  	0,06939  	57063,34157  	0,03945  	0,09499  	0,57275  	0,57037  	16768,61415  	2753,94861  	11,64410  	16841611,22786  	16,08767  	2,65226  	NaN  	NaN  	0,00405  	0,00418  	0,00395  	0,00533  	883,93076  	0,00401  	0,00413  
5,02815  	775,79763  	775,75480  	1327,82053  	26,12987  	0,04726  	0,07083  	19816,30565  	0,04044  	0,10637  	0,58460  	0,58221  	161739487,60486  	87463,44195  	11,93461  	5848562,42998  	1,71794  	0,00997  	-Inf  	-Inf  	0,00405  	0,00419  	0,00396  	0,00536  	306,96400  	0,00399  	0,00414  
6,03018  	1327,82048  	1327,75450  	303,89194  	26,13116  	0,05182  	0,07127  	50277,10274  	0,04049  	0,10723  	0,58829  	0,58590  	55535063,14885  	6249857,16273  	11,94879  	14838728,23923  	0,15446  	0,03279  	NaN  	NaN  	0,00405  	0,00419  	0,00396  	0,00537  	778,81006  	0,00401  	0,00414  
7,03199  	1327,82048  	1327,75450  	-244,98909  	26,13187  	0,05245  	0,07071  	85706,53851  	0,04006  	0,10707  	0,58361  	0,58122  	3705363,95541  	9716861,16529  	11,82411  	25295332,54600  	0,15423  	0,20713  	NaN  	NaN  	0,00405  	0,00419  	0,00396  	0,00536  	1327,62170  	0,00401  	0,00414  
8,03366  	297,29403  	1327,75450  	785,53739  	26,13327  	0,04695  	0,07075  	85706,53851  	0,03986  	0,10610  	0,58392  	0,58153  	60088000,73917  	161,44550  	11,76337  	25295332,54600  	250,21783  	0,00971  	-Inf  	-Inf  	0,00405  	0,00418  	0,00396  	0,00536  	1327,62170  	0,00399  	0,00414  
9,03420  	789,43205  	1327,75450  	293,39936  	26,13418  	0,04821  	0,07082  	85706,53851  	0,03998  	0,10603  	0,58457  	0,58218  	30881409,07817  	188260,91551  	11,79908  	25295332,54600  	1,57896  	0,03138  	NaN  	NaN  	0,00405  	0,00419  	0,00396  	0,00536  	1327,62170  	0,00399  	0,00414  
10,03687  	289,23791  	289,21550  	-244,98909  	26,13429  	0,05011  	0,07106  	18667,61026  	0,04068  	0,10599  	0,58652  	0,58413  	116,65256  	157,21149  	12,00500  	5509537,74996  	293,01315  	278,65533  	NaN  	NaN  	0,00405  	0,00419  	0,00396  	0,00536  	289,17039  	0,00400  	0,00414  
11,03794  	-244,98909  	-244,98909  	797,07174  	26,13356  	0,05098  	0,07078  	51447,51079  	0,04147  	0,10631  	0,58421  	0,58182  	6271,22642  	2420,23044  	12,23864  	15184161,17054  	18,00511  	5,38692  	NaN  	NaN  	0,00405  	0,00419  	0,00396  	0,00536  	796,94000  	0,00400  	0,00414  
12,03782  	801,97813  	-244,98909  	1327,82053  	26,13413  	0,05053  	0,07125  	85706,53851  	0,03999  	0,10668  	0,58811  	0,58572  	2201380,41239  	334047,71050  	11,80166  	25295332,54600  	1,47665  	0,19950  	NaN  	NaN  	0,00405  	0,00419  	0,00396  	0,00537  	1327,62170  	0,00400  	0,00414  
13,03916  	1327,82048  	-244,98909  	1327,82053  	26,13397  	0,04747  	0,07103  	85706,53851  	0,04033  	0,10604  	0,58631  	0,58392  	3671036,27579  	8794916,94515  	11,90418  	25295332,54600  	0,15273  	0,18741  	NaN  	NaN  	0,00405  	0,00419  	0,00397  	0,00536  	1327,62170  	0,00399  	0,00414  
14,03933  	276,66047  	806,12683  	276,66048  	26,13450  	0,05590  	0,07098  	85706,53851  	0,04013  	0,10566  	0,58585  	0,58346  	703811,98215  	157,34482  	11,84408  	25295332,54600  	377,23736  	0,22074  	-Inf  	-Inf  	0,00405  	0,00419  	0,00396  	0,00536  	1327,62170  	0,00402  	0,00414  
15,04017  	-244,98909  	274,23303  	808,57661  	26,13513  	0,04789  	0,07110  	85706,53851  	0,03954  	0,10512  	0,58689  	0,58450  	757897,44494  	1165,74491  	11,67121  	25295332,54600  	17,80406  	0,18908  	-Inf  	-Inf  	0,00405  	0,00418  	0,00395  	0,00537  	1327,62170  	0,00399  	0,00414  
16,04034  	-244,98909  	811,26550  	271,52159  	26,13587  	0,04898  	0,07110  	85706,53851  	0,04176  	0,10565  	0,58681  	0,58442  	761653,32227  	1204,37496  	12,32492  	25295332,54600  	17,89489  	0,19342  	-Inf  	-Inf  	0,00405  	0,00419  	0,00396  	0,00537  	1327,62170  	0,00400  	0,00414  
17,04434  	-244,98909  	1327,75450  	812,97997  	26,13639  	0,05025  	0,07085  	85706,53851  	0,04051  	0,10552  	0,58481  	0,58242  	64853595,88345  	1178,42371  	11,95538  	25295332,54600  	17,87155  	0,00984  	-Inf  	-Inf  	0,00405  	0,00419  	0,00396  	0,00536  	1327,62170  	0,00400  	0,00414  
18,04574  	-244,98909  	267,21312  	1327,82053  	26,13639  	0,05423  	0,07118  	85706,53851  	0,04071  	0,10591  	0,58749  	0,58510  	9862697,08314  	2620,14654  	12,01475  	25295332,54600  	17,93826  	0,03789  	-Inf  	-Inf  	0,00405  	0,00419  	0,00396  	0,00537  	1327,62170  	0,00401  	0,00414  
19,04688  	-244,98909  	820,10469  	1327,82053  	26,13602  	0,04234  	0,07120  	16953,46778  	0,04077  	0,10587  	0,58766  	0,58527  	66468221,64697  	979,43000  	12,03361  	5003627,64412  	17,93054  	0,00817  	-Inf  	-Inf  	0,00405  	0,00419  	0,00396  	0,00537  	262,61786  	0,00398  	0,00414  
20,04711  	825,99386  	1327,75450  	256,83755  	26,13597  	0,04611  	0,07128  	53314,39208  	0,04093  	0,10580  	0,58832  	0,58592  	27854346,97908  	253626,80832  	12,08143  	15735150,44092  	1,27757  	0,03316  	NaN  	NaN  	0,00405  	0,00419  	0,00396  	0,00537  	825,85851  	0,00399  	0,00414  
21,04881  	1327,82048  	1327,75450  	-244,98909  	26,13721  	0,05496  	0,07088  	85706,53851  	0,04017  	0,10609  	0,58504  	0,58265  	3671449,14417  	10183610,71673  	11,85626  	25295332,54600  	0,15281  	0,21707  	NaN  	NaN  	0,00405  	0,00419  	0,00396  	0,00536  	1327,62170  	0,00402  	0,00414  
22,04916  	1327,82048  	1327,75450  	-244,98909  	26,13722  	0,05020  	0,07090  	85706,53851  	0,04051  	0,10635  	0,58520  	0,58281  	3680134,71980  	9301784,99015  	11,95692  	25295332,54600  	0,15317  	0,19828  	NaN  	NaN  	0,00405  	0,00419  	0,00396  	0,00536  	1327,62170  	0,00400  	0,00414  
23,05010  	1327,82048  	1327,75450  	-244,98909  	26,13729  	0,04558  	0,07089  	16059,28699  	0,04000  	0,10631  	0,58509  	0,58270  	3678946,39789  	8445477,78828  	11,80468  	4739720,11821  	0,15312  	0,18002  	NaN  	NaN  	0,00405  	0,00419  	0,00396  	0,00536  	248,76675  	0,00399  	0,00414  
24,05030  	1327,82048  	1327,75450  	837,22225  	26,13799  	0,05079  	0,07075  	54039,16535  	0,03965  	0,10666  	0,58394  	0,58155  	338053859,62959  	2935114,40381  	11,70352  	15949059,21721  	0,15362  	0,00947  	NaN  	NaN  	0,00405  	0,00418  	0,00396  	0,00536  	837,08544  	0,00400  	0,00414  
25,05030  	244,29453  	244,27400  	244,29454  	26,13845  	0,04997  	0,07144  	85706,53851  	0,04031  	0,10678  	0,58966  	0,58726  	1991,89305  	0,00467  	11,89570  	25295332,54600  	753,43103  	10,20493  	-Inf  	-Inf  	0,00405  	0,00419  	0,00396  	0,00537  	1327,62170  	0,00400  	0,00414  
26,05021  	840,97601  	840,93045  	840,97604  	26,13833  	0,04911  	0,07085  	85706,53851  	0,04056  	0,10664  	0,58475  	0,58237  	42063035,11177  	12,98900  	11,96941  	25295332,54600  	1,18534  	0,02722  	-Inf  	-Inf  	0,00405  	0,00419  	0,00397  	0,00536  	1327,62170  	0,00400  	0,00414  
27,05030  	240,47704  	240,45667  	240,47705  	26,13823  	0,04989  	0,07128  	85706,53851  	0,04055  	0,10637  	0,58838  	0,58599  	1727,92099  	0,00458  	11,96705  	25295332,54600  	812,37137  	11,11400  	-Inf  	-Inf  	0,00405  	0,00419  	0,00396  	0,00537  	1327,62170  	0,00400  	0,00414  
28,05237  	843,49200  	-244,98909  	843,49203  	26,13758  	0,04931  	0,07084  	85706,53851  	0,04027  	0,10711  	0,58467  	0,58229  	35003,63043  	317670,30622  	11,88630  	25295332,54600  	1,17422  	3,41765  	NaN  	NaN  	0,00405  	0,00419  	0,00396  	0,00536  	1327,62170  	0,00400  	0,00414  
29,05252  	1327,82048  	845,88595  	236,89969  	26,13805  	0,04897  	0,07099  	85706,53851  	0,04073  	0,10665  	0,58594  	0,58355  	3691181,92053  	3513538,34499  	12,02128  	25295332,54600  	0,15361  	0,19340  	NaN  	NaN  	0,00405  	0,00419  	0,00396  	0,00536  	1327,62170  	0,00400  	0,00414  
30,05289  	233,26828  	233,24821  	-244,98909  	26,13795  	0,05243  	0,07080  	15054,85542  	0,04059  	0,10607  	0,58435  	0,58196  	93,11101  	111,01714  	11,97853  	4443273,30137  	937,41086  	134,55047  	NaN  	NaN  	0,00405  	0,00419  	0,00396  	0,00536  	233,20783  	0,00401  	0,00414  
31,05369  	-244,98909  	850,92709  	850,97311  	26,13952  	0,04494  	0,07063  	-15815,93170  	0,04054  	0,10611  	0,58294  	0,58055  	15029401,47460  	0,09420  	11,96475  	-4667896,50935  	17,97270  	0,02366  	-Inf  	-Inf  	0,00405  	0,00419  	0,00396  	0,00536  	-244,98909  	0,00398  	0,00414  
32,05368  	852,14455  	230,66688  	1327,82053  	26,14028  	0,04590  	0,07114  	-15815,93170  	0,04031  	0,10630  	0,58716  	0,58477  	25946873,81052  	319370,23280  	11,89691  	-4667896,50935  	1,11198  	0,03551  	-Inf  	-Inf  	0,00405  	0,00419  	0,00396  	0,00537  	-244,98909  	0,00399  	0,00414  
33,05368  	1327,82048  	854,86238  	1327,82053  	26,14028  	0,05019  	0,07082  	55180,78977  	0,04043  	0,10605  	0,58456  	0,58217  	353961467,26061  	2796256,44831  	11,93244  	16285996,98038  	0,15275  	0,00904  	-Inf  	-Inf  	0,00405  	0,00419  	0,00396  	0,00536  	854,76952  	0,00400  	0,00414  
34,05350  	1327,82048  	1327,75450  	226,22467  	26,14150  	0,04388  	0,07112  	85706,53851  	0,04117  	0,10746  	0,58700  	0,58461  	40564910,18611  	5693976,94693  	12,15147  	25295332,54600  	0,15478  	0,03437  	NaN  	NaN  	0,00405  	0,00419  	0,00396  	0,00537  	1327,62170  	0,00398  	0,00414  
35,05366  	1327,82048  	225,13474  	-244,98909  	26,14235  	0,04601  	0,07096  	85706,53851  	0,04015  	0,10670  	0,58566  	0,58327  	593,52497  	2548364,07543  	11,84934  	25295332,54600  	0,15369  	104,56722  	NaN  	NaN  	0,00405  	0,00419  	0,00396  	0,00536  	1327,62170  	0,00399  	0,00414  
36,05363  	224,24344  	-244,98909  	858,58799  	26,14249  	0,04984  	0,07108  	14472,31576  	0,04089  	0,10571  	0,58669  	0,58430  	10084,10680  	239,71704  	12,06681  	4271343,19283  	1109,99040  	3,03920  	NaN  	NaN  	0,00405  	0,00419  	0,00396  	0,00536  	224,18414  	0,00400  	0,00414  
37,05611  	860,06692  	860,02055  	1327,82053  	26,14337  	0,05312  	0,07088  	55513,75587  	0,04076  	0,10622  	0,58505  	0,58267  	230554194,38386  	167738,59210  	12,02871  	16384268,22494  	1,06489  	0,00947  	-Inf  	-Inf  	0,00405  	0,00419  	0,00396  	0,00536  	859,92725  	0,00401  	0,00414  
38,05784  	1327,82048  	1327,75450  	221,13335  	26,14308  	0,05247  	0,07088  	85706,53851  	0,04063  	0,10596  	0,58504  	0,58265  	39155227,17691  	6841049,14060  	11,99253  	25295332,54600  	0,15262  	0,04170  	NaN  	NaN  	0,00405  	0,00419  	0,00396  	0,00536  	1327,62170  	0,00401  	0,00414  
39,05750  	1327,82048  	1327,75450  	-244,98909  	26,14258  	0,04481  	0,07113  	85706,53851  	0,04091  	0,10638  	0,58706  	0,58467  	3681443,04515  	8303453,10482  	12,07361  	25295332,54600  	0,15323  	0,17699  	NaN  	NaN  	0,00405  	0,00419  	0,00397  	0,00537  	1327,62170  	0,00398  	0,00414  
40,05810  	1327,82048  	1327,75450  	869,05819  	26,14416  	0,04990  	0,07115  	85706,53851  	0,04090  	0,10587  	0,58727  	0,58488  	368121481,55862  	2696534,16902  	12,07106  	25295332,54600  	0,15249  	0,00875  	NaN  	NaN  	0,00405  	0,00419  	0,00396  	0,00537  	1327,62170  	0,00400  	0,00414  
41,06101  	211,79530  	1327,75450  	211,79532  	26,14351  	0,04224  	0,07097  	85706,53851  	0,04082  	0,10559  	0,58579  	0,58341  	5350002,18368  	202,40203  	12,04640  	25295332,54600  	1365,97234  	0,03447  	-Inf  	-Inf  	0,00405  	0,00419  	0,00396  	0,00536  	1327,62170  	0,00398  	0,00414  
42,06364  	874,32444  	208,48792  	-244,98909  	26,14408  	0,05288  	0,07081  	13456,54924  	0,04015  	0,10621  	0,58445  	0,58206  	396,56829  	180800,11893  	11,84926  	3971550,99096  	0,98753  	93,52577  	NaN  	NaN  	0,00405  	0,00419  	0,00396  	0,00536  	208,44963  	0,00401  	0,00414  
43,06522  	202,54815  	880,23603  	880,28328  	26,14555  	0,04239  	0,07095  	-15815,93170  	0,04049  	0,10601  	0,58565  	0,58326  	12150125,84440  	0,00854  	11,95086  	-4667896,50935  	1553,22776  	0,01926  	-Inf  	-Inf  	0,00405  	0,00419  	0,00397  	0,00536  	-244,98909  	0,00398  	0,00414  
44,06759  	-244,98909  	1327,75450  	197,29490  	26,14698  	0,05455  	0,07095  	-15815,93170  	0,04120  	0,10632  	0,58563  	0,58324  	7398112,98490  	2809,11877  	12,16074  	-4667896,50935  	18,00974  	0,04641  	-Inf  	-Inf  	0,00405  	0,00419  	0,00396  	0,00536  	-244,98909  	0,00402  	0,00414  
45,06727  	888,90419  	1327,75450  	-244,98909  	26,14942  	0,05059  	0,07119  	57375,15799  	0,04062  	0,10724  	0,58760  	0,58521  	2459748,73078  	670485,89702  	11,98968  	16933640,37854  	0,92445  	0,19980  	NaN  	NaN  	0,00405  	0,00419  	0,00396  	0,00537  	888,76088  	0,00400  	0,00414  
46,06846  	190,69832  	1327,75450  	-244,98909  	26,15055  	0,04815  	0,07091  	85706,53851  	0,03983  	0,10661  	0,58526  	0,58288  	466388,84924  	320,92795  	11,75520  	25295332,54600  	1748,07057  	0,19015  	NaN  	NaN  	0,00405  	0,00418  	0,00396  	0,00536  	1327,62170  	0,00399  	0,00414  
47,06924  	895,24283  	1327,75450  	-244,98909  	26,15171  	0,04961  	0,07136  	85706,53851  	0,04034  	0,10695  	0,58898  	0,58658  	2471083,98268  	689684,26485  	11,90723  	25295332,54600  	0,89250  	0,19595  	NaN  	NaN  	0,00405  	0,00419  	0,00397  	0,00537  	1327,62170  	0,00400  	0,00414  
48,07184  	185,30194  	1327,75450  	897,52949  	26,15222  	0,04896  	0,07130  	11958,70094  	0,04098  	0,10719  	0,58851  	0,58612  	49443967,91093  	89,09793  	12,09348  	3529477,70664  	1815,68567  	0,00812  	-Inf  	-Inf  	0,00405  	0,00419  	0,00396  	0,00537  	185,24756  	0,00400  	0,00414  
49,07362  	-244,98909  	183,02611  	183,04408  	26,15433  	0,04891  	0,07101  	-15815,93170  	0,04161  	0,10628  	0,58613  	0,58374  	319,34520  	0,04003  	12,28172  	-4667896,50935  	18,00397  	53,35036  	-Inf  	-Inf  	0,00405  	0,00419  	0,00396  	0,00536  	-244,98909  	0,00400  	0,00414  
50,07364  	902,63512  	902,58697  	902,63516  	26,15614  	0,04564  	0,07121  	58261,46881  	0,04061  	0,10652  	0,58779  	0,58540  	71272078,54466  	20,53766  	11,98508  	17195225,16979  	0,85619  	0,01860  	-Inf  	-Inf  	0,00405  	0,00419  	0,00396  	0,00537  	902,49008  	0,00399  	0,00414  
51,07583  	1327,82048  	1327,75450  	1327,82053  	26,15767  	0,05185  	0,07092  	11272,94791  	0,04051  	0,10645  	0,58535  	0,58297  	1224561688,98136  	403,37771  	11,95485  	3327085,31968  	0,15332  	0,00406  	-Inf  	-Inf  	0,00405  	0,00419  	0,00397  	0,00536  	174,62505  	0,00401  	0,00414  
52,07704  	1327,82048  	1327,75450  	1327,82053  	26,15902  	0,04450  	0,07066  	58824,58946  	0,03983  	0,10663  	0,58325  	0,58086  	1226608691,13144  	346,19521  	11,75483  	17361423,97319  	0,15357  	0,00349  	-Inf  	-Inf  	0,00405  	0,00418  	0,00396  	0,00536  	911,21297  	0,00398  	0,00414  
53,07863  	168,29706  	168,27973  	1327,82053  	26,16005  	0,04774  	0,07117  	85706,53851  	0,04098  	0,10609  	0,58745  	0,58506  	3415854,59930  	233,22678  	12,09439  	25295332,54600  	1854,78228  	0,04419  	-Inf  	-Inf  	0,00405  	0,00419  	0,00396  	0,00537  	1327,62170  	0,00399  	0,00414  
54,08001  	919,06594  	919,01710  	163,76547  	26,16194  	0,04585  	0,07119  	10568,55366  	0,04055  	0,10681  	0,58760  	0,58521  	2535827,42283  	364916,63069  	11,96665  	3119191,18562  	0,79084  	0,18105  	NaN  	NaN  	0,00405  	0,00419  	0,00396  	0,00537  	163,71379  	0,00399  	0,00414  
55,08020  	1327,82048  	1327,75450  	-244,98909  	26,16403  	0,05143  	0,07094  	59540,53551  	0,04008  	0,10744  	0,58550  	0,58311  	3717914,69397  	9530625,87835  	11,82804  	17572727,49300  	0,15474  	0,20313  	NaN  	NaN  	0,00405  	0,00419  	0,00396  	0,00536  	922,30317  	0,00400  	0,00414  
56,08018  	1327,82048  	1327,75450  	-244,98909  	26,16444  	0,05268  	0,07102  	10122,83618  	0,04025  	0,10625  	0,58616  	0,58377  	3676864,12385  	9761787,42768  	11,87960  	2987642,62155  	0,15303  	0,20805  	NaN  	NaN  	0,00405  	0,00419  	0,00396  	0,00536  	156,80951  	0,00401  	0,00414  
57,08017  	1327,82048  	1327,75450  	-244,98909  	26,16381  	0,05186  	0,07084  	-15815,93170  	0,04040  	0,10636  	0,58474  	0,58235  	3680643,50888  	9609949,64917  	11,92285  	-4667896,50935  	0,15318  	0,20482  	NaN  	NaN  	0,00405  	0,00419  	0,00396  	0,00536  	-244,98909  	0,00401  	0,00414  
58,08087  	1327,82048  	153,77893  	-244,98909  	26,16561  	0,05000  	0,07104  	-15815,93170  	0,04031  	0,10598  	0,58634  	0,58395  	837,10197  	2349191,96783  	11,89833  	-4667896,50935  	0,15263  	39,78242  	NaN  	NaN  	0,00405  	0,00419  	0,00397  	0,00536  	-244,98909  	0,00400  	0,00414  
59,08340  	151,74718  	-244,98909  	931,08425  	26,16688  	0,04789  	0,07079  	-15815,93170  	0,04030  	0,10608  	0,58429  	0,58190  	14594,56219  	236,69901  	11,89556  	-4667896,50935  	1766,05846  	1,66048  	NaN  	NaN  	0,00405  	0,00419  	0,00396  	0,00536  	-244,98909  	0,00399  	0,00414  
60,08357  	933,67365  	933,62420  	1327,82053  	26,16708  	0,04580  	0,07103  	-15815,93170  	0,04098  	0,10696  	0,58627  	0,58388  	311584492,73041  	211406,23494  	12,09401  	-4667896,50935  	0,73719  	0,00709  	-Inf  	-Inf  	0,00405  	0,00419  	0,00396  	0,00536  	-244,98909  	0,00399  	0,00414  
