01/16/2025 17:32:22Time	T_hot_in(C)	T_cold_in(C)	T_cold_out(C)	T_hot_out(C)	mdot_cold(kg/s)	ASFASIFUAS(kg/s)	Diferencial_cold(bar)	Diferencial_hot(bar)	mdot_hot(kg/s)	ABS_cold(bar)	ABS_hot(bar)	q_cold(kW)	q_hot(kW)	ASFASYFY	Tau_cold_haste	Re_hot	Re_cold	U_global	PSIG_cold(bar)	R_fouling	PSIG_hot(bar)	PSID_hot(bar)	m_dot_hot	PSID_cold(bar)	m_dot_cold
2,04395  	0,00000  	0,00000  	0,00000  	0,00000  	-1,18512  	-0,20833  	-0,25900  	-0,86180  	-3,02442  	-1,72343  	-1,72415  	-0,00000  	-0,00000  	-254,35069  	-76,44127  	-9234,48090  	-3618,55272  	NaN  	NaN  	0,00000  	0,00000  	0,00000  	0,00000  	0,00000  	0,00000  	0,00000  
3,04618  	1327,82048  	1327,75450  	1327,82053  	26,17339  	0,04925  	0,07128  	85706,53851  	0,04074  	0,10628  	0,58838  	0,58598  	1222511464,07311  	383,21419  	12,02386  	25295332,54600  	0,15306  	0,00386  	-Inf  	-Inf  	0,00405  	0,00419  	0,00396  	0,00537  	1327,62170  	0,00400  	0,00414  
4,04665  	1327,82048  	1327,75450  	198,95473  	26,17497  	0,05098  	0,09757  	12839,96732  	0,05522  	0,11673  	0,80569  	0,80315  	39270240,03624  	6780302,88993  	16,29691  	3789573,68743  	0,16811  	0,04317  	NaN  	NaN  	0,00405  	0,00426  	0,00396  	0,00587  	198,89861  	0,00400  	0,00415  
5,04651  	308,21468  	308,19147  	-244,98909  	26,17611  	0,04890  	0,10050  	-15815,93170  	0,05808  	0,12851  	0,82994  	0,82738  	151,60635  	193,53629  	17,14291  	-4667896,50935  	245,75791  	337,32137  	NaN  	NaN  	0,00405  	0,00427  	0,00396  	0,00593  	-244,98909  	0,00400  	0,00417  
6,04810  	776,96026  	776,91739  	776,96029  	26,17741  	0,05137  	0,09978  	-15815,93170  	0,05781  	0,12950  	0,82399  	0,82143  	28183881,22547  	7,46797  	17,06193  	-4667896,50935  	2,07642  	0,04026  	-Inf  	-Inf  	0,00405  	0,00427  	0,00396  	0,00592  	-244,98909  	0,00400  	0,00417  
7,04910  	1327,82048  	303,17404  	1327,82053  	26,17888  	0,05103  	0,09973  	50321,95605  	0,05674  	0,12838  	0,82354  	0,82098  	66314578,80684  	6161274,53895  	16,74569  	14851966,19658  	0,18489  	0,03235  	-Inf  	-Inf  	0,00405  	0,00426  	0,00396  	0,00591  	779,50485  	0,00400  	0,00417  
8,04896  	301,03818  	781,75014  	1327,82053  	26,17897  	0,04991  	0,10002  	19429,29938  	0,05765  	0,12855  	0,82597  	0,82340  	72971646,81362  	179,81518  	17,01432  	5734341,82990  	281,71786  	0,01040  	-Inf  	-Inf  	0,00405  	0,00427  	0,00396  	0,00592  	300,96917  	0,00400  	0,00417  
9,04909  	785,29873  	297,50990  	1327,82053  	26,17854  	0,05029  	0,09969  	50687,58320  	0,05722  	0,12807  	0,82319  	0,82063  	37721861,92226  	188818,96035  	16,88838  	14959876,98549  	1,95390  	0,03236  	-Inf  	-Inf  	0,00405  	0,00427  	0,00396  	0,00591  	785,16852  	0,00400  	0,00417  
10,04909  	1327,82048  	-244,98909  	1327,82053  	26,17916  	0,04632  	0,10011  	85706,53851  	0,05713  	0,12813  	0,82670  	0,82413  	4435588,13076  	8585221,47124  	16,85994  	25295332,54600  	0,18452  	0,18290  	NaN  	NaN  	0,00405  	0,00426  	0,00396  	0,00592  	1327,62170  	0,00399  	0,00417  
11,04854  	294,69122  	-244,98909  	294,69124  	26,17995  	0,04546  	0,09993  	85706,53851  	0,05747  	0,12858  	0,82521  	0,82265  	144,42303  	151,68345  	16,96111  	25295332,54600  	318,77746  	269,83962  	NaN  	NaN  	0,00405  	0,00427  	0,00396  	0,00592  	1327,62170  	0,00399  	0,00417  
12,05029  	789,38967  	-244,98909  	789,38971  	26,18037  	0,04521  	0,09974  	18938,95956  	0,05750  	0,12801  	0,82365  	0,82109  	19110,02248  	176555,74596  	16,97063  	5589623,48139  	1,90627  	5,14548  	NaN  	NaN  	0,00405  	0,00427  	0,00396  	0,00592  	293,37367  	0,00398  	0,00417  
13,05222  	1327,82048  	789,97563  	292,81236  	26,18131  	0,04840  	0,09959  	50992,27248  	0,05739  	0,12831  	0,82239  	0,81983  	4440628,14504  	2835600,01182  	16,93679  	15049802,64292  	0,18478  	0,19115  	NaN  	NaN  	0,00405  	0,00427  	0,00396  	0,00591  	789,88824  	0,00400  	0,00417  
14,05279  	291,43168  	291,40917  	791,39975  	26,18299  	0,04763  	0,09981  	18809,21448  	0,05805  	0,12902  	0,82425  	0,82169  	910049,84647  	142,74127  	17,13349  	5551330,66298  	341,10256  	0,18807  	-Inf  	-Inf  	0,00405  	0,00427  	0,00396  	0,00592  	291,36388  	0,00399  	0,00417  
15,05378  	795,07948  	795,03584  	287,75193  	26,18384  	0,04856  	0,10008  	-15815,93170  	0,05782  	0,12849  	0,82645  	0,82389  	2626894,37910  	97681,40994  	17,06574  	-4667896,50935  	1,85067  	0,19178  	NaN  	NaN  	0,00405  	0,00427  	0,00396  	0,00592  	-244,98909  	0,00400  	0,00417  
16,05590  	1327,82048  	282,71190  	-244,98909  	26,18405  	0,04875  	0,09979  	51642,81148  	0,05757  	0,12849  	0,82408  	0,82152  	699,66876  	3031507,24706  	16,99200  	15241801,99869  	0,18505  	250,18511  	NaN  	NaN  	0,00405  	0,00427  	0,00396  	0,00592  	799,96527  	0,00400  	0,00417  
17,05753  	1327,82048  	-244,98909  	803,76024  	26,18390  	0,05070  	0,09978  	18011,36349  	0,05790  	0,12896  	0,82400  	0,82144  	40015,71396  	6264884,02806  	17,08943  	5315853,80752  	0,18572  	5,02736  	Inf  	-Inf  	0,00405  	0,00427  	0,00396  	0,00592  	279,00495  	0,00400  	0,00417  
18,05937  	1327,82048  	806,85379  	1327,82053  	26,18421  	0,04965  	0,09972  	-15815,93170  	0,05726  	0,12818  	0,82351  	0,82095  	371480927,20764  	3047824,58869  	16,89892  	-4667896,50935  	0,18460  	0,00984  	-Inf  	-Inf  	0,00405  	0,00427  	0,00396  	0,00591  	-244,98909  	0,00400  	0,00417  
19,05984  	1327,82048  	1327,75450  	1327,82053  	26,18463  	0,04906  	0,10019  	-15815,93170  	0,05789  	0,12773  	0,82737  	0,82480  	1469259522,25851  	381,71075  	17,08692  	-4667896,50935  	0,18394  	0,00384  	-Inf  	-Inf  	0,00405  	0,00427  	0,00396  	0,00592  	-244,98909  	0,00400  	0,00417  
20,06214  	1327,82048  	267,62977  	1327,82053  	26,18442  	0,04694  	0,09977  	-15815,93170  	0,05823  	0,12815  	0,82388  	0,82132  	57388289,83927  	5864611,45648  	17,18600  	-4667896,50935  	0,18455  	0,03277  	-Inf  	-Inf  	0,00405  	0,00427  	0,00397  	0,00592  	-244,98909  	0,00399  	0,00417  
21,06186  	1327,82048  	818,05744  	264,72936  	26,18427  	0,05009  	0,09982  	52804,98716  	0,05783  	0,12872  	0,82428  	0,82172  	4454894,42794  	3265877,30571  	17,06774  	15584805,23833  	0,18537  	0,19781  	NaN  	NaN  	0,00405  	0,00427  	0,00396  	0,00592  	817,96768  	0,00400  	0,00417  
22,06214  	261,36507  	1327,75450  	821,46636  	26,18469  	0,04982  	0,09956  	16868,46069  	0,05671  	0,12800  	0,82218  	0,81962  	69977562,21718  	122,62736  	16,73686  	4978538,74408  	629,10392  	0,00959  	-Inf  	-Inf  	0,00405  	0,00426  	0,00396  	0,00591  	261,30107  	0,00400  	0,00417  
23,06148  	823,47686  	1327,75450  	1327,82053  	26,18586  	0,05017  	0,09999  	53151,92364  	0,05697  	0,12832  	0,82573  	0,82316  	904171467,38530  	16,67381  	16,81328  	15687199,68428  	1,57109  	0,00393  	-Inf  	-Inf  	0,00405  	0,00426  	0,00396  	0,00592  	823,34183  	0,00400  	0,00417  
24,06188  	258,30997  	258,28886  	1327,82053  	26,18621  	0,05011  	0,09993  	85706,53851  	0,05747  	0,12882  	0,82525  	0,82268  	9903695,54273  	256,85135  	16,96297  	25295332,54600  	675,49043  	0,03588  	-Inf  	-Inf  	0,00405  	0,00427  	0,00396  	0,00592  	1327,62170  	0,00400  	0,00417  
25,06160  	825,77967  	825,73474  	257,05174  	26,18616  	0,04934  	0,09990  	85706,53851  	0,05798  	0,12851  	0,82496  	0,82240  	2732165,66734  	143923,82871  	17,11125  	25295332,54600  	1,55322  	0,19486  	NaN  	NaN  	0,00405  	0,00427  	0,00396  	0,00592  	1327,62170  	0,00400  	0,00417  
26,06530  	1327,82048  	1327,75450  	827,33824  	26,18691  	0,04935  	0,09991  	16489,43959  	0,05757  	0,12930  	0,82507  	0,82250  	398066085,32504  	2910141,89782  	16,99197  	4866674,87904  	0,18620  	0,00939  	NaN  	NaN  	0,00405  	0,00427  	0,00396  	0,00592  	255,42993  	0,00400  	0,00417  
27,06526  	1327,82048  	1327,75450  	1327,82053  	26,18791  	0,04599  	0,10025  	53543,21345  	0,05797  	0,12905  	0,82787  	0,82530  	1484435384,82724  	357,85343  	17,10870  	15802684,52427  	0,18584  	0,00360  	-Inf  	-Inf  	0,00405  	0,00427  	0,00396  	0,00592  	829,40301  	0,00399  	0,00417  
28,06506  	250,29998  	1327,75450  	250,29999  	26,18745  	0,04786  	0,09972  	85706,53851  	0,05803  	0,12863  	0,82343  	0,82087  	9237661,07468  	239,33462  	17,12774  	25295332,54600  	799,24084  	0,03505  	-Inf  	-Inf  	0,00405  	0,00427  	0,00396  	0,00591  	1327,62170  	0,00399  	0,00417  
29,06678  	-244,98909  	1327,75450  	836,25856  	26,18851  	0,05251  	0,09991  	85706,53851  	0,05774  	0,12840  	0,82501  	0,82245  	84543881,45584  	1174,69337  	17,04063  	25295332,54600  	21,75917  	0,00981  	-Inf  	-Inf  	0,00405  	0,00427  	0,00397  	0,00592  	1327,62170  	0,00401  	0,00417  
30,06641  	838,71124  	1327,75450  	1327,82053  	26,18970  	0,04611  	0,09978  	85706,53851  	0,05806  	0,12775  	0,82394  	0,82138  	917322385,60051  	17,34995  	17,13682  	25295332,54600  	1,43727  	0,00361  	-Inf  	-Inf  	0,00405  	0,00427  	0,00397  	0,00592  	1327,62170  	0,00399  	0,00417  
31,06832  	1327,82048  	1327,75450  	1327,82053  	26,18929  	0,05246  	0,09961  	85706,53851  	0,05761  	0,12823  	0,82256  	0,82000  	1475018183,28290  	408,22827  	17,00213  	25295332,54600  	0,18466  	0,00411  	-Inf  	-Inf  	0,00405  	0,00427  	0,00396  	0,00591  	1327,62170  	0,00401  	0,00417  
32,06789  	1327,82048  	240,35958  	1327,82053  	26,19118  	0,05068  	0,09935  	85706,53851  	0,05686  	0,12787  	0,82044  	0,81788  	51205336,08871  	6493971,68718  	16,78177  	25295332,54600  	0,18415  	0,03815  	-Inf  	-Inf  	0,00405  	0,00426  	0,00396  	0,00591  	1327,62170  	0,00400  	0,00417  
33,06750  	238,54146  	844,24423  	238,54148  	26,19127  	0,05079  	0,09986  	85706,53851  	0,05759  	0,12870  	0,82463  	0,82207  	726652,74208  	137,85813  	16,99694  	25295332,54600  	1021,65583  	0,20057  	-Inf  	-Inf  	0,00405  	0,00427  	0,00396  	0,00592  	1327,62170  	0,00400  	0,00417  
34,06824  	-244,98909  	236,05211  	846,75914  	26,19231  	0,05043  	0,10017  	85706,53851  	0,05699  	0,12853  	0,82719  	0,82463  	926880,09047  	1401,67726  	16,82074  	25295332,54600  	21,78184  	0,19912  	-Inf  	-Inf  	0,00405  	0,00426  	0,00396  	0,00592  	1327,62170  	0,00400  	0,00417  
35,06918  	-244,98909  	848,23268  	1327,82053  	26,19294  	0,04514  	0,09994  	15137,77250  	0,05780  	0,12979  	0,82532  	0,82276  	88524529,72235  	985,33983  	17,05759  	4467745,35648  	21,99613  	0,00824  	-Inf  	-Inf  	0,00405  	0,00427  	0,00397  	0,00592  	234,49224  	0,00398  	0,00417  
36,07096  	850,53460  	1327,75450  	232,29681  	26,19272  	0,04834  	0,10017  	-15815,93170  	0,05826  	0,12894  	0,82723  	0,82467  	31614250,12986  	331664,95158  	17,19528  	-4667896,50935  	1,36016  	0,03722  	NaN  	NaN  	0,00405  	0,00427  	0,00396  	0,00592  	-244,98909  	0,00399  	0,00417  
37,07062  	1327,82048  	230,66688  	852,14459  	26,19438  	0,04352  	0,09983  	55002,37952  	0,05810  	0,12930  	0,82435  	0,82179  	4475536,44038  	3187467,85004  	17,14748  	16233341,17768  	0,18620  	0,17186  	NaN  	NaN  	0,00405  	0,00427  	0,00396  	0,00592  	852,00589  	0,00398  	0,00417  
38,07303  	1327,82048  	-244,98909  	1327,82053  	26,19426  	0,05021  	0,09930  	85706,53851  	0,05791  	0,12907  	0,81999  	0,81743  	4467998,55239  	9305686,80970  	17,09227  	25295332,54600  	0,18586  	0,19824  	NaN  	NaN  	0,00405  	0,00427  	0,00396  	0,00591  	1327,62170  	0,00400  	0,00417  
39,07300  	223,46058  	859,32448  	223,46060  	26,19510  	0,04873  	0,09989  	14421,78366  	0,05736  	0,12803  	0,82491  	0,82235  	671528,66654  	134,88227  	16,92920  	4256429,20410  	1362,34887  	0,19243  	-Inf  	-Inf  	0,00405  	0,00427  	0,00396  	0,00592  	223,40138  	0,00400  	0,00417  
40,07302  	862,23364  	220,57822  	-244,98909  	26,19695  	0,04714  	0,09988  	55653,61459  	0,05678  	0,12909  	0,82480  	0,82224  	464,06886  	150737,65792  	16,75725  	16425545,97175  	1,27895  	100,03448  	NaN  	NaN  	0,00405  	0,00426  	0,00396  	0,00592  	862,09370  	0,00399  	0,00417  
41,07333  	218,86071  	-244,98909  	-244,98909  	26,19951  	0,05218  	0,09980  	85706,53851  	0,05765  	0,12846  	0,82412  	0,82156  	39220,47397  	0,00000  	17,01465  	25295332,54600  	1482,14566  	1,00966  	Inf  	-Inf  	0,00405  	0,00427  	0,00396  	0,00592  	1327,62170  	0,00401  	0,00417  
42,07502  	-244,98909  	-244,98909  	864,87797  	26,20112  	0,04644  	0,09973  	85706,53851  	0,05761  	0,12875  	0,82356  	0,82099  	18138,03697  	2345,41416  	17,00274  	25295332,54600  	21,82167  	2,68730  	NaN  	NaN  	0,00405  	0,00427  	0,00396  	0,00591  	1327,62170  	0,00399  	0,00417  
43,07700  	866,72703  	866,68039  	1327,82053  	26,20334  	0,04323  	0,09996  	13946,95075  	0,05809  	0,12842  	0,82545  	0,82289  	286403385,90861  	141800,88423  	17,14496  	4116287,54825  	1,24226  	0,00761  	-Inf  	-Inf  	0,00405  	0,00427  	0,00396  	0,00592  	216,04609  	0,00398  	0,00417  
44,07673  	1327,82048  	212,93007  	1327,82053  	26,20525  	0,05017  	0,09991  	56147,31200  	0,05838  	0,12888  	0,82505  	0,82248  	46017917,22876  	6591628,43015  	17,23077  	16571255,27764  	0,18559  	0,04081  	-Inf  	-Inf  	0,00405  	0,00427  	0,00396  	0,00592  	869,74121  	0,00400  	0,00417  
45,07743  	208,78454  	873,99990  	1327,82053  	26,20728  	0,05103  	0,09972  	13474,46730  	0,05742  	0,12831  	0,82351  	0,82095  	63487024,41742  	99,19043  	16,94660  	3976839,30602  	1732,69111  	0,00886  	-Inf  	-Inf  	0,00405  	0,00427  	0,00396  	0,00591  	208,72719  	0,00400  	0,00417  
46,07836  	876,24350  	1327,75450  	206,58790  	26,20870  	0,05206  	0,09963  	-15815,93170  	0,05698  	0,12833  	0,82269  	0,82013  	29124627,73265  	446868,25818  	16,81577  	-4667896,50935  	1,18088  	0,04313  	NaN  	NaN  	0,00405  	0,00426  	0,00396  	0,00591  	-244,98909  	0,00401  	0,00417  
47,07880  	205,23786  	205,21897  	877,59357  	26,20947  	0,05524  	0,09974  	56645,07231  	0,05752  	0,12947  	0,82368  	0,82112  	616391,12859  	158,65718  	16,97713  	16718163,70135  	1833,73514  	0,21813  	-Inf  	-Inf  	0,00405  	0,00427  	0,00396  	0,00592  	877,45165  	0,00402  	0,00417  
48,07980  	-244,98909  	-244,98909  	202,09603  	26,21190  	0,04692  	0,09951  	85706,53851  	0,05766  	0,12855  	0,82170  	0,81914  	156,15784  	954,50303  	17,01647  	25295332,54600  	21,78909  	75,39686  	NaN  	NaN  	0,00405  	0,00427  	0,00396  	0,00591  	1327,62170  	0,00399  	0,00417  
49,08120  	-244,98909  	883,74117  	883,78857  	26,21359  	0,05078  	0,09989  	12845,65679  	0,05790  	0,12871  	0,82487  	0,82231  	23266851,40725  	0,10950  	17,08758  	3791252,87231  	21,81657  	0,02268  	-Inf  	-Inf  	0,00405  	0,00427  	0,00396  	0,00592  	198,98674  	0,00400  	0,00417  
50,08207  	-244,98909  	1327,75450  	1327,82053  	26,21515  	0,05051  	0,09995  	57199,02887  	0,05850  	0,12841  	0,82534  	0,82278  	307762449,38847  	0,15177  	17,26627  	16881657,82726  	21,76664  	0,00396  	-Inf  	-Inf  	0,00405  	0,00427  	0,00396  	0,00592  	886,03259  	0,00400  	0,00417  
51,08522  	-244,98909  	194,93919  	194,95766  	26,21621  	0,04449  	0,09979  	85706,53851  	0,05825  	0,12839  	0,82405  	0,82149  	568,66497  	0,03739  	17,19174  	25295332,54600  	21,76296  	33,13341  	-Inf  	-Inf  	0,00405  	0,00427  	0,00395  	0,00592  	1327,62170  	0,00398  	0,00417  
52,08499  	-244,98909  	890,91617  	-244,98909  	26,21563  	0,04902  	0,09997  	12382,50202  	0,05751  	0,12841  	0,82552  	0,82295  	24528,00410  	2533,38383  	16,97278  	3654557,88682  	21,76696  	2,30115  	-Inf  	-Inf  	0,00405  	0,00427  	0,00396  	0,00592  	191,81235  	0,00400  	0,00417  
53,08554  	895,25080  	1327,75450  	-244,98909  	26,21647  	0,05054  	0,09995  	57784,82203  	0,05878  	0,12905  	0,82534  	0,82278  	2981580,16221  	702887,71989  	17,34754  	17054548,16879  	1,07656  	0,19959  	NaN  	NaN  	0,00405  	0,00427  	0,00396  	0,00592  	895,10669  	0,00400  	0,00417  
54,08765  	1327,82048  	1327,75450  	899,95847  	26,21747  	0,04997  	0,09994  	85706,53851  	0,05817  	0,12922  	0,82526  	0,82269  	490886664,25629  	2519362,11551  	17,16942  	25295332,54600  	0,18608  	0,00825  	NaN  	NaN  	0,00405  	0,00427  	0,00397  	0,00592  	1327,62170  	0,00400  	0,00417  
55,08814  	180,50225  	180,48440  	180,50226  	26,21815  	0,05116  	0,10010  	85706,53851  	0,05688  	0,12837  	0,82662  	0,82405  	203,08455  	0,00386  	16,78867  	25295332,54600  	2216,47663  	60,80179  	-Inf  	-Inf  	0,00405  	0,00426  	0,00396  	0,00592  	1327,62170  	0,00400  	0,00417  
56,08899  	905,24180  	905,19355  	-244,98909  	26,22016  	0,04891  	0,10023  	85706,53851  	0,05765  	0,12879  	0,82766  	0,82509  	93638,31544  	535958,42042  	17,01568  	25295332,54600  	1,02135  	2,05631  	NaN  	NaN  	0,00405  	0,00427  	0,00396  	0,00592  	1327,62170  	0,00400  	0,00417  
57,08876  	1327,82048  	1327,75450  	908,38369  	26,22153  	0,05288  	0,09998  	11258,07903  	0,05808  	0,12964  	0,82559  	0,82303  	504379801,06807  	2613399,98144  	17,14270  	3322696,93630  	0,18667  	0,00859  	NaN  	NaN  	0,00405  	0,00427  	0,00396  	0,00592  	174,39473  	0,00401  	0,00417  
58,08831  	1327,82048  	171,87133  	1327,82053  	26,22167  	0,04888  	0,09981  	-15815,93170  	0,05808  	0,12853  	0,82420  	0,82164  	38492070,20017  	6658993,02423  	17,14266  	-4667896,50935  	0,18507  	0,04477  	-Inf  	-Inf  	0,00405  	0,00427  	0,00396  	0,00592  	-244,98909  	0,00400  	0,00417  
59,08927  	171,02817  	911,75469  	171,02818  	26,22209  	0,05145  	0,09940  	-15815,93170  	0,05776  	0,12828  	0,82080  	0,81824  	493901,18034  	160,65286  	17,04791  	-4667896,50935  	2246,03704  	0,20319  	-Inf  	-Inf  	0,00405  	0,00427  	0,00396  	0,00591  	-244,98909  	0,00401  	0,00417  
60,09156  	912,59875  	1327,75450  	912,59879  	26,22238  	0,04864  	0,09996  	-15815,93170  	0,05804  	0,12858  	0,82544  	0,82288  	344759887,99017  	203097,51474  	17,12906  	-4667896,50935  	0,98277  	0,00784  	-Inf  	-Inf  	0,00405  	0,00427  	0,00396  	0,00592  	-244,98909  	0,00400  	0,00417  
61,09128  	168,47823  	1327,75450  	168,47824  	26,22428  	0,04934  	0,10013  	-15815,93170  	0,05779  	0,12877  	0,82686  	0,82430  	4151616,20442  	241,02378  	17,05706  	-4667896,50935  	2251,64480  	0,04566  	-Inf  	-Inf  	0,00405  	0,00427  	0,00396  	0,00592  	-244,98909  	0,00400  	0,00417  
62,09296  	918,06798  	164,74622  	918,06802  	26,22529  	0,05223  	0,09977  	59257,63644  	0,05845  	0,12900  	0,82388  	0,82132  	3059405,49357  	411825,56406  	17,24952  	17489232,97563  	0,95950  	0,20622  	-Inf  	-Inf  	0,00405  	0,00427  	0,00396  	0,00592  	917,92098  	0,00401  	0,00417  
63,09296  	1327,82048  	922,22009  	1327,82053  	26,22658  	0,05074  	0,10012  	10361,79666  	0,05791  	0,12924  	0,82675  	0,82419  	522975511,82581  	2425666,75041  	17,09176  	3058169,15426  	0,18610  	0,00803  	-Inf  	-Inf  	0,00405  	0,00427  	0,00396  	0,00592  	160,51107  	0,00400  	0,00417  
64,09296  	1327,82048  	1327,75450  	1327,82053  	26,22746  	0,04407  	0,09976  	59626,25551  	0,05823  	0,12886  	0,82378  	0,82122  	1482223657,22988  	342,96954  	17,18597  	17598026,79986  	0,18555  	0,00345  	-Inf  	-Inf  	0,00405  	0,00427  	0,00396  	0,00592  	923,63099  	0,00398  	0,00417  
65,09273  	1327,82048  	156,45536  	1327,82053  	26,22680  	0,05192  	0,10004  	10097,78544  	0,05807  	0,12929  	0,82615  	0,82359  	36195580,14498  	7167399,05301  	17,13858  	2980249,17472  	0,18616  	0,04977  	-Inf  	-Inf  	0,00405  	0,00427  	0,00396  	0,00592  	156,42147  	0,00401  	0,00417  
66,09294  	1327,82048  	-244,98909  	155,44824  	26,22804  	0,04867  	0,10011  	-15815,93170  	0,05839  	0,12934  	0,82674  	0,82418  	1004,86806  	2296906,57830  	17,23396  	-4667896,50935  	0,18624  	39,63789  	Inf  	-Inf  	0,00405  	0,00427  	0,00396  	0,00592  	-244,98909  	0,00400  	0,00417  
67,09296  	154,11016  	928,67199  	-244,98909  	26,22880  	0,04570  	0,09992  	59945,28782  	0,05784  	0,12859  	0,82513  	0,82256  	17558,73196  	225,48622  	17,07004  	17692185,64113  	2163,71328  	1,61265  	NaN  	NaN  	0,00405  	0,00427  	0,00396  	0,00592  	928,57289  	0,00399  	0,00417  
68,09280  	930,13468  	1327,75450  	930,13472  	26,22982  	0,04987  	0,10020  	85706,53851  	0,05835  	0,12948  	0,82748  	0,82492  	371953863,36935  	226481,12706  	17,22175  	25295332,54600  	0,90760  	0,00777  	-Inf  	-Inf  	0,00405  	0,00427  	0,00396  	0,00592  	1327,62170  	0,00400  	0,00417  
69,09495  	151,59417  	1327,75450  	1327,82053  	26,22967  	0,05130  	0,09995  	85706,53851  	0,05805  	0,12917  	0,82535  	0,82279  	143105258,79774  	0,01424  	17,13278  	25295332,54600  	2149,47358  	0,00402  	-Inf  	-Inf  	0,00405  	0,00427  	0,00396  	0,00592  	1327,62170  	0,00400  	0,00417  
70,09587  	-244,98909  	1327,75450  	149,70599  	26,23105  	0,05237  	0,10008  	9661,03585  	0,05850  	0,12908  	0,82648  	0,82392  	7307321,66539  	2806,33128  	17,26687  	2851347,38546  	21,88345  	0,05124  	-Inf  	-Inf  	0,00405  	0,00427  	0,00396  	0,00592  	149,65610  	0,00401  	0,00417  
71,09620  	936,34473  	1327,75450  	936,34476  	26,23109  	0,05179  	0,10003  	-15815,93170  	0,05779  	0,12872  	0,82600  	0,82344  	378854036,20638  	242072,37083  	17,05527  	-4667896,50935  	0,87547  	0,00798  	-Inf  	-Inf  	0,00405  	0,00427  	0,00396  	0,00592  	-244,98909  	0,00401  	0,00417  
72,09690  	1327,82048  	143,16000  	1327,82053  	26,23081  	0,04902  	0,09950  	-15815,93170  	0,05682  	0,12857  	0,82162  	0,81906  	33942141,98395  	6844109,56182  	16,77096  	-4667896,50935  	0,18513  	0,04889  	-Inf  	-Inf  	0,00405  	0,00426  	0,00396  	0,00591  	-244,98909  	0,00400  	0,00417  
73,09661  	142,78820  	939,99348  	1327,82053  	26,23113  	0,04667  	0,09987  	-15815,93170  	0,05722  	0,12879  	0,82472  	0,82216  	49049364,26308  	75,98731  	16,88854  	-4667896,50935  	2046,79074  	0,00714  	-Inf  	-Inf  	0,00405  	0,00427  	0,00396  	0,00592  	-244,98909  	0,00399  	0,00417  
74,09766  	942,07849  	1327,75450  	140,75291  	26,23232  	0,05026  	0,09983  	-15815,93170  	0,05771  	0,12954  	0,82437  	0,82181  	23800410,68792  	742044,07351  	17,03281  	-4667896,50935  	0,85698  	0,05051  	NaN  	NaN  	0,00405  	0,00427  	0,00396  	0,00592  	-244,98909  	0,00400  	0,00417  
75,09815  	138,06259  	138,04652  	944,76884  	26,23255  	0,04732  	0,09958  	60981,13402  	0,05856  	0,12935  	0,82230  	0,81974  	384671,23193  	160,19271  	17,28418  	17997904,13688  	1998,58331  	0,18685  	-Inf  	-Inf  	0,00405  	0,00427  	0,00396  	0,00591  	944,61843  	0,00399  	0,00417  
76,09891  	-244,98909  	945,72170  	1327,82053  	26,23382  	0,05126  	0,09983  	85706,53851  	0,05839  	0,12902  	0,82439  	0,82182  	116187555,63684  	890,87482  	17,23316  	25295332,54600  	21,87532  	0,00776  	-Inf  	-Inf  	0,00405  	0,00427  	0,00396  	0,00592  	1327,62170  	0,00400  	0,00417  
77,09897  	-244,98909  	133,75068  	1327,82053  	26,23292  	0,04889  	0,10001  	8632,17115  	0,05859  	0,12935  	0,82587  	0,82331  	6823725,26839  	2655,06238  	17,29237  	2547689,40135  	21,93036  	0,05016  	-Inf  	-Inf  	0,00405  	0,00427  	0,00396  	0,00592  	133,71870  	0,00400  	0,00417  
78,09823  	952,23356  	-244,98909  	1327,82053  	26,23227  	0,04999  	0,09985  	-15815,93170  	0,05826  	0,12912  	0,82458  	0,82202  	3180013,54450  	1050354,21240  	17,19495  	-4667896,50935  	0,81373  	0,19738  	NaN  	NaN  	0,00405  	0,00427  	0,00397  	0,00592  	-244,98909  	0,00400  	0,00417  
79,10075  	129,56432  	953,21680  	1327,82053  	26,23399  	0,04909  	0,09990  	61529,68449  	0,05808  	0,12936  	0,82495  	0,82239  	45314128,14209  	77,09239  	17,14304  	18159802,71293  	1892,20542  	0,00733  	-Inf  	-Inf  	0,00405  	0,00427  	0,00396  	0,00592  	953,11563  	0,00400  	0,00417  
80,10152  	-244,98909  	1327,75450  	128,50215  	26,23420  	0,04578  	0,10016  	8292,36011  	0,05794  	0,12918  	0,82715  	0,82459  	6654640,49935  	2496,88449  	17,10138  	2447397,94778  	21,90227  	0,04773  	-Inf  	-Inf  	0,00405  	0,00427  	0,00396  	0,00592  	128,45493  	0,00399  	0,00417  
81,10174  	957,56275  	1327,75450  	957,56279  	26,23348  	0,04711  	0,09997  	61806,96419  	0,05769  	0,12939  	0,82558  	0,82302  	413390315,51244  	241807,04075  	17,02631  	18241638,73561  	0,79509  	0,00698  	-Inf  	-Inf  	0,00405  	0,00427  	0,00396  	0,00592  	957,41077  	0,00399  	0,00417  
82,10237  	122,60723  	1327,75450  	122,60725  	26,23426  	0,04444  	0,10023  	85706,53851  	0,05809  	0,12887  	0,82768  	0,82512  	2297194,28173  	224,38167  	17,14509  	25295332,54600  	1797,67945  	0,04717  	-Inf  	-Inf  	0,00405  	0,00427  	0,00396  	0,00592  	1327,62170  	0,00398  	0,00417  
83,10290  	963,29319  	119,52291  	963,29323  	26,23359  	0,04871  	0,09976  	85706,53851  	0,05827  	0,12913  	0,82380  	0,82124  	3217892,18395  	592928,27073  	17,19865  	25295332,54600  	0,77238  	0,19234  	-Inf  	-Inf  	0,00405  	0,00427  	0,00396  	0,00592  	1327,62170  	0,00400  	0,00417  
84,10288  	117,07167  	-244,98909  	1327,82053  	26,23281  	0,05195  	0,10023  	85706,53851  	0,05862  	0,12875  	0,82768  	0,82512  	311061,10943  	342,22429  	17,30072  	25295332,54600  	1727,54028  	0,20513  	NaN  	NaN  	0,00405  	0,00427  	0,00396  	0,00592  	1327,62170  	0,00401  	0,00417  
85,10290  	967,01797  	966,96712  	1327,82053  	26,23352  	0,04826  	0,10005  	85706,53851  	0,05814  	0,12910  	0,82620  	0,82364  	427691264,74163  	257771,62219  	17,16011  	25295332,54600  	0,75884  	0,00702  	-Inf  	-Inf  	0,00405  	0,00427  	0,00396  	0,00592  	1327,62170  	0,00399  	0,00417  
86,10222  	1327,82048  	1327,75450  	1327,82053  	26,23438  	0,05285  	0,09983  	85706,53851  	0,05817  	0,12923  	0,82439  	0,82183  	1486472837,31344  	411,36304  	17,16957  	25295332,54600  	0,18607  	0,00414  	-Inf  	-Inf  	0,00405  	0,00427  	0,00396  	0,00592  	1327,62170  	0,00401  	0,00417  
87,10287  	112,91079  	1327,75450  	1327,82053  	26,23529  	0,04968  	0,09993  	85706,53851  	0,05885  	0,12869  	0,82524  	0,82268  	98576120,53623  	0,01373  	17,36787  	25295332,54600  	1676,31281  	0,00389  	-Inf  	-Inf  	0,00405  	0,00427  	0,00396  	0,00592  	1327,62170  	0,00400  	0,00417  
88,10277  	-244,98909  	111,39461  	111,40957  	26,23562  	0,04572  	0,10019  	7189,06005  	0,05814  	0,12886  	0,82734  	0,82478  	148,52341  	0,03111  	17,15824  	2121771,19460  	21,84854  	713,33047  	-Inf  	-Inf  	0,00405  	0,00427  	0,00396  	0,00592  	111,36452  	0,00399  	0,00417  
89,10250  	972,68008  	972,62900  	972,68012  	26,23542  	0,05168  	0,09969  	62782,76474  	0,05703  	0,12889  	0,82321  	0,82065  	150298451,29839  	40,65636  	16,83065  	18529635,42530  	0,73791  	0,01526  	-Inf  	-Inf  	0,00405  	0,00426  	0,00396  	0,00591  	972,52618  	0,00401  	0,00417  
90,10394  	1327,82048  	109,09067  	109,10553  	26,23547  	0,05308  	0,09999  	85706,53851  	0,05762  	0,12912  	0,82570  	0,82314  	712,64873  	93,01678  	17,00481  	25295332,54600  	0,18591  	861,74296  	NaN  	NaN  	0,00405  	0,00427  	0,00396  	0,00592  	1327,62170  	0,00401  	0,00417  
91,10454  	108,36649  	-244,98909  	974,46494  	26,23587  	0,05151  	0,10010  	85706,53851  	0,05796  	0,12959  	0,82663  	0,82406  	18168,13162  	262,89803  	17,10677  	25295332,54600  	1633,67708  	1,31859  	NaN  	NaN  	0,00405  	0,00427  	0,00397  	0,00592  	1327,62170  	0,00401  	0,00417  
92,10626  	976,66552  	976,61426  	106,16589  	26,23610  	0,04623  	0,10009  	85706,53851  	0,05797  	0,12883  	0,82654  	0,82398  	3255610,80587  	636275,50496  	17,11065  	25295332,54600  	0,72410  	0,18259  	NaN  	NaN  	0,00405  	0,00427  	0,00396  	0,00592  	1327,62170  	0,00399  	0,00417  
93,10727  	103,68649  	103,67186  	979,14494  	26,23564  	0,04326  	0,09978  	6690,54761  	0,05729  	0,12880  	0,82395  	0,82139  	265298,31100  	158,49214  	16,90785  	1974640,78872  	1569,40521  	0,17083  	-Inf  	-Inf  	0,00405  	0,00427  	0,00396  	0,00592  	103,64242  	0,00398  	0,00417  
94,10716  	982,60025  	982,54874  	1327,82053  	26,23489  	0,05021  	0,09997  	63423,09638  	0,05777  	0,12811  	0,82552  	0,82296  	450315945,31923  	285340,53683  	17,05067  	18718622,19413  	0,70064  	0,00710  	-Inf  	-Inf  	0,00405  	0,00427  	0,00396  	0,00592  	982,44510  	0,00400  	0,00417  
95,10860  	96,63934  	1327,75450  	1327,82053  	26,23508  	0,04717  	0,10026  	85706,53851  	0,05782  	0,12926  	0,82797  	0,82541  	80425802,77107  	0,01303  	17,06428  	25295332,54600  	1495,25503  	0,00370  	-Inf  	-Inf  	0,00405  	0,00427  	0,00396  	0,00593  	1327,62170  	0,00399  	0,00417  
96,10824  	989,86919  	1327,75450  	1327,82053  	26,23506  	0,05217  	0,09979  	85706,53851  	0,05858  	0,12944  	0,82407  	0,82151  	1102282831,39980  	59,53715  	17,29004  	25295332,54600  	0,68477  	0,00409  	-Inf  	-Inf  	0,00405  	0,00427  	0,00397  	0,00592  	1327,62170  	0,00401  	0,00417  
97,10908  	1327,82048  	91,15062  	1327,82053  	26,23379  	0,04952  	0,10018  	85706,53851  	0,05809  	0,12896  	0,82730  	0,82473  	26903715,99506  	7217230,03365  	17,14434  	25295332,54600  	0,18568  	0,05791  	-Inf  	-Inf  	0,00405  	0,00427  	0,00396  	0,00592  	1327,62170  	0,00400  	0,00417  
98,11144  	90,38018  	992,39930  	1327,82053  	26,23457  	0,04804  	0,10006  	85706,53851  	0,05827  	0,12912  	0,82627  	0,82371  	31272524,49276  	67,39732  	17,19636  	25295332,54600  	1425,16996  	0,00667  	-Inf  	-Inf  	0,00405  	0,00427  	0,00396  	0,00592  	1327,62170  	0,00399  	0,00417  
99,11286  	-244,98909  	1327,75450  	1327,82053  	26,23525  	0,04818  	0,10010  	5643,60841  	0,05848  	0,12904  	0,82665  	0,82408  	309287019,08096  	0,14471  	17,25857  	1665648,31493  	21,87741  	0,00378  	-Inf  	-Inf  	0,00405  	0,00427  	0,00396  	0,00592  	87,42505  	0,00399  	0,00417  
100,11286  	999,49727  	83,32035  	1327,82053  	26,23510  	0,05266  	0,10013  	64513,77355  	0,05869  	0,12846  	0,82683  	0,82427  	19325723,68067  	1207695,20762  	17,32270  	19040523,44435  	0,65062  	0,06312  	-Inf  	-Inf  	0,00405  	0,00427  	0,00396  	0,00592  	999,33998  	0,00401  	0,00417  
101,11285  	1327,82048  	-244,98909  	80,32225  	26,23415  	0,04813  	0,09966  	85706,53851  	0,05755  	0,12957  	0,82301  	0,82045  	2999,77551  	1845348,34383  	16,98534  	25295332,54600  	0,18656  	14,86205  	Inf  	-Inf  	0,00405  	0,00427  	0,00396  	0,00591  	1327,62170  	0,00399  	0,00417  
102,11285  	1327,82048  	1004,71296  	-244,98909  	26,23555  	0,04893  	0,09958  	85706,53851  	0,05798  	0,12928  	0,82230  	0,81974  	384258,93214  	7207831,84877  	17,11130  	25295332,54600  	0,18615  	1,02692  	NaN  	NaN  	0,00405  	0,00427  	0,00396  	0,00591  	1327,62170  	0,00400  	0,00417  
103,11227  	76,93652  	1327,75450  	-244,98909  	26,23510  	0,05042  	0,10001  	4963,87763  	0,05796  	0,12866  	0,82588  	0,82332  	173417,91845  	331,60732  	17,10758  	1465033,32731  	1279,20440  	0,19915  	NaN  	NaN  	0,00405  	0,00427  	0,00396  	0,00592  	76,89583  	0,00400  	0,00417  
104,11485  	1006,71699  	76,10093  	1006,71703  	26,23663  	0,04963  	0,10003  	-15815,93170  	0,05840  	0,12843  	0,82608  	0,82352  	3348661,91070  	892598,43728  	17,23630  	-4667896,50935  	0,62974  	0,19595  	-Inf  	-Inf  	0,00405  	0,00427  	0,00397  	0,00592  	-244,98909  	0,00400  	0,00417  
105,11514  	74,15901  	-244,98909  	1327,82053  	26,23557  	0,04794  	0,09960  	65106,01330  	0,05778  	0,12970  	0,82246  	0,81990  	165309,46038  	315,30723  	17,05311  	19215316,42452  	1261,00038  	0,18930  	NaN  	NaN  	0,00405  	0,00427  	0,00396  	0,00591  	1008,51394  	0,00399  	0,00417  
106,11705  	1012,06466  	1012,01193  	1327,82053  	26,23645  	0,05113  	0,10022  	85706,53851  	0,05835  	0,12932  	0,82760  	0,82503  	507647953,83708  	323206,46097  	17,22281  	25295332,54600  	0,61922  	0,00685  	-Inf  	-Inf  	0,00405  	0,00427  	0,00396  	0,00592  	1327,62170  	0,00400  	0,00417  
107,11826  	67,93743  	1327,75450  	67,93744  	26,23575  	0,05262  	0,09986  	4383,00008  	0,05747  	0,12907  	0,82464  	0,82208  	774075,26338  	277,21674  	16,96274  	1293593,77461  	1191,99936  	0,06623  	-Inf  	-Inf  	0,00405  	0,00427  	0,00396  	0,00592  	67,89788  	0,00401  	0,00417  
108,11942  	-244,98909  	1327,75450  	1016,83960  	26,23639  	0,05056  	0,10000  	65633,19209  	0,05842  	0,12959  	0,82577  	0,82321  	141762613,10947  	714,94406  	17,24318  	19370907,38826  	21,97124  	0,00671  	-Inf  	-Inf  	0,00405  	0,00427  	0,00396  	0,00592  	1016,68008  	0,00400  	0,00417  
109,11932  	1020,47905  	1327,75450  	1327,82053  	26,23572  	0,04782  	0,09969  	4022,49112  	0,05769  	0,12884  	0,82322  	0,82065  	1132080876,96690  	66,77008  	17,02695  	1187193,55955  	0,59443  	0,00375  	-Inf  	-Inf  	0,00405  	0,00427  	0,00396  	0,00591  	62,31350  	0,00399  	0,00417  
110,11918  	58,38114  	1327,75450  	1327,82053  	26,23550  	0,04567  	0,09998  	66124,45101  	0,05832  	0,12924  	0,82566  	0,82310  	36714365,25566  	0,01261  	17,21237  	19515896,99965  	1098,37905  	0,00358  	-Inf  	-Inf  	0,00405  	0,00427  	0,00396  	0,00592  	1024,28982  	0,00399  	0,00417  
111,12123  	1026,47017  	1327,75450  	1327,82053  	26,23538  	0,04809  	0,09965  	85706,53851  	0,05833  	0,12936  	0,82290  	0,82034  	1143465049,36114  	69,78539  	17,21436  	25295332,54600  	0,58134  	0,00377  	-Inf  	-Inf  	0,00405  	0,00427  	0,00396  	0,00591  	1327,62170  	0,00399  	0,00417  
112,12482  	1327,82048  	54,55121  	54,56379  	26,23496  	0,05078  	0,10002  	85706,53851  	0,05800  	0,12936  	0,82596  	0,82340  	704,07130  	75,27424  	17,11758  	25295332,54600  	0,18626  	529,13270  	NaN  	NaN  	0,00405  	0,00427  	0,00396  	0,00592  	1327,62170  	0,00400  	0,00417  
113,12479  	1327,82048  	-244,98909  	1032,40859  	26,23538  	0,04668  	0,09996  	85706,53851  	0,05805  	0,12915  	0,82549  	0,82292  	495172,82322  	7028613,76110  	17,13198  	25295332,54600  	0,18596  	0,82341  	Inf  	-Inf  	0,00405  	0,00427  	0,00397  	0,00592  	1327,62170  	0,00399  	0,00417  
114,12713  	1327,82048  	1036,51732  	46,26032  	26,23486  	0,05233  	0,10039  	2983,77463  	0,05827  	0,13004  	0,82903  	0,82646  	4500098,21385  	6108148,87010  	17,19908  	880627,92819  	0,18724  	0,20668  	NaN  	NaN  	0,00405  	0,00427  	0,00396  	0,00593  	46,22350  	0,00401  	0,00417  
115,12872  	1327,82048  	1327,75450  	1039,36725  	26,23600  	0,05316  	0,10000  	-15815,93170  	0,05829  	0,12923  	0,82582  	0,82325  	720662293,99575  	1806791,41300  	17,20435  	-4667896,50935  	0,18607  	0,00678  	NaN  	NaN  	0,00405  	0,00427  	0,00396  	0,00592  	-244,98909  	0,00401  	0,00417  
116,12872  	1327,82048  	41,27784  	41,28985  	26,23487  	0,04877  	0,09972  	67227,66783  	0,05827  	0,12927  	0,82346  	0,82090  	703,65941  	69,09756  	17,19780  	19841499,18724  	0,18614  	406,91558  	NaN  	NaN  	0,00405  	0,00427  	0,00396  	0,00591  	1041,37895  	0,00400  	0,00417  
117,12980  	35,57802  	1047,19916  	1047,25341  	26,23650  	0,04800  	0,09997  	85706,53851  	0,05771  	0,12858  	0,82552  	0,82295  	2369716,26840  	0,01089  	17,03385  	25295332,54600  	873,85971  	0,01032  	-Inf  	-Inf  	0,00405  	0,00427  	0,00396  	0,00592  	1327,62170  	0,00399  	0,00417  
118,13139  	1050,11785  	1327,75450  	32,71355  	26,23731  	0,04894  	0,10002  	85706,53851  	0,05749  	0,12883  	0,82597  	0,82341  	16038288,87426  	1618843,75146  	16,96669  	25295332,54600  	0,52285  	0,06901  	NaN  	NaN  	0,00405  	0,00427  	0,00397  	0,00592  	1327,62170  	0,00400  	0,00417  
119,13176  	30,70003  	30,68846  	1052,13140  	26,23726  	0,05024  	0,09992  	1979,38250  	0,05776  	0,12881  	0,82514  	0,82258  	15287,84716  	214,66780  	17,04668  	584192,75210  	830,19936  	0,19838  	-Inf  	-Inf  	0,00405  	0,00427  	0,00396  	0,00592  	30,66519  	0,00400  	0,00417  
120,13153  	-244,98909  	-244,98909  	27,05257  	26,23619  	0,04788  	0,09970  	68146,66314  	0,05816  	0,12910  	0,82333  	0,82077  	1570,66432  	592,45319  	17,16440  	20112730,43985  	21,88886  	8,18779  	NaN  	NaN  	0,00405  	0,00427  	0,00396  	0,00591  	1055,61444  	0,00399  	0,00417  
121,13142  	1057,51348  	1057,45884  	1057,51352  	26,23650  	0,04921  	0,10011  	1631,97485  	0,05793  	0,12894  	0,82673  	0,82416  	279122935,64943  	71,98626  	17,09720  	481659,24357  	0,50711  	0,01014  	-Inf  	-Inf  	0,00405  	0,00427  	0,00396  	0,00592  	25,28375  	0,00400  	0,00417  
122,13280  	1327,82048  	1327,75450  	23,07128  	26,23674  	0,04680  	0,09970  	68403,64901  	0,05799  	0,12891  	0,82330  	0,82074  	19467975,55841  	7196195,11036  	17,11484  	20188576,96385  	0,18562  	0,06810  	NaN  	NaN  	0,00405  	0,00427  	0,00396  	0,00591  	1059,59522  	0,00399  	0,00417  
123,13278  	1327,82048  	22,06277  	-244,98909  	26,23663  	0,04879  	0,10005  	1422,58374  	0,05835  	0,12895  	0,82620  	0,82364  	8191,26028  	1535582,40025  	17,21990  	419859,78425  	0,18567  	7,92184  	Inf  	-Inf  	0,00405  	0,00427  	0,00397  	0,00592  	22,04022  	0,00400  	0,00417  
124,13278  	1327,82048  	-244,98909  	1062,33429  	26,23779  	0,04813  	0,09970  	-15815,93170  	0,05795  	0,12881  	0,82333  	0,82076  	642773,73505  	7416227,79388  	17,10384  	-4667896,50935  	0,18547  	0,70930  	Inf  	-Inf  	0,00405  	0,00427  	0,00396  	0,00591  	-244,98909  	0,00399  	0,00417  
125,13276  	1327,82048  	-244,98909  	1327,82053  	26,23803  	0,05165  	0,10021  	-15815,93170  	0,05903  	0,12840  	0,82756  	0,82499  	4444689,25901  	9574239,75852  	17,42152  	-4667896,50935  	0,18487  	0,20392  	NaN  	NaN  	0,00405  	0,00427  	0,00396  	0,00592  	-244,98909  	0,00401  	0,00417  
126,13312  	16,41186  	1066,36451  	1327,82053  	26,23592  	0,04831  	0,09954  	-15815,93170  	0,05827  	0,12872  	0,82195  	0,81939  	5821041,82448  	52,83986  	17,19742  	-4667896,50935  	702,22171  	0,00587  	-Inf  	-Inf  	0,00405  	0,00427  	0,00396  	0,00591  	-244,98909  	0,00399  	0,00417  
127,13476  	1067,72980  	15,09068  	15,10160  	26,23537  	0,05030  	0,09983  	68918,07963  	0,05761  	0,12854  	0,82436  	0,82180  	560,13583  	15,65115  	17,00369  	20340405,44566  	0,48432  	234,25110  	Inf  	-Inf  	0,00405  	0,00427  	0,00396  	0,00592  	1067,56389  	0,00400  	0,00417  
128,13795  	1327,82048  	1069,66002  	1069,71522  	26,23535  	0,04725  	0,09989  	844,37385  	0,05891  	0,12884  	0,82485  	0,82229  	378628373,65502  	307,39453  	17,38642  	249207,56003  	0,18551  	0,00927  	NaN  	NaN  	0,00405  	0,00427  	0,00397  	0,00592  	13,08359  	0,00399  	0,00417  
129,13893  	9,03426  	1327,75450  	1327,82053  	26,23587  	0,04954  	0,09983  	69309,71711  	0,05786  	0,12903  	0,82436  	0,82180  	19614121,32703  	0,01369  	17,07672  	20455992,89621  	641,81507  	0,00388  	-Inf  	-Inf  	0,00405  	0,00427  	0,00396  	0,00592  	1073,63046  	0,00400  	0,00417  
130,14021  	1077,92898  	1327,75450  	1327,82053  	26,23624  	0,05224  	0,09975  	85706,53851  	0,05801  	0,12917  	0,82376  	0,82120  	1200522227,86061  	104,64924  	17,12008  	25295332,54600  	0,46647  	0,00409  	-Inf  	-Inf  	0,00405  	0,00427  	0,00396  	0,00592  	1327,62170  	0,00401  	0,00417  
131,14263  	1327,82048  	0,79138  	1327,82053  	26,23722  	0,05080  	0,09942  	85706,53851  	0,05776  	0,12827  	0,82098  	0,81842  	17366536,80610  	7945071,89027  	17,04611  	25295332,54600  	0,18469  	0,07959  	NaN  	NaN  	0,00405  	0,00427  	0,00395  	0,00591  	1327,62170  	0,00400  	0,00417  
132,14317  	-1,71279  	1084,48840  	1327,82053  	26,23726  	0,04931  	0,09993  	85706,53851  	0,05782  	0,12948  	0,82521  	0,82264  	17470544,51473  	50,21583  	17,06550  	25295332,54600  	559,14549  	0,00580  	-Inf  	-Inf  	0,00405  	0,00427  	0,00397  	0,00592  	1327,62170  	0,00400  	0,00417  
133,14651  	1087,53884  	1327,75450  	1327,82053  	26,23670  	0,04516  	0,09987  	-306,11675  	0,05812  	0,12961  	0,82475  	0,82219  	1215643073,91062  	95,88169  	17,15281  	-90346,95681  	0,44991  	0,00354  	-Inf  	-Inf  	0,00405  	0,00427  	0,00396  	0,00592  	-4,73782  	0,00398  	0,00417  
134,14793  	-10,44731  	1327,75450  	-10,44730  	26,23607  	0,05172  	0,09976  	-15815,93170  	0,05839  	0,12865  	0,82381  	0,82125  	464013,80136  	289,92042  	17,23297  	-4667896,50935  	492,67087  	0,08419  	-Inf  	-Inf  	0,00405  	0,00427  	0,00395  	0,00592  	-244,98909  	0,00401  	0,00417  
135,14960  	1099,13956  	1327,75450  	1099,13960  	26,23692  	0,04350  	0,09966  	-15815,93170  	0,05811  	0,12875  	0,82299  	0,82043  	692701676,59170  	342809,98687  	17,15024  	-4667896,50935  	0,42630  	0,00499  	-Inf  	-Inf  	0,00405  	0,00427  	0,00397  	0,00591  	-244,98909  	0,00398  	0,00417  
136,15141  	1327,82048  	1327,75450  	1327,82053  	26,23681  	0,05174  	0,09981  	-15815,93170  	0,05877  	0,12911  	0,82423  	0,82166  	1485121213,08307  	402,71795  	17,34658  	-4667896,50935  	0,18590  	0,00405  	-Inf  	-Inf  	0,00405  	0,00427  	0,00396  	0,00592  	-244,98909  	0,00401  	0,00417  
137,15273  	-23,97952  	1327,75450  	-23,97951  	26,23514  	0,04677  	0,09976  	-15815,93170  	0,05772  	0,12931  	0,82383  	0,82126  	596331,37046  	265,72412  	17,03507  	-4667896,50935  	408,03788  	0,07973  	-Inf  	-Inf  	0,00405  	0,00427  	0,00396  	0,00592  	-244,98909  	0,00399  	0,00417  
138,15272  	1111,16274  	1327,75450  	1111,16279  	26,23446  	0,05098  	0,09983  	71721,61049  	0,05840  	0,12915  	0,82437  	0,82180  	724913695,12509  	408788,77480  	17,23670  	21167836,42937  	0,40745  	0,00573  	-Inf  	-Inf  	0,00405  	0,00427  	0,00396  	0,00592  	1110,99135  	0,00400  	0,00417  
139,15499  	1327,82048  	1327,75450  	1327,82053  	26,23508  	0,05084  	0,09964  	-2061,53660  	0,05789  	0,12979  	0,82285  	0,82029  	1492955234,97895  	395,71320  	17,08518  	-608439,62112  	0,18688  	0,00398  	-Inf  	-Inf  	0,00405  	0,00427  	0,00396  	0,00591  	-31,92975  	0,00400  	0,00417  
140,15712  	1327,82048  	-32,60901  	1327,82053  	26,23451  	0,04776  	0,09988  	71997,15180  	0,05883  	0,12873  	0,82476  	0,82220  	14732119,03957  	7657383,72818  	17,36289  	21249159,38551  	0,18535  	0,08384  	NaN  	NaN  	0,00405  	0,00427  	0,00396  	0,00592  	1115,25956  	0,00399  	0,00417  
141,15806  	-35,82552  	1118,59970  	-35,82551  	26,23659  	0,04788  	0,09972  	-2314,74058  	0,05825  	0,12962  	0,82349  	0,82093  	213880,80172  	233,86345  	17,19151  	-683169,96165  	343,50519  	0,18911  	-Inf  	-Inf  	0,00405  	0,00427  	0,00396  	0,00591  	-35,85195  	0,00399  	0,00417  
142,15835  	1122,75320  	-39,93042  	-244,98909  	26,23582  	0,05165  	0,09988  	72469,75711  	0,05767  	0,12936  	0,82482  	0,82225  	18536,20602  	419682,61171  	17,01969  	21388643,59022  	0,38972  	4,61784  	Inf  	-Inf  	0,00405  	0,00427  	0,00396  	0,00592  	1122,58034  	0,00401  	0,00417  
143,15882  	1327,82048  	-244,98909  	1128,54769  	26,23607  	0,04864  	0,09982  	85706,53851  	0,05799  	0,12952  	0,82428  	0,82172  	1114504,56175  	7874743,59394  	17,11570  	25295332,54600  	0,18650  	0,49461  	Inf  	-Inf  	0,00405  	0,00427  	0,00396  	0,00592  	1327,62170  	0,00400  	0,00417  
144,16043  	-48,03394  	-244,98909  	1327,82053  	26,23572  	0,04734  	0,09969  	-3102,77580  	0,05789  	0,12896  	0,82325  	0,82069  	254740,57316  	318,95364  	17,08471  	-915749,80227  	284,64555  	0,18690  	NaN  	NaN  	0,00405  	0,00427  	0,00396  	0,00591  	-48,05883  	0,00399  	0,00417  
145,16068  	1131,96592  	1131,90815  	1327,82053  	26,23718  	0,04755  	0,09994  	-15815,93170  	0,05845  	0,12896  	0,82526  	0,82269  	778280766,24450  	389430,10156  	17,25206  	-4667896,50935  	0,37468  	0,00515  	-Inf  	-Inf  	0,00405  	0,00427  	0,00396  	0,00592  	-244,98909  	0,00399  	0,00417  
146,16165  	1327,82048  	1327,75450  	-51,52848  	26,23657  	0,05061  	0,09990  	73218,95032  	0,05862  	0,12940  	0,82496  	0,82240  	13431156,14960  	8228316,36815  	17,30021  	21609759,64303  	0,18632  	0,09494  	NaN  	NaN  	0,00405  	0,00427  	0,00396  	0,00592  	1134,18555  	0,00400  	0,00417  
147,16247  	1327,82048  	-55,19146  	1138,01494  	26,23659  	0,04857  	0,09961  	-3564,26896  	0,05761  	0,12921  	0,82260  	0,82004  	4472683,77305  	6830628,47443  	17,00150  	-1051954,38159  	0,18605  	0,19177  	Inf  	-Inf  	0,00405  	0,00427  	0,00396  	0,00591  	-55,20749  	0,00400  	0,00417  
148,16302  	1327,82048  	-244,98909  	1327,82053  	26,23591  	0,05202  	0,09969  	-15815,93170  	0,05737  	0,12869  	0,82321  	0,82065  	4454754,85785  	9643630,02896  	16,93357  	-4667896,50935  	0,18529  	0,20540  	NaN  	NaN  	0,00405  	0,00427  	0,00396  	0,00591  	-244,98909  	0,00401  	0,00417  
149,16572  	-58,95447  	1141,72768  	1327,82053  	26,23637  	0,05105  	0,10012  	-15815,93170  	0,05843  	0,12902  	0,82680  	0,82424  	61518647,30801  	41,46018  	17,24435  	-4667896,50935  	241,58899  	0,00544  	-Inf  	-Inf  	0,00405  	0,00427  	0,00396  	0,00592  	-244,98909  	0,00400  	0,00417  
150,16633  	1144,57748  	-61,75378  	1327,82053  	26,23575  	0,04931  	0,09992  	73878,48093  	0,05827  	0,12950  	0,82513  	0,82256  	10953845,66251  	3079348,69541  	17,19661  	21804412,77396  	0,35823  	0,09586  	NaN  	NaN  	0,00405  	0,00427  	0,00396  	0,00592  	1144,40186  	0,00400  	0,00417  
151,16781  	-64,54904  	1147,32202  	-64,54904  	26,23552  	0,05210  	0,10003  	-4168,80074  	0,05805  	0,12927  	0,82606  	0,82350  	312020,11226  	279,20651  	17,13168  	-1230375,21908  	222,51024  	0,20576  	-Inf  	-Inf  	0,00405  	0,00427  	0,00396  	0,00592  	-64,57185  	0,00401  	0,00417  
152,16835  	-244,98909  	-69,43724  	1152,26131  	26,23704  	0,04651  	0,10010  	74374,45767  	0,05864  	0,12916  	0,82662  	0,82405  	931678,42438  	2584,02407  	17,30549  	21950794,79801  	21,89942  	0,18362  	NaN  	NaN  	0,00405  	0,00427  	0,00396  	0,00592  	1152,08467  	0,00399  	0,00417  
153,16927  	1155,99567  	1155,93689  	1327,82053  	26,23682  	0,04562  	0,09960  	85706,53851  	0,05785  	0,12795  	0,82249  	0,81993  	838792308,70433  	376052,24930  	17,07460  	25295332,54600  	0,33871  	0,00474  	-Inf  	-Inf  	0,00405  	0,00427  	0,00396  	0,00591  	1327,62170  	0,00399  	0,00417  
154,17064  	-76,48501  	1327,75450  	1327,82053  	26,23634  	0,04566  	0,09982  	-4939,24891  	0,05894  	0,12884  	0,82426  	0,82170  	116959459,57961  	0,01385  	17,39594  	-1457764,43386  	185,47261  	0,00358  	-Inf  	-Inf  	0,00405  	0,00427  	0,00396  	0,00592  	-76,50630  	0,00399  	0,00417  
155,17192  	1161,38394  	1327,75450  	1327,82053  	26,23573  	0,04920  	0,09964  	-15815,93170  	0,05855  	0,12866  	0,82282  	0,82026  	1290737138,45843  	160,59656  	17,28001  	-4667896,50935  	0,33368  	0,00386  	-Inf  	-Inf  	0,00405  	0,00427  	0,00396  	0,00591  	-244,98909  	0,00400  	0,00417  
156,17236  	-79,69482  	-79,70175  	1327,82053  	26,23580  	0,05130  	0,09988  	-15815,93170  	0,05813  	0,12826  	0,82476  	0,82220  	934746,64316  	336,04353  	17,15667  	-4667896,50935  	176,02279  	0,10633  	NaN  	NaN  	0,00405  	0,00427  	0,00396  	0,00592  	-244,98909  	0,00400  	0,00417  
157,17311  	-244,98909  	1165,36016  	1327,82053  	26,23610  	0,04986  	0,09984  	-15815,93170  	0,05802  	0,12782  	0,82444  	0,82188  	206024072,49505  	368,38135  	17,12253  	-4667896,50935  	21,67098  	0,00510  	-Inf  	-Inf  	0,00405  	0,00427  	0,00397  	0,00592  	-244,98909  	0,00400  	0,00417  
158,17467  	1168,77939  	1327,75450  	-85,94799  	26,23599  	0,04942  	0,09989  	75440,67721  	0,05846  	0,12873  	0,82492  	0,82236  	9784387,45174  	3599359,83589  	17,25306  	22265477,64952  	0,32461  	0,10480  	NaN  	NaN  	0,00405  	0,00427  	0,00396  	0,00592  	1168,60071  	0,00400  	0,00417  
159,17777  	-88,71232  	-88,71888  	-244,98909  	26,23626  	0,05518  	0,09951  	-5728,50350  	0,05833  	0,12892  	0,82176  	0,81920  	3860,91922  	41,92702  	17,21629  	-1690704,15708  	154,88134  	3,24821  	Inf  	-Inf  	0,00405  	0,00427  	0,00397  	0,00591  	-88,73207  	0,00402  	0,00417  
160,17796  	1176,35311  	-244,98909  	1176,35315  	26,23658  	0,05046  	0,10016  	-15815,93170  	0,05864  	0,12846  	0,82710  	0,82453  	1406546,16722  	3854213,42078  	17,30781  	-4667896,50935  	0,31482  	0,40037  	NaN  	NaN  	0,00405  	0,00427  	0,00397  	0,00592  	-244,98909  	0,00400  	0,00417  
161,17924  	-96,58715  	1179,35878  	-96,58714  	26,23575  	0,05039  	0,09992  	-15815,93170  	0,05830  	0,12925  	0,82509  	0,82253  	422040,51553  	327,86489  	17,20539  	-4667896,50935  	138,41041  	0,19899  	-Inf  	-Inf  	0,00405  	0,00427  	0,00396  	0,00592  	-244,98909  	0,00400  	0,00417  
162,17910  	1184,35155  	1327,75450  	-244,98909  	26,23638  	0,05078  	0,09977  	76445,83709  	0,05828  	0,12949  	0,82387  	0,82131  	3986967,46831  	4485554,10232  	17,20170  	22562139,41753  	0,30799  	0,20055  	NaN  	NaN  	0,00405  	0,00427  	0,00396  	0,00592  	1184,17091  	0,00400  	0,00417  
163,17927  	1327,82048  	1327,75450  	1185,55161  	26,23674  	0,04693  	0,10009  	-6632,68909  	0,05881  	0,12926  	0,82652  	0,82396  	1051745310,47837  	786563,81081  	17,35578  	-1957564,48816  	0,18611  	0,00464  	NaN  	NaN  	0,00405  	0,00427  	0,00396  	0,00592  	-102,73815  	0,00399  	0,00417  
164,17926  	1327,82048  	-106,21760  	1327,82053  	26,23504  	0,04764  	0,09965  	76748,67349  	0,05774  	0,12978  	0,82293  	0,82036  	10076338,99522  	8051601,90483  	17,04043  	22651518,21759  	0,18686  	0,10877  	NaN  	NaN  	0,00405  	0,00427  	0,00396  	0,00591  	1188,86193  	0,00399  	0,00417  
165,18089  	1327,82048  	-244,98909  	1327,82053  	26,23617  	0,04734  	0,09996  	85706,53851  	0,05829  	0,12904  	0,82547  	0,82291  	4467063,43184  	8776592,92458  	17,20435  	25295332,54600  	0,18580  	0,18693  	NaN  	NaN  	0,00405  	0,00427  	0,00396  	0,00592  	1327,62170  	0,00399  	0,00417  
166,18160  	1327,82048  	1191,21305  	1327,82053  	26,23600  	0,04692  	0,10001  	-7002,01851  	0,05816  	0,12857  	0,82589  	0,82332  	1061293004,53374  	755399,57133  	17,16416  	-2066567,96163  	0,18513  	0,00460  	-Inf  	-Inf  	0,00405  	0,00427  	0,00396  	0,00592  	-108,45917  	0,00399  	0,00417  
167,18265  	-109,68352  	1327,75450  	1327,82053  	26,23612  	0,05105  	0,10011  	-15815,93170  	0,05879  	0,12897  	0,82672  	0,82416  	154911593,65473  	0,01902  	17,35213  	-4667896,50935  	114,45642  	0,00400  	-Inf  	-Inf  	0,00405  	0,00427  	0,00396  	0,00592  	-244,98909  	0,00400  	0,00417  
168,18193  	1196,83155  	1327,75450  	1327,82053  	26,23541  	0,04713  	0,09992  	-15815,93170  	0,05853  	0,12951  	0,82516  	0,82260  	1339816214,86831  	187,12178  	17,27537  	-4667896,50935  	0,29412  	0,00369  	-Inf  	-Inf  	0,00405  	0,00427  	0,00396  	0,00592  	-244,98909  	0,00399  	0,00417  
169,18238  	-117,27695  	1327,75450  	1327,82053  	26,23390  	0,04570  	0,09952  	-15815,93170  	0,05862  	0,12852  	0,82180  	0,81924  	162995325,42125  	0,01828  	17,29964  	-4667896,50935  	102,49533  	0,00358  	-Inf  	-Inf  	0,00405  	0,00427  	0,00396  	0,00591  	-244,98909  	0,00399  	0,00417  
170,18250  	1201,36659  	1327,75450  	-118,53520  	26,23493  	0,04570  	0,09974  	77544,13190  	0,05846  	0,12897  	0,82365  	0,82109  	8447916,53357  	4073043,76703  	17,25313  	22886288,92995  	0,28804  	0,10924  	NaN  	NaN  	0,00405  	0,00427  	0,00396  	0,00592  	1201,18379  	0,00399  	0,00417  
171,18251  	-119,76840  	1327,75450  	1202,59984  	26,23532  	0,05068  	0,10019  	-7733,12651  	0,05874  	0,12878  	0,82740  	0,82484  	122648911,71638  	39,41985  	17,33695  	-2282346,36651  	99,19828  	0,00487  	-Inf  	-Inf  	0,00405  	0,00427  	0,00396  	0,00592  	-119,78423  	0,00400  	0,00417  
172,18204  	-244,98909  	1327,75450  	1327,82053  	26,23665  	0,04918  	0,09975  	-15815,93170  	0,05794  	0,12922  	0,82376  	0,82120  	309729791,28895  	0,14771  	17,09993  	-4667896,50935  	21,90894  	0,00385  	-Inf  	-Inf  	0,00405  	0,00427  	0,00396  	0,00592  	-244,98909  	0,00400  	0,00417  
173,18233  	1204,85137  	-122,02513  	-122,01997  	26,23633  	0,04762  	0,10002  	77769,06883  	0,05786  	0,12937  	0,82594  	0,82337  	10551,04266  	15,44093  	17,07609  	22952676,56507  	0,28528  	6,25270  	Inf  	-Inf  	0,00405  	0,00427  	0,00396  	0,00592  	1204,66813  	0,00399  	0,00417  
174,18263  	1327,82048  	-244,98909  	1206,39963  	26,23644  	0,04571  	0,10006  	-7978,39700  	0,05791  	0,12900  	0,82627  	0,82370  	1988460,54978  	7820302,40917  	17,09277  	-2354735,22627  	0,18575  	0,31268  	Inf  	-Inf  	0,00405  	0,00427  	0,00396  	0,00592  	-123,58354  	0,00399  	0,00417  
175,18264  	-124,77835  	1207,54880  	1327,82053  	26,23587  	0,04994  	0,09981  	77947,11802  	0,05798  	0,12907  	0,82419  	0,82163  	128745321,86731  	39,40635  	17,11152  	23005225,80347  	92,77372  	0,00476  	-Inf  	-Inf  	0,00405  	0,00427  	0,00396  	0,00592  	1207,42616  	0,00400  	0,00417  
176,18262  	-244,98909  	-125,50837  	1327,82053  	26,23509  	0,04967  	0,10016  	85706,53851  	0,05819  	0,12874  	0,82711  	0,82455  	1873492,06652  	3283,50329  	17,17403  	25295332,54600  	21,82721  	0,12186  	NaN  	NaN  	0,00405  	0,00427  	0,00396  	0,00592  	1327,62170  	0,00400  	0,00417  
177,18243  	1210,19785  	1210,13680  	1327,82053  	26,23576  	0,05149  	0,09990  	85706,53851  	0,05863  	0,12901  	0,82498  	0,82242  	1015342211,08303  	391682,75995  	17,30395  	25295332,54600  	0,27897  	0,00489  	-Inf  	-Inf  	0,00405  	0,00427  	0,00396  	0,00592  	1327,62170  	0,00401  	0,00417  
178,18226  	-128,89252  	-128,89739  	-128,89252  	26,23684  	0,04769  	0,10009  	85706,53851  	0,05795  	0,12971  	0,82650  	0,82394  	1734,68764  	0,00160  	17,10372  	25295332,54600  	88,12520  	5,48196  	NaN  	NaN  	0,00405  	0,00427  	0,00396  	0,00592  	1327,62170  	0,00399  	0,00417  
179,18496  	-244,98909  	-244,98909  	1212,69087  	26,23531  	0,04902  	0,09975  	85706,53851  	0,05803  	0,12948  	0,82373  	0,82117  	434909,80643  	3250,20534  	17,12576  	25295332,54600  	21,95292  	0,32527  	NaN  	NaN  	0,00405  	0,00427  	0,00396  	0,00592  	1327,62170  	0,00400  	0,00417  
180,18698  	1214,17636  	1214,11514  	-131,34496  	26,23548  	0,04866  	0,10005  	85706,53851  	0,05852  	0,12950  	0,82616  	0,82360  	4090042,79087  	4323022,89077  	17,27090  	25295332,54600  	0,27603  	0,19218  	NaN  	NaN  	0,00405  	0,00427  	0,00396  	0,00592  	1327,62170  	0,00400  	0,00417  
181,18978  	1327,82048  	1327,75450  	-244,98909  	26,23624  	0,05054  	0,09985  	-8757,02668  	0,05812  	0,12943  	0,82451  	0,82195  	4478659,08869  	9368011,81728  	17,15430  	-2584539,12448  	0,18636  	0,19959  	NaN  	NaN  	0,00405  	0,00427  	0,00396  	0,00592  	-135,64472  	0,00400  	0,00417  
182,18918  	1327,82048  	1327,75450  	-244,98909  	26,23423  	0,05343  	0,09989  	-15815,93170  	0,05844  	0,12935  	0,82488  	0,82232  	4475831,55838  	9903540,39478  	17,24807  	-4667896,50935  	0,18625  	0,21100  	NaN  	NaN  	0,00405  	0,00427  	0,00396  	0,00592  	-244,98909  	0,00401  	0,00417  
183,18920  	1327,82048  	1327,75450  	-244,98909  	26,23570  	0,04884  	0,10012  	79061,28402  	0,05885  	0,12915  	0,82679  	0,82423  	4468917,67540  	9053605,65278  	17,36748  	23334059,52062  	0,18596  	0,19289  	NaN  	NaN  	0,00405  	0,00427  	0,00397  	0,00592  	1224,68489  	0,00400  	0,00417  
184,18919  	-146,57058  	-146,57471  	-244,98909  	26,23656  	0,04266  	0,10001  	85706,53851  	0,05794  	0,12949  	0,82590  	0,82334  	12120,51458  	36,44680  	17,10138  	25295332,54600  	69,45049  	1,60564  	Inf  	-Inf  	0,00405  	0,00427  	0,00397  	0,00592  	1327,62170  	0,00398  	0,00417  
185,18938  	-244,98909  	1231,16872  	-244,98909  	26,23646  	0,04880  	0,09994  	85706,53851  	0,05882  	0,12925  	0,82532  	0,82276  	494138,30372  	3276,48977  	17,36112  	25295332,54600  	21,91426  	0,29654  	-Inf  	-Inf  	0,00405  	0,00427  	0,00396  	0,00592  	1327,62170  	0,00400  	0,00417  
186,18921  	1232,17453  	1327,75450  	1232,17458  	26,23630  	0,04841  	0,09991  	85706,53851  	0,05770  	0,12907  	0,82502  	0,82246  	1092400824,54924  	336180,41050  	17,03043  	25295332,54600  	0,25787  	0,00443  	-Inf  	-Inf  	0,00405  	0,00427  	0,00397  	0,00592  	1327,62170  	0,00400  	0,00417  
187,19001  	-150,30595  	-150,30993  	-150,30595  	26,23614  	0,04958  	0,09992  	-9704,27900  	0,05776  	0,12988  	0,82511  	0,82254  	3770,89996  	0,00181  	17,04685  	-2864110,12021  	66,34422  	3,85735  	NaN  	NaN  	0,00405  	0,00427  	0,00396  	0,00592  	-150,31792  	0,00400  	0,00417  
188,19120  	1234,43295  	-244,98909  	-244,98909  	26,23584  	0,04660  	0,09979  	-15815,93170  	0,05852  	0,12933  	0,82406  	0,82150  	247616,70421  	0,00000  	17,27295  	-4667896,50935  	0,25631  	0,90172  	Inf  	-Inf  	0,00405  	0,00427  	0,00396  	0,00592  	-244,98909  	0,00399  	0,00417  
189,19257  	1327,82048  	1236,38528  	1236,44748  	26,23745  	0,04759  	0,09953  	-15815,93170  	0,05817  	0,12939  	0,82191  	0,81935  	950501463,07243  	348,89560  	17,16897  	-4667896,50935  	0,18630  	0,00504  	NaN  	NaN  	0,00405  	0,00427  	0,00396  	0,00591  	-244,98909  	0,00399  	0,00417  
190,19252  	1327,82048  	1327,75450  	1327,82053  	26,23636  	0,05134  	0,09982  	-15815,93170  	0,05875  	0,12966  	0,82432  	0,82175  	1491430463,60450  	399,55910  	17,33799  	-4667896,50935  	0,18669  	0,00402  	-Inf  	-Inf  	0,00405  	0,00427  	0,00396  	0,00592  	-244,98909  	0,00400  	0,00417  
191,19259  	1327,82048  	1327,75450  	-160,37193  	26,23748  	0,05176  	0,09987  	80244,62961  	0,05873  	0,12910  	0,82472  	0,82216  	7405346,20958  	9079274,41984  	17,33497  	23683310,82282  	0,18589  	0,14511  	NaN  	NaN  	0,00405  	0,00427  	0,00396  	0,00592  	1243,01524  	0,00401  	0,00417  
192,19257  	-161,66351  	-161,66701  	-244,98909  	26,23740  	0,04986  	0,09999  	85706,53851  	0,05834  	0,12940  	0,82574  	0,82318  	15727,68318  	45,30663  	17,21779  	25295332,54600  	57,13784  	1,68242  	Inf  	-Inf  	0,00405  	0,00427  	0,00396  	0,00592  	1327,62170  	0,00400  	0,00417  
193,19316  	1246,34895  	1246,28638  	-244,98909  	26,23590  	0,04932  	0,09925  	85706,53851  	0,05835  	0,12989  	0,81955  	0,81699  	2478441,86313  	5755770,61960  	17,22059  	25295332,54600  	0,24679  	0,27929  	NaN  	NaN  	0,00405  	0,00427  	0,00396  	0,00591  	1327,62170  	0,00400  	0,00417  
194,19604  	1327,82048  	1327,75450  	1247,55908  	26,23657  	0,04923  	0,09998  	85706,53851  	0,05769  	0,12945  	0,82560  	0,82304  	1227867679,18069  	465345,21740  	17,02573  	25295332,54600  	0,18639  	0,00439  	NaN  	NaN  	0,00405  	0,00427  	0,00396  	0,00592  	1327,62170  	0,00400  	0,00417  
195,19700  	1327,82048  	-165,39617  	1327,82053  	26,23616  	0,04488  	0,09999  	85706,53851  	0,05886  	0,12950  	0,82574  	0,82318  	7219669,08685  	7898249,93805  	17,37211  	25295332,54600  	0,18646  	0,12825  	NaN  	NaN  	0,00405  	0,00427  	0,00396  	0,00592  	1327,62170  	0,00398  	0,00417  
196,19859  	-172,47032  	-244,98909  	1327,82053  	26,23613  	0,05138  	0,09952  	85706,53851  	0,05777  	0,12897  	0,82180  	0,81924  	681595,76298  	1050,37357  	17,04877  	25295332,54600  	49,75296  	0,20288  	NaN  	NaN  	0,00405  	0,00427  	0,00396  	0,00591  	1327,62170  	0,00400  	0,00417  
197,19793  	-244,98909  	-244,98909  	1327,82053  	26,23659  	0,04994  	0,09973  	-11414,25817  	0,05785  	0,12887  	0,82355  	0,82099  	929603,31976  	3572,60926  	17,07332  	-3368791,47338  	21,84958  	0,19719  	NaN  	NaN  	0,00405  	0,00427  	0,00396  	0,00591  	-176,80596  	0,00400  	0,00417  
198,19912  	-244,98909  	1262,31528  	1327,82053  	26,23691  	0,04808  	0,09989  	-15815,93170  	0,05828  	0,12902  	0,82488  	0,82232  	264378486,36392  	143,25515  	17,20168  	-4667896,50935  	21,87459  	0,00419  	-Inf  	-Inf  	0,00405  	0,00427  	0,00396  	0,00592  	-244,98909  	0,00399  	0,00417  
199,20377  	1263,34818  	-180,51950  	1327,82053  	26,23722  	0,04993  	0,09978  	81544,94955  	0,05823  	0,12897  	0,82395  	0,82139  	6260444,23204  	6434017,79729  	17,18695  	24067085,80408  	0,23089  	0,15143  	NaN  	NaN  	0,00405  	0,00427  	0,00396  	0,00592  	1263,15755  	0,00400  	0,00417  
200,20440  	1327,82048  	-244,98909  	1327,82053  	26,23739  	0,04653  	0,09950  	85706,53851  	0,05852  	0,12897  	0,82167  	0,81911  	4464566,49383  	8625723,38385  	17,27018  	25295332,54600  	0,18570  	0,18372  	NaN  	NaN  	0,00405  	0,00427  	0,00396  	0,00591  	1327,62170  	0,00399  	0,00417  
201,20691  	-187,61932  	1270,38713  	-187,61931  	26,23785  	0,04484  	0,09975  	85706,53851  	0,05773  	0,12876  	0,82375  	0,82118  	732088,53723  	1098,58846  	17,03885  	25295332,54600  	41,34152  	0,17708  	-Inf  	-Inf  	0,00405  	0,00427  	0,00396  	0,00592  	1327,62170  	0,00398  	0,00417  
202,20763  	-244,98909  	-194,09327  	1276,92258  	26,23649  	0,04757  	0,09973  	85706,53851  	0,05852  	0,12875  	0,82355  	0,82099  	928713,42222  	3182,78175  	17,27238  	25295332,54600  	21,82894  	0,18783  	NaN  	NaN  	0,00405  	0,00427  	0,00397  	0,00591  	1327,62170  	0,00399  	0,00417  
203,20914  	-244,98909  	-244,98909  	1327,82053  	26,23721  	0,04522  	0,09996  	85706,53851  	0,05799  	0,12947  	0,82548  	0,82292  	933969,16258  	3234,40947  	17,11403  	25295332,54600  	21,95228  	0,17853  	NaN  	NaN  	0,00405  	0,00427  	0,00396  	0,00592  	1327,62170  	0,00398  	0,00417  
204,20900  	1284,14006  	-244,98909  	1327,82053  	26,23923  	0,05066  	0,10013  	85706,53851  	0,05846  	0,12960  	0,82683  	0,82427  	4335782,37139  	7566401,42594  	17,25402  	25295332,54600  	0,21599  	0,20003  	NaN  	NaN  	0,00405  	0,00427  	0,00397  	0,00592  	1327,62170  	0,00400  	0,00417  
205,21118  	1327,82048  	-244,98909  	1327,82053  	26,23883  	0,04860  	0,09967  	85706,53851  	0,05781  	0,12938  	0,82308  	0,82052  	4478622,84997  	9008593,70423  	17,06162  	25295332,54600  	0,18628  	0,19187  	NaN  	NaN  	0,00405  	0,00427  	0,00396  	0,00591  	1327,62170  	0,00400  	0,00417  
206,21254  	-206,32890  	1289,09593  	1327,82053  	26,23912  	0,05341  	0,09991  	-13320,47530  	0,05845  	0,12870  	0,82501  	0,82244  	241233927,97457  	48,15571  	17,25116  	-3931390,27957  	33,23340  	0,00445  	-Inf  	-Inf  	0,00405  	0,00427  	0,00396  	0,00592  	-206,33379  	0,00401  	0,00417  
207,21349  	-244,98909  	-208,87377  	-208,87226  	26,23867  	0,04751  	0,09949  	83375,25175  	0,05802  	0,12951  	0,82154  	0,81898  	25804,47222  	0,00328  	17,12439  	24607279,16314  	21,95941  	1,48205  	NaN  	NaN  	0,00405  	0,00427  	0,00397  	0,00591  	1291,50943  	0,00399  	0,00417  
208,21351  	-244,98909  	-244,98909  	-244,98909  	26,23881  	0,04868  	0,09979  	85706,53851  	0,05824  	0,12912  	0,82407  	0,82151  	55497,92913  	0,00000  	17,18939  	25295332,54600  	21,89289  	0,94200  	Inf  	-Inf  	0,00405  	0,00427  	0,00397  	0,00592  	1327,62170  	0,00400  	0,00417  
209,21491  	1297,97292  	1297,90818  	1297,97297  	26,23850  	0,04806  	0,09972  	-13889,31671  	0,05840  	0,12962  	0,82348  	0,82091  	1262915133,43282  	316,83817  	17,23690  	-4099277,50010  	0,20613  	0,00415  	-Inf  	-Inf  	0,00405  	0,00427  	0,00397  	0,00591  	-215,14530  	0,00399  	0,00417  
210,21635  	1327,82048  	-218,28449  	-218,28337  	26,23912  	0,05069  	0,09966  	83982,72509  	0,05842  	0,12958  	0,82299  	0,82043  	152840,31826  	6,69950  	17,24097  	24786568,16931  	0,18658  	1,38874  	Inf  	-Inf  	0,00405  	0,00427  	0,00396  	0,00591  	1300,91936  	0,00400  	0,00417  
211,21796  	-221,44404  	1304,21043  	1304,27548  	26,23680  	0,04789  	0,10000  	-14296,13424  	0,05910  	0,12992  	0,82577  	0,82321  	254147937,97566  	0,09447  	17,44274  	-4219345,17618  	28,33137  	0,00405  	-Inf  	-Inf  	0,00405  	0,00427  	0,00397  	0,00592  	-221,44701  	0,00399  	0,00417  
212,21818  	-244,98909  	-225,80545  	1327,82053  	26,23723  	0,04830  	0,09988  	84468,21204  	0,05780  	0,12914  	0,82481  	0,82225  	1048611,09070  	3413,15253  	17,05916  	24929854,24718  	21,89526  	0,17600  	NaN  	NaN  	0,00405  	0,00427  	0,00397  	0,00592  	1308,43969  	0,00399  	0,00417  
213,21796  	-244,98909  	1310,16439  	1327,82053  	26,23755  	0,04956  	0,09980  	85706,53851  	0,05858  	0,13035  	0,82416  	0,82160  	299670824,31349  	39,79419  	17,28947  	25295332,54600  	22,10089  	0,00399  	-Inf  	-Inf  	0,00405  	0,00427  	0,00396  	0,00592  	1327,62170  	0,00400  	0,00417  
214,21910  	1313,67086  	1327,75450  	-230,83946  	26,23771  	0,04645  	0,09972  	-14902,59481  	0,05799  	0,13005  	0,82350  	0,82094  	4858316,56544  	7962319,34022  	17,11573  	-4398335,27234  	0,19622  	0,17286  	NaN  	NaN  	0,00405  	0,00427  	0,00396  	0,00591  	-230,84125  	0,00399  	0,00417  
215,22073  	-232,72363  	1327,75450  	-244,98909  	26,23755  	0,04302  	0,09981  	84914,82158  	0,05741  	0,12946  	0,82422  	0,82165  	891240,99132  	2495,27084  	16,94354  	25061666,09266  	24,98111  	0,16992  	NaN  	NaN  	0,00405  	0,00427  	0,00396  	0,00592  	1315,35779  	0,00398  	0,00417  
216,22289  	-244,98909  	1327,75450  	-244,98909  	26,23959  	0,04930  	0,09968  	85706,53851  	0,05877  	0,12990  	0,82312  	0,82056  	936681,99577  	3526,00108  	17,34477  	25295332,54600  	22,02546  	0,19469  	-Inf  	-Inf  	0,00405  	0,00427  	0,00397  	0,00591  	1327,62170  	0,00400  	0,00417  
217,22549  	1318,72728  	1327,75450  	1318,72733  	26,23835  	0,04953  	0,09978  	-15228,97962  	0,05818  	0,12898  	0,82395  	0,82139  	1441834985,69303  	50411,61844  	17,17195  	-4494664,12446  	0,19137  	0,00394  	-Inf  	-Inf  	0,00405  	0,00427  	0,00396  	0,00592  	-235,89704  	0,00400  	0,00417  
218,22657  	1327,82048  	1327,75450  	-242,16086  	26,23787  	0,05182  	0,09996  	85523,98062  	0,05835  	0,12907  	0,82547  	0,82291  	4545632,50313  	9589169,02827  	17,22044  	25241452,61363  	0,18585  	0,20224  	NaN  	NaN  	0,00405  	0,00427  	0,00397  	0,00592  	1324,79383  	0,00401  	0,00417  
219,22620  	1327,82048  	1327,75450  	-239,03029  	26,23645  	0,05077  	0,09971  	-15815,93170  	0,05807  	0,12909  	0,82342  	0,82085  	4635262,99580  	9375345,29434  	17,13766  	-4667896,50935  	0,18587  	0,19553  	NaN  	NaN  	0,00405  	0,00427  	0,00396  	0,00591  	-244,98909  	0,00400  	0,00417  
220,22619  	1320,89874  	1327,75450  	1327,82053  	26,23740  	0,04826  	0,09973  	-15369,14348  	0,05813  	0,12898  	0,82357  	0,82101  	1475741071,12760  	363,12972  	17,15642  	-4536031,92859  	0,19000  	0,00378  	-Inf  	-Inf  	0,00405  	0,00427  	0,00396  	0,00591  	-238,06822  	0,00399  	0,00417  
221,22667  	-244,98909  	1319,26338  	1327,82053  	26,23865  	0,04595  	0,09996  	85706,53851  	0,05855  	0,12952  	0,82545  	0,82289  	304261607,23459  	17,88194  	17,27913  	25295332,54600  	21,95961  	0,00365  	-Inf  	-Inf  	0,00405  	0,00427  	0,00397  	0,00592  	1327,62170  	0,00399  	0,00417  
222,22677  	-244,98909  	-234,30085  	1317,13184  	26,23803  	0,05291  	0,09985  	85706,53851  	0,05848  	0,12901  	0,82456  	0,82200  	930608,07083  	3733,51374  	17,26067  	25295332,54600  	21,87346  	0,20892  	NaN  	NaN  	0,00405  	0,00427  	0,00396  	0,00592  	1327,62170  	0,00401  	0,00417  
223,22679  	-233,03574  	1327,75450  	-244,98909  	26,23881  	0,05089  	0,09996  	85706,53851  	0,05863  	0,12889  	0,82550  	0,82293  	888398,91110  	2967,60392  	17,30269  	25295332,54600  	24,78880  	0,20100  	NaN  	NaN  	0,00405  	0,00427  	0,00396  	0,00592  	1327,62170  	0,00400  	0,00417  
224,22818  	1314,29702  	1327,75450  	-231,46563  	26,23883  	0,04915  	0,09998  	85706,53851  	0,05838  	0,12857  	0,82564  	0,82307  	4786885,75091  	8455432,29357  	17,23136  	25295332,54600  	0,19358  	0,18340  	NaN  	NaN  	0,00405  	0,00427  	0,00396  	0,00592  	1327,62170  	0,00400  	0,00417  
225,22906  	-230,20468  	1327,75450  	1327,82053  	26,24053  	0,04882  	0,09990  	85706,53851  	0,05852  	0,13028  	0,82496  	0,82240  	295261792,90409  	0,11383  	17,27140  	25295332,54600  	25,83037  	0,00383  	-Inf  	-Inf  	0,00405  	0,00427  	0,00396  	0,00592  	1327,62170  	0,00400  	0,00417  
226,22904  	1308,67050  	1327,75450  	1327,82053  	26,23898  	0,05140  	0,09985  	84470,43658  	0,05816  	0,12926  	0,82455  	0,82199  	1464907992,73235  	364,22698  	17,16395  	24930510,79503  	0,19830  	0,00403  	-Inf  	-Inf  	0,00405  	0,00427  	0,00396  	0,00592  	1308,47414  	0,00400  	0,00417  
227,22907  	-224,23215  	1327,75450  	1327,82053  	26,23944  	0,04652  	0,10023  	-15815,93170  	0,05842  	0,12882  	0,82768  	0,82511  	285156400,68784  	0,09778  	17,24082  	-4667896,50935  	27,24882  	0,00365  	-Inf  	-Inf  	0,00405  	0,00427  	0,00396  	0,00592  	-244,98909  	0,00399  	0,00417  
228,22908  	1327,82048  	1327,75450  	1305,80120  	26,23881  	0,04748  	0,09988  	-15815,93170  	0,05933  	0,12883  	0,82476  	0,82220  	1406430154,12768  	122849,45615  	17,51051  	-4667896,50935  	0,18550  	0,00385  	NaN  	NaN  	0,00405  	0,00428  	0,00397  	0,00592  	-244,98909  	0,00399  	0,00417  
229,22905  	1327,82048  	1304,16806  	-244,98909  	26,23852  	0,04943  	0,09969  	-15815,93170  	0,05803  	0,12932  	0,82326  	0,82070  	3855834,92975  	9025895,69527  	17,12660  	-4667896,50935  	0,18620  	0,21598  	NaN  	NaN  	0,00405  	0,00427  	0,00396  	0,00591  	-244,98909  	0,00400  	0,00417  
230,22918  	1303,27974  	-244,98909  	-220,44835  	26,24006  	0,04782  	0,09976  	-14231,86435  	0,05898  	0,12852  	0,82379  	0,82123  	202482,07761  	122630,18585  	17,40746  	-4200376,63211  	0,20077  	1,08170  	Inf  	-Inf  	0,00405  	0,00427  	0,00396  	0,00592  	-220,45145  	0,00399  	0,00417  
231,22907  	-244,98909  	-244,98909  	1327,82053  	26,23915  	0,04679  	0,09955  	85706,53851  	0,05861  	0,12845  	0,82207  	0,81951  	926554,61647  	3347,03314  	17,29662  	25295332,54600  	21,77829  	0,18475  	NaN  	NaN  	0,00405  	0,00427  	0,00396  	0,00591  	1327,62170  	0,00399  	0,00417  
232,22905  	-244,98909  	-217,93790  	1327,82053  	26,24041  	0,05330  	0,09964  	85706,53851  	0,05782  	0,12947  	0,82280  	0,82024  	1102882,10831  	3747,07827  	17,06372  	25295332,54600  	21,95230  	0,18801  	NaN  	NaN  	0,00405  	0,00427  	0,00396  	0,00591  	1327,62170  	0,00401  	0,00417  
233,22905  	-216,67852  	1299,44511  	1299,50996  	26,24148  	0,04949  	0,09974  	85706,53851  	0,05787  	0,12921  	0,82368  	0,82112  	242271564,78347  	0,08956  	17,07884  	25295332,54600  	29,70212  	0,00425  	-Inf  	-Inf  	0,00405  	0,00427  	0,00396  	0,00592  	1327,62170  	0,00400  	0,00417  
234,23103  	1297,94308  	-215,11294  	-215,11168  	26,24086  	0,04751  	0,09960  	85706,53851  	0,05863  	0,12937  	0,82248  	0,81992  	139016,78130  	6,06469  	17,30367  	25295332,54600  	0,20575  	1,35922  	Inf  	-Inf  	0,00405  	0,00427  	0,00396  	0,00591  	1327,62170  	0,00399  	0,00417  
235,23184  	-214,46437  	1297,23106  	1327,82053  	26,24052  	0,05007  	0,10007  	85706,53851  	0,05901  	0,12960  	0,82640  	0,82384  	256370979,82243  	41,11955  	17,41735  	25295332,54600  	30,53324  	0,00412  	-Inf  	-Inf  	0,00405  	0,00427  	0,00396  	0,00592  	1327,62170  	0,00400  	0,00417  
236,23233  	1327,82048  	-244,98909  	1292,97385  	26,23927  	0,05084  	0,09967  	85706,53851  	0,05843  	0,12956  	0,82306  	0,82050  	3594830,57730  	9215969,00201  	17,24421  	25295332,54600  	0,18654  	0,23325  	Inf  	-Inf  	0,00405  	0,00427  	0,00396  	0,00591  	1327,62170  	0,00400  	0,00417  
237,23408  	1327,82048  	-206,05513  	-244,98909  	26,23850  	0,05098  	0,09994  	85706,53851  	0,05832  	0,13018  	0,82526  	0,82270  	179584,71455  	233929,81434  	17,21188  	25295332,54600  	0,18743  	1,26718  	Inf  	-Inf  	0,00405  	0,00427  	0,00396  	0,00592  	1327,62170  	0,00400  	0,00417  
238,23748  	1327,82048  	1327,75450  	-244,98909  	26,23866  	0,04773  	0,09996  	85706,53851  	0,05868  	0,12965  	0,82548  	0,82291  	4486310,08352  	8847500,25282  	17,31764  	25295332,54600  	0,18668  	0,18850  	NaN  	NaN  	0,00405  	0,00427  	0,00396  	0,00592  	1327,62170  	0,00399  	0,00417  
239,23864  	1327,82048  	1327,75450  	-198,49901  	26,23882  	0,04843  	0,09983  	85706,53851  	0,05817  	0,13036  	0,82441  	0,82185  	5986021,60647  	8712366,07611  	17,16806  	25295332,54600  	0,18770  	0,15787  	NaN  	NaN  	0,00405  	0,00427  	0,00397  	0,00592  	1327,62170  	0,00400  	0,00417  
240,23902  	1276,65944  	1276,59561  	1327,82053  	26,23899  	0,04807  	0,10012  	82404,17119  	0,05866  	0,12969  	0,82675  	0,82419  	1268282787,95247  	225149,53039  	17,31428  	24320675,52424  	0,22175  	0,00409  	-Inf  	-Inf  	0,00405  	0,00427  	0,00396  	0,00592  	1276,46713  	0,00399  	0,00417  
241,24005  	-190,63510  	-244,98909  	1327,82053  	26,23960  	0,05346  	0,09963  	-12307,46439  	0,05745  	0,12912  	0,82276  	0,82020  	744759,41425  	1488,50224  	16,95490  	-3632411,36620  	39,99977  	0,21106  	NaN  	NaN  	0,00405  	0,00427  	0,00396  	0,00591  	-190,64197  	0,00401  	0,00417  
242,24549  	1327,82048  	-187,79841  	1327,82053  	26,23957  	0,04702  	0,09962  	82014,81232  	0,05801  	0,12904  	0,82266  	0,82010  	6314850,56545  	8399035,29880  	17,12014  	24205760,58035  	0,18579  	0,14678  	NaN  	NaN  	0,00405  	0,00427  	0,00396  	0,00591  	1270,43585  	0,00399  	0,00417  
243,24655  	1327,82048  	1327,75450  	1327,82053  	26,23869  	0,05052  	0,09938  	-11785,81569  	0,05791  	0,12903  	0,82069  	0,81813  	1484132127,25922  	393,21778  	17,09163  	-3478452,54724  	0,18578  	0,00396  	-Inf  	-Inf  	0,00405  	0,00427  	0,00396  	0,00591  	-182,56149  	0,00400  	0,00417  
244,24853  	1327,82048  	1327,75450  	1327,82053  	26,23956  	0,05206  	0,10005  	81293,39823  	0,05862  	0,12951  	0,82619  	0,82362  	1489670297,23938  	405,20482  	17,30243  	23992843,22714  	0,18647  	0,00408  	-Inf  	-Inf  	0,00405  	0,00427  	0,00396  	0,00592  	1259,26095  	0,00401  	0,00417  
245,25095  	1327,82048  	1327,75450  	1327,82053  	26,23864  	0,05590  	0,09922  	-11192,05571  	0,05853  	0,12861  	0,81937  	0,81681  	1479388933,22165  	435,10282  	17,27447  	-3303210,88717  	0,18518  	0,00438  	-Inf  	-Inf  	0,00405  	0,00427  	0,00396  	0,00591  	-173,36399  	0,00402  	0,00417  
246,25242  	1251,54973  	1251,48695  	1327,82053  	26,23839  	0,04924  	0,09981  	80783,37741  	0,05821  	0,12898  	0,82419  	0,82163  	1163002166,15661  	302188,32071  	17,17971  	23842316,24976  	0,24061  	0,00436  	-Inf  	-Inf  	0,00405  	0,00427  	0,00396  	0,00592  	1251,36059  	0,00400  	0,00417  
247,25241  	-163,11767  	-163,12110  	1327,82053  	26,23934  	0,04734  	0,09971  	-15815,93170  	0,05829  	0,12930  	0,82342  	0,82085  	1062528,76081  	787,65210  	17,20482  	-4667896,50935  	56,05553  	0,13410  	NaN  	NaN  	0,00405  	0,00427  	0,00396  	0,00591  	-244,98909  	0,00399  	0,00417  
248,25366  	1327,82048  	1244,69702  	1327,82053  	26,24024  	0,04767  	0,09999  	-15815,93170  	0,05767  	0,12950  	0,82569  	0,82312  	1219949902,44459  	467031,35221  	17,02204  	-4667896,50935  	0,18646  	0,00427  	-Inf  	-Inf  	0,00405  	0,00427  	0,00396  	0,00592  	-244,98909  	0,00399  	0,00417  
249,25548  	1327,82048  	-244,98909  	1242,32808  	26,24039  	0,04488  	0,09953  	-15815,93170  	0,05770  	0,12961  	0,82188  	0,81932  	2567900,52457  	7868238,65714  	17,03041  	-4667896,50935  	0,18662  	0,25885  	Inf  	-Inf  	0,00405  	0,00427  	0,00396  	0,00591  	-244,98909  	0,00398  	0,00417  
250,25498  	1238,03534  	-155,20772  	-244,98909  	26,24035  	0,05180  	0,09966  	-10020,43739  	0,05802  	0,12852  	0,82301  	0,82045  	93427,21098  	348434,53446  	17,12442  	-2957420,75888  	0,25145  	1,83060  	Inf  	-Inf  	0,00405  	0,00427  	0,00397  	0,00591  	-155,21530  	0,00401  	0,00417  
