01/16/2025 17:36:41Time	T_hot_in(C)	T_cold_in(C)	T_cold_out(C)	T_hot_out(C)	mdot_cold(kg/s)	ASFASIFUAS(kg/s)	Diferencial_cold(bar)	Diferencial_hot(bar)	mdot_hot(kg/s)	ABS_cold(bar)	ABS_hot(bar)	q_cold(kW)	q_hot(kW)	ASFASYFY	Tau_cold_haste	Re_hot	Re_cold	U_global	PSIG_cold(bar)	R_fouling	PSIG_hot(bar)	PSID_hot(bar)	m_dot_hot	PSID_cold(bar)	m_dot_cold
2,04128  	0,00000  	0,00000  	0,00000  	0,00000  	-1,18512  	-0,20833  	-0,25900  	-0,86180  	-3,02442  	-1,72343  	-1,72415  	-0,00000  	-0,00000  	-254,35069  	-76,44127  	-9234,48090  	-3618,55272  	NaN  	NaN  	0,00000  	0,00000  	0,00000  	0,00000  	0,00000  	0,00000  	0,00000  
3,04391  	-244,98909  	1327,75450  	1327,82053  	26,23944  	0,05286  	0,10132  	-15815,93170  	0,05925  	0,12984  	0,83671  	0,83414  	311230437,54566  	0,15874  	17,48650  	-4667896,50935  	22,01550  	0,00414  	-Inf  	-Inf  	0,00405  	0,00427  	0,00396  	0,00595  	-244,98909  	0,00401  	0,00417  
4,04593  	-244,98909  	1327,75450  	199,74362  	26,23956  	0,04788  	0,13099  	56999,71830  	0,07432  	0,13942  	1,08201  	1,07926  	9806113,66252  	2456,49321  	21,93550  	16822833,52613  	23,63845  	0,04045  	-Inf  	-Inf  	0,00405  	0,00434  	0,00396  	0,00652  	882,94522  	0,00399  	0,00418  
5,04657  	-244,98909  	1327,75450  	774,09377  	26,23960  	0,05035  	0,13318  	85706,53851  	0,07712  	0,15150  	1,10014  	1,09738  	82909055,74524  	1267,88025  	22,76081  	25295332,54600  	25,68735  	0,01066  	-Inf  	-Inf  	0,00405  	0,00436  	0,00396  	0,00656  	1327,62170  	0,00400  	0,00420  
6,04737  	-244,98909  	1327,75450  	303,05886  	26,24135  	0,04834  	0,13309  	85706,53851  	0,07618  	0,15153  	1,09938  	1,09662  	16297522,07062  	2252,48137  	22,48358  	25295332,54600  	25,69247  	0,03065  	-Inf  	-Inf  	0,00405  	0,00435  	0,00397  	0,00656  	1327,62170  	0,00399  	0,00420  
7,04912  	782,81856  	1327,75450  	782,81860  	26,24146  	0,05278  	0,13303  	19363,11480  	0,07643  	0,15025  	1,09886  	1,09610  	235478056,49436  	102621,16705  	22,55865  	5714808,18629  	2,32531  	0,01098  	-Inf  	-Inf  	0,00405  	0,00435  	0,00396  	0,00655  	299,94395  	0,00401  	0,00420  
8,04952  	1327,82048  	1327,75450  	296,44937  	26,24154  	0,04966  	0,13283  	50757,50923  	0,07643  	0,15062  	1,09721  	1,09445  	75725352,01702  	6036447,34477  	22,55770  	14980514,87599  	0,21688  	0,03206  	NaN  	NaN  	0,00405  	0,00435  	0,00396  	0,00655  	786,25169  	0,00400  	0,00420  
9,04920  	1327,82048  	1327,75450  	789,61344  	26,24119  	0,04874  	0,13302  	85706,53851  	0,07694  	0,15044  	1,09882  	1,09606  	413999438,18520  	3091255,68143  	22,70738  	25295332,54600  	0,21661  	0,01000  	NaN  	NaN  	0,00405  	0,00436  	0,00396  	0,00655  	1327,62170  	0,00400  	0,00420  
10,05058  	291,44626  	1327,75450  	1327,82053  	26,24055  	0,04694  	0,13328  	85706,53851  	0,07592  	0,15081  	1,10093  	1,09817  	353467945,23214  	0,01859  	22,40554  	25295332,54600  	398,15343  	0,00368  	-Inf  	-Inf  	0,00405  	0,00435  	0,00396  	0,00656  	1327,62170  	0,00399  	0,00420  
11,05277  	792,54316  	290,26578  	290,28825  	26,24164  	0,05150  	0,13300  	85706,53851  	0,07707  	0,15045  	1,09860  	1,09584  	36682,90377  	4,49241  	22,74521  	25295332,54600  	2,19856  	4,17991  	NaN  	NaN  	0,00405  	0,00436  	0,00396  	0,00655  	1327,62170  	0,00401  	0,00420  
12,05490  	1327,82048  	795,34958  	-244,98909  	26,24270  	0,04909  	0,13305  	85706,53851  	0,07616  	0,15061  	1,09906  	1,09630  	41652,28352  	6019795,98216  	22,47909  	25295332,54600  	0,21685  	5,27419  	NaN  	NaN  	0,00405  	0,00435  	0,00395  	0,00655  	1327,62170  	0,00400  	0,00420  
13,05524  	1327,82048  	1327,75450  	-244,98909  	26,24291  	0,04588  	0,13330  	18247,92888  	0,07629  	0,15047  	1,10114  	1,09838  	5206544,89075  	8505056,56391  	22,51695  	5385673,45530  	0,21665  	0,18120  	NaN  	NaN  	0,00405  	0,00435  	0,00396  	0,00656  	282,66941  	0,00399  	0,00420  
14,05690  	1327,82048  	1327,75450  	-244,98909  	26,24260  	0,04784  	0,13291  	-15815,93170  	0,07681  	0,15078  	1,09786  	1,09510  	5217541,41219  	8869039,41718  	22,66959  	-4667896,50935  	0,21711  	0,18895  	NaN  	NaN  	0,00405  	0,00436  	0,00396  	0,00655  	-244,98909  	0,00399  	0,00420  
15,05650  	1327,82048  	275,48494  	807,32465  	26,24181  	0,04871  	0,13293  	-15815,93170  	0,07667  	0,15097  	1,09807  	1,09531  	5225357,66324  	3053716,31015  	22,62718  	-4667896,50935  	0,21737  	0,19236  	NaN  	NaN  	0,00405  	0,00436  	0,00396  	0,00655  	-244,98909  	0,00400  	0,00420  
16,05752  	1327,82048  	-244,98909  	273,51958  	26,24192  	0,04964  	0,13334  	52237,59229  	0,07706  	0,15157  	1,10146  	1,09870  	825,46391  	3033630,17222  	22,74207  	15417344,94534  	0,21824  	226,16678  	Inf  	-Inf  	0,00405  	0,00436  	0,00397  	0,00656  	809,17858  	0,00400  	0,00420  
17,05845  	1327,82048  	-244,98909  	811,72763  	26,24234  	0,05002  	0,13307  	85706,53851  	0,07674  	0,15055  	1,09921  	1,09645  	51992,21780  	6229710,58159  	22,64878  	25295332,54600  	0,21676  	4,60432  	Inf  	-Inf  	0,00405  	0,00436  	0,00396  	0,00655  	1327,62170  	0,00400  	0,00420  
18,05847  	1327,82048  	-244,98909  	1327,82053  	26,24202  	0,05261  	0,13305  	85706,53851  	0,07646  	0,15101  	1,09908  	1,09632  	5227333,61513  	9752417,93341  	22,56660  	25295332,54600  	0,21742  	0,20771  	NaN  	NaN  	0,00405  	0,00435  	0,00396  	0,00655  	1327,62170  	0,00401  	0,00420  
19,06084  	265,66337  	817,12346  	1327,82053  	26,24138  	0,04369  	0,13298  	85706,53851  	0,07729  	0,15033  	1,09850  	1,09574  	82619636,77631  	110,91446  	22,81214  	25295332,54600  	673,90863  	0,00848  	-Inf  	-Inf  	0,00405  	0,00436  	0,00397  	0,00655  	1327,62170  	0,00398  	0,00420  
20,06220  	820,40178  	262,40832  	1327,82053  	26,24246  	0,05323  	0,13351  	85706,53851  	0,07643  	0,15092  	1,10287  	1,10010  	40369288,41786  	278425,31183  	22,55802  	25295332,54600  	1,87936  	0,03769  	-Inf  	-Inf  	0,00405  	0,00435  	0,00396  	0,00656  	1327,62170  	0,00401  	0,00420  
21,06266  	259,65738  	-244,98909  	1327,82053  	26,24264  	0,04802  	0,13322  	16758,23158  	0,07742  	0,15122  	1,10043  	1,09767  	938745,06784  	364,27473  	22,84882  	4946005,84768  	769,66325  	0,18959  	NaN  	NaN  	0,00405  	0,00436  	0,00396  	0,00656  	259,59360  	0,00399  	0,00420  
22,06407  	-244,98909  	-244,98909  	257,94604  	26,24319  	0,04699  	0,13271  	-15815,93170  	0,07731  	0,15155  	1,09622  	1,09346  	172,25881  	1074,71242  	22,81638  	-4667896,50935  	25,69615  	172,91554  	NaN  	NaN  	0,00405  	0,00436  	0,00396  	0,00655  	-244,98909  	0,00399  	0,00420  
23,06513  	829,42368  	829,37861  	829,42372  	26,24279  	0,05184  	0,13262  	53535,78171  	0,07573  	0,15069  	1,09551  	1,09275  	53576771,95897  	12,36406  	22,35177  	15800491,13106  	1,78405  	0,03052  	-Inf  	-Inf  	0,00405  	0,00435  	0,00396  	0,00655  	829,28789  	0,00401  	0,00420  
24,06562  	250,48049  	250,45970  	1327,82053  	26,24298  	0,04775  	0,13315  	16165,87723  	0,07686  	0,15097  	1,09987  	1,09711  	10857924,79122  	238,99354  	22,68381  	4771179,04405  	933,36480  	0,03495  	-Inf  	-Inf  	0,00405  	0,00436  	0,00397  	0,00656  	250,41787  	0,00399  	0,00420  
25,06728  	835,39439  	835,34906  	247,43702  	26,24279  	0,05093  	0,13335  	53921,18170  	0,07745  	0,15110  	1,10150  	1,09874  	3250886,97225  	166183,28436  	22,85958  	15914237,65495  	1,73082  	0,20114  	NaN  	NaN  	0,00405  	0,00436  	0,00396  	0,00656  	835,25784  	0,00400  	0,00420  
26,06854  	1327,82048  	1327,75450  	837,83105  	26,24390  	0,05082  	0,13302  	85706,53851  	0,07642  	0,15113  	1,09879  	1,09603  	479833966,37532  	2934921,20478  	22,55409  	25295332,54600  	0,21760  	0,00947  	NaN  	NaN  	0,00405  	0,00435  	0,00396  	0,00655  	1327,62170  	0,00400  	0,00420  
27,06946  	242,94005  	1327,75450  	1327,82053  	26,24416  	0,05013  	0,13344  	85706,53851  	0,07638  	0,15072  	1,10224  	1,09947  	288626294,74403  	0,01501  	22,54143  	25295332,54600  	1091,49954  	0,00393  	-Inf  	-Inf  	0,00405  	0,00435  	0,00396  	0,00656  	1327,62170  	0,00400  	0,00420  
28,06944  	-244,98909  	1327,75450  	1327,82053  	26,24380  	0,05108  	0,13279  	15457,61023  	0,07682  	0,15044  	1,09690  	1,09414  	360602252,67126  	0,15340  	22,67355  	4562141,90798  	25,50866  	0,00400  	-Inf  	-Inf  	0,00405  	0,00436  	0,00397  	0,00655  	239,44662  	0,00400  	0,00420  
29,06945  	846,63699  	236,17422  	1327,82053  	26,24447  	0,04664  	0,13318  	54646,87456  	0,07724  	0,15047  	1,10008  	1,09732  	37322834,44900  	309289,18579  	22,79529  	16128417,83801  	1,62067  	0,03552  	-Inf  	-Inf  	0,00405  	0,00436  	0,00396  	0,00656  	846,49902  	0,00399  	0,00420  
30,07107  	1327,82048  	-244,98909  	1327,82053  	26,24502  	0,05039  	0,13337  	85706,53851  	0,07763  	0,15077  	1,10167  	1,09891  	5219275,43824  	9340821,98594  	22,91093  	25295332,54600  	0,21709  	0,19894  	NaN  	NaN  	0,00405  	0,00436  	0,00396  	0,00656  	1327,62170  	0,00400  	0,00420  
31,07201  	233,14502  	849,64045  	1327,82053  	26,24457  	0,04810  	0,13343  	15046,89924  	0,07677  	0,15095  	1,10220  	1,09943  	78871685,88804  	101,84079  	22,65921  	4440925,12348  	1334,40714  	0,00875  	-Inf  	-Inf  	0,00405  	0,00436  	0,00396  	0,00656  	233,08459  	0,00399  	0,00420  
32,07336  	852,18128  	230,63016  	1327,82053  	26,24631  	0,04751  	0,13319  	55004,75019  	0,07739  	0,15161  	1,10024  	1,09748  	36995941,04256  	330905,98113  	22,83975  	16234040,85482  	1,58465  	0,03675  	-Inf  	-Inf  	0,00405  	0,00436  	0,00396  	0,00656  	852,04261  	0,00399  	0,00420  
33,07451  	226,44493  	856,34025  	226,44495  	26,24894  	0,04667  	0,13320  	14614,41880  	0,07699  	0,15097  	1,10024  	1,09748  	803586,08195  	128,56850  	22,72316  	4313283,32548  	1518,83700  	0,18430  	-Inf  	-Inf  	0,00405  	0,00436  	0,00396  	0,00656  	226,38535  	0,00399  	0,00420  
34,07692  	-244,98909  	1327,75450  	858,61574  	26,25168  	0,05054  	0,13295  	-15815,93170  	0,07615  	0,15065  	1,09821  	1,09545  	105903626,52009  	1078,13499  	22,47347  	-4667896,50935  	25,54662  	0,00904  	-Inf  	-Inf  	0,00405  	0,00435  	0,00396  	0,00655  	-244,98909  	0,00400  	0,00420  
35,07801  	862,57023  	1327,75450  	220,26118  	26,25419  	0,05021  	0,13289  	-15815,93170  	0,07681  	0,15038  	1,09773  	1,09497  	35571486,16472  	383122,61839  	22,66968  	-4667896,50935  	1,48677  	0,04001  	NaN  	NaN  	0,00405  	0,00436  	0,00396  	0,00655  	-244,98909  	0,00400  	0,00420  
36,07926  	1327,82048  	1327,75450  	866,78129  	26,25657  	0,05280  	0,13367  	-15815,93170  	0,07666  	0,15151  	1,10413  	1,10137  	523317701,23781  	2868850,79094  	22,62527  	-4667896,50935  	0,21814  	0,00929  	NaN  	NaN  	0,00405  	0,00436  	0,00396  	0,00657  	-244,98909  	0,00401  	0,00420  
37,07943  	1327,82048  	1327,75450  	1327,82053  	26,25838  	0,05567  	0,13322  	-15815,93170  	0,07676  	0,15190  	1,10047  	1,09770  	1747241334,87247  	433,32065  	22,65623  	-4667896,50935  	0,21870  	0,00436  	-Inf  	-Inf  	0,00405  	0,00436  	0,00396  	0,00656  	-244,98909  	0,00402  	0,00420  
38,08011  	209,63645  	209,61738  	209,63646  	26,26063  	0,04925  	0,13300  	-15815,93170  	0,07653  	0,15154  	1,09866  	1,09590  	751,07381  	0,00403  	22,58658  	-4667896,50935  	2020,19049  	23,90186  	-Inf  	-Inf  	0,00405  	0,00436  	0,00396  	0,00655  	-244,98909  	0,00400  	0,00420  
39,07940  	-244,98909  	875,65757  	-244,98909  	26,26248  	0,04739  	0,13272  	56523,14389  	0,07740  	0,15078  	1,09627  	1,09351  	24144,44919  	2414,11173  	22,84337  	16682177,88456  	25,57212  	2,51135  	-Inf  	-Inf  	0,00405  	0,00436  	0,00396  	0,00655  	875,56295  	0,00399  	0,00420  
40,08140  	876,73870  	206,07377  	-244,98909  	26,26440  	0,05249  	0,13333  	85706,53851  	0,07700  	0,15049  	1,10134  	1,09858  	566,85332  	182025,32956  	22,72551  	25295332,54600  	1,38076  	89,52862  	NaN  	NaN  	0,00405  	0,00436  	0,00396  	0,00656  	1327,62170  	0,00401  	0,00420  
41,08113  	204,20558  	878,57868  	878,62585  	26,26645  	0,04705  	0,13271  	85706,53851  	0,07684  	0,15015  	1,09626  	1,09350  	17150210,71509  	0,00947  	22,67753  	25295332,54600  	2153,00841  	0,02156  	-Inf  	-Inf  	0,00405  	0,00436  	0,00396  	0,00655  	1327,62170  	0,00399  	0,00420  
42,08282  	881,72478  	201,08789  	1327,82053  	26,26839  	0,04990  	0,13304  	12978,86846  	0,07688  	0,15069  	1,09895  	1,09619  	33630047,33012  	449046,06050  	22,69136  	3830568,81737  	1,34715  	0,04198  	-Inf  	-Inf  	0,00405  	0,00436  	0,00396  	0,00655  	201,05023  	0,00400  	0,00420  
43,08282  	1327,82048  	884,14404  	1327,82053  	26,27062  	0,04539  	0,13289  	-15815,93170  	0,07694  	0,15026  	1,09773  	1,09497  	545686726,78148  	2373967,81647  	22,70804  	-4667896,50935  	0,21633  	0,00772  	-Inf  	-Inf  	0,00405  	0,00436  	0,00396  	0,00655  	-244,98909  	0,00399  	0,00420  
44,08385  	1327,82048  	195,92003  	1327,82053  	26,27197  	0,04691  	0,13292  	57245,33010  	0,07752  	0,15056  	1,09793  	1,09517  	50011687,30477  	6259601,67213  	22,87944  	16895323,12077  	0,21677  	0,04006  	-Inf  	-Inf  	0,00405  	0,00436  	0,00396  	0,00655  	886,74981  	0,00399  	0,00420  
45,08440  	1327,82048  	888,06613  	194,71774  	26,27417  	0,04952  	0,13324  	85706,53851  	0,07734  	0,15029  	1,10062  	1,09785  	5200971,12095  	4047931,25218  	22,82638  	25295332,54600  	0,21637  	0,19558  	NaN  	NaN  	0,00405  	0,00436  	0,00396  	0,00656  	1327,62170  	0,00400  	0,00420  
46,08697  	1327,82048  	192,89484  	-244,98909  	26,27822  	0,04571  	0,13321  	12449,99738  	0,07715  	0,15047  	1,10040  	1,09764  	906,32759  	2359784,99527  	22,77079  	3674478,39318  	0,21662  	64,02417  	NaN  	NaN  	0,00405  	0,00436  	0,00397  	0,00656  	192,85787  	0,00399  	0,00420  
47,08939  	188,47723  	894,30636  	894,35420  	26,27937  	0,05293  	0,13308  	-15815,93170  	0,07666  	0,15087  	1,09931  	1,09655  	17606662,04555  	0,01072  	22,62650  	-4667896,50935  	2508,61325  	0,02245  	-Inf  	-Inf  	0,00405  	0,00436  	0,00396  	0,00656  	-244,98909  	0,00401  	0,00420  
48,08940  	896,99107  	185,82225  	185,84034  	26,27979  	0,04997  	0,13329  	57897,15373  	0,07737  	0,15115  	1,10102  	1,09825  	1592,40856  	8,10200  	22,83370  	17087701,62055  	1,24936  	49,68958  	NaN  	NaN  	0,00405  	0,00436  	0,00396  	0,00656  	896,84674  	0,00400  	0,00420  
49,08939  	180,33229  	-244,98909  	902,49914  	26,28111  	0,05076  	0,13329  	85706,53851  	0,07704  	0,15031  	1,10101  	1,09825  	18585,40518  	246,03325  	22,73676  	25295332,54600  	2596,15741  	2,17821  	NaN  	NaN  	0,00405  	0,00436  	0,00396  	0,00656  	1327,62170  	0,00400  	0,00420  
50,08929  	905,36383  	-244,98909  	177,46757  	26,28246  	0,04925  	0,13301  	11453,00380  	0,07687  	0,15122  	1,09874  	1,09598  	665,72224  	198490,47048  	22,68713  	3380226,81492  	1,19812  	54,95896  	Inf  	-Inf  	0,00405  	0,00436  	0,00396  	0,00655  	177,41417  	0,00400  	0,00420  
51,09188  	1327,82048  	-244,98909  	906,70634  	26,28268  	0,05168  	0,13303  	58524,25744  	0,07736  	0,15038  	1,09885  	1,09609  	164623,24524  	7016281,92550  	22,83142  	17272784,31462  	0,21649  	2,14763  	Inf  	-Inf  	0,00405  	0,00436  	0,00396  	0,00655  	906,56074  	0,00401  	0,00420  
52,09276  	174,13356  	-244,98909  	1327,82053  	26,28368  	0,05081  	0,13262  	11237,79887  	0,07721  	0,15041  	1,09550  	1,09274  	591456,42103  	337,11897  	22,78857  	3316711,47304  	2630,21440  	0,20063  	NaN  	NaN  	0,00405  	0,00436  	0,00396  	0,00655  	174,08059  	0,00400  	0,00420  
53,09277  	912,17180  	912,12326  	1327,82053  	26,28348  	0,04806  	0,13352  	58877,04738  	0,07772  	0,15133  	1,10289  	1,10012  	405077807,08950  	200412,22285  	22,93809  	17376906,34455  	1,15880  	0,00775  	-Inf  	-Inf  	0,00405  	0,00436  	0,00396  	0,00656  	912,02556  	0,00399  	0,00420  
54,09215  	1327,82048  	1327,75450  	1327,82053  	26,28409  	0,04852  	0,13304  	10782,95549  	0,07706  	0,15107  	1,09893  	1,09617  	1737637467,33670  	377,73998  	22,74287  	3182469,50316  	0,21749  	0,00380  	-Inf  	-Inf  	0,00405  	0,00436  	0,00396  	0,00655  	167,03494  	0,00400  	0,00420  
55,09342  	165,82877  	1327,75450  	165,82878  	26,28484  	0,05286  	0,13308  	59188,86929  	0,07740  	0,15124  	1,09930  	1,09654  	4728434,33806  	258,65616  	22,84452  	17468937,11674  	2636,18715  	0,04929  	-Inf  	-Inf  	0,00405  	0,00436  	0,00396  	0,00656  	916,85576  	0,00401  	0,00420  
56,09549  	918,67002  	1327,75450  	918,67006  	26,28757  	0,05376  	0,13294  	85706,53851  	0,07695  	0,15139  	1,09809  	1,09533  	415729145,95286  	231333,01635  	22,70987  	25295332,54600  	1,12236  	0,00857  	-Inf  	-Inf  	0,00405  	0,00436  	0,00396  	0,00655  	1327,62170  	0,00401  	0,00420  
57,09726  	1327,82048  	160,99164  	1327,82053  	26,28777  	0,04976  	0,13274  	10390,60732  	0,07761  	0,15088  	1,09646  	1,09370  	43087170,00338  	6845214,34359  	22,90716  	3066672,30051  	0,21720  	0,04707  	-Inf  	-Inf  	0,00405  	0,00436  	0,00396  	0,00655  	160,95736  	0,00400  	0,00420  
58,09938  	1327,82048  	925,37357  	1327,82053  	26,28905  	0,04964  	0,13298  	59732,37064  	0,07699  	0,15028  	1,09850  	1,09574  	613479421,53450  	2355345,85847  	22,72150  	17629345,50006  	0,21635  	0,00781  	-Inf  	-Inf  	0,00405  	0,00436  	0,00396  	0,00655  	925,27475  	0,00400  	0,00420  
59,09911  	154,64895  	154,63219  	1327,82053  	26,28970  	0,05005  	0,13284  	85706,53851  	0,07725  	0,14963  	1,09733  	1,09457  	4098166,25625  	246,88752  	22,80050  	25295332,54600  	2524,02192  	0,04824  	-Inf  	-Inf  	0,00405  	0,00436  	0,00397  	0,00655  	1327,62170  	0,00400  	0,00420  
60,09937  	932,26170  	932,21231  	150,56970  	26,29103  	0,05044  	0,13302  	85706,53851  	0,07662  	0,15078  	1,09879  	1,09603  	3631893,64302  	457506,98287  	22,61281  	25295332,54600  	1,04569  	0,19921  	NaN  	NaN  	0,00405  	0,00436  	0,00396  	0,00655  	1327,62170  	0,00400  	0,00420  
61,09938  	1327,82048  	1327,75450  	935,01125  	26,29336  	0,04800  	0,13238  	9539,31031  	0,07750  	0,15059  	1,09349  	1,09074  	631476519,88309  	2222710,51652  	22,87445  	2815421,44509  	0,21679  	0,00742  	NaN  	NaN  	0,00405  	0,00436  	0,00396  	0,00654  	147,77053  	0,00399  	0,00420  
62,09936  	1327,82048  	1327,75450  	1327,82053  	26,29399  	0,05061  	0,13337  	60437,64036  	0,07698  	0,15055  	1,10165  	1,09889  	1731614303,74208  	394,02858  	22,71949  	17837498,02322  	0,21673  	0,00397  	-Inf  	-Inf  	0,00405  	0,00436  	0,00396  	0,00656  	936,19957  	0,00400  	0,00420  
63,10013  	145,54060  	1327,75450  	145,54061  	26,29364  	0,04984  	0,13351  	9392,16666  	0,07865  	0,15111  	1,10286  	1,10010  	3692449,49962  	247,45538  	23,21177  	2771993,63195  	2439,63950  	0,04937  	-Inf  	-Inf  	0,00405  	0,00436  	0,00396  	0,00656  	145,49124  	0,00400  	0,00420  
64,10178  	938,94418  	143,87090  	-244,98909  	26,29399  	0,05116  	0,13270  	-15815,93170  	0,07734  	0,15090  	1,09617  	1,09341  	930,65776  	242120,94704  	22,82607  	-4667896,50935  	1,01320  	35,49806  	NaN  	NaN  	0,00405  	0,00436  	0,00396  	0,00655  	-244,98909  	0,00400  	0,00420  
65,10275  	142,09159  	940,69006  	-244,98909  	26,29439  	0,04997  	0,13346  	60721,06830  	0,07665  	0,15080  	1,10239  	1,09963  	21163,93137  	248,72741  	22,62223  	17921148,62879  	2387,85602  	1,61686  	NaN  	NaN  	0,00405  	0,00436  	0,00396  	0,00656  	940,58994  	0,00400  	0,00420  
66,10253  	-244,98909  	1327,75450  	944,59948  	26,29482  	0,05080  	0,13322  	85706,53851  	0,07636  	0,15163  	1,10048  	1,09772  	136127739,43148  	884,45063  	22,53725  	25295332,54600  	25,72505  	0,00771  	-Inf  	-Inf  	0,00405  	0,00435  	0,00396  	0,00656  	1327,62170  	0,00400  	0,00420  
67,10473  	946,87620  	135,93921  	1327,82053  	26,29458  	0,04431  	0,13305  	8773,44358  	0,07730  	0,15094  	1,09903  	1,09627  	27292610,67360  	679766,49322  	22,81352  	2589384,38895  	0,97555  	0,04517  	-Inf  	-Inf  	0,00405  	0,00436  	0,00396  	0,00655  	135,90705  	0,00398  	0,00420  
68,10680  	133,44071  	-244,98909  	1327,82053  	26,29626  	0,04394  	0,13300  	61279,46934  	0,07685  	0,15001  	1,09863  	1,09587  	427471,51190  	289,85826  	22,68017  	18085954,49192  	2251,92574  	0,17349  	NaN  	NaN  	0,00405  	0,00436  	0,00396  	0,00655  	949,23973  	0,00398  	0,00420  
69,10978  	952,50519  	-244,98909  	1327,82053  	26,29647  	0,04647  	0,13303  	8410,10069  	0,07740  	0,15098  	1,09886  	1,09610  	3719171,86617  	978681,42491  	22,84358  	2482147,77441  	0,94996  	0,18348  	NaN  	NaN  	0,00405  	0,00436  	0,00396  	0,00655  	130,27877  	0,00399  	0,00420  
70,11104  	125,52704  	957,25391  	1327,82053  	26,29708  	0,04843  	0,13343  	61790,28480  	0,07675  	0,15072  	1,10221  	1,09945  	51272168,55120  	75,21404  	22,65266  	18236715,99872  	2146,13561  	0,00718  	-Inf  	-Inf  	0,00405  	0,00436  	0,00397  	0,00656  	957,15240  	0,00400  	0,00420  
71,11182  	961,97062  	1327,75450  	1327,82053  	26,29863  	0,04785  	0,13294  	7799,12166  	0,07687  	0,15104  	1,09811  	1,09535  	1248959424,94524  	45,18481  	22,68786  	2301824,10209  	0,90879  	0,00375  	-Inf  	-Inf  	0,00405  	0,00436  	0,00396  	0,00655  	120,81454  	0,00399  	0,00420  
72,11274  	1327,82048  	115,12363  	115,13875  	26,29855  	0,05166  	0,13290  	62460,83404  	0,07715  	0,15107  	1,09781  	1,09505  	839,18545  	92,09011  	22,77138  	18434621,15790  	0,21748  	742,68115  	NaN  	NaN  	0,00405  	0,00436  	0,00396  	0,00655  	967,53939  	0,00401  	0,00420  
73,11252  	1327,82048  	970,39849  	970,44952  	26,29804  	0,04859  	0,13300  	85706,53851  	0,07731  	0,15118  	1,09861  	1,09585  	238899002,90535  	292,31419  	22,81859  	25295332,54600  	0,21764  	0,01448  	NaN  	NaN  	0,00405  	0,00436  	0,00396  	0,00655  	1327,62170  	0,00400  	0,00420  
74,11353  	1327,82048  	110,13641  	110,15132  	26,29769  	0,04567  	0,13256  	7107,84207  	0,07681  	0,15068  	1,09498  	1,09222  	832,38343  	80,28427  	22,66963  	2097800,61135  	0,21692  	728,93192  	NaN  	NaN  	0,00405  	0,00436  	0,00396  	0,00655  	110,10643  	0,00399  	0,00420  
75,11587  	1327,82048  	-244,98909  	-244,98909  	26,29823  	0,04660  	0,13298  	62882,24215  	0,07648  	0,15048  	1,09846  	1,09570  	310361,69169  	0,00000  	22,57231  	18558995,07852  	0,21662  	0,90170  	Inf  	-Inf  	0,00405  	0,00435  	0,00397  	0,00655  	974,06712  	0,00399  	0,00420  
76,11674  	1327,82048  	976,82470  	976,87600  	26,29902  	0,04955  	0,13343  	85706,53851  	0,07673  	0,15075  	1,10216  	1,09940  	248482869,52599  	299,67104  	22,64552  	25295332,54600  	0,21702  	0,01436  	NaN  	NaN  	0,00405  	0,00436  	0,00396  	0,00656  	1327,62170  	0,00400  	0,00420  
77,11782  	1327,82048  	102,66010  	1327,82053  	26,29993  	0,04831  	0,13303  	6625,23733  	0,07751  	0,15085  	1,09884  	1,09608  	33179954,79599  	6978598,86056  	22,87761  	1955365,18480  	0,21716  	0,05452  	-Inf  	-Inf  	0,00405  	0,00436  	0,00396  	0,00655  	102,63075  	0,00399  	0,00420  
78,11931  	1327,82048  	-244,98909  	1327,82053  	26,30014  	0,04982  	0,13308  	63468,66996  	0,07656  	0,15178  	1,09933  	1,09657  	5254012,15604  	9238699,90868  	22,59711  	18732072,73092  	0,21850  	0,19671  	NaN  	NaN  	0,00405  	0,00436  	0,00396  	0,00656  	983,15104  	0,00400  	0,00420  
79,11952  	97,55340  	-244,98909  	1327,82053  	26,30088  	0,04724  	0,13307  	85706,53851  	0,07724  	0,15069  	1,09919  	1,09643  	285555,71157  	310,80825  	22,79710  	25295332,54600  	1755,80409  	0,18651  	NaN  	NaN  	0,00405  	0,00436  	0,00396  	0,00655  	1327,62170  	0,00399  	0,00420  
80,11909  	990,11607  	990,06425  	92,71534  	26,30171  	0,04525  	0,13321  	85706,53851  	0,07770  	0,15125  	1,10033  	1,09757  	3875821,88000  	703319,62120  	22,93302  	25295332,54600  	0,79903  	0,17871  	NaN  	NaN  	0,00405  	0,00436  	0,00396  	0,00656  	1327,62170  	0,00398  	0,00420  
81,12089  	1327,82048  	1327,75450  	991,86840  	26,30262  	0,05058  	0,13331  	85706,53851  	0,07661  	0,15124  	1,10116  	1,09840  	741988657,34540  	2002859,10919  	22,61032  	25295332,54600  	0,21772  	0,00703  	NaN  	NaN  	0,00405  	0,00436  	0,00396  	0,00656  	1327,62170  	0,00400  	0,00420  
82,12269  	89,63786  	89,62382  	1327,82053  	26,30183  	0,04766  	0,13300  	85706,53851  	0,07704  	0,15072  	1,09863  	1,09587  	1519320,71845  	246,82065  	22,73658  	25295332,54600  	1655,01853  	0,05601  	-Inf  	-Inf  	0,00405  	0,00436  	0,00396  	0,00655  	1327,62170  	0,00399  	0,00420  
83,12229  	995,49699  	995,44495  	87,33441  	26,30156  	0,05165  	0,13319  	85706,53851  	0,07710  	0,15018  	1,10019  	1,09743  	3869958,68241  	842133,35945  	22,75513  	25295332,54600  	0,77427  	0,20399  	NaN  	NaN  	0,00405  	0,00436  	0,00396  	0,00656  	1327,62170  	0,00401  	0,00420  
84,12371  	1327,82048  	1327,75450  	1000,06021  	26,30218  	0,05170  	0,13289  	5340,49915  	0,07778  	0,15092  	1,09771  	1,09495  	757089101,40654  	1997651,17060  	22,95529  	1576188,98610  	0,21725  	0,00708  	NaN  	NaN  	0,00405  	0,00436  	0,00396  	0,00655  	82,72980  	0,00401  	0,00420  
85,12417  	1327,82048  	1327,75450  	80,20290  	26,30210  	0,04801  	0,13283  	64715,88980  	0,07696  	0,15124  	1,09719  	1,09443  	29979483,73652  	7061130,22575  	22,71442  	19100175,80870  	0,21771  	0,05812  	NaN  	NaN  	0,00405  	0,00436  	0,00396  	0,00655  	1002,47082  	0,00399  	0,00420  
86,12507  	1327,82048  	1327,75450  	-244,98909  	26,30166  	0,04857  	0,13307  	85706,53851  	0,07598  	0,15117  	1,09923  	1,09647  	5230570,74664  	9006986,24975  	22,42443  	25295332,54600  	0,21762  	0,19184  	NaN  	NaN  	0,00405  	0,00435  	0,00397  	0,00656  	1327,62170  	0,00400  	0,00420  
87,12697  	74,92038  	1327,75450  	1007,91106  	26,30319  	0,04483  	0,13264  	85706,53851  	0,07705  	0,15155  	1,09567  	1,09291  	29009495,77345  	59,96099  	22,74096  	25295332,54600  	1483,37621  	0,00605  	-Inf  	-Inf  	0,00405  	0,00436  	0,00397  	0,00655  	1327,62170  	0,00398  	0,00420  
88,12810  	-244,98909  	1327,75450  	1327,82053  	26,30298  	0,05371  	0,13344  	85706,53851  	0,07737  	0,15086  	1,10228  	1,09952  	361678379,77030  	0,16112  	22,83436  	25295332,54600  	25,59495  	0,00421  	-Inf  	-Inf  	0,00405  	0,00436  	0,00396  	0,00656  	1327,62170  	0,00401  	0,00420  
89,12868  	1012,94432  	1327,75450  	1327,82053  	26,30295  	0,04669  	0,13296  	85706,53851  	0,07721  	0,15009  	1,09832  	1,09556  	1308709421,45857  	62,09650  	22,78675  	25295332,54600  	0,71567  	0,00366  	-Inf  	-Inf  	0,00405  	0,00436  	0,00396  	0,00655  	1327,62170  	0,00399  	0,00420  
90,12928  	1327,82048  	1327,75450  	1327,82053  	26,30260  	0,04928  	0,13350  	85706,53851  	0,07769  	0,15059  	1,10273  	1,09997  	1732078082,62105  	383,66776  	22,92880  	25295332,54600  	0,21678  	0,00386  	-Inf  	-Inf  	0,00405  	0,00436  	0,00396  	0,00656  	1327,62170  	0,00400  	0,00420  
91,12925  	1327,82048  	63,84170  	1327,82053  	26,30365  	0,04797  	0,13346  	4119,46347  	0,07740  	0,15101  	1,10246  	1,09969  	27733491,06329  	7149541,83027  	22,84308  	1215813,87048  	0,21738  	0,06116  	-Inf  	-Inf  	0,00405  	0,00436  	0,00396  	0,00656  	63,81563  	0,00399  	0,00420  
92,12990  	1327,82048  	1021,69860  	1327,82053  	26,30469  	0,04660  	0,13298  	-15815,93170  	0,07766  	0,15078  	1,09842  	1,09566  	802079496,14884  	1681967,09280  	22,92043  	-4667896,50935  	0,21705  	0,00613  	-Inf  	-Inf  	0,00405  	0,00436  	0,00397  	0,00655  	-244,98909  	0,00399  	0,00420  
93,12926  	1327,82048  	59,86959  	1327,82053  	26,30525  	0,04748  	0,13303  	-15815,93170  	0,07700  	0,15096  	1,09888  	1,09612  	27209281,12845  	7097355,10137  	22,72709  	-4667896,50935  	0,21731  	0,06129  	-Inf  	-Inf  	0,00405  	0,00436  	0,00396  	0,00655  	-244,98909  	0,00399  	0,00420  
94,12925  	1327,82048  	1023,96119  	1327,82053  	26,30496  	0,04431  	0,13293  	-15815,93170  	0,07700  	0,15022  	1,09802  	1,09526  	803957468,08562  	1587409,74555  	22,72455  	-4667896,50935  	0,21624  	0,00581  	-Inf  	-Inf  	0,00404  	0,00436  	0,00396  	0,00655  	-244,98909  	0,00398  	0,00420  
95,13145  	1327,82048  	1327,75450  	1327,82053  	26,30576  	0,04933  	0,13323  	66197,82148  	0,07695  	0,15123  	1,10056  	1,09780  	1739461152,95133  	384,08921  	22,71221  	19537551,47778  	0,21770  	0,00387  	-Inf  	-Inf  	0,00405  	0,00436  	0,00397  	0,00656  	1025,42635  	0,00400  	0,00420  
96,13199  	1327,82048  	55,17918  	55,19178  	26,30598  	0,05470  	0,13316  	85706,53851  	0,07657  	0,15134  	1,09999  	1,09723  	823,67139  	81,27578  	22,59993  	25295332,54600  	0,21786  	575,51264  	NaN  	NaN  	0,00405  	0,00436  	0,00396  	0,00656  	1327,62170  	0,00402  	0,00420  
97,13465  	51,64280  	-244,98909  	-244,98909  	26,30661  	0,05259  	0,13276  	85706,53851  	0,07760  	0,15107  	1,09666  	1,09390  	6065,43576  	0,00000  	22,90320  	25295332,54600  	1207,48113  	1,01759  	Inf  	-Inf  	0,00405  	0,00436  	0,00396  	0,00655  	1327,62170  	0,00401  	0,00420  
98,13564  	1033,44771  	1033,39408  	1033,44775  	26,30702  	0,05494  	0,13330  	3185,38373  	0,07714  	0,15163  	1,10108  	1,09831  	276910239,52032  	67,80356  	22,76680  	940130,61503  	0,66086  	0,01250  	-Inf  	-Inf  	0,00405  	0,00436  	0,00396  	0,00656  	49,34648  	0,00402  	0,00420  
99,13685  	1327,82048  	1327,75450  	1327,82053  	26,30605  	0,05226  	0,13304  	67070,74014  	0,07623  	0,15129  	1,09892  	1,09616  	1740104191,76822  	406,90137  	22,49940  	19795183,72120  	0,21778  	0,00410  	-Inf  	-Inf  	0,00405  	0,00435  	0,00396  	0,00655  	1038,94809  	0,00401  	0,00420  
100,13608  	41,57550  	1327,75450  	41,57551  	26,30608  	0,04589  	0,13313  	85706,53851  	0,07729  	0,15034  	1,09970  	1,09694  	291285,85483  	246,89378  	22,81053  	25295332,54600  	1088,62211  	0,06286  	-Inf  	-Inf  	0,00405  	0,00436  	0,00396  	0,00656  	1327,62170  	0,00399  	0,00420  
101,13749  	-244,98909  	1327,75450  	-244,98909  	26,30613  	0,04866  	0,13294  	85706,53851  	0,07714  	0,15017  	1,09814  	1,09538  	1083121,83632  	3476,67554  	22,76561  	25295332,54600  	25,48028  	0,19218  	-Inf  	-Inf  	0,00405  	0,00436  	0,00396  	0,00655  	1327,62170  	0,00400  	0,00420  
102,13837  	1045,68245  	1327,75450  	-244,98909  	26,30665  	0,04794  	0,13324  	85706,53851  	0,07671  	0,15120  	1,10060  	1,09783  	4097651,19383  	1873575,67756  	22,63995  	25295332,54600  	0,62517  	0,18934  	NaN  	NaN  	0,00405  	0,00436  	0,00396  	0,00656  	1327,62170  	0,00399  	0,00420  
103,13919  	1327,82048  	34,10689  	1048,71283  	26,30715  	0,05140  	0,13330  	2200,04622  	0,07677  	0,15120  	1,10110  	1,09834  	5233294,11081  	6148313,69485  	22,65680  	649319,19832  	0,21765  	0,20294  	NaN  	NaN  	0,00405  	0,00436  	0,00396  	0,00656  	34,08333  	0,00400  	0,00420  
