01/16/2025 17:40:16Time	T_hot_in(C)	T_cold_in(C)	T_cold_out(C)	T_hot_out(C)	mdot_cold(kg/s)	ASFASIFUAS(kg/s)	Diferencial_cold(bar)	Diferencial_hot(bar)	mdot_hot(kg/s)	ABS_cold(bar)	ABS_hot(bar)	q_cold(kW)	q_hot(kW)	ASFASYFY	Tau_cold_haste	Re_hot	Re_cold	U_global	PSIG_cold(bar)	R_fouling	PSIG_hot(bar)	PSID_hot(bar)	m_dot_hot	PSID_cold(bar)	m_dot_cold
2,03117  	0,00000  	0,00000  	0,00000  	0,00000  	-1,18512  	-0,20833  	-0,25900  	-0,86180  	-3,02442  	-1,72343  	-1,72415  	-0,00000  	-0,00000  	-254,35069  	-76,44127  	-9234,48090  	-3618,55272  	NaN  	NaN  	0,00000  	0,00000  	0,00000  	0,00000  	0,00000  	0,00000  	0,00000  
3,03221  	1327,82048  	1327,75450  	-244,98909  	26,39616  	0,04976  	0,17180  	-15815,93170  	0,10254  	0,17632  	1,41941  	1,41642  	6100474,93579  	9231586,28168  	30,26424  	-4667896,50935  	0,25375  	0,19653  	NaN  	NaN  	0,00405  	0,00448  	0,00396  	0,00730  	-244,98909  	0,00400  	0,00423  
4,03302  	199,44744  	199,42880  	883,38398  	26,39593  	0,05205  	0,20770  	57018,83494  	0,12014  	0,18436  	1,71622  	1,71301  	848413,79516  	151,52181  	35,45727  	16828475,58985  	2789,44282  	0,20552  	-Inf  	-Inf  	0,00405  	0,00456  	0,00396  	0,00799  	883,24134  	0,00401  	0,00424  
5,03383  	773,37682  	-244,98909  	309,45459  	26,39656  	0,04649  	0,21178  	85706,53851  	0,12414  	0,19645  	1,74993  	1,74669  	613,81942  	84783,18170  	36,63860  	25295332,54600  	3,21417  	324,98738  	Inf  	-Inf  	0,00405  	0,00458  	0,00396  	0,00807  	1327,62170  	0,00399  	0,00426  
6,03587  	1327,82048  	-244,98909  	-244,98909  	26,39766  	0,04529  	0,21143  	19831,63032  	0,12308  	0,19791  	1,74708  	1,74385  	408165,11611  	0,00000  	36,32475  	5853085,33852  	0,28482  	0,87628  	Inf  	-Inf  	0,00405  	0,00457  	0,00396  	0,00806  	307,20138  	0,00399  	0,00426  
7,03659  	304,92895  	777,85952  	-244,98909  	26,39918  	0,04666  	0,21199  	50210,16364  	0,12296  	0,19753  	1,75170  	1,74847  	9142,55411  	329,50794  	36,29081  	14818971,90784  	400,21060  	5,95188  	NaN  	NaN  	0,00405  	0,00457  	0,00397  	0,00807  	777,77316  	0,00399  	0,00426  
8,03661  	782,10703  	1327,75450  	782,10706  	26,40112  	0,04710  	0,21160  	85706,53851  	0,12407  	0,19752  	1,74844  	1,74521  	308543935,46515  	91259,24274  	36,61783  	25295332,54600  	3,06693  	0,00981  	-Inf  	-Inf  	0,00405  	0,00458  	0,00396  	0,00806  	1327,62170  	0,00399  	0,00426  
9,03657  	1327,82048  	296,97835  	297,00111  	26,40132  	0,04811  	0,21190  	85706,53851  	0,12393  	0,19769  	1,75098  	1,74775  	97190,46569  	129,12794  	36,57688  	25295332,54600  	0,28449  	3,46768  	NaN  	NaN  	0,00405  	0,00458  	0,00396  	0,00807  	1327,62170  	0,00399  	0,00426  
10,03666  	295,63472  	787,15337  	787,19671  	26,40104  	0,04628  	0,21148  	85706,53851  	0,12346  	0,19677  	1,74748  	1,74425  	16719153,21932  	0,01254  	36,43675  	25295332,54600  	476,83376  	0,03424  	-Inf  	-Inf  	0,00405  	0,00457  	0,00397  	0,00806  	1327,62170  	0,00399  	0,00426  
11,03654  	788,55351  	294,25526  	1327,82053  	26,40146  	0,04723  	0,21190  	85706,53851  	0,12322  	0,19762  	1,75093  	1,74769  	57684649,13147  	183328,82695  	36,36655  	25295332,54600  	2,95360  	0,03066  	-Inf  	-Inf  	0,00405  	0,00457  	0,00396  	0,00807  	1327,62170  	0,00399  	0,00426  
12,03659  	1327,82048  	-244,98909  	1327,82053  	26,40230  	0,05140  	0,21124  	85706,53851  	0,12326  	0,19743  	1,74548  	1,74226  	6833527,26517  	9535770,82305  	36,37802  	25295332,54600  	0,28412  	0,20294  	NaN  	NaN  	0,00405  	0,00457  	0,00396  	0,00806  	1327,62170  	0,00400  	0,00426  
13,03910  	1327,82048  	790,81984  	291,96812  	26,40283  	0,04722  	0,21132  	85706,53851  	0,12343  	0,19739  	1,74614  	1,74291  	6830419,50286  	2778590,71280  	36,42863  	25295332,54600  	0,28406  	0,18647  	NaN  	NaN  	0,00405  	0,00457  	0,00396  	0,00806  	1327,62170  	0,00399  	0,00426  
14,03998  	1327,82048  	1327,75450  	793,51078  	26,40398  	0,05105  	0,21141  	85706,53851  	0,12389  	0,19680  	1,74693  	1,74370  	547879397,89987  	3217289,40670  	36,56485  	25295332,54600  	0,28321  	0,01039  	NaN  	NaN  	0,00405  	0,00457  	0,00396  	0,00806  	1327,62170  	0,00400  	0,00426  
15,04097  	284,83248  	284,81025  	284,83249  	26,40451  	0,04362  	0,21159  	18383,24608  	0,12368  	0,19730  	1,74841  	1,74518  	14061,74589  	0,00550  	36,50232  	5425610,82079  	592,72879  	3,90931  	-Inf  	-Inf  	0,00405  	0,00457  	0,00396  	0,00806  	284,76551  	0,00398  	0,00426  
16,04028  	-244,98909  	800,15078  	800,19466  	26,40409  	0,05215  	0,21158  	-15815,93170  	0,12339  	0,19713  	1,74827  	1,74504  	18775687,02467  	0,10378  	36,41774  	-4667896,50935  	33,48121  	0,03591  	-Inf  	-Inf  	0,00405  	0,00457  	0,00396  	0,00806  	-244,98909  	0,00401  	0,00426  
17,04342  	-244,98909  	281,14456  	1327,82053  	26,40493  	0,04731  	0,21117  	51743,98552  	0,12381  	0,19687  	1,74489  	1,74167  	19415512,27549  	2245,64146  	36,54161  	15271662,39439  	33,43792  	0,03182  	-Inf  	-Inf  	0,00405  	0,00457  	0,00396  	0,00805  	801,53248  	0,00399  	0,00426  
18,04442  	-244,98909  	-244,98909  	278,23392  	26,40525  	0,04940  	0,21130  	17957,31817  	0,12387  	0,19880  	1,74601  	1,74278  	225,71338  	1172,10527  	36,55844  	5299902,93279  	33,76474  	239,39393  	NaN  	NaN  	0,00405  	0,00457  	0,00396  	0,00806  	278,16777  	0,00400  	0,00426  
19,04527  	808,36620  	-244,98909  	808,36624  	26,40557  	0,04851  	0,21204  	52176,55334  	0,12396  	0,19777  	1,75208  	1,74885  	39229,87615  	227202,81705  	36,58471  	15399329,97860  	2,63452  	4,60706  	NaN  	NaN  	0,00405  	0,00458  	0,00396  	0,00807  	808,23307  	0,00400  	0,00426  
20,04632  	270,79947  	-244,98909  	1327,82053  	26,40673  	0,04465  	0,21161  	17477,43680  	0,12368  	0,19771  	1,74855  	1,74532  	1285113,32130  	359,96128  	36,50409  	5158271,27753  	792,89919  	0,17630  	NaN  	NaN  	0,00405  	0,00457  	0,00396  	0,00806  	270,73428  	0,00398  	0,00426  
21,04664  	814,87259  	814,82812  	1327,82053  	26,40783  	0,05266  	0,21093  	52596,53073  	0,12419  	0,19730  	1,74295  	1,73972  	354671375,60654  	126852,23044  	36,65215  	15523281,63833  	2,53256  	0,01027  	-Inf  	-Inf  	0,00405  	0,00458  	0,00395  	0,00805  	814,73864  	0,00401  	0,00426  
22,04755  	265,87555  	265,85411  	1327,82053  	26,40782  	0,04880  	0,21168  	17159,60497  	0,12434  	0,19701  	1,74915  	1,74592  	16114610,81439  	258,13042  	36,69723  	5064466,74355  	876,11763  	0,03423  	-Inf  	-Inf  	0,00405  	0,00458  	0,00397  	0,00806  	265,81098  	0,00400  	0,00426  
23,04900  	819,38674  	819,34209  	1327,82053  	26,40916  	0,04650  	0,21152  	-15815,93170  	0,12319  	0,19803  	1,74778  	1,74455  	362832425,80108  	115254,62087  	36,35728  	-4667896,50935  	2,47780  	0,00899  	-Inf  	-Inf  	0,00405  	0,00457  	0,00397  	0,00806  	-244,98909  	0,00399  	0,00426  
24,04879  	261,18446  	1327,75450  	1327,82053  	26,41019  	0,05384  	0,21133  	53033,80418  	0,12266  	0,19729  	1,74624  	1,74302  	409331656,24409  	0,01729  	36,20035  	15652338,03956  	968,73544  	0,00422  	-Inf  	-Inf  	0,00405  	0,00457  	0,00396  	0,00806  	821,51212  	0,00401  	0,00426  
25,04995  	825,46510  	1327,75450  	1327,82053  	26,41163  	0,04652  	0,21147  	16610,34528  	0,12346  	0,19719  	1,74744  	1,74421  	1392477220,19366  	15,74424  	36,43700  	4902358,85093  	2,38449  	0,00365  	-Inf  	-Inf  	0,00405  	0,00457  	0,00396  	0,00806  	257,30280  	0,00399  	0,00426  
26,05119  	256,00784  	1327,75450  	256,00786  	26,41417  	0,05085  	0,21154  	53367,94722  	0,12346  	0,19721  	1,74797  	1,74474  	14852953,35995  	258,87193  	36,43801  	15750956,64415  	1080,61942  	0,03666  	-Inf  	-Inf  	0,00405  	0,00457  	0,00396  	0,00806  	826,68809  	0,00400  	0,00426  
27,05192  	828,59570  	1327,75450  	828,59573  	26,41712  	0,04736  	0,21180  	85706,53851  	0,12398  	0,19698  	1,75013  	1,74689  	375132566,59911  	124302,57272  	36,59161  	25295332,54600  	2,34068  	0,00899  	-Inf  	-Inf  	0,00405  	0,00458  	0,00396  	0,00807  	1327,62170  	0,00399  	0,00426  
28,05336  	251,14258  	1327,75450  	1327,82053  	26,42099  	0,04677  	0,21153  	16208,61447  	0,12493  	0,19719  	1,74791  	1,74468  	391601282,97028  	0,01439  	36,87129  	4783792,46442  	1197,61314  	0,00367  	-Inf  	-Inf  	0,00405  	0,00458  	0,00396  	0,00806  	251,07988  	0,00399  	0,00426  
29,05417  	835,53109  	247,27965  	1327,82053  	26,42558  	0,05011  	0,21141  	-15815,93170  	0,12345  	0,19687  	1,74691  	1,74368  	50425741,64081  	301273,30340  	36,43513  	-4667896,50935  	2,25112  	0,03700  	-Inf  	-Inf  	0,00405  	0,00457  	0,00397  	0,00806  	-244,98909  	0,00400  	0,00426  
30,05489  	245,15979  	837,62618  	245,15981  	26,42934  	0,04843  	0,21200  	-15815,93170  	0,12353  	0,19764  	1,75179  	1,74855  	1149446,46204  	131,03688  	36,45972  	-4667896,50935  	1361,31779  	0,19125  	-Inf  	-Inf  	0,00405  	0,00457  	0,00397  	0,00807  	-244,98909  	0,00400  	0,00426  
31,05500  	841,26788  	1327,75450  	-244,98909  	26,43244  	0,04502  	0,21143  	54300,30672  	0,12267  	0,19687  	1,74703  	1,74380  	4264792,90747  	412614,30256  	36,20478  	16026132,19075  	2,18123  	0,17779  	NaN  	NaN  	0,00405  	0,00457  	0,00397  	0,00806  	841,13059  	0,00398  	0,00426  
32,05617  	1327,82048  	1327,75450  	843,29826  	26,43707  	0,04855  	0,21210  	15459,24416  	0,12409  	0,19698  	1,75260  	1,74936  	635379287,28604  	2775151,02945  	36,62521  	4562624,14383  	0,28343  	0,00895  	NaN  	NaN  	0,00405  	0,00458  	0,00396  	0,00807  	239,47193  	0,00400  	0,00426  
33,05530  	1327,82048  	1327,75450  	238,29927  	26,44058  	0,04973  	0,21163  	54511,00938  	0,12358  	0,19755  	1,74868  	1,74545  	78399057,91873  	6391546,02550  	36,47194  	16088318,73991  	0,28426  	0,03765  	NaN  	NaN  	0,00405  	0,00457  	0,00396  	0,00806  	844,39443  	0,00400  	0,00426  
34,05655  	236,22023  	1327,75450  	846,61119  	26,44403  	0,05155  	0,21185  	85706,53851  	0,12372  	0,19717  	1,75057  	1,74734  	103517070,59793  	110,60628  	36,51377  	25295332,54600  	1632,38961  	0,00944  	-Inf  	-Inf  	0,00405  	0,00457  	0,00397  	0,00807  	1327,62170  	0,00401  	0,00426  
35,05850  	-244,98909  	233,68567  	1327,82053  	26,44673  	0,05052  	0,21138  	15083,09350  	0,12347  	0,19690  	1,74667  	1,74344  	15992938,40040  	2505,17548  	36,44188  	4451607,45774  	33,45697  	0,03875  	-Inf  	-Inf  	0,00405  	0,00457  	0,00397  	0,00806  	233,64525  	0,00400  	0,00426  
36,05950  	852,02046  	851,97444  	1327,82053  	26,45048  	0,04933  	0,21215  	-15815,93170  	0,12391  	0,19717  	1,75301  	1,74978  	413887903,73536  	149076,61981  	36,57099  	-4667896,50935  	2,06043  	0,00894  	-Inf  	-Inf  	0,00405  	0,00457  	0,00397  	0,00807  	-244,98909  	0,00400  	0,00426  
37,06192  	227,13649  	1327,75450  	227,13651  	26,45380  	0,04904  	0,21162  	55231,54895  	0,12281  	0,19716  	1,74866  	1,74543  	11517540,00533  	236,39996  	36,24541  	16300977,98834  	1950,31701  	0,03832  	-Inf  	-Inf  	0,00405  	0,00457  	0,00396  	0,00806  	855,55579  	0,00400  	0,00426  
38,06466  	-244,98909  	224,03618  	858,77557  	26,45620  	0,04952  	0,21162  	14460,20773  	0,12460  	0,19739  	1,74863  	1,74540  	1424851,81712  	1424,21862  	36,77421  	4267769,64108  	33,54355  	0,19553  	-Inf  	-Inf  	0,00405  	0,00458  	0,00395  	0,00806  	223,99658  	0,00400  	0,00426  
39,06531  	862,18607  	862,13962  	1327,82053  	26,45775  	0,05014  	0,21168  	55650,54404  	0,12319  	0,19743  	1,74916  	1,74593  	432108038,32746  	160625,56510  	36,35875  	16424639,73356  	1,95384  	0,00890  	-Inf  	-Inf  	0,00405  	0,00457  	0,00396  	0,00806  	862,04614  	0,00400  	0,00426  
40,06649  	1327,82048  	1327,75450  	1327,82053  	26,46135  	0,05138  	0,21144  	13882,63436  	0,12353  	0,19664  	1,74717  	1,74394  	2261445149,59792  	400,33134  	36,45938  	4097305,28101  	0,28292  	0,00403  	-Inf  	-Inf  	0,00405  	0,00457  	0,00396  	0,00806  	215,04981  	0,00400  	0,00426  
41,06640  	1327,82048  	1327,75450  	1327,82053  	26,46359  	0,04870  	0,21157  	-15815,93170  	0,12259  	0,19726  	1,74819  	1,74496  	2268669976,68118  	379,44562  	36,18125  	-4667896,50935  	0,28382  	0,00382  	-Inf  	-Inf  	0,00405  	0,00457  	0,00396  	0,00806  	-244,98909  	0,00400  	0,00426  
42,06917  	206,90258  	206,88362  	206,90259  	26,46519  	0,05092  	0,21126  	56537,61750  	0,12369  	0,19689  	1,74566  	1,74244  	873,71442  	0,00413  	36,50676  	16686449,60813  	2718,97073  	26,67867  	-Inf  	-Inf  	0,00405  	0,00457  	0,00396  	0,00806  	875,78715  	0,00400  	0,00426  
43,06974  	876,91906  	876,87199  	-244,98909  	26,46580  	0,04775  	0,21129  	85706,53851  	0,12310  	0,19630  	1,74593  	1,74270  	99964,67391  	413100,05383  	36,33040  	25295332,54600  	1,79752  	2,50616  	NaN  	NaN  	0,00405  	0,00457  	0,00397  	0,00806  	1327,62170  	0,00399  	0,00426  
44,07039  	203,39823  	203,37942  	-244,98909  	26,46731  	0,04922  	0,21132  	85706,53851  	0,12395  	0,19716  	1,74616  	1,74293  	155,65940  	94,16702  	36,58207  	25295332,54600  	2848,36777  	80,63031  	NaN  	NaN  	0,00405  	0,00458  	0,00396  	0,00806  	1327,62170  	0,00400  	0,00426  
45,07327  	-244,98909  	882,84603  	882,89338  	26,47083  	0,04820  	0,21213  	12903,43962  	0,12422  	0,19711  	1,75289  	1,74966  	35435367,90358  	0,10340  	36,66191  	3808306,83198  	33,50171  	0,02162  	-Inf  	-Inf  	0,00405  	0,00458  	0,00397  	0,00807  	199,88182  	0,00399  	0,00426  
46,07454  	-244,98909  	196,44432  	196,46285  	26,47211  	0,04772  	0,21133  	57211,48661  	0,12322  	0,19702  	1,74623  	1,74300  	919,11671  	0,04006  	36,36596  	16885334,59003  	33,48558  	33,94128  	-Inf  	-Inf  	0,00405  	0,00457  	0,00396  	0,00806  	886,22556  	0,00399  	0,00426  
47,07534  	-244,98909  	-244,98909  	892,23938  	26,47261  	0,04643  	0,21158  	12300,16933  	0,12434  	0,19743  	1,74834  	1,74511  	38320,86681  	2391,72353  	36,69627  	3630258,30802  	33,55631  	2,15698  	NaN  	NaN  	0,00405  	0,00458  	0,00396  	0,00806  	190,53699  	0,00399  	0,00426  
48,07653  	-244,98909  	-244,98909  	1327,82053  	26,47529  	0,04570  	0,21115  	-15815,93170  	0,12369  	0,19676  	1,74472  	1,74149  	1420610,76385  	3256,07339  	36,50468  	-4667896,50935  	33,44390  	0,18045  	NaN  	NaN  	0,00405  	0,00457  	0,00397  	0,00805  	-244,98909  	0,00399  	0,00426  
49,07655  	897,10297  	897,05506  	1327,82053  	26,47637  	0,04520  	0,21125  	57904,37701  	0,12325  	0,19701  	1,74561  	1,74239  	496551905,99514  	174938,16893  	36,37671  	17089833,49132  	1,62585  	0,00750  	-Inf  	-Inf  	0,00405  	0,00457  	0,00397  	0,00806  	896,95863  	0,00398  	0,00426  
50,07649  	1327,82048  	182,08265  	182,10059  	26,47813  	0,05066  	0,21112  	85706,53851  	0,12330  	0,19633  	1,74452  	1,74130  	2750,13493  	107,20356  	36,39034  	25295332,54600  	0,28246  	57,04263  	NaN  	NaN  	0,00405  	0,00457  	0,00396  	0,00805  	1327,62170  	0,00400  	0,00426  
51,07647  	1327,82048  	902,17008  	902,21825  	26,47992  	0,05116  	0,21144  	11656,04874  	0,12295  	0,19619  	1,74713  	1,74390  	194319599,48710  	290,78146  	36,28724  	3440153,27303  	0,28226  	0,02089  	NaN  	NaN  	0,00405  	0,00457  	0,00396  	0,00806  	180,55939  	0,00400  	0,00426  
52,07623  	179,35493  	179,33713  	1327,82053  	26,48104  	0,05113  	0,21152  	-15815,93170  	0,12346  	0,19715  	1,74777  	1,74454  	7162624,52764  	247,99044  	36,43866  	-4667896,50935  	3413,11643  	0,04582  	-Inf  	-Inf  	0,00405  	0,00457  	0,00397  	0,00806  	-244,98909  	0,00400  	0,00426  
53,07896  	904,65007  	904,60184  	1327,82053  	26,48176  	0,04672  	0,21157  	58391,53102  	0,12369  	0,19714  	1,74819  	1,74496  	512064064,69213  	187914,40756  	36,50442  	17233611,58592  	1,56598  	0,00765  	-Inf  	-Inf  	0,00405  	0,00457  	0,00396  	0,00806  	904,50477  	0,00399  	0,00426  
54,07927  	176,31040  	1327,75450  	1327,82053  	26,48320  	0,05163  	0,21161  	85706,53851  	0,12259  	0,19767  	1,74853  	1,74530  	261727741,93893  	0,01439  	36,18048  	25295332,54600  	3445,75788  	0,00405  	-Inf  	-Inf  	0,00405  	0,00457  	0,00396  	0,00806  	1327,62170  	0,00401  	0,00426  
55,08125  	910,74957  	172,06432  	172,08183  	26,48494  	0,05008  	0,21117  	85706,53851  	0,12372  	0,19738  	1,74492  	1,74169  	1410,40087  	8,71807  	36,51388  	25295332,54600  	1,52060  	80,01305  	NaN  	NaN  	0,00405  	0,00457  	0,00396  	0,00805  	1327,62170  	0,00400  	0,00426  
56,08302  	1327,82048  	914,13928  	-244,98909  	26,48540  	0,04897  	0,21142  	10883,42297  	0,12371  	0,19767  	1,74698  	1,74375  	234811,05477  	6698150,20408  	36,51077  	3212121,36372  	0,28439  	1,92410  	NaN  	NaN  	0,00405  	0,00457  	0,00396  	0,00806  	168,59121  	0,00400  	0,00426  
57,08272  	166,04686  	166,02961  	-244,98909  	26,48668  	0,04444  	0,21174  	-15815,93170  	0,12425  	0,19787  	1,74966  	1,74643  	150,00993  	76,93129  	36,67121  	-4667896,50935  	3451,18207  	42,04228  	NaN  	NaN  	0,00405  	0,00458  	0,00396  	0,00807  	-244,98909  	0,00398  	0,00426  
58,08327  	919,61276  	919,56390  	919,61280  	26,48771  	0,05179  	0,21180  	-15815,93170  	0,12465  	0,19739  	1,75011  	1,74688  	151676143,14108  	26,85784  	36,78984  	-4667896,50935  	1,45517  	0,01947  	-Inf  	-Inf  	0,00405  	0,00458  	0,00396  	0,00807  	-244,98909  	0,00401  	0,00426  
59,08455  	160,14756  	160,13056  	160,14757  	26,48792  	0,04910  	0,21188  	-15815,93170  	0,12381  	0,19649  	1,75079  	1,74756  	161,43706  	0,00351  	36,54106  	-4667896,50935  	3382,12535  	123,15781  	-Inf  	-Inf  	0,00405  	0,00457  	0,00396  	0,00807  	-244,98909  	0,00400  	0,00426  
60,08601  	926,21196  	-244,98909  	-244,98909  	26,48780  	0,04817  	0,21180  	59783,31834  	0,12371  	0,19686  	1,75014  	1,74691  	280683,88123  	0,00000  	36,51107  	17644382,14985  	1,40490  	0,93203  	Inf  	-Inf  	0,00405  	0,00457  	0,00397  	0,00807  	926,06394  	0,00399  	0,00426  
61,08548  	154,11016  	928,67199  	928,72127  	26,48811  	0,04874  	0,21133  	9945,31899  	0,12328  	0,19720  	1,74626  	1,74304  	23064797,99391  	0,01010  	36,38558  	2935250,39552  	3321,79618  	0,01756  	-Inf  	-Inf  	0,00405  	0,00457  	0,00396  	0,00806  	154,05972  	0,00400  	0,00426  
62,08568  	930,29373  	152,52099  	1327,82053  	26,48906  	0,05103  	0,21112  	60046,78999  	0,12448  	0,19709  	1,74454  	1,74131  	37656482,03395  	687145,39998  	36,73786  	17722142,87874  	1,37869  	0,04950  	-Inf  	-Inf  	0,00405  	0,00458  	0,00396  	0,00805  	930,14519  	0,00400  	0,00426  
63,08728  	1327,82048  	-244,98909  	151,12360  	26,49063  	0,04884  	0,21209  	85706,53851  	0,12426  	0,19699  	1,75253  	1,74930  	1598,65278  	2282958,67993  	36,67374  	25295332,54600  	0,28340  	37,44779  	Inf  	-Inf  	0,00405  	0,00458  	0,00396  	0,00807  	1327,62170  	0,00400  	0,00426  
64,08933  	149,78486  	932,99711  	933,04657  	26,49119  	0,05110  	0,21173  	9666,12717  	0,12333  	0,19715  	1,74954  	1,74631  	22950145,18643  	0,01062  	36,39867  	2852850,03212  	3256,75272  	0,01805  	-Inf  	-Inf  	0,00405  	0,00457  	0,00396  	0,00807  	149,73496  	0,00400  	0,00426  
65,08983  	936,34335  	146,47162  	1327,82053  	26,49123  	0,04979  	0,21173  	60437,28386  	0,12340  	0,19668  	1,74954  	1,74631  	36833517,56196  	703723,62810  	36,41878  	17837392,80506  	1,33601  	0,04918  	-Inf  	-Inf  	0,00405  	0,00457  	0,00396  	0,00807  	936,19404  	0,00400  	0,00426  
