10/21/2024 11:19:07Time	T_hot_in(C)	T_cold_in(C)	T_cold_out(C)	T_hot_out(C)	mdot_cold(kg/s)	ASFASIFUAS(kg/s)	Diferencial_cold(bar)	Diferencial_hot(bar)	mdot_hot(kg/s)	ABS_cold(bar)	ABS_hot(bar)	q_cold(kW)	q_hot(kW)	ASFASYFY	Tau_cold_haste	Re_hot	Re_cold	U_global	PSIG_cold(bar)	R_fouling	PSIG_hot(bar)	PSID_hot(bar)	m_dot_hot	PSID_cold(bar)	m_dot_cold
1.74536  	0.00000  	0.00000  	0.00000  	0.00000  	-1.18512  	-0.20833  	-0.86278  	-2.50000  	-3.02442  	-1.25000  	-0.08628  	-0.00000  	-0.00000  	-737.84722  	-254.63905  	-9234.48090  	-3618.55272  	0.00000  	0.00000  	0.00000  	0.00000  	0.00000  	0.00000  	0.00000  
2.74568  	33.14510  	5.11116  	5.47962  	24.20664  	-1.18512  	0.02881  	0.65285  	0.64478  	-3.02442  	0.07238  	-0.08563  	-113.34603  	-1.82660  	190.30089  	192.68048  	-19582.16504  	-4217.15642  	0.00503  	0.00003  	0.00423  	0.00455  	0.00698  	0.00000  	0.00000  
3.74800  	33.14427  	5.10993  	5.48064  	24.20111  	-1.18512  	0.02759  	0.65488  	0.65343  	-3.02442  	0.07251  	-0.08568  	-113.40563  	-1.83773  	192.85199  	193.27993  	-19580.79234  	-4217.14367  	0.00505  	0.00003  	0.00423  	0.00453  	0.00699  	0.00000  	0.00000  
4.75032  	33.14484  	5.11044  	5.47940  	24.19778  	-1.18512  	0.02691  	0.65729  	0.65264  	-3.02442  	0.07330  	-0.08565  	-113.45504  	-1.82912  	192.61811  	193.99305  	-19580.19355  	-4217.10003  	0.00504  	0.00003  	0.00423  	0.00452  	0.00700  	0.00000  	0.00000  
5.75064  	33.14540  	5.11005  	5.48043  	24.19374  	-1.18512  	0.02803  	0.65826  	0.65286  	-3.02442  	0.07157  	-0.08570  	-113.51344  	-1.83614  	192.68545  	194.27953  	-19579.44167  	-4217.13870  	0.00504  	0.00003  	0.00423  	0.00454  	0.00701  	0.00000  	0.00000  
6.75196  	33.14592  	5.10948  	5.48033  	24.19112  	-1.18512  	0.02847  	0.66106  	0.65387  	-3.02442  	0.07179  	-0.08571  	-113.55323  	-1.83847  	192.98317  	195.10535  	-19578.98505  	-4217.09831  	0.00505  	0.00003  	0.00423  	0.00455  	0.00702  	0.00000  	0.00000  
7.75429  	33.14683  	5.11083  	5.48062  	24.18891  	-1.18512  	0.02804  	0.66234  	0.65483  	-3.02442  	0.07264  	-0.08569  	-113.59275  	-1.83321  	193.26677  	195.48143  	-19578.70370  	-4217.19643  	0.00505  	0.00003  	0.00423  	0.00454  	0.00703  	0.00000  	0.00000  
8.75461  	33.14819  	5.11136  	5.48093  	24.18705  	-1.18512  	0.02790  	0.66348  	0.65472  	-3.02442  	0.07097  	-0.08568  	-113.63357  	-1.83211  	193.23377  	195.81932  	-19578.59786  	-4217.24644  	0.00505  	0.00003  	0.00423  	0.00454  	0.00703  	0.00000  	0.00000  
9.75593  	33.14762  	5.11111  	5.48086  	24.18699  	-1.18512  	0.02692  	0.66400  	0.66343  	-3.02442  	0.07212  	-0.08567  	-113.62718  	-1.83302  	195.80529  	195.97337  	-19578.46059  	-4217.22764  	0.00506  	0.00003  	0.00423  	0.00452  	0.00703  	0.00000  	0.00000  
10.75825  	33.14828  	5.11040  	5.48115  	24.18625  	-1.18512  	0.02768  	0.66597  	0.65992  	-3.02442  	0.07199  	-0.08572  	-113.64491  	-1.83800  	194.76942  	196.55284  	-19578.44335  	-4217.20246  	0.00506  	0.00003  	0.00423  	0.00453  	0.00704  	0.00000  	0.00000  
11.75954  	33.14862  	5.11104  	5.48163  	24.18774  	-1.18512  	0.02826  	0.66664  	0.65997  	-3.02442  	0.07226  	-0.08576  	-113.63032  	-1.83721  	194.78240  	196.75284  	-19578.83843  	-4217.26965  	0.00506  	0.00002  	0.00423  	0.00454  	0.00705  	0.00000  	0.00000  
12.76189  	33.15042  	5.11084  	5.48234  	24.18745  	-1.18512  	0.02870  	0.66799  	0.66205  	-3.02442  	0.07217  	-0.08577  	-113.65676  	-1.84170  	195.39725  	197.15085  	-19579.16438  	-4217.30071  	0.00506  	0.00002  	0.00423  	0.00455  	0.00705  	0.00000  	0.00000  
13.76520  	33.15071  	5.11033  	5.48260  	24.18900  	-1.18512  	0.02704  	0.66851  	0.66344  	-3.02442  	0.07137  	-0.08570  	-113.64090  	-1.84554  	195.80764  	197.30316  	-19579.56340  	-4217.28529  	0.00506  	0.00003  	0.00423  	0.00452  	0.00706  	0.00000  	0.00000  
14.76653  	33.15142  	5.11056  	5.48273  	24.19176  	-1.18512  	0.02655  	0.66890  	0.66617  	-3.02442  	0.07143  	-0.08567  	-113.61477  	-1.84502  	196.61352  	197.41975  	-19580.31600  	-4217.30692  	0.00507  	0.00003  	0.00423  	0.00451  	0.00706  	0.00000  	0.00000  
15.76984  	33.15177  	5.11069  	5.48214  	24.19387  	-1.18512  	0.02786  	0.67010  	0.66696  	-3.02442  	0.07078  	-0.08571  	-113.59244  	-1.84144  	196.84614  	197.77265  	-19580.84734  	-4217.27967  	0.00507  	0.00003  	0.00423  	0.00453  	0.00706  	0.00000  	0.00000  
16.77316  	33.15233  	5.11046  	5.48231  	24.19647  	-1.18512  	0.02770  	0.67145  	0.66573  	-3.02442  	0.07194  	-0.08571  	-113.56661  	-1.84337  	196.48326  	198.17074  	-19581.53253  	-4217.27573  	0.00507  	0.00003  	0.00423  	0.00453  	0.00707  	0.00000  	0.00000  
17.77448  	33.15264  	5.11129  	5.48291  	24.19909  	-1.18512  	0.02765  	0.67123  	0.66747  	-3.02442  	0.07199  	-0.08566  	-113.53724  	-1.84231  	196.99781  	198.10698  	-19582.16318  	-4217.36186  	0.00507  	0.00003  	0.00423  	0.00453  	0.00707  	0.00000  	0.00000  
18.77777  	33.15295  	5.11133  	5.48294  	24.20242  	-1.18512  	0.02916  	0.67218  	0.66897  	-3.02442  	0.07260  	-0.08572  	-113.49903  	-1.84224  	197.43838  	198.38659  	-19582.95178  	-4217.36624  	0.00507  	0.00003  	0.00423  	0.00456  	0.00707  	0.00000  	0.00000  
19.78111  	33.15273  	5.11101  	5.48319  	24.20449  	-1.18512  	0.02709  	0.67223  	0.67034  	-3.02442  	0.07086  	-0.08561  	-113.46994  	-1.84508  	197.84291  	198.40002  	-19583.35457  	-4217.36165  	0.00507  	0.00003  	0.00423  	0.00452  	0.00707  	0.00000  	0.00000  
20.78243  	33.15358  	5.11148  	5.48356  	24.20822  	-1.18512  	0.02768  	0.67352  	0.66589  	-3.02442  	0.07175  	-0.08575  	-113.43344  	-1.84459  	196.53099  	198.78103  	-19584.34220  	-4217.41233  	0.00507  	0.00002  	0.00423  	0.00453  	0.00708  	0.00000  	0.00000  
21.78275  	33.15464  	5.11193  	5.48291  	24.21201  	-1.18512  	0.02668  	0.67281  	0.67120  	-3.02442  	0.06972  	-0.08570  	-113.39885  	-1.83910  	198.09668  	198.57359  	-19585.39397  	-4217.39973  	0.00507  	0.00003  	0.00422  	0.00451  	0.00708  	0.00000  	0.00000  
22.78607  	33.15506  	5.11162  	5.48278  	24.21364  	-1.18512  	0.02816  	0.67087  	0.66477  	-3.02442  	0.07149  	-0.08567  	-113.38346  	-1.84001  	196.19994  	198.00093  	-19585.83734  	-4217.37390  	0.00506  	0.00003  	0.00423  	0.00454  	0.00707  	0.00000  	0.00000  
23.78839  	33.15500  	5.11063  	5.48202  	24.21699  	-1.18512  	0.02892  	0.66969  	0.66575  	-3.02442  	0.07312  	-0.08569  	-113.34021  	-1.84115  	196.48853  	197.65082  	-19586.54965  	-4217.26827  	0.00507  	0.00003  	0.00423  	0.00456  	0.00706  	0.00000  	0.00000  
24.78871  	33.15540  	5.11062  	5.48216  	24.21921  	-1.18512  	0.02752  	0.66931  	0.66547  	-3.02442  	0.07171  	-0.08571  	-113.31715  	-1.84189  	196.40509  	197.53877  	-19587.11702  	-4217.27598  	0.00506  	0.00003  	0.00423  	0.00453  	0.00706  	0.00000  	0.00000  
25.79104  	33.15502  	5.11108  	5.48222  	24.22246  	-1.18512  	0.02855  	0.66828  	0.66192  	-3.02442  	0.07289  	-0.08572  	-113.27114  	-1.83987  	195.35710  	197.23425  	-19587.73866  	-4217.30753  	0.00506  	0.00003  	0.00423  	0.00455  	0.00705  	0.00000  	0.00000  
26.79335  	33.15586  	5.11135  	5.48260  	24.22357  	-1.18512  	0.02824  	0.66646  	0.65970  	-3.02442  	0.07177  	-0.08570  	-113.26769  	-1.84046  	194.70415  	196.69857  	-19588.15969  	-4217.34706  	0.00506  	0.00003  	0.00423  	0.00454  	0.00705  	0.00000  	0.00000  
27.79467  	33.15571  	5.11134  	5.48263  	24.22464  	-1.18512  	0.02956  	0.66549  	0.65795  	-3.02442  	0.07309  	-0.08569  	-113.25219  	-1.84065  	194.18696  	196.41246  	-19588.35823  	-4217.34831  	0.00505  	0.00003  	0.00423  	0.00457  	0.00704  	0.00000  	0.00000  
28.79796  	33.15500  	5.11117  	5.48386  	24.22582  	-1.18512  	0.02686  	0.66428  	0.65906  	-3.02442  	0.07203  	-0.08565  	-113.22826  	-1.84756  	194.51410  	196.05494  	-19588.45991  	-4217.41154  	0.00505  	0.00003  	0.00423  	0.00452  	0.00704  	0.00000  	0.00000  
29.80031  	33.15527  	5.11125  	5.48465  	24.22645  	-1.18512  	0.02646  	0.66181  	0.65851  	-3.02442  	0.07209  	-0.08571  	-113.22354  	-1.85110  	194.35130  	195.32714  	-19588.65450  	-4217.46371  	0.00505  	0.00003  	0.00423  	0.00451  	0.00702  	0.00000  	0.00000  
30.80163  	33.15541  	5.11162  	5.48442  	24.22480  	-1.18512  	0.02661  	0.65986  	0.65690  	-3.02442  	0.07204  	-0.08570  	-113.24635  	-1.84813  	193.87653  	194.75032  	-19588.33006  	-4217.47238  	0.00505  	0.00003  	0.00423  	0.00451  	0.00702  	0.00000  	0.00000  
31.80495  	33.15487  	5.11138  	5.48379  	24.22414  	-1.18512  	0.02653  	0.65679  	0.65094  	-3.02442  	0.07343  	-0.08562  	-113.24782  	-1.84621  	192.11640  	193.84524  	-19588.06889  	-4217.41981  	0.00504  	0.00003  	0.00423  	0.00451  	0.00700  	0.00000  	0.00000  
32.80727  	33.15480  	5.11167  	5.48300  	24.22248  	-1.18512  	0.02816  	0.65439  	0.65086  	-3.02442  	0.07216  	-0.08568  	-113.26810  	-1.84086  	192.09516  	193.13725  	-19587.69523  	-4217.39012  	0.00504  	0.00003  	0.00423  	0.00454  	0.00699  	0.00000  	0.00000  
33.80758  	33.15441  	5.11153  	5.48208  	24.22003  	-1.18512  	0.02600  	0.65065  	0.64756  	-3.02442  	0.07298  	-0.08577  	-113.29427  	-1.83695  	191.12113  	192.03192  	-19587.07834  	-4217.32639  	0.00504  	0.00002  	0.00423  	0.00450  	0.00697  	0.00000  	0.00000  
34.81088  	33.15423  	5.11187  	5.48171  	24.21670  	-1.18512  	0.02663  	0.64994  	0.64770  	-3.02442  	0.07183  	-0.08574  	-113.33408  	-1.83345  	191.16037  	191.82343  	-19586.31898  	-4217.32413  	0.00504  	0.00003  	0.00423  	0.00451  	0.00697  	0.00000  	0.00000  
35.81422  	33.15402  	5.11146  	5.48105  	24.21210  	-1.18512  	0.02692  	0.65206  	0.64924  	-3.02442  	0.07057  	-0.08569  	-113.38982  	-1.83221  	191.61589  	192.44797  	-19585.27952  	-4217.26010  	0.00504  	0.00003  	0.00423  	0.00452  	0.00698  	0.00000  	0.00000  
36.81554  	33.15418  	5.11050  	5.48090  	24.20926  	-1.18512  	0.02775  	0.65448  	0.65182  	-3.02442  	0.07293  	-0.08563  	-113.42786  	-1.83624  	192.37791  	193.16172  	-19584.69910  	-4217.19301  	0.00504  	0.00003  	0.00423  	0.00453  	0.00699  	0.00000  	0.00000  
37.81886  	33.15472  	5.11107  	5.48095  	24.20516  	-1.18512  	0.02719  	0.65666  	0.65680  	-3.02442  	0.07233  	-0.08564  	-113.48673  	-1.83365  	193.84815  	193.80637  	-19583.92710  	-4217.23097  	0.00505  	0.00003  	0.00423  	0.00452  	0.00700  	0.00000  	0.00000  
38.82217  	33.15566  	5.11097  	5.48123  	24.20101  	-1.18512  	0.02658  	0.65820  	0.65377  	-3.02442  	0.07135  	-0.08562  	-113.55129  	-1.83554  	192.95435  	194.26123  	-19583.23426  	-4217.24145  	0.00505  	0.00003  	0.00423  	0.00451  	0.00701  	0.00000  	0.00000  
39.82350  	33.15562  	5.10964  	5.48050  	24.19778  	-1.18512  	0.02699  	0.66046  	0.65770  	-3.02442  	0.07285  	-0.08569  	-113.59178  	-1.83848  	194.11210  	194.92801  	-19582.52744  	-4217.11771  	0.00505  	0.00003  	0.00423  	0.00452  	0.00702  	0.00000  	0.00000  
40.82679  	33.15717  	5.10984  	5.48105  	24.19562  	-1.18512  	0.02785  	0.66217  	0.65740  	-3.02442  	0.07283  	-0.08567  	-113.63888  	-1.84026  	194.02342  	195.43298  	-19582.39280  	-4217.16266  	0.00505  	0.00003  	0.00423  	0.00453  	0.00703  	0.00000  	0.00000  
41.83010  	33.15794  	5.11096  	5.48170  	24.19417  	-1.18512  	0.02784  	0.66286  	0.65928  	-3.02442  	0.07129  	-0.08561  	-113.66692  	-1.83792  	194.57856  	195.63557  	-19582.24504  	-4217.26934  	0.00505  	0.00003  	0.00423  	0.00453  	0.00703  	0.00000  	0.00000  
42.83145  	33.15807  	5.11208  	5.48157  	24.19320  	-1.18512  	0.02734  	0.66402  	0.65913  	-3.02442  	0.07196  	-0.08566  	-113.68085  	-1.83173  	194.53377  	195.97950  	-19582.06435  	-4217.32862  	0.00505  	0.00003  	0.00423  	0.00452  	0.00703  	0.00000  	0.00000  
43.83476  	33.15911  	5.11140  	5.48229  	24.19345  	-1.18512  	0.02800  	0.66553  	0.66365  	-3.02442  	0.07346  	-0.08560  	-113.69078  	-1.83865  	195.86868  	196.42318  	-19582.34392  	-4217.33112  	0.00506  	0.00003  	0.00424  	0.00454  	0.00704  	0.00000  	0.00000  
44.83808  	33.15969  	5.11135  	5.48271  	24.19334  	-1.18512  	0.02667  	0.66574  	0.66203  	-3.02442  	0.07077  	-0.08566  	-113.69959  	-1.84099  	195.38995  	196.48551  	-19582.44566  	-4217.35363  	0.00506  	0.00003  	0.00423  	0.00451  	0.00704  	0.00000  	0.00000  
45.84140  	33.16104  	5.11069  	5.48247  	24.19472  	-1.18512  	0.02828  	0.66710  	0.66450  	-3.02442  	0.07152  	-0.08568  	-113.69927  	-1.84309  	196.12087  	196.88670  	-19583.03610  	-4217.29914  	0.00506  	0.00003  	0.00423  	0.00454  	0.00705  	0.00000  	0.00000  
46.84272  	33.16243  	5.11136  	5.48256  	24.19643  	-1.18512  	0.02789  	0.66757  	0.66358  	-3.02442  	0.07189  	-0.08565  	-113.69516  	-1.84021  	195.84863  	197.02545  	-19583.70581  	-4217.34478  	0.00506  	0.00003  	0.00423  	0.00454  	0.00705  	0.00000  	0.00000  
47.84604  	33.16219  	5.11216  	5.48257  	24.19815  	-1.18512  	0.02725  	0.67029  	0.66451  	-3.02442  	0.07150  	-0.08572  	-113.67022  	-1.83631  	196.12158  	197.82772  	-19584.02733  	-4217.39342  	0.00506  	0.00003  	0.00423  	0.00452  	0.00706  	0.00000  	0.00000  
48.84932  	33.16297  	5.11122  	5.48228  	24.20082  	-1.18512  	0.02704  	0.67067  	0.66589  	-3.02442  	0.07209  	-0.08568  	-113.64638  	-1.83949  	196.52902  	197.93932  	-19584.77576  	-4217.31921  	0.00507  	0.00003  	0.00423  	0.00452  	0.00707  	0.00000  	0.00000  
49.85065  	33.16353  	5.11140  	5.48156  	24.20309  	-1.18512  	0.02846  	0.67041  	0.66419  	-3.02442  	0.07157  	-0.08570  	-113.62463  	-1.83503  	196.02729  	197.86360  	-19585.38761  	-4217.28724  	0.00506  	0.00003  	0.00423  	0.00455  	0.00706  	0.00000  	0.00000  
50.85396  	33.16432  	5.11240  	5.48223  	24.20674  	-1.18512  	0.02765  	0.66994  	0.66929  	-3.02442  	0.06922  	-0.08561  	-113.58841  	-1.83337  	197.53417  	197.72621  	-19586.34734  	-4217.38752  	0.00507  	0.00003  	0.00422  	0.00453  	0.00706  	0.00000  	0.00000  
51.85728  	33.16457  	5.11292  	5.48264  	24.20911  	-1.18512  	0.02836  	0.67134  	0.66780  	-3.02442  	0.07266  	-0.08568  	-113.56147  	-1.83288  	197.09253  	198.13994  	-19586.91516  	-4217.44314  	0.00507  	0.00003  	0.00423  	0.00454  	0.00707  	0.00000  	0.00000  
52.85862  	33.16436  	5.11167  	5.48258  	24.21160  	-1.18512  	0.02792  	0.67333  	0.66583  	-3.02442  	0.07211  	-0.08568  	-113.52735  	-1.83874  	196.51243  	198.72481  	-19587.40889  	-4217.36492  	0.00507  	0.00003  	0.00423  	0.00454  	0.00708  	0.00000  	0.00000  
53.86194  	33.16483  	5.11157  	5.48417  	24.21489  	-1.18512  	0.02799  	0.67226  	0.67030  	-3.02442  	0.07232  	-0.08565  	-113.49147  	-1.84711  	197.83281  	198.41028  	-19588.22271  	-4217.45415  	0.00507  	0.00003  	0.00423  	0.00454  	0.00707  	0.00000  	0.00000  
54.86526  	33.16401  	5.11216  	5.48420  	24.21722  	-1.18512  	0.02755  	0.67233  	0.66950  	-3.02442  	0.07052  	-0.08569  	-113.45149  	-1.84437  	197.59612  	198.43135  	-19588.54718  	-4217.49185  	0.00507  	0.00003  	0.00423  	0.00453  	0.00707  	0.00000  	0.00000  
55.86658  	33.16450  	5.11199  	5.48451  	24.22031  	-1.18512  	0.02800  	0.67145  	0.66604  	-3.02442  	0.07140  	-0.08566  	-113.41844  	-1.84671  	196.57420  	198.17125  	-19589.32384  	-4217.49997  	0.00507  	0.00003  	0.00423  	0.00454  	0.00707  	0.00000  	0.00000  
56.86987  	33.16335  	5.11252  	5.48454  	24.22300  	-1.18512  	0.02802  	0.67036  	0.66492  	-3.02442  	0.07137  	-0.08567  	-113.36991  	-1.84425  	196.24408  	197.84888  	-19589.65739  	-4217.53380  	0.00506  	0.00003  	0.00423  	0.00454  	0.00706  	0.00000  	0.00000  
57.87321  	33.16187  	5.11308  	5.48513  	24.22533  	-1.18512  	0.02665  	0.66805  	0.66635  	-3.02442  	0.07135  	-0.08566  	-113.32147  	-1.84439  	196.66623  	197.16678  	-19589.84026  	-4217.60293  	0.00507  	0.00003  	0.00423  	0.00451  	0.00705  	0.00000  	0.00000  
58.87454  	33.16094  	5.11279  	5.48566  	24.22669  	-1.18512  	0.02602  	0.66751  	0.66355  	-3.02442  	0.07262  	-0.08568  	-113.29244  	-1.84847  	195.83876  	197.00829  	-19589.93212  	-4217.61663  	0.00506  	0.00003  	0.00423  	0.00450  	0.00705  	0.00000  	0.00000  
59.87785  	33.16076  	5.11209  	5.48547  	24.22737  	-1.18512  	0.02837  	0.66659  	0.66053  	-3.02442  	0.07181  	-0.08567  	-113.28150  	-1.85105  	194.94936  	196.73747  	-19590.04116  	-4217.56353  	0.00506  	0.00003  	0.00423  	0.00454  	0.00705  	0.00000  	0.00000  
60.88117  	33.15872  	5.11250  	5.48368  	24.22816  	-1.18512  	0.02794  	0.66463  	0.66014  	-3.02442  	0.07069  	-0.08562  	-113.24566  	-1.84012  	194.83290  	196.15837  	-19589.77181  	-4217.48094  	0.00506  	0.00003  	0.00423  	0.00454  	0.00704  	0.00000  	0.00000  
61.88249  	33.15678  	5.11269  	5.48468  	24.22928  	-1.18512  	0.02731  	0.66392  	0.66201  	-3.02442  	0.07359  	-0.08561  	-113.20683  	-1.84412  	195.38600  	195.94742  	-19589.59377  	-4217.55258  	0.00506  	0.00003  	0.00424  	0.00452  	0.00703  	0.00000  	0.00000  
62.88580  	33.15714  	5.11287  	5.48348  	24.22824  	-1.18512  	0.02737  	0.66163  	0.65677  	-3.02442  	0.07233  	-0.08569  	-113.22462  	-1.83725  	193.83719  	195.27369  	-19589.44583  	-4217.49072  	0.00505  	0.00003  	0.00423  	0.00453  	0.00702  	0.00000  	0.00000  
63.88912  	33.15578  	5.11272  	5.48344  	24.22848  	-1.18512  	0.02731  	0.65894  	0.65606  	-3.02442  	0.06977  	-0.08568  	-113.20439  	-1.83782  	193.62752  	194.47959  	-19589.20473  	-4217.47982  	0.00505  	0.00003  	0.00422  	0.00452  	0.00701  	0.00000  	0.00000  
64.88944  	33.15467  	5.11345  	5.48460  	24.22681  	-1.18512  	0.02746  	0.65711  	0.65488  	-3.02442  	0.07181  	-0.08568  	-113.21148  	-1.83993  	193.28016  	193.93754  	-19588.60387  	-4217.59318  	0.00505  	0.00003  	0.00423  	0.00453  	0.00700  	0.00000  	0.00000  
65.89176  	33.15337  	5.11262  	5.48442  	24.22405  	-1.18512  	0.02731  	0.65574  	0.65149  	-3.02442  	0.07235  	-0.08565  	-113.23002  	-1.84315  	192.27927  	193.53355  	-19587.72404  	-4217.53214  	0.00504  	0.00003  	0.00423  	0.00452  	0.00700  	0.00000  	0.00000  
66.89408  	33.15275  	5.11209  	5.48459  	24.22162  	-1.18512  	0.02610  	0.65234  	0.65066  	-3.02442  	0.07077  	-0.08564  	-113.25291  	-1.84661  	192.03470  	192.53163  	-19587.06246  	-4217.51086  	0.00504  	0.00003  	0.00423  	0.00450  	0.00698  	0.00000  	0.00000  
67.89640  	33.15036  	5.11338  	5.48294  	24.21751  	-1.18512  	0.02658  	0.65075  	0.64582  	-3.02442  	0.07037  	-0.08561  	-113.27476  	-1.83210  	190.60573  	192.06238  	-19585.65611  	-4217.48886  	0.00503  	0.00003  	0.00423  	0.00451  	0.00697  	0.00000  	0.00000  
68.89772  	33.14968  	5.11186  	5.48234  	24.21308  	-1.18512  	0.02537  	0.65127  	0.64505  	-3.02442  	0.07080  	-0.08567  	-113.32234  	-1.83663  	190.38012  	192.21612  	-19584.55201  	-4217.36207  	0.00503  	0.00003  	0.00423  	0.00449  	0.00698  	0.00000  	0.00000  
69.90104  	33.14865  	5.11196  	5.48205  	24.20911  	-1.18512  	0.02684  	0.65389  	0.64700  	-3.02442  	0.07169  	-0.08568  	-113.35965  	-1.83471  	190.95607  	192.98765  	-19583.47060  	-4217.35059  	0.00504  	0.00003  	0.00423  	0.00452  	0.00699  	0.00000  	0.00000  
70.90436  	33.14754  	5.11146  	5.48197  	24.20429  	-1.18512  	0.02853  	0.65636  	0.64806  	-3.02442  	0.07120  	-0.08572  	-113.40667  	-1.83675  	191.26805  	193.71860  	-19582.18656  	-4217.31527  	0.00504  	0.00003  	0.00423  	0.00455  	0.00700  	0.00000  	0.00000  
71.90567  	33.14684  	5.11159  	5.47954  	24.19947  	-1.18512  	0.02738  	0.65786  	0.65513  	-3.02442  	0.07054  	-0.08564  	-113.45898  	-1.82409  	193.35420  	194.16109  	-19580.99331  	-4217.17699  	0.00505  	0.00003  	0.00423  	0.00453  	0.00701  	0.00000  	0.00000  
72.90900  	33.14681  	5.11147  	5.47928  	24.19592  	-1.18512  	0.02763  	0.65803  	0.65486  	-3.02442  	0.07214  	-0.08572  	-113.50361  	-1.82342  	193.27607  	194.21062  	-19580.21645  	-4217.15455  	0.00505  	0.00003  	0.00423  	0.00453  	0.00701  	0.00000  	0.00000  
73.91231  	33.14668  	5.11175  	5.48036  	24.19268  	-1.18512  	0.02799  	0.65997  	0.65549  	-3.02442  	0.07063  	-0.08569  	-113.54304  	-1.82736  	193.46089  	194.78345  	-19579.48595  	-4217.23668  	0.00505  	0.00003  	0.00423  	0.00454  	0.00702  	0.00000  	0.00000  
74.91363  	33.14669  	5.11196  	5.48116  	24.19149  	-1.18512  	0.02850  	0.66121  	0.65935  	-3.02442  	0.07196  	-0.08567  	-113.55823  	-1.83028  	194.60024  	195.14800  	-19579.23216  	-4217.29735  	0.00505  	0.00003  	0.00423  	0.00455  	0.00702  	0.00000  	0.00000  
75.91594  	33.14595  	5.11327  	5.48143  	24.18839  	-1.18512  	0.02759  	0.66297  	0.65736  	-3.02442  	0.07178  	-0.08568  	-113.58813  	-1.82515  	194.01281  	195.66692  	-19578.40121  	-4217.39146  	0.00505  	0.00003  	0.00423  	0.00453  	0.00703  	0.00000  	0.00000  
76.91827  	33.14578  	5.11302  	5.48263  	24.18798  	-1.18512  	0.02817  	0.66531  	0.65991  	-3.02442  	0.07065  	-0.08570  	-113.59120  	-1.83236  	194.76555  	196.35869  	-19578.27474  	-4217.44883  	0.00506  	0.00003  	0.00423  	0.00454  	0.00704  	0.00000  	0.00000  
77.91959  	33.14723  	5.11284  	5.48308  	24.18816  	-1.18512  	0.02731  	0.66652  	0.66113  	-3.02442  	0.07192  	-0.08571  	-113.60735  	-1.83542  	195.12533  	196.71500  	-19578.62860  	-4217.46506  	0.00506  	0.00003  	0.00423  	0.00452  	0.00705  	0.00000  	0.00000  
78.92291  	33.14681  	5.11269  	5.48222  	24.18894  	-1.18512  	0.02801  	0.66663  	0.66231  	-3.02442  	0.07278  	-0.08565  	-113.59217  	-1.83193  	195.47454  	196.74729  	-19578.70638  	-4217.40476  	0.00506  	0.00003  	0.00423  	0.00454  	0.00705  	0.00000  	0.00000  
79.92622  	33.14536  	5.11193  	5.48179  	24.18965  	-1.18512  	0.02833  	0.66780  	0.66673  	-3.02442  	0.07113  	-0.08565  	-113.56470  	-1.83354  	196.77664  	197.09476  	-19578.54681  	-4217.33297  	0.00507  	0.00003  	0.00423  	0.00454  	0.00705  	0.00000  	0.00000  
80.92751  	33.14564  	5.11174  	5.48170  	24.19035  	-1.18512  	0.02838  	0.66789  	0.66363  	-3.02442  	0.07198  	-0.08569  	-113.55941  	-1.83404  	195.86219  	197.12165  	-19578.75972  	-4217.31564  	0.00506  	0.00003  	0.00423  	0.00454  	0.00705  	0.00000  	0.00000  
81.93086  	33.14596  	5.11188  	5.48202  	24.19183  	-1.18512  	0.02586  	0.66847  	0.66381  	-3.02442  	0.07109  	-0.08562  	-113.54454  	-1.83494  	195.91647  	197.29036  	-19579.14754  	-4217.34390  	0.00506  	0.00003  	0.00423  	0.00450  	0.00706  	0.00000  	0.00000  
82.93414  	33.14557  	5.11238  	5.48279  	24.19440  	-1.18512  	0.02645  	0.66750  	0.66520  	-3.02442  	0.07243  	-0.08563  	-113.50715  	-1.83627  	196.32521  	197.00458  	-19579.61934  	-4217.42010  	0.00506  	0.00003  	0.00423  	0.00451  	0.00705  	0.00000  	0.00000  
83.93547  	33.14436  	5.11174  	5.48226  	24.19619  	-1.18512  	0.02829  	0.67012  	0.66473  	-3.02442  	0.07009  	-0.08563  	-113.46915  	-1.83683  	196.18685  	197.77766  	-19579.74569  	-4217.34916  	0.00506  	0.00003  	0.00422  	0.00454  	0.00706  	0.00000  	0.00000  
84.93881  	33.14587  	5.11238  	5.48118  	24.19840  	-1.18512  	0.02821  	0.66973  	0.66642  	-3.02442  	0.07145  	-0.08561  	-113.46011  	-1.82829  	196.68773  	197.66353  	-19580.55040  	-4217.32307  	0.00507  	0.00003  	0.00423  	0.00454  	0.00706  	0.00000  	0.00000  
85.94213  	33.14476  	5.11260  	5.48154  	24.20012  	-1.18512  	0.02737  	0.67154  	0.66492  	-3.02442  	0.07132  	-0.08570  	-113.42430  	-1.82900  	196.24233  	198.19792  	-19580.68156  	-4217.35829  	0.00506  	0.00003  	0.00423  	0.00453  	0.00707  	0.00000  	0.00000  
86.94342  	33.14477  	5.11173  	5.48277  	24.20248  	-1.18512  	0.02580  	0.67181  	0.67027  	-3.02442  	0.07145  	-0.08564  	-113.39455  	-1.83945  	197.82253  	198.27775  	-19581.19401  	-4217.37976  	0.00507  	0.00003  	0.00423  	0.00450  	0.00707  	0.00000  	0.00000  
87.94374  	33.14391  	5.11205  	5.48242  	24.20554  	-1.18512  	0.02766  	0.67206  	0.66793  	-3.02442  	0.07031  	-0.08571  	-113.34473  	-1.83612  	197.13100  	198.35102  	-19581.66987  	-4217.37779  	0.00507  	0.00003  	0.00422  	0.00453  	0.00707  	0.00000  	0.00000  
88.94609  	33.14381  	5.11182  	5.48224  	24.20771  	-1.18512  	0.02770  	0.67380  	0.66709  	-3.02442  	0.07088  	-0.08570  	-113.31593  	-1.83633  	196.88519  	198.86458  	-19582.11847  	-4217.35326  	0.00507  	0.00003  	0.00423  	0.00453  	0.00708  	0.00000  	0.00000  
89.94741  	33.14305  	5.11228  	5.48084  	24.21042  	-1.18512  	0.02864  	0.67250  	0.66903  	-3.02442  	0.07186  	-0.08569  	-113.27205  	-1.82714  	197.45674  	198.47976  	-19582.53928  	-4217.29671  	0.00507  	0.00003  	0.00423  	0.00455  	0.00707  	0.00000  	0.00000  
90.94874  	33.14322  	5.11276  	5.48208  	24.21350  	-1.18512  	0.02830  	0.67161  	0.66921  	-3.02442  	0.07378  	-0.08564  	-113.23509  	-1.83087  	197.51126  	198.21719  	-19583.24255  	-4217.40010  	0.00507  	0.00003  	0.00424  	0.00454  	0.00707  	0.00000  	0.00000  
91.95202  	33.14351  	5.11337  	5.48331  	24.21595  	-1.18512  	0.02719  	0.67031  	0.66478  	-3.02442  	0.07148  	-0.08568  	-113.20765  	-1.83393  	196.20284  	197.83472  	-19583.83538  	-4217.51064  	0.00506  	0.00003  	0.00423  	0.00452  	0.00706  	0.00000  	0.00000  
92.95338  	33.14272  	5.11322  	5.48463  	24.21770  	-1.18512  	0.02622  	0.66824  	0.66421  	-3.02442  	0.07181  	-0.08564  	-113.17545  	-1.84125  	196.03414  	197.22265  	-19584.04640  	-4217.58112  	0.00506  	0.00003  	0.00423  	0.00450  	0.00705  	0.00000  	0.00000  
93.95469  	33.14248  	5.11371  	5.48502  	24.21954  	-1.18512  	0.02778  	0.66685  	0.66268  	-3.02442  	0.07111  	-0.08562  	-113.14896  	-1.84073  	195.58133  	196.81357  	-19584.39183  	-4217.63369  	0.00506  	0.00003  	0.00423  	0.00453  	0.00705  	0.00000  	0.00000  
94.95801  	33.14219  	5.11288  	5.48403  	24.22017  	-1.18512  	0.02793  	0.66558  	0.66109  	-3.02442  	0.07207  	-0.08564  	-113.13737  	-1.83992  	195.11355  	196.43963  	-19584.46470  	-4217.52427  	0.00506  	0.00003  	0.00423  	0.00454  	0.00704  	0.00000  	0.00000  
95.96133  	33.14157  	5.11315  	5.48404  	24.22130  	-1.18512  	0.02688  	0.66416  	0.66138  	-3.02442  	0.07177  	-0.08565  	-113.11511  	-1.83866  	195.20013  	196.01799  	-19584.57520  	-4217.54114  	0.00506  	0.00003  	0.00423  	0.00452  	0.00704  	0.00000  	0.00000  
96.96265  	33.14049  	5.11315  	5.48481  	24.22231  	-1.18512  	0.02741  	0.66387  	0.65951  	-3.02442  	0.07171  	-0.08562  	-113.08875  	-1.84251  	194.64779  	195.93293  	-19584.55946  	-4217.58771  	0.00506  	0.00003  	0.00423  	0.00453  	0.00703  	0.00000  	0.00000  
97.96594  	33.13996  	5.11263  	5.48430  	24.22137  	-1.18512  	0.02800  	0.66075  	0.65836  	-3.02442  	0.07208  	-0.08572  	-113.09393  	-1.84251  	194.30658  	195.01287  	-19584.24152  	-4217.52547  	0.00505  	0.00003  	0.00423  	0.00454  	0.00702  	0.00000  	0.00000  
98.96928  	33.13954  	5.11358  	5.48258  	24.22087  	-1.18512  	0.02902  	0.65939  	0.65303  	-3.02442  	0.07171  	-0.08573  	-113.09489  	-1.82929  	192.73314  	194.61189  	-19584.04285  	-4217.47977  	0.00504  	0.00003  	0.00423  	0.00456  	0.00701  	0.00000  	0.00000  
99.97058  	33.13907  	5.11348  	5.48252  	24.21930  	-1.18512  	0.02704  	0.65681  	0.65166  	-3.02442  	0.07297  	-0.08569  	-113.10884  	-1.82952  	192.33138  	193.84960  	-19583.60156  	-4217.46974  	0.00504  	0.00003  	0.00423  	0.00452  	0.00700  	0.00000  	0.00000  
100.97392  	33.13865  	5.11285  	5.48334  	24.21588  	-1.18512  	0.02774  	0.65377  	0.65151  	-3.02442  	0.07145  	-0.08565  	-113.14695  	-1.83668  	192.28673  	192.95181  	-19582.76970  	-4217.48133  	0.00504  	0.00003  	0.00423  	0.00453  	0.00699  	0.00000  	0.00000  
101.97723  	33.13786  	5.11296  	5.48399  	24.21398  	-1.18512  	0.02773  	0.65096  	0.64620  	-3.02442  	0.07258  	-0.08569  	-113.16099  	-1.83938  	190.71749  	192.12394  	-19582.18767  	-4217.52695  	0.00503  	0.00003  	0.00423  	0.00453  	0.00697  	0.00000  	0.00000  
102.97856  	33.13680  	5.11390  	5.48329  	24.21049  	-1.18512  	0.02753  	0.64896  	0.64520  	-3.02442  	0.07051  	-0.08558  	-113.19178  	-1.83121  	190.42305  	191.53432  	-19581.20255  	-4217.54119  	0.00503  	0.00003  	0.00423  	0.00453  	0.00697  	0.00000  	0.00000  
103.98187  	33.13561  	5.11459  	5.48385  	24.20467  	-1.18512  	0.02772  	0.65139  	0.64589  	-3.02442  	0.07127  	-0.08571  	-113.25050  	-1.83062  	190.62766  	192.25031  	-19579.68699  	-4217.61627  	0.00503  	0.00003  	0.00423  	0.00453  	0.00698  	0.00000  	0.00000  
