10/15/2024 10:04:38Time	T_hot_in(C)	T_cold_in(C)	T_cold_out(C)	T_hot_out(C)	mdot_cold(kg/s)	ASFASIFUAS(kg/s)	Diferencial_cold(bar)	Diferencial_hot(bar)	mdot_hot(kg/s)	ABS_cold(bar)	ABS_hot(bar)	q_cold(kW)	q_hot(kW)	ASFASYFY	Tau_cold_haste	Re_hot	Re_cold	U_global	PSIG_cold(bar)	R_fouling	PSIG_hot(bar)	PSID_hot(bar)	m_dot_hot	PSID_cold(bar)	m_dot_cold
1.74334  	0.00000  	0.00000  	0.00000  	0.00000  	-1.18512  	-0.20833  	-0.86278  	-2.50000  	-3.02442  	-1.25000  	-0.08628  	-0.00000  	-0.00000  	-737.84722  	-254.63905  	-9234.48090  	-3618.55272  	0.00000  	0.00000  	0.00000  	0.00000  	0.00000  	0.00000  	0.00000  
2.74666  	22.87869  	49.54788  	49.30732  	31.33818  	-1.18512  	0.02536  	0.57907  	0.57491  	-3.02442  	0.06143  	-0.08573  	-106.98152  	-1.19258  	169.67691  	170.90583  	-18907.76990  	-11378.77008  	0.00492  	0.00003  	0.00420  	0.00449  	0.00664  	0.00000  	0.00000  
3.74798  	22.87695  	49.54931  	49.30993  	31.33788  	-1.18512  	0.02531  	0.57675  	0.57164  	-3.02442  	0.06190  	-0.08570  	-106.99956  	-1.18672  	168.71252  	170.22040  	-18907.33458  	-11379.14698  	0.00491  	0.00003  	0.00420  	0.00449  	0.00663  	0.00000  	0.00000  
4.75127  	22.87638  	49.55181  	49.31101  	31.33814  	-1.18512  	0.02637  	0.57358  	0.56665  	-3.02442  	0.06228  	-0.08569  	-107.01008  	-1.19376  	167.24148  	169.28674  	-18907.26796  	-11379.48043  	0.00491  	0.00003  	0.00420  	0.00451  	0.00662  	0.00000  	0.00000  
5.75458  	22.87624  	49.55385  	49.31361  	31.33980  	-1.18512  	0.02712  	0.57171  	0.56584  	-3.02442  	0.06296  	-0.08570  	-107.03284  	-1.19094  	167.00034  	168.73468  	-18907.59138  	-11379.91320  	0.00491  	0.00003  	0.00420  	0.00452  	0.00661  	0.00000  	0.00000  
6.75394  	22.87484  	49.55624  	49.31713  	31.34235  	-1.18512  	0.02528  	0.56848  	0.55890  	-3.02442  	0.06202  	-0.08572  	-107.08284  	-1.18542  	164.95381  	167.78115  	-18907.83923  	-11380.46396  	0.00489  	0.00003  	0.00420  	0.00449  	0.00659  	0.00000  	0.00000  
7.75526  	22.87399  	49.55870  	49.31975  	31.34711  	-1.18512  	0.02602  	0.56473  	0.55711  	-3.02442  	0.06311  	-0.08559  	-107.15374  	-1.18458  	164.42626  	166.67505  	-18908.67284  	-11380.93771  	0.00489  	0.00003  	0.00420  	0.00450  	0.00658  	0.00000  	0.00000  
8.75857  	22.87254  	49.56053  	49.32266  	31.35268  	-1.18512  	0.02609  	0.56182  	0.55117  	-3.02442  	0.06183  	-0.08574  	-107.24243  	-1.17926  	162.67064  	165.81482  	-18909.55505  	-11381.37913  	0.00488  	0.00003  	0.00420  	0.00450  	0.00656  	0.00000  	0.00000  
9.75990  	22.87196  	49.56276  	49.32552  	31.35814  	-1.18512  	0.02597  	0.56131  	0.55398  	-3.02442  	0.06227  	-0.08557  	-107.31888  	-1.17611  	163.50110  	165.66369  	-18910.59852  	-11381.85321  	0.00489  	0.00003  	0.00420  	0.00450  	0.00656  	0.00000  	0.00000  
10.76221  	22.87049  	49.56555  	49.32797  	31.36513  	-1.18512  	0.02531  	0.56454  	0.56058  	-3.02442  	0.06209  	-0.08570  	-107.42598  	-1.17778  	165.45030  	166.61893  	-18911.77833  	-11382.34176  	0.00490  	0.00003  	0.00420  	0.00449  	0.00658  	0.00000  	0.00000  
11.76454  	22.87031  	49.56901  	49.33057  	31.37196  	-1.18512  	0.02526  	0.56879  	0.56386  	-3.02442  	0.06254  	-0.08565  	-107.51459  	-1.18202  	166.41763  	167.87066  	-18913.20055  	-11382.90698  	0.00490  	0.00003  	0.00420  	0.00448  	0.00660  	0.00000  	0.00000  
12.76585  	22.87039  	49.57157  	49.33298  	31.37997  	-1.18512  	0.02400  	0.57197  	0.56622  	-3.02442  	0.06223  	-0.08568  	-107.61489  	-1.18280  	167.11444  	168.81106  	-18914.92949  	-11383.37056  	0.00491  	0.00003  	0.00420  	0.00446  	0.00661  	0.00000  	0.00000  
13.76917  	22.87230  	49.57440  	49.33521  	31.38778  	-1.18512  	0.02554  	0.57367  	0.56854  	-3.02442  	0.06308  	-0.08566  	-107.68944  	-1.18574  	167.79695  	169.31319  	-18917.00931  	-11383.84204  	0.00491  	0.00003  	0.00420  	0.00449  	0.00662  	0.00000  	0.00000  
14.77248  	22.87438  	49.57687  	49.33737  	31.39324  	-1.18512  	0.02628  	0.57667  	0.56934  	-3.02442  	0.06228  	-0.08569  	-107.73217  	-1.18730  	168.03457  	170.19889  	-18918.62115  	-11384.27325  	0.00491  	0.00003  	0.00420  	0.00450  	0.00663  	0.00000  	0.00000  
15.77381  	22.87579  	49.57969  	49.34076  	31.39872  	-1.18512  	0.02560  	0.57933  	0.57264  	-3.02442  	0.06187  	-0.08574  	-107.78368  	-1.18447  	169.00945  	170.98244  	-18920.09696  	-11384.85208  	0.00492  	0.00003  	0.00420  	0.00449  	0.00664  	0.00000  	0.00000  
16.77710  	22.87738  	49.58234  	49.34404  	31.40158  	-1.18512  	0.02579  	0.58158  	0.57356  	-3.02442  	0.06197  	-0.08569  	-107.79976  	-1.18140  	169.28003  	171.64712  	-18921.04680  	-11385.40527  	0.00492  	0.00003  	0.00420  	0.00450  	0.00665  	0.00000  	0.00000  
17.77945  	22.87944  	49.58479  	49.34662  	31.40353  	-1.18512  	0.02559  	0.58271  	0.57608  	-3.02442  	0.06202  	-0.08575  	-107.79833  	-1.18069  	170.02281  	171.98106  	-18921.90556  	-11385.87423  	0.00492  	0.00002  	0.00420  	0.00449  	0.00666  	0.00000  	0.00000  
18.77977  	22.88214  	49.58700  	49.34844  	31.40386  	-1.18512  	0.02576  	0.58457  	0.58008  	-3.02442  	0.06076  	-0.08579  	-107.76837  	-1.18268  	171.20383  	172.52982  	-18922.55387  	-11386.24941  	0.00493  	0.00002  	0.00419  	0.00449  	0.00667  	0.00000  	0.00000  
19.78308  	22.88436  	49.58932  	49.34989  	31.40260  	-1.18512  	0.02592  	0.58657  	0.57838  	-3.02442  	0.06218  	-0.08566  	-107.72442  	-1.18698  	170.70318  	173.11904  	-18922.75861  	-11386.60173  	0.00493  	0.00003  	0.00420  	0.00450  	0.00668  	0.00000  	0.00000  
20.78637  	22.88616  	49.59255  	49.35281  	31.40151  	-1.18512  	0.02650  	0.58790  	0.58705  	-3.02442  	0.06205  	-0.08561  	-107.68772  	-1.18853  	173.26100  	173.51189  	-18922.90929  	-11387.17463  	0.00494  	0.00003  	0.00420  	0.00451  	0.00668  	0.00000  	0.00000  
21.78771  	22.88805  	49.59455  	49.35530  	31.39915  	-1.18512  	0.02701  	0.59069  	0.58167  	-3.02442  	0.06142  	-0.08570  	-107.63396  	-1.18607  	171.67440  	174.33660  	-18922.80901  	-11387.59353  	0.00493  	0.00003  	0.00420  	0.00452  	0.00670  	0.00000  	0.00000  
22.79001  	22.88962  	49.59655  	49.35747  	31.39538  	-1.18512  	0.02582  	0.59060  	0.58246  	-3.02442  	0.06224  	-0.08573  	-107.56657  	-1.18523  	171.90781  	174.30988  	-18922.33902  	-11387.98219  	0.00493  	0.00003  	0.00420  	0.00450  	0.00670  	0.00000  	0.00000  
23.79335  	22.89250  	49.60000  	49.35997  	31.39185  	-1.18512  	0.02531  	0.59154  	0.58552  	-3.02442  	0.06120  	-0.08562  	-107.48544  	-1.18995  	172.80931  	174.58521  	-18922.19779  	-11388.53713  	0.00494  	0.00003  	0.00420  	0.00449  	0.00670  	0.00000  	0.00000  
24.79667  	22.89434  	49.60279  	49.36200  	31.38810  	-1.18512  	0.02545  	0.59294  	0.59047  	-3.02442  	0.06174  	-0.08564  	-107.41475  	-1.19368  	174.27111  	174.99983  	-18921.78962  	-11388.98576  	0.00494  	0.00003  	0.00420  	0.00449  	0.00671  	0.00000  	0.00000  
25.79699  	22.89650  	49.60486  	49.36385  	31.38269  	-1.18512  	0.02528  	0.59359  	0.58720  	-3.02442  	0.06101  	-0.08570  	-107.31895  	-1.19480  	173.30695  	175.19136  	-18921.09651  	-11389.35135  	0.00494  	0.00003  	0.00420  	0.00449  	0.00671  	0.00000  	0.00000  
26.80031  	22.89739  	49.60727  	49.36629  	31.37811  	-1.18512  	0.02578  	0.59381  	0.59056  	-3.02442  	0.06405  	-0.08566  	-107.24976  	-1.19468  	174.29869  	175.25550  	-18920.30645  	-11389.80360  	0.00494  	0.00003  	0.00420  	0.00449  	0.00671  	0.00000  	0.00000  
27.80263  	22.90007  	49.61074  	49.36721  	31.37264  	-1.18512  	0.02649  	0.59167  	0.58449  	-3.02442  	0.06328  	-0.08572  	-107.14674  	-1.20729  	172.50598  	174.62584  	-18919.71004  	-11390.21295  	0.00494  	0.00003  	0.00420  	0.00451  	0.00670  	0.00000  	0.00000  
28.80295  	22.90247  	49.61240  	49.37024  	31.36789  	-1.18512  	0.02565  	0.58984  	0.58858  	-3.02442  	0.06157  	-0.08569  	-107.05643  	-1.20052  	173.71227  	174.08496  	-18919.20828  	-11390.64998  	0.00494  	0.00003  	0.00420  	0.00449  	0.00669  	0.00000  	0.00000  
29.80627  	22.90350  	49.61480  	49.37212  	31.36294  	-1.18512  	0.02452  	0.58948  	0.58121  	-3.02442  	0.06303  	-0.08568  	-106.98086  	-1.20304  	171.53803  	173.97808  	-18918.36935  	-11391.04864  	0.00493  	0.00003  	0.00420  	0.00447  	0.00669  	0.00000  	0.00000  
30.80959  	22.90353  	49.61718  	49.37525  	31.35884  	-1.18512  	0.02533  	0.58578  	0.58220  	-3.02442  	0.06245  	-0.08565  	-106.92851  	-1.19934  	171.82869  	172.88710  	-18917.49933  	-11391.56214  	0.00493  	0.00003  	0.00420  	0.00449  	0.00667  	0.00000  	0.00000  
31.81091  	22.90502  	49.62042  	49.37821  	31.35535  	-1.18512  	0.02588  	0.58599  	0.57878  	-3.02442  	0.06100  	-0.08561  	-106.86546  	-1.20076  	170.82185  	172.94932  	-18917.07104  	-11392.13988  	0.00493  	0.00003  	0.00420  	0.00450  	0.00668  	0.00000  	0.00000  
32.81422  	22.90545  	49.62315  	49.38098  	31.35307  	-1.18512  	0.02491  	0.58312  	0.57568  	-3.02442  	0.06286  	-0.08571  	-106.83122  	-1.20054  	169.90472  	172.10070  	-18916.67559  	-11392.65413  	0.00492  	0.00003  	0.00420  	0.00448  	0.00666  	0.00000  	0.00000  
33.81555  	22.90565  	49.62608  	49.38355  	31.35239  	-1.18512  	0.02630  	0.58063  	0.57690  	-3.02442  	0.06340  	-0.08571  	-106.82013  	-1.20236  	170.26532  	171.36573  	-18916.57417  	-11393.16618  	0.00492  	0.00003  	0.00420  	0.00450  	0.00665  	0.00000  	0.00000  
34.81687  	22.90691  	49.62798  	49.38709  	31.35166  	-1.18512  	0.02528  	0.57778  	0.56962  	-3.02442  	0.06014  	-0.08572  	-106.79494  	-1.19420  	168.11789  	170.52443  	-18916.68727  	-11393.67358  	0.00491  	0.00003  	0.00419  	0.00449  	0.00664  	0.00000  	0.00000  
35.82018  	22.90644  	49.63040  	49.39055  	31.35119  	-1.18512  	0.02561  	0.57684  	0.56987  	-3.02442  	0.06363  	-0.08569  	-106.79489  	-1.18908  	168.19168  	170.24738  	-18916.48616  	-11394.22127  	0.00491  	0.00003  	0.00420  	0.00449  	0.00663  	0.00000  	0.00000  
36.82250  	22.90724  	49.63349  	49.39281  	31.35194  	-1.18512  	0.02529  	0.57242  	0.56590  	-3.02442  	0.06097  	-0.08571  	-106.79444  	-1.19315  	167.02012  	168.94212  	-18916.81681  	-11394.72108  	0.00491  	0.00003  	0.00420  	0.00449  	0.00661  	0.00000  	0.00000  
37.82282  	22.90615  	49.63617  	49.39445  	31.35487  	-1.18512  	0.02569  	0.56964  	0.56459  	-3.02442  	0.06251  	-0.08572  	-106.84513  	-1.19833  	166.63267  	168.12360  	-18917.21163  	-11395.12344  	0.00490  	0.00003  	0.00420  	0.00449  	0.00660  	0.00000  	0.00000  
38.82614  	22.90522  	49.63746  	49.39718  	31.35878  	-1.18512  	0.02539  	0.56521  	0.55504  	-3.02442  	0.06185  	-0.08565  	-106.90643  	-1.19117  	163.81388  	166.81657  	-18917.84767  	-11395.49808  	0.00489  	0.00003  	0.00420  	0.00449  	0.00658  	0.00000  	0.00000  
39.82946  	22.90569  	49.64094  	49.39970  	31.36340  	-1.18512  	0.02554  	0.56202  	0.55505  	-3.02442  	0.06199  	-0.08567  	-106.95886  	-1.19594  	163.81816  	165.87461  	-18918.93809  	-11396.05833  	0.00489  	0.00003  	0.00420  	0.00449  	0.00656  	0.00000  	0.00000  
40.83078  	22.90499  	49.64315  	49.40098  	31.37012  	-1.18512  	0.02507  	0.56034  	0.55576  	-3.02442  	0.06139  	-0.08569  	-107.05275  	-1.20055  	164.02547  	165.37776  	-18920.22261  	-11396.38382  	0.00489  	0.00003  	0.00420  	0.00448  	0.00656  	0.00000  	0.00000  
41.83407  	22.90428  	49.64634  	49.40373  	31.37779  	-1.18512  	0.02473  	0.56315  	0.55849  	-3.02442  	0.06132  	-0.08566  	-107.15869  	-1.20273  	164.83192  	166.20791  	-18921.71261  	-11396.93599  	0.00489  	0.00003  	0.00420  	0.00447  	0.00657  	0.00000  	0.00000  
42.83741  	22.90444  	49.64869  	49.40626  	31.38564  	-1.18512  	0.02633  	0.56759  	0.56074  	-3.02442  	0.06311  	-0.08568  	-107.25594  	-1.20182  	165.49486  	167.51809  	-18923.42496  	-11397.39221  	0.00490  	0.00003  	0.00420  	0.00451  	0.00659  	0.00000  	0.00000  
43.83870  	22.90591  	49.65139  	49.40965  	31.39530  	-1.18512  	0.02541  	0.57061  	0.56302  	-3.02442  	0.06252  	-0.08561  	-107.35947  	-1.19841  	166.16820  	168.40799  	-18925.80678  	-11397.95921  	0.00490  	0.00003  	0.00420  	0.00449  	0.00660  	0.00000  	0.00000  
44.84102  	22.90789  	49.65328  	49.41259  	31.40237  	-1.18512  	0.02477  	0.57436  	0.56966  	-3.02442  	0.06272  	-0.08570  	-107.42386  	-1.19321  	168.12997  	169.51561  	-18927.73958  	-11398.41061  	0.00491  	0.00003  	0.00420  	0.00448  	0.00662  	0.00000  	0.00000  
45.84437  	22.90980  	49.65542  	49.41518  	31.40924  	-1.18512  	0.02530  	0.57678  	0.56833  	-3.02442  	0.06180  	-0.08572  	-107.48654  	-1.19097  	167.73592  	170.23068  	-18929.62028  	-11398.85064  	0.00491  	0.00003  	0.00420  	0.00449  	0.00663  	0.00000  	0.00000  
46.84469  	22.91272  	49.65777  	49.41816  	31.41431  	-1.18512  	0.02487  	0.57903  	0.57276  	-3.02442  	0.06263  	-0.08561  	-107.51383  	-1.18783  	169.04298  	170.89351  	-18931.32875  	-11399.34817  	0.00492  	0.00003  	0.00420  	0.00448  	0.00664  	0.00000  	0.00000  
47.84701  	22.91610  	49.66151  	49.42142  	31.41821  	-1.18512  	0.02674  	0.58317  	0.57597  	-3.02442  	0.06103  	-0.08563  	-107.52039  	-1.19024  	169.99135  	172.11735  	-18932.88433  	-11400.00064  	0.00492  	0.00003  	0.00420  	0.00451  	0.00666  	0.00000  	0.00000  
48.85033  	22.91834  	49.66373  	49.42313  	31.42081  	-1.18512  	0.02578  	0.58406  	0.57955  	-3.02442  	0.06230  	-0.08572  	-107.52483  	-1.19275  	171.04769  	172.37899  	-18933.91989  	-11400.36700  	0.00493  	0.00003  	0.00420  	0.00449  	0.00667  	0.00000  	0.00000  
49.85364  	22.92099  	49.66517  	49.42568  	31.42257  	-1.18512  	0.02518  	0.58459  	0.57928  	-3.02442  	0.06335  	-0.08561  	-107.51366  	-1.18727  	170.96844  	172.53662  	-18934.86306  	-11400.73921  	0.00493  	0.00003  	0.00420  	0.00448  	0.00667  	0.00000  	0.00000  
50.85496  	22.92294  	49.66847  	49.42706  	31.42305  	-1.18512  	0.02536  	0.58709  	0.58365  	-3.02442  	0.06297  	-0.08565  	-107.49511  	-1.19675  	172.25822  	173.27317  	-18935.38303  	-11401.17573  	0.00493  	0.00003  	0.00420  	0.00449  	0.00668  	0.00000  	0.00000  
51.85825  	22.92652  	49.67197  	49.42907  	31.42213  	-1.18512  	0.02623  	0.58792  	0.58198  	-3.02442  	0.06065  	-0.08578  	-107.43820  	-1.20418  	171.76584  	173.51876  	-18935.95402  	-11401.68945  	0.00493  	0.00002  	0.00419  	0.00450  	0.00668  	0.00000  	0.00000  
52.86160  	22.92923  	49.67410  	49.43262  	31.42113  	-1.18512  	0.02567  	0.58981  	0.58528  	-3.02442  	0.06207  	-0.08563  	-107.39115  	-1.19713  	172.73907  	174.07594  	-18936.31926  	-11402.21913  	0.00494  	0.00003  	0.00420  	0.00449  	0.00669  	0.00000  	0.00000  
53.86292  	22.93132  	49.67631  	49.43557  	31.41877  	-1.18512  	0.02583  	0.59069  	0.58318  	-3.02442  	0.05973  	-0.08562  	-107.33504  	-1.19348  	172.12017  	174.33456  	-18936.26098  	-11402.70014  	0.00493  	0.00003  	0.00419  	0.00450  	0.00670  	0.00000  	0.00000  
54.86524  	22.93374  	49.67886  	49.43796  	31.41579  	-1.18512  	0.02628  	0.59068  	0.58382  	-3.02442  	0.06187  	-0.08568  	-107.26677  	-1.19424  	172.30720  	174.33168  	-18936.14082  	-11403.16105  	0.00493  	0.00003  	0.00420  	0.00450  	0.00670  	0.00000  	0.00000  
55.86856  	22.93574  	49.68138  	49.43967  	31.41219  	-1.18512  	0.02549  	0.59233  	0.58413  	-3.02442  	0.06343  	-0.08570  	-107.19593  	-1.19827  	172.39980  	174.81867  	-18935.79879  	-11403.55612  	0.00493  	0.00003  	0.00420  	0.00449  	0.00670  	0.00000  	0.00000  
56.86987  	22.93847  	49.68368  	49.44198  	31.40800  	-1.18512  	0.02557  	0.59374  	0.58524  	-3.02442  	0.06333  	-0.08569  	-107.10835  	-1.19823  	172.72788  	175.23722  	-18935.48532  	-11403.98643  	0.00494  	0.00003  	0.00420  	0.00449  	0.00671  	0.00000  	0.00000  
57.87119  	22.94141  	49.68640  	49.44494  	31.40413  	-1.18512  	0.02582  	0.59481  	0.58633  	-3.02442  	0.06378  	-0.08569  	-107.02222  	-1.19702  	173.04822  	175.55095  	-18935.28758  	-11404.51624  	0.00494  	0.00003  	0.00420  	0.00450  	0.00672  	0.00000  	0.00000  
58.87448  	22.94388  	49.68851  	49.44628  	31.40157  	-1.18512  	0.02602  	0.59237  	0.58542  	-3.02442  	0.06190  	-0.08568  	-106.95850  	-1.20082  	172.77942  	174.83035  	-18935.26865  	-11404.83744  	0.00494  	0.00003  	0.00420  	0.00450  	0.00670  	0.00000  	0.00000  
59.87583  	22.94621  	49.69206  	49.45034  	31.39585  	-1.18512  	0.02586  	0.59053  	0.58435  	-3.02442  	0.06219  	-0.08570  	-106.85689  	-1.19834  	172.46363  	174.28933  	-18934.54313  	-11405.54685  	0.00493  	0.00003  	0.00420  	0.00450  	0.00670  	0.00000  	0.00000  
60.87912  	22.94837  	49.69552  	49.45361  	31.39140  	-1.18512  	0.02559  	0.58910  	0.58194  	-3.02442  	0.06159  	-0.08567  	-106.77323  	-1.19923  	171.75281  	173.86758  	-18934.05423  	-11406.17499  	0.00493  	0.00003  	0.00420  	0.00449  	0.00669  	0.00000  	0.00000  
61.88244  	22.95068  	49.69784  	49.45464  	31.38854  	-1.18512  	0.02648  	0.58706  	0.58093  	-3.02442  	0.06131  	-0.08560  	-106.70779  	-1.20562  	171.45535  	173.26473  	-18933.93662  	-11406.48705  	0.00493  	0.00003  	0.00420  	0.00451  	0.00668  	0.00000  	0.00000  
62.88376  	22.95179  	49.69995  	49.45631  	31.38533  	-1.18512  	0.02728  	0.58519  	0.57974  	-3.02442  	0.06279  	-0.08567  	-106.65315  	-1.20783  	171.10506  	172.71093  	-18933.48749  	-11406.84003  	0.00493  	0.00003  	0.00420  	0.00452  	0.00667  	0.00000  	0.00000  
63.88609  	22.95321  	49.70277  	49.46040  	31.38462  	-1.18512  	0.02603  	0.58375  	0.57681  	-3.02442  	0.06180  	-0.08571  	-106.62625  	-1.20155  	170.23844  	172.28596  	-18933.63708  	-11407.48477  	0.00492  	0.00003  	0.00420  	0.00450  	0.00666  	0.00000  	0.00000  
64.88939  	22.95370  	49.70525  	49.46227  	31.38400  	-1.18512  	0.02481  	0.58102  	0.57572  	-3.02442  	0.06150  	-0.08562  	-106.61216  	-1.20458  	169.91776  	171.48106  	-18933.61038  	-11407.88972  	0.00492  	0.00003  	0.00420  	0.00448  	0.00665  	0.00000  	0.00000  
65.89074  	22.95472  	49.70684  	49.46460  	31.38298  	-1.18512  	0.02525  	0.57930  	0.57713  	-3.02442  	0.06232  	-0.08563  	-106.58644  	-1.20091  	170.33468  	170.97382  	-18933.61044  	-11408.25503  	0.00492  	0.00003  	0.00420  	0.00448  	0.00664  	0.00000  	0.00000  
66.89306  	22.95626  	49.70927  	49.46752  	31.38331  	-1.18512  	0.02639  	0.57820  	0.56516  	-3.02442  	0.06156  	-0.08565  	-106.57115  	-1.19850  	166.79922  	170.64891  	-18934.00927  	-11408.75502  	0.00490  	0.00003  	0.00420  	0.00451  	0.00664  	0.00000  	0.00000  
67.89638  	22.95660  	49.71197  	49.46907  	31.38508  	-1.18512  	0.02466  	0.57396  	0.57002  	-3.02442  	0.06179  	-0.08564  	-106.58920  	-1.20419  	168.23483  	169.39825  	-18934.46096  	-11409.15161  	0.00491  	0.00003  	0.00420  	0.00447  	0.00662  	0.00000  	0.00000  
68.89770  	22.95745  	49.71322  	49.47054  	31.38848  	-1.18512  	0.02489  	0.57151  	0.56506  	-3.02442  	0.06007  	-0.08564  	-106.62145  	-1.20310  	166.77034  	168.67567  	-18935.36916  	-11409.40511  	0.00490  	0.00003  	0.00419  	0.00448  	0.00661  	0.00000  	0.00000  
69.89902  	22.95726  	49.71556  	49.47320  	31.39255  	-1.18512  	0.02509  	0.56783  	0.56251  	-3.02442  	0.06157  	-0.08567  	-106.67536  	-1.20148  	166.01727  	167.58945  	-18936.20041  	-11409.87129  	0.00490  	0.00003  	0.00420  	0.00448  	0.00659  	0.00000  	0.00000  
70.90231  	22.95729  	49.71802  	49.47496  	31.39691  	-1.18512  	0.02537  	0.56563  	0.55525  	-3.02442  	0.06167  	-0.08575  	-106.73007  	-1.20497  	163.87580  	166.93851  	-18937.14115  	-11410.26545  	0.00489  	0.00002  	0.00420  	0.00449  	0.00658  	0.00000  	0.00000  
71.90466  	22.95879  	49.72134  	49.47660  	31.40422  	-1.18512  	0.02496  	0.56135  	0.55635  	-3.02442  	0.06303  	-0.08567  	-106.80352  	-1.21329  	164.19933  	165.67537  	-18939.02583  	-11410.72714  	0.00489  	0.00003  	0.00420  	0.00448  	0.00656  	0.00000  	0.00000  
72.90498  	22.95867  	49.72368  	49.48024  	31.41127  	-1.18512  	0.02502  	0.55885  	0.55391  	-3.02442  	0.06173  	-0.08565  	-106.89417  	-1.20686  	163.48169  	164.93830  	-18940.50807  	-11411.28594  	0.00489  	0.00003  	0.00420  	0.00448  	0.00655  	0.00000  	0.00000  
73.90830  	22.95896  	49.72651  	49.48398  	31.41875  	-1.18512  	0.02500  	0.56194  	0.55579  	-3.02442  	0.06172  	-0.08565  	-106.98515  	-1.20234  	164.03408  	165.85141  	-18942.17006  	-11411.89893  	0.00489  	0.00003  	0.00420  	0.00448  	0.00656  	0.00000  	0.00000  
74.91161  	22.95966  	49.72903  	49.48687  	31.42809  	-1.18512  	0.02590  	0.56573  	0.55854  	-3.02442  	0.06285  	-0.08571  	-107.09439  	-1.20050  	164.84685  	166.96953  	-18944.31634  	-11412.40270  	0.00489  	0.00003  	0.00420  	0.00450  	0.00658  	0.00000  	0.00000  
75.91290  	22.96089  	49.73032  	49.48825  	31.43856  	-1.18512  	0.02605  	0.57013  	0.55985  	-3.02442  	0.06233  	-0.08567  	-107.21131  	-1.20007  	165.23345  	168.26651  	-18946.82093  	-11412.65152  	0.00490  	0.00003  	0.00420  	0.00450  	0.00660  	0.00000  	0.00000  
76.91625  	22.96339  	49.73338  	49.49114  	31.44557  	-1.18512  	0.02577  	0.57308  	0.56277  	-3.02442  	0.06241  	-0.08571  	-107.26826  	-1.20086  	166.09669  	169.13763  	-18948.85628  	-11413.20687  	0.00490  	0.00003  	0.00420  	0.00449  	0.00662  	0.00000  	0.00000  
77.91957  	22.96610  	49.73543  	49.49444  	31.45373  	-1.18512  	0.02470  	0.57609  	0.56907  	-3.02442  	0.06150  	-0.08552  	-107.33713  	-1.19469  	167.95454  	170.02573  	-18951.18173  	-11413.70683  	0.00491  	0.00004  	0.00420  	0.00447  	0.00663  	0.00000  	0.00000  
78.92088  	22.96883  	49.73848  	49.49784  	31.46075  	-1.18512  	0.02501  	0.57723  	0.57123  	-3.02442  	0.06034  	-0.08565  	-107.39138  	-1.19296  	168.59286  	170.36212  	-18953.26874  	-11414.30814  	0.00491  	0.00003  	0.00419  	0.00448  	0.00663  	0.00000  	0.00000  
79.92321  	22.97141  	49.74061  	49.50045  	31.46528  	-1.18512  	0.02489  	0.58035  	0.57277  	-3.02442  	0.06196  	-0.08561  	-107.41604  	-1.19060  	169.04703  	171.28348  	-18954.78917  	-11414.75033  	0.00492  	0.00003  	0.00420  	0.00448  	0.00665  	0.00000  	0.00000  
80.92552  	22.97555  	49.74323  	49.50313  	31.46947  	-1.18512  	0.02609  	0.58200  	0.57559  	-3.02442  	0.06161  	-0.08569  	-107.41666  	-1.19031  	169.87776  	171.77009  	-18956.57224  	-11415.24428  	0.00492  	0.00003  	0.00420  	0.00450  	0.00666  	0.00000  	0.00000  
81.92684  	22.97828  	49.74491  	49.50636  	31.47185  	-1.18512  	0.02681  	0.58401  	0.58010  	-3.02442  	0.06164  	-0.08563  	-107.41235  	-1.18256  	171.20888  	172.36298  	-18957.66696  	-11415.70259  	0.00493  	0.00003  	0.00420  	0.00451  	0.00667  	0.00000  	0.00000  
82.93016  	22.98181  	49.74819  	49.50843  	31.47280  	-1.18512  	0.02607  	0.58538  	0.57901  	-3.02442  	0.06300  	-0.08571  	-107.37964  	-1.18859  	170.88862  	172.76708  	-18958.62499  	-11416.20138  	0.00493  	0.00003  	0.00420  	0.00450  	0.00667  	0.00000  	0.00000  
83.93345  	22.98592  	49.75012  	49.51067  	31.47294  	-1.18512  	0.02460  	0.58687  	0.58448  	-3.02442  	0.06318  	-0.08566  	-107.32946  	-1.18708  	172.50292  	173.20791  	-18959.53464  	-11416.59055  	0.00494  	0.00003  	0.00420  	0.00447  	0.00668  	0.00000  	0.00000  
84.93380  	22.98860  	49.75217  	49.51237  	31.47180  	-1.18512  	0.02490  	0.58713  	0.58346  	-3.02442  	0.06250  	-0.08576  	-107.28130  	-1.18881  	172.20032  	173.28534  	-18959.86387  	-11416.94000  	0.00493  	0.00002  	0.00420  	0.00448  	0.00668  	0.00000  	0.00000  
85.93612  	22.99235  	49.75530  	49.51399  	31.47037  	-1.18512  	0.02630  	0.58815  	0.58191  	-3.02442  	0.06382  	-0.08567  	-107.21560  	-1.19631  	171.74503  	173.58482  	-18960.36122  	-11417.38352  	0.00493  	0.00003  	0.00420  	0.00451  	0.00668  	0.00000  	0.00000  
86.93843  	22.99587  	49.75771  	49.51596  	31.46756  	-1.18512  	0.02590  	0.58978  	0.58239  	-3.02442  	0.06182  	-0.08565  	-107.13557  	-1.19848  	171.88652  	174.06765  	-18960.51334  	-11417.79286  	0.00493  	0.00003  	0.00420  	0.00450  	0.00669  	0.00000  	0.00000  
87.93876  	22.99902  	49.75981  	49.51792  	31.46441  	-1.18512  	0.02587  	0.58974  	0.58376  	-3.02442  	0.06388  	-0.08574  	-107.05593  	-1.19914  	172.28955  	174.05401  	-18960.51195  	-11418.17167  	0.00493  	0.00002  	0.00420  	0.00450  	0.00669  	0.00000  	0.00000  
88.94009  	23.00122  	49.76169  	49.52085  	31.46067  	-1.18512  	0.02512  	0.59200  	0.58844  	-3.02442  	0.06025  	-0.08573  	-106.98081  	-1.19396  	173.67210  	174.72185  	-18960.18427  	-11418.61962  	0.00494  	0.00003  	0.00419  	0.00448  	0.00670  	0.00000  	0.00000  
89.94337  	23.00491  	49.76391  	49.52257  	31.45808  	-1.18512  	0.02634  	0.59258  	0.58706  	-3.02442  	0.06220  	-0.08572  	-106.90139  	-1.19643  	173.26389  	174.89407  	-18960.41963  	-11418.98743  	0.00494  	0.00003  	0.00420  	0.00451  	0.00671  	0.00000  	0.00000  
90.94472  	23.00769  	49.76637  	49.52472  	31.45464  	-1.18512  	0.02558  	0.59307  	0.58786  	-3.02442  	0.06277  	-0.08565  	-106.82266  	-1.19794  	173.50175  	175.03685  	-18960.27705  	-11419.41778  	0.00494  	0.00003  	0.00420  	0.00449  	0.00671  	0.00000  	0.00000  
91.94604  	23.01087  	49.76922  	49.52777  	31.45042  	-1.18512  	0.02648  	0.59400  	0.58623  	-3.02442  	0.06137  	-0.08566  	-106.72924  	-1.19697  	173.01920  	175.31262  	-18960.05345  	-11419.96802  	0.00494  	0.00003  	0.00420  	0.00451  	0.00671  	0.00000  	0.00000  
92.94935  	23.01363  	49.77102  	49.52786  	31.44698  	-1.18512  	0.02650  	0.59329  	0.58592  	-3.02442  	0.06098  	-0.08564  	-106.65067  	-1.20548  	172.92792  	175.10349  	-18959.90869  	-11420.14488  	0.00494  	0.00003  	0.00420  	0.00451  	0.00671  	0.00000  	0.00000  
93.95068  	23.01671  	49.77280  	49.53001  	31.44344  	-1.18512  	0.02575  	0.58964  	0.58507  	-3.02442  	0.06335  	-0.08568  	-106.56711  	-1.20365  	172.67733  	174.02530  	-18959.81006  	-11420.51112  	0.00494  	0.00003  	0.00420  	0.00449  	0.00669  	0.00000  	0.00000  
94.95200  	23.02038  	49.77481  	49.53311  	31.43968  	-1.18512  	0.02563  	0.58875  	0.58629  	-3.02442  	0.06357  	-0.08567  	-106.47306  	-1.19822  	173.03743  	173.76394  	-18959.78929  	-11420.98786  	0.00494  	0.00003  	0.00420  	0.00449  	0.00669  	0.00000  	0.00000  
95.95432  	23.02226  	49.77684  	49.53521  	31.43610  	-1.18512  	0.02457  	0.58831  	0.58218  	-3.02442  	0.06224  	-0.08567  	-106.40408  	-1.19786  	171.82429  	173.63255  	-18959.42851  	-11421.37310  	0.00493  	0.00003  	0.00420  	0.00447  	0.00669  	0.00000  	0.00000  
96.95664  	23.02403  	49.77919  	49.53554  	31.43385  	-1.18512  	0.02560  	0.58553  	0.57990  	-3.02442  	0.06080  	-0.08567  	-106.35323  	-1.20787  	171.14992  	172.81128  	-18959.32421  	-11421.62360  	0.00493  	0.00003  	0.00419  	0.00449  	0.00667  	0.00000  	0.00000  
97.95696  	23.02521  	49.78118  	49.53787  	31.43303  	-1.18512  	0.02576  	0.58458  	0.57699  	-3.02442  	0.06150  	-0.08562  	-106.32789  	-1.20616  	170.29157  	172.53344  	-18959.39984  	-11422.02666  	0.00492  	0.00003  	0.00420  	0.00449  	0.00667  	0.00000  	0.00000  
98.95828  	23.02768  	49.78288  	49.53984  	31.43265  	-1.18512  	0.02402  	0.58163  	0.57512  	-3.02442  	0.06158  	-0.08561  	-106.29182  	-1.20489  	169.73949  	171.66211  	-18959.84917  	-11422.36885  	0.00492  	0.00003  	0.00420  	0.00446  	0.00665  	0.00000  	0.00000  
99.95960  	23.02957  	49.78514  	49.54193  	31.43293  	-1.18512  	0.02448  	0.57997  	0.57160  	-3.02442  	0.06268  	-0.08566  	-106.27146  	-1.20570  	168.70180  	171.17186  	-18960.31302  	-11422.77423  	0.00491  	0.00003  	0.00420  	0.00447  	0.00665  	0.00000  	0.00000  
100.95993  	23.03075  	49.78721  	49.54408  	31.43429  	-1.18512  	0.02495  	0.57680  	0.57129  	-3.02442  	0.06247  	-0.08564  	-106.27378  	-1.20533  	168.60922  	170.23649  	-18960.85849  	-11423.16890  	0.00491  	0.00003  	0.00420  	0.00448  	0.00663  	0.00000  	0.00000  
101.96122  	23.03115  	49.78927  	49.54695  	31.43601  	-1.18512  	0.02463  	0.57425  	0.56981  	-3.02442  	0.06297  	-0.08568  	-106.29056  	-1.20129  	168.17326  	169.48226  	-18961.31048  	-11423.62942  	0.00491  	0.00003  	0.00420  	0.00447  	0.00662  	0.00000  	0.00000  
102.96354  	23.03157  	49.79084  	49.54888  	31.43975  	-1.18512  	0.02715  	0.57211  	0.56359  	-3.02442  	0.06229  	-0.08563  	-106.33246  	-1.19951  	166.33704  	168.85176  	-18962.19937  	-11423.95466  	0.00490  	0.00003  	0.00420  	0.00452  	0.00661  	0.00000  	0.00000  
103.96390  	23.03327  	49.79398  	49.55110  	31.44419  	-1.18512  	0.02433  	0.56896  	0.56037  	-3.02442  	0.06144  	-0.08572  	-106.36721  	-1.20410  	165.38803  	167.92165  	-18963.51519  	-11424.45549  	0.00490  	0.00003  	0.00420  	0.00447  	0.00660  	0.00000  	0.00000  
104.96419  	23.03389  	49.79607  	49.55373  	31.44981  	-1.18512  	0.02517  	0.56574  	0.55538  	-3.02442  	0.06113  	-0.08568  	-106.43032  	-1.20136  	163.91533  	166.97272  	-18964.85187  	-11424.89573  	0.00489  	0.00003  	0.00420  	0.00448  	0.00658  	0.00000  	0.00000  
105.96754  	23.03547  	49.79795  	49.55564  	31.45633  	-1.18512  	0.02466  	0.56309  	0.55553  	-3.02442  	0.06283  	-0.08566  	-106.49279  	-1.20127  	163.95770  	166.19017  	-18966.58434  	-11425.24994  	0.00489  	0.00003  	0.00420  	0.00447  	0.00657  	0.00000  	0.00000  
106.96885  	23.03589  	49.79930  	49.55794  	31.46286  	-1.18512  	0.02535  	0.56030  	0.55213  	-3.02442  	0.06295  	-0.08569  	-106.57014  	-1.19653  	162.95517  	165.36508  	-18968.07132  	-11425.58998  	0.00488  	0.00003  	0.00420  	0.00449  	0.00656  	0.00000  	0.00000  
107.97018  	23.03706  	49.80131  	49.56096  	31.47207  	-1.18512  	0.02533  	0.56344  	0.55316  	-3.02442  	0.06261  	-0.08566  	-106.67171  	-1.19156  	163.25877  	166.29429  	-18970.29445  	-11426.05929  	0.00489  	0.00003  	0.00420  	0.00449  	0.00657  	0.00000  	0.00000  
108.97050  	23.03841  	49.80366  	49.56257  	31.48112  	-1.18512  	0.02478  	0.56595  	0.56016  	-3.02442  	0.06361  	-0.08567  	-106.76911  	-1.19520  	165.32413  	167.03409  	-18972.51917  	-11426.42930  	0.00490  	0.00003  	0.00420  	0.00448  	0.00658  	0.00000  	0.00000  
