10/15/2024 10:31:39Time	T_hot_in(C)	T_cold_in(C)	T_cold_out(C)	T_hot_out(C)	mdot_cold(kg/s)	ASFASIFUAS(kg/s)	Diferencial_cold(bar)	Diferencial_hot(bar)	mdot_hot(kg/s)	ABS_cold(bar)	ABS_hot(bar)	q_cold(kW)	q_hot(kW)	ASFASYFY	Tau_cold_haste	Re_hot	Re_cold	U_global	PSIG_cold(bar)	R_fouling	PSIG_hot(bar)	PSID_hot(bar)	m_dot_hot	PSID_cold(bar)	m_dot_cold
1.75032  	0.00000  	0.00000  	0.00000  	0.00000  	-1.18512  	-0.20833  	-0.86278  	-2.50000  	-3.02442  	-1.25000  	-0.08628  	-0.00000  	-0.00000  	-737.84722  	-254.63905  	-9234.48090  	-3618.55272  	0.00000  	0.00000  	0.00000  	0.00000  	0.00000  	0.00000  	0.00000  
2.75067  	22.97740  	49.60902  	49.40979  	34.68837  	-1.18512  	0.01527  	0.26297  	0.25042  	-3.02442  	0.06298  	-0.08573  	-148.10061  	-0.98771  	73.91001  	77.61238  	-19650.16475  	-11394.02195  	0.00440  	0.00003  	0.00420  	0.00429  	0.00519  	0.00000  	0.00000  
3.75399  	22.97686  	49.61140  	49.41086  	34.69179  	-1.18512  	0.01574  	0.26493  	0.25425  	-3.02442  	0.06218  	-0.08570  	-148.15068  	-0.99418  	75.03852  	78.18993  	-19650.78676  	-11394.34375  	0.00441  	0.00003  	0.00420  	0.00430  	0.00520  	0.00000  	0.00000  
4.75730  	22.97869  	49.61314  	49.41224  	34.69428  	-1.18512  	0.01564  	0.26585  	0.25178  	-3.02442  	0.06282  	-0.08566  	-148.15908  	-0.99594  	74.30889  	78.46354  	-19651.72212  	-11394.63453  	0.00440  	0.00003  	0.00420  	0.00430  	0.00520  	0.00000  	0.00000  
5.75859  	22.97813  	49.61404  	49.41340  	34.69535  	-1.18512  	0.01636  	0.26759  	0.25215  	-3.02442  	0.06245  	-0.08568  	-148.17964  	-0.99466  	74.41857  	78.97767  	-19651.83352  	-11394.82633  	0.00440  	0.00003  	0.00420  	0.00431  	0.00521  	0.00000  	0.00000  
6.76194  	22.97868  	49.61563  	49.41505  	34.69562  	-1.18512  	0.01586  	0.26907  	0.25291  	-3.02442  	0.06283  	-0.08573  	-148.17602  	-0.99436  	74.64269  	79.41362  	-19652.01098  	-11395.12907  	0.00440  	0.00003  	0.00420  	0.00430  	0.00521  	0.00000  	0.00000  
7.76426  	22.97959  	49.61852  	49.41748  	34.69413  	-1.18512  	0.01546  	0.26950  	0.25347  	-3.02442  	0.06213  	-0.08568  	-148.14574  	-0.99667  	74.80749  	79.53889  	-19651.88567  	-11395.62517  	0.00441  	0.00003  	0.00420  	0.00430  	0.00522  	0.00000  	0.00000  
8.76558  	22.98023  	49.62038  	49.42033  	34.69170  	-1.18512  	0.01566  	0.27091  	0.25543  	-3.02442  	0.06184  	-0.08568  	-148.10703  	-0.99177  	75.38710  	79.95602  	-19651.49721  	-11396.06418  	0.00441  	0.00003  	0.00420  	0.00430  	0.00522  	0.00000  	0.00000  
9.76790  	22.98034  	49.62248  	49.42159  	34.68896  	-1.18512  	0.01568  	0.27017  	0.25643  	-3.02442  	0.06374  	-0.08563  	-148.07085  	-0.99589  	75.68154  	79.73662  	-19650.92852  	-11396.37667  	0.00441  	0.00003  	0.00420  	0.00430  	0.00522  	0.00000  	0.00000  
10.77119  	22.98038  	49.62333  	49.42300  	34.68519  	-1.18512  	0.01653  	0.27172  	0.25583  	-3.02442  	0.06299  	-0.08569  	-148.02273  	-0.99308  	75.50486  	80.19458  	-19650.12077  	-11396.58793  	0.00441  	0.00003  	0.00420  	0.00432  	0.00523  	0.00000  	0.00000  
11.77253  	22.98043  	49.62489  	49.42393  	34.68072  	-1.18512  	0.01619  	0.26884  	0.25266  	-3.02442  	0.06268  	-0.08567  	-147.96555  	-0.99622  	74.57029  	79.34591  	-19649.16273  	-11396.82064  	0.00440  	0.00003  	0.00420  	0.00431  	0.00521  	0.00000  	0.00000  
12.77483  	22.97971  	49.62786  	49.42606  	34.67669  	-1.18512  	0.01546  	0.26935  	0.25533  	-3.02442  	0.06268  	-0.08568  	-147.92377  	-1.00043  	75.35670  	79.49498  	-19648.13338  	-11397.29570  	0.00441  	0.00003  	0.00420  	0.00430  	0.00522  	0.00000  	0.00000  
13.77717  	22.97986  	49.62966  	49.42871  	34.67162  	-1.18512  	0.01539  	0.26819  	0.25516  	-3.02442  	0.06166  	-0.08568  	-147.85775  	-0.99619  	75.30706  	79.15384  	-19647.06701  	-11397.71011  	0.00441  	0.00003  	0.00420  	0.00430  	0.00521  	0.00000  	0.00000  
14.77849  	22.98012  	49.63191  	49.43054  	34.66797  	-1.18512  	0.01475  	0.26771  	0.25451  	-3.02442  	0.06184  	-0.08571  	-147.80826  	-0.99831  	75.11467  	79.01226  	-19646.33329  	-11398.09137  	0.00441  	0.00003  	0.00420  	0.00428  	0.00521  	0.00000  	0.00000  
15.78081  	22.97934  	49.63405  	49.43239  	34.66463  	-1.18512  	0.01577  	0.26735  	0.25158  	-3.02442  	0.06267  	-0.08568  	-147.77586  	-0.99971  	74.25252  	78.90424  	-19645.43858  	-11398.46326  	0.00440  	0.00003  	0.00420  	0.00430  	0.00521  	0.00000  	0.00000  
16.78413  	22.97887  	49.63601  	49.43460  	34.66189  	-1.18512  	0.01526  	0.26758  	0.25113  	-3.02442  	0.06219  	-0.08566  	-147.74717  	-0.99849  	74.11792  	78.97412  	-19644.74488  	-11398.85187  	0.00440  	0.00003  	0.00420  	0.00429  	0.00521  	0.00000  	0.00000  
17.78745  	22.97802  	49.63811  	49.43555  	34.65834  	-1.18512  	0.01537  	0.26599  	0.25039  	-3.02442  	0.06320  	-0.08570  	-147.71294  	-1.00419  	73.89895  	78.50307  	-19643.79155  	-11399.13658  	0.00440  	0.00003  	0.00420  	0.00430  	0.00520  	0.00000  	0.00000  
18.78874  	22.97803  	49.63915  	49.43760  	34.65597  	-1.18512  	0.01523  	0.26516  	0.25066  	-3.02442  	0.06060  	-0.08562  	-147.68286  	-0.99918  	73.97984  	78.25776  	-19643.28077  	-11399.42407  	0.00440  	0.00003  	0.00419  	0.00429  	0.00520  	0.00000  	0.00000  
19.79208  	22.97690  	49.64230  	49.44032  	34.65312  	-1.18512  	0.01603  	0.26532  	0.25081  	-3.02442  	0.06383  	-0.08573  	-147.66114  	-1.00128  	74.02291  	78.30672  	-19642.41843  	-11399.97189  	0.00440  	0.00003  	0.00420  	0.00431  	0.00520  	0.00000  	0.00000  
20.79537  	22.97648  	49.64383  	49.44177  	34.65306  	-1.18512  	0.01599  	0.26476  	0.24952  	-3.02442  	0.06144  	-0.08564  	-147.66571  	-1.00171  	73.64220  	78.13975  	-19642.31585  	-11400.24955  	0.00440  	0.00003  	0.00420  	0.00431  	0.00519  	0.00000  	0.00000  
21.79672  	22.97555  	49.64649  	49.44362  	34.65161  	-1.18512  	0.01448  	0.26380  	0.24987  	-3.02442  	0.06226  	-0.08568  	-147.65911  	-1.00571  	73.74650  	77.85720  	-19641.79986  	-11400.67112  	0.00440  	0.00003  	0.00420  	0.00428  	0.00519  	0.00000  	0.00000  
22.80004  	22.97464  	49.64785  	49.44534  	34.65103  	-1.18512  	0.01462  	0.26448  	0.24821  	-3.02442  	0.05972  	-0.08562  	-147.66333  	-1.00392  	73.25627  	78.05812  	-19641.47703  	-11400.95801  	0.00440  	0.00003  	0.00419  	0.00428  	0.00519  	0.00000  	0.00000  
23.80335  	22.97353  	49.65062  	49.44692  	34.65150  	-1.18512  	0.01503  	0.26150  	0.24755  	-3.02442  	0.06211  	-0.08568  	-147.68331  	-1.00982  	73.06035  	77.17870  	-19641.33647  	-11401.36259  	0.00440  	0.00003  	0.00420  	0.00429  	0.00518  	0.00000  	0.00000  
24.80467  	22.97219  	49.65271  	49.44855  	34.65169  	-1.18512  	0.01567  	0.26069  	0.24706  	-3.02442  	0.06219  	-0.08571  	-147.70253  	-1.01208  	72.91747  	76.94063  	-19641.08822  	-11401.71014  	0.00440  	0.00003  	0.00420  	0.00430  	0.00518  	0.00000  	0.00000  
25.80700  	22.97156  	49.65481  	49.45060  	34.65216  	-1.18512  	0.01521  	0.25979  	0.24349  	-3.02442  	0.06256  	-0.08569  	-147.71655  	-1.01234  	71.86342  	76.67439  	-19641.05435  	-11402.09684  	0.00439  	0.00003  	0.00420  	0.00429  	0.00517  	0.00000  	0.00000  
26.81031  	22.97071  	49.65597  	49.45320  	34.65386  	-1.18512  	0.01454  	0.25914  	0.24281  	-3.02442  	0.06133  	-0.08569  	-147.74876  	-1.00521  	71.66200  	76.48340  	-19641.23829  	-11402.44827  	0.00439  	0.00003  	0.00420  	0.00428  	0.00517  	0.00000  	0.00000  
27.81160  	22.97072  	49.65811  	49.45514  	34.65671  	-1.18512  	0.01646  	0.25863  	0.24126  	-3.02442  	0.06272  	-0.08566  	-147.78480  	-1.00620  	71.20553  	76.33284  	-19641.85728  	-11402.82828  	0.00439  	0.00003  	0.00420  	0.00432  	0.00517  	0.00000  	0.00000  
28.81495  	22.96887  	49.66009  	49.45730  	34.65933  	-1.18512  	0.01501  	0.25713  	0.23985  	-3.02442  	0.06237  	-0.08567  	-147.84123  	-1.00534  	70.78776  	75.88938  	-19642.02457  	-11403.21445  	0.00438  	0.00003  	0.00420  	0.00429  	0.00516  	0.00000  	0.00000  
29.81727  	22.96828  	49.66193  	49.45882  	34.66242  	-1.18512  	0.01443  	0.25526  	0.24247  	-3.02442  	0.06418  	-0.08562  	-147.88778  	-1.00690  	71.56366  	75.33675  	-19642.56629  	-11403.52796  	0.00439  	0.00003  	0.00421  	0.00428  	0.00515  	0.00000  	0.00000  
30.81859  	22.96749  	49.66353  	49.46132  	34.66676  	-1.18512  	0.01479  	0.25392  	0.23492  	-3.02442  	0.06214  	-0.08558  	-147.95254  	-1.00244  	69.33373  	74.94230  	-19643.33484  	-11403.90977  	0.00438  	0.00003  	0.00420  	0.00428  	0.00515  	0.00000  	0.00000  
31.82187  	22.96650  	49.66583  	49.46464  	34.67121  	-1.18512  	0.01468  	0.25181  	0.23789  	-3.02442  	0.06200  	-0.08564  	-148.02133  	-0.99741  	70.20914  	74.31822  	-19644.08466  	-11404.43427  	0.00438  	0.00003  	0.00420  	0.00428  	0.00514  	0.00000  	0.00000  
32.82422  	22.96650  	49.66774  	49.46659  	34.67697  	-1.18512  	0.01455  	0.25113  	0.23427  	-3.02442  	0.06163  	-0.08570  	-148.09419  	-0.99718  	69.14234  	74.11829  	-19645.33243  	-11404.79511  	0.00437  	0.00003  	0.00420  	0.00428  	0.00513  	0.00000  	0.00000  
33.82552  	22.96470  	49.67006  	49.46790  	34.68222  	-1.18512  	0.01357  	0.24921  	0.23542  	-3.02442  	0.06293  	-0.08567  	-148.18336  	-1.00219  	69.48063  	73.55131  	-19646.07854  	-11405.13249  	0.00438  	0.00003  	0.00420  	0.00426  	0.00512  	0.00000  	0.00000  
34.82886  	22.96409  	49.67268  	49.46967  	34.68788  	-1.18512  	0.01477  	0.25181  	0.23718  	-3.02442  	0.06085  	-0.08565  	-148.26279  	-1.00641  	70.00050  	74.31748  	-19647.17349  	-11405.54311  	0.00438  	0.00003  	0.00419  	0.00428  	0.00514  	0.00000  	0.00000  
35.83118  	22.96324  	49.67422  	49.47202  	34.69589  	-1.18512  	0.01447  	0.25393  	0.23824  	-3.02442  	0.06285  	-0.08569  	-148.37471  	-1.00236  	70.31268  	74.94528  	-19648.72398  	-11405.90555  	0.00438  	0.00003  	0.00420  	0.00428  	0.00515  	0.00000  	0.00000  
36.83250  	22.96293  	49.67654  	49.47461  	34.70292  	-1.18512  	0.01574  	0.25700  	0.23839  	-3.02442  	0.06268  	-0.08568  	-148.46766  	-1.00105  	70.35673  	75.84994  	-19650.18064  	-11406.36323  	0.00438  	0.00003  	0.00420  	0.00430  	0.00516  	0.00000  	0.00000  
37.83282  	22.96343  	49.67863  	49.47713  	34.71005  	-1.18512  	0.01465  	0.25967  	0.24394  	-3.02442  	0.06184  	-0.08568  	-148.55143  	-0.99890  	71.99677  	76.63892  	-19651.83471  	-11406.79282  	0.00439  	0.00003  	0.00420  	0.00428  	0.00517  	0.00000  	0.00000  
38.83514  	22.96366  	49.68080  	49.47943  	34.71448  	-1.18512  	0.01541  	0.26136  	0.24783  	-3.02442  	0.06246  	-0.08554  	-148.60450  	-0.99826  	73.14525  	77.13842  	-19652.84316  	-11407.21026  	0.00440  	0.00003  	0.00420  	0.00430  	0.00518  	0.00000  	0.00000  
39.83846  	22.96467  	49.68325  	49.48315  	34.72038  	-1.18512  	0.01525  	0.26465  	0.24743  	-3.02442  	0.06337  	-0.08571  	-148.66644  	-0.99199  	73.02624  	78.10861  	-19654.34109  	-11407.78597  	0.00440  	0.00003  	0.00420  	0.00429  	0.00519  	0.00000  	0.00000  
40.83978  	22.96584  	49.68551  	49.48390  	34.72404  	-1.18512  	0.01604  	0.26582  	0.24874  	-3.02442  	0.06317  	-0.08569  	-148.69793  	-0.99947  	73.41379  	78.45373  	-19655.38594  	-11408.06597  	0.00440  	0.00003  	0.00420  	0.00431  	0.00520  	0.00000  	0.00000  
41.84307  	22.96590  	49.68748  	49.48539  	34.72542  	-1.18512  	0.01522  	0.26730  	0.25091  	-3.02442  	0.06178  	-0.08572  	-148.71453  	-1.00184  	74.05236  	78.88995  	-19655.70017  	-11408.38836  	0.00440  	0.00003  	0.00420  	0.00429  	0.00521  	0.00000  	0.00000  
42.84641  	22.96685  	49.68999  	49.48769  	34.72598  	-1.18512  	0.01509  	0.26856  	0.25561  	-3.02442  	0.06120  	-0.08563  	-148.70956  	-1.00287  	75.44189  	79.26326  	-19656.02557  	-11408.83773  	0.00441  	0.00003  	0.00420  	0.00429  	0.00521  	0.00000  	0.00000  
43.84674  	22.96785  	49.69143  	49.48902  	34.72552  	-1.18512  	0.01619  	0.26866  	0.25068  	-3.02442  	0.06212  	-0.08567  	-148.69114  	-1.00340  	73.98663  	79.29196  	-19656.14168  	-11409.09614  	0.00440  	0.00003  	0.00420  	0.00431  	0.00521  	0.00000  	0.00000  
44.85005  	22.96838  	49.69427  	49.49196  	34.72343  	-1.18512  	0.01603  	0.27012  	0.25221  	-3.02442  	0.06242  	-0.08566  	-148.65809  	-1.00290  	74.43605  	79.72173  	-19655.80483  	-11409.63516  	0.00440  	0.00003  	0.00420  	0.00431  	0.00522  	0.00000  	0.00000  
45.85337  	22.96832  	49.69677  	49.49423  	34.72127  	-1.18512  	0.01467  	0.27094  	0.25206  	-3.02442  	0.06304  	-0.08567  	-148.63153  	-1.00407  	74.39249  	79.96430  	-19655.32313  	-11410.08078  	0.00440  	0.00003  	0.00420  	0.00428  	0.00522  	0.00000  	0.00000  
46.85369  	22.96982  	49.69867  	49.49607  	34.71883  	-1.18512  	0.01560  	0.27095  	0.25641  	-3.02442  	0.06212  	-0.08572  	-148.58156  	-1.00435  	75.67626  	79.96659  	-19655.12050  	-11410.42917  	0.00441  	0.00003  	0.00420  	0.00430  	0.00522  	0.00000  	0.00000  
47.85698  	22.97073  	49.70063  	49.49924  	34.71408  	-1.18512  	0.01608  	0.27031  	0.25464  	-3.02442  	0.06330  	-0.08572  	-148.51003  	-0.99841  	75.15410  	79.77832  	-19654.28718  	-11410.90774  	0.00441  	0.00003  	0.00420  	0.00431  	0.00522  	0.00000  	0.00000  
48.86032  	22.97027  	49.70268  	49.50012  	34.71047  	-1.18512  	0.01493  	0.26918  	0.25785  	-3.02442  	0.06339  	-0.08564  	-148.47022  	-1.00417  	76.10175  	79.44423  	-19653.40581  	-11411.18055  	0.00441  	0.00003  	0.00420  	0.00429  	0.00522  	0.00000  	0.00000  
49.86164  	22.97006  	49.70559  	49.50239  	34.70635  	-1.18512  	0.01473  	0.26950  	0.25337  	-3.02442  	0.06300  	-0.08569  	-148.42077  	-1.00736  	74.77925  	79.54134  	-19652.46638  	-11411.66452  	0.00441  	0.00003  	0.00420  	0.00428  	0.00522  	0.00000  	0.00000  
50.86493  	22.96948  	49.70723  	49.50454  	34.70265  	-1.18512  	0.01496  	0.26858  	0.25368  	-3.02442  	0.06210  	-0.08574  	-148.38139  	-1.00479  	74.87053  	79.26748  	-19651.54113  	-11412.01797  	0.00441  	0.00003  	0.00420  	0.00429  	0.00521  	0.00000  	0.00000  
51.86828  	22.96966  	49.70842  	49.50605  	34.69782  	-1.18512  	0.01645  	0.26692  	0.25168  	-3.02442  	0.06230  	-0.08571  	-148.31793  	-1.00325  	74.28006  	78.77717  	-19650.53357  	-11412.26947  	0.00440  	0.00003  	0.00420  	0.00432  	0.00520  	0.00000  	0.00000  
52.86960  	22.96965  	49.71080  	49.50789  	34.69403  	-1.18512  	0.01429  	0.26745  	0.25314  	-3.02442  	0.06109  	-0.08569  	-148.27008  	-1.00588  	74.71258  	78.93516  	-19649.71010  	-11412.66330  	0.00441  	0.00003  	0.00420  	0.00427  	0.00521  	0.00000  	0.00000  
53.87292  	22.96959  	49.71365  	49.51070  	34.69102  	-1.18512  	0.01565  	0.26635  	0.25319  	-3.02442  	0.06236  	-0.08569  	-148.23292  	-1.00610  	74.72577  	78.60963  	-19649.04599  	-11413.19181  	0.00441  	0.00003  	0.00420  	0.00430  	0.00520  	0.00000  	0.00000  
54.87623  	22.96855  	49.71519  	49.51257  	34.68869  	-1.18512  	0.01375  	0.26640  	0.25522  	-3.02442  	0.06197  	-0.08569  	-148.21657  	-1.00445  	75.32557  	78.62568  	-19648.31394  	-11413.50963  	0.00441  	0.00003  	0.00420  	0.00426  	0.00520  	0.00000  	0.00000  
55.87755  	22.96782  	49.71722  	49.51460  	34.68675  	-1.18512  	0.01543  	0.26529  	0.25053  	-3.02442  	0.06148  	-0.08569  	-148.20132  	-1.00451  	73.94165  	78.29802  	-19647.73728  	-11413.88806  	0.00440  	0.00003  	0.00420  	0.00430  	0.00520  	0.00000  	0.00000  
56.88087  	22.96845  	49.71860  	49.51697  	34.68480  	-1.18512  	0.01426  	0.26500  	0.25261  	-3.02442  	0.06214  	-0.08563  	-148.16868  	-0.99958  	74.55534  	78.21062  	-19647.45107  	-11414.23832  	0.00440  	0.00003  	0.00420  	0.00427  	0.00520  	0.00000  	0.00000  
57.88418  	22.96816  	49.72083  	49.51903  	34.68361  	-1.18512  	0.01592  	0.26356  	0.25128  	-3.02442  	0.06262  	-0.08571  	-148.15725  	-1.00043  	74.16356  	77.78744  	-19647.12941  	-11414.63809  	0.00440  	0.00003  	0.00420  	0.00431  	0.00519  	0.00000  	0.00000  
58.88351  	22.96749  	49.72381  	49.52150  	34.68322  	-1.18512  	0.01564  	0.26391  	0.24635  	-3.02442  	0.06219  	-0.08570  	-148.16079  	-1.00292  	72.70833  	77.88898  	-19646.90197  	-11415.14613  	0.00439  	0.00003  	0.00420  	0.00430  	0.00519  	0.00000  	0.00000  
59.88384  	22.96605  	49.72650  	49.52349  	34.68271  	-1.18512  	0.01419  	0.26210  	0.24772  	-3.02442  	0.06211  	-0.08570  	-148.17247  	-1.00644  	73.11104  	77.35574  	-19646.47679  	-11415.58284  	0.00440  	0.00003  	0.00420  	0.00427  	0.00518  	0.00000  	0.00000  
60.88615  	22.96616  	49.72849  	49.52516  	34.68319  	-1.18512  	0.01549  	0.26223  	0.24429  	-3.02442  	0.06326  	-0.08572  	-148.17718  	-1.00799  	72.09974  	77.39480  	-19646.60743  	-11415.92517  	0.00439  	0.00003  	0.00420  	0.00430  	0.00518  	0.00000  	0.00000  
61.88947  	22.96562  	49.73081  	49.52702  	34.68421  	-1.18512  	0.01579  	0.26052  	0.24647  	-3.02442  	0.06201  	-0.08571  	-148.19698  	-1.01029  	72.74291  	76.89022  	-19646.70911  	-11416.31509  	0.00439  	0.00003  	0.00420  	0.00430  	0.00518  	0.00000  	0.00000  
62.89079  	22.96524  	49.73224  	49.52882  	34.68624  	-1.18512  	0.01518  	0.26022  	0.24263  	-3.02442  	0.06163  	-0.08570  	-148.22737  	-1.00847  	71.60855  	76.79980  	-19647.06830  	-11416.61585  	0.00439  	0.00003  	0.00420  	0.00429  	0.00517  	0.00000  	0.00000  
63.89311  	22.96457  	49.73432  	49.53146  	34.68809  	-1.18512  	0.01465  	0.25966  	0.24440  	-3.02442  	0.06223  	-0.08571  	-148.25936  	-1.00568  	72.13129  	76.63615  	-19647.32334  	-11417.05622  	0.00439  	0.00003  	0.00420  	0.00428  	0.00517  	0.00000  	0.00000  
64.89543  	22.96395  	49.73594  	49.53356  	34.68891  	-1.18512  	0.01566  	0.25832  	0.23834  	-3.02442  	0.06110  	-0.08567  	-148.27750  	-1.00327  	70.34290  	76.23925  	-19647.36716  	-11417.40318  	0.00438  	0.00003  	0.00420  	0.00430  	0.00517  	0.00000  	0.00000  
65.89676  	22.96387  	49.73826  	49.53562  	34.69271  	-1.18512  	0.01498  	0.25625  	0.24078  	-3.02442  	0.06243  	-0.08570  	-148.32658  	-1.00460  	71.06470  	75.62882  	-19648.17054  	-11417.81211  	0.00439  	0.00003  	0.00420  	0.00429  	0.00516  	0.00000  	0.00000  
66.90006  	22.96244  	49.74093  	49.53787  	34.69620  	-1.18512  	0.01430  	0.25521  	0.24121  	-3.02442  	0.06287  	-0.08572  	-148.38871  	-1.00668  	71.18931  	75.32234  	-19648.61846  	-11418.27108  	0.00439  	0.00003  	0.00420  	0.00427  	0.00515  	0.00000  	0.00000  
67.90338  	22.96246  	49.74205  	49.54131  	34.70126  	-1.18512  	0.01578  	0.25434  	0.23945  	-3.02442  	0.06399  	-0.08573  	-148.45247  	-0.99513  	70.67229  	75.06582  	-19649.71858  	-11418.69654  	0.00438  	0.00003  	0.00420  	0.00430  	0.00515  	0.00000  	0.00000  
68.90470  	22.96119  	49.74454  	49.54254  	34.70542  	-1.18512  	0.01389  	0.25207  	0.23602  	-3.02442  	0.06245  	-0.08569  	-148.52119  	-1.00139  	69.65820  	74.39634  	-19650.34668  	-11419.04414  	0.00438  	0.00003  	0.00420  	0.00427  	0.00514  	0.00000  	0.00000  
69.90802  	22.96053  	49.74656  	49.54396  	34.71106  	-1.18512  	0.01396  	0.25049  	0.23799  	-3.02442  	0.06302  	-0.08562  	-148.60091  	-1.00439  	70.24079  	73.92919  	-19651.42399  	-11419.36383  	0.00438  	0.00003  	0.00420  	0.00427  	0.00513  	0.00000  	0.00000  
70.91134  	22.95994  	49.74894  	49.54567  	34.71722  	-1.18512  	0.01408  	0.24887  	0.23708  	-3.02442  	0.06269  	-0.08568  	-148.68625  	-1.00770  	69.97086  	73.45238  	-19652.62957  	-11419.74633  	0.00438  	0.00003  	0.00420  	0.00427  	0.00512  	0.00000  	0.00000  
71.91266  	22.95994  	49.74967  	49.54875  	34.72378  	-1.18512  	0.01399  	0.25111  	0.23256  	-3.02442  	0.06219  	-0.08571  	-148.76923  	-0.99601  	68.63801  	74.11117  	-19654.05148  	-11420.10171  	0.00437  	0.00003  	0.00420  	0.00427  	0.00513  	0.00000  	0.00000  
72.91597  	22.95911  	49.75238  	49.55061  	34.73141  	-1.18512  	0.01490  	0.25524  	0.23646  	-3.02442  	0.06224  	-0.08576  	-148.87616  	-1.00029  	69.78960  	75.33106  	-19655.52558  	-11420.52780  	0.00438  	0.00002  	0.00420  	0.00429  	0.00515  	0.00000  	0.00000  
73.91929  	22.95910  	49.75423  	49.55199  	34.73818  	-1.18512  	0.01385  	0.25837  	0.24146  	-3.02442  	0.06215  	-0.08574  	-148.96195  	-1.00260  	71.26299  	76.25425  	-19656.98884  	-11420.82891  	0.00439  	0.00003  	0.00420  	0.00427  	0.00517  	0.00000  	0.00000  
74.92061  	22.95912  	49.75629  	49.55470  	34.74541  	-1.18512  	0.01510  	0.25901  	0.24266  	-3.02442  	0.06260  	-0.08573  	-149.05317  	-0.99934  	71.61699  	76.44281  	-19658.56124  	-11421.27425  	0.00439  	0.00003  	0.00420  	0.00429  	0.00517  	0.00000  	0.00000  
75.92393  	22.95980  	49.75862  	49.55736  	34.75130  	-1.18512  	0.01676  	0.26212  	0.24788  	-3.02442  	0.06216  	-0.08571  	-149.11905  	-0.99772  	73.15988  	77.36067  	-19659.98505  	-11421.74073  	0.00440  	0.00003  	0.00420  	0.00432  	0.00518  	0.00000  	0.00000  
76.92724  	22.96151  	49.76008  	49.55902  	34.75550  	-1.18512  	0.01477  	0.26341  	0.24776  	-3.02442  	0.06244  	-0.08564  	-149.15044  	-0.99672  	73.12435  	77.74319  	-19661.26535  	-11422.03086  	0.00440  	0.00003  	0.00420  	0.00428  	0.00519  	0.00000  	0.00000  
77.92856  	22.96123  	49.76262  	49.56123  	34.75928  	-1.18512  	0.01617  	0.26613  	0.24944  	-3.02442  	0.06136  	-0.08570  	-149.20184  	-0.99835  	73.62010  	78.54593  	-19662.02304  	-11422.47408  	0.00440  	0.00003  	0.00420  	0.00431  	0.00520  	0.00000  	0.00000  
78.93185  	22.96297  	49.76460  	49.56325  	34.76114  	-1.18512  	0.01526  	0.26707  	0.25062  	-3.02442  	0.06049  	-0.08564  	-149.20324  	-0.99815  	73.96677  	78.82291  	-19662.80404  	-11422.84764  	0.00440  	0.00003  	0.00419  	0.00429  	0.00521  	0.00000  	0.00000  
79.93520  	22.96343  	49.76625  	49.56472  	34.76166  	-1.18512  	0.01560  	0.26834  	0.25566  	-3.02442  	0.06169  	-0.08573  	-149.20408  	-0.99907  	75.45512  	79.19825  	-19663.01407  	-11423.13917  	0.00441  	0.00003  	0.00420  	0.00430  	0.00521  	0.00000  	0.00000  
80.93651  	22.96442  	49.76782  	49.56675  	34.76115  	-1.18512  	0.01557  	0.26899  	0.25161  	-3.02442  	0.06205  	-0.08568  	-149.18505  	-0.99678  	74.26121  	79.38923  	-19663.12021  	-11423.47406  	0.00440  	0.00003  	0.00420  	0.00430  	0.00521  	0.00000  	0.00000  
81.93784  	22.96570  	49.76966  	49.56882  	34.75831  	-1.18512  	0.01546  	0.27030  	0.25569  	-3.02442  	0.06173  	-0.08567  	-149.13305  	-0.99564  	75.46431  	79.77681  	-19662.78268  	-11423.83993  	0.00441  	0.00003  	0.00420  	0.00430  	0.00522  	0.00000  	0.00000  
82.94016  	22.96669  	49.77188  	49.57034  	34.75623  	-1.18512  	0.01540  	0.27186  	0.25702  	-3.02442  	0.06246  	-0.08567  	-149.09425  	-0.99915  	75.85582  	80.23526  	-19662.54544  	-11424.18869  	0.00441  	0.00003  	0.00420  	0.00430  	0.00523  	0.00000  	0.00000  
83.94348  	22.96643  	49.77420  	49.57124  	34.75202  	-1.18512  	0.01516  	0.27137  	0.25539  	-3.02442  	0.06292  	-0.08571  	-149.04418  	-1.00616  	75.37493  	80.09084  	-19661.57722  	-11424.48889  	0.00441  	0.00003  	0.00420  	0.00429  	0.00523  	0.00000  	0.00000  
84.94380  	22.96794  	49.77622  	49.57312  	34.74931  	-1.18512  	0.01667  	0.26914  	0.25492  	-3.02442  	0.06265  	-0.08571  	-148.99079  	-1.00686  	75.23544  	79.43252  	-19661.31736  	-11424.85304  	0.00441  	0.00003  	0.00420  	0.00432  	0.00522  	0.00000  	0.00000  
85.94612  	22.96818  	49.77729  	49.57452  	34.74518  	-1.18512  	0.01594  	0.26883  	0.25239  	-3.02442  	0.06165  	-0.08570  	-148.93568  	-1.00519  	74.48992  	79.34099  	-19660.47412  	-11425.08352  	0.00440  	0.00003  	0.00420  	0.00431  	0.00521  	0.00000  	0.00000  
86.94943  	22.96893  	49.77927  	49.57612  	34.74082  	-1.18512  	0.01482  	0.26838  	0.25409  	-3.02442  	0.06462  	-0.08566  	-148.87106  	-1.00710  	74.99238  	79.21051  	-19659.69154  	-11425.41816  	0.00441  	0.00003  	0.00421  	0.00428  	0.00521  	0.00000  	0.00000  
87.95075  	22.96923  	49.78165  	49.57821  	34.73586  	-1.18512  	0.01543  	0.26844  	0.25157  	-3.02442  	0.06065  	-0.08576  	-148.80442  	-1.00853  	74.24866  	79.22633  	-19658.68329  	-11425.83409  	0.00440  	0.00002  	0.00419  	0.00430  	0.00521  	0.00000  	0.00000  
88.95307  	22.96929  	49.78338  	49.57852  	34.73311  	-1.18512  	0.01641  	0.26687  	0.25577  	-3.02442  	0.06282  	-0.08568  	-148.76893  	-1.01555  	75.48738  	78.76390  	-19658.09989  	-11426.02513  	0.00441  	0.00003  	0.00420  	0.00432  	0.00520  	0.00000  	0.00000  
89.95639  	22.96886  	49.78513  	49.58041  	34.72953  	-1.18512  	0.01479  	0.26697  	0.24988  	-3.02442  	0.06034  	-0.08563  	-148.72907  	-1.01488  	73.74852  	78.79227  	-19657.22964  	-11426.36515  	0.00440  	0.00003  	0.00419  	0.00428  	0.00521  	0.00000  	0.00000  
90.95671  	22.96783  	49.78760  	49.58399  	34.72722  	-1.18512  	0.01399  	0.26595  	0.24983  	-3.02442  	0.06117  	-0.08573  	-148.71294  	-1.00939  	73.73589  	78.49102  	-19656.50577  	-11426.92946  	0.00440  	0.00003  	0.00420  	0.00427  	0.00520  	0.00000  	0.00000  
91.96003  	22.96856  	49.78901  	49.58656  	34.72426  	-1.18512  	0.01598  	0.26499  	0.25031  	-3.02442  	0.06338  	-0.08568  	-148.66621  	-1.00366  	73.87529  	78.20787  	-19656.02267  	-11427.30040  	0.00440  	0.00003  	0.00420  	0.00431  	0.00520  	0.00000  	0.00000  
92.96335  	22.96817  	49.79065  	49.58795  	34.72328  	-1.18512  	0.01549  	0.26533  	0.24849  	-3.02442  	0.06167  	-0.08571  	-148.65875  	-1.00491  	73.34046  	78.30949  	-19655.72882  	-11427.58329  	0.00440  	0.00003  	0.00420  	0.00430  	0.00520  	0.00000  	0.00000  
93.96367  	22.96798  	49.79195  	49.58894  	34.72227  	-1.18512  	0.01538  	0.26441  	0.24719  	-3.02442  	0.06157  	-0.08573  	-148.64834  	-1.00642  	72.95653  	78.03783  	-19655.46723  	-11427.79785  	0.00440  	0.00003  	0.00420  	0.00430  	0.00519  	0.00000  	0.00000  
94.96699  	22.96792  	49.79403  	49.59017  	34.72176  	-1.18512  	0.01584  	0.26376  	0.24943  	-3.02442  	0.06245  	-0.08571  	-148.64268  	-1.01063  	73.61681  	77.84504  	-19655.34226  	-11428.10555  	0.00440  	0.00003  	0.00420  	0.00430  	0.00519  	0.00000  	0.00000  
95.96931  	22.96722  	49.79592  	49.59237  	34.72087  	-1.18512  	0.01501  	0.26243  	0.24827  	-3.02442  	0.06247  	-0.08574  	-148.64032  	-1.00911  	73.27329  	77.45303  	-19654.99977  	-11428.48785  	0.00440  	0.00003  	0.00420  	0.00429  	0.00518  	0.00000  	0.00000  
96.96963  	22.96766  	49.79711  	49.59426  	34.72072  	-1.18512  	0.01568  	0.26053  	0.24910  	-3.02442  	0.06429  	-0.08569  	-148.63284  	-1.00561  	73.51821  	76.89131  	-19655.06361  	-11428.77604  	0.00440  	0.00003  	0.00421  	0.00430  	0.00518  	0.00000  	0.00000  
97.97292  	22.96711  	49.79906  	49.59628  	34.72136  	-1.18512  	0.01555  	0.25972  	0.24215  	-3.02442  	0.06203  	-0.08569  	-148.64787  	-1.00526  	71.46647  	76.65490  	-19655.08140  	-11429.14650  	0.00439  	0.00003  	0.00420  	0.00430  	0.00517  	0.00000  	0.00000  
98.97526  	22.96627  	49.80049  	49.59786  	34.72326  	-1.18512  	0.01541  	0.25978  	0.24391  	-3.02442  	0.06297  	-0.08567  	-148.68247  	-1.00456  	71.98604  	76.67099  	-19655.31122  	-11429.42684  	0.00439  	0.00003  	0.00420  	0.00430  	0.00517  	0.00000  	0.00000  
99.97658  	22.96560  	49.80282  	49.59826  	34.72554  	-1.18512  	0.01534  	0.25814  	0.24438  	-3.02442  	0.06081  	-0.08570  	-148.71979  	-1.01406  	72.12715  	76.18660  	-19655.66010  	-11429.68107  	0.00439  	0.00003  	0.00419  	0.00429  	0.00516  	0.00000  	0.00000  
100.97987  	22.96541  	49.80422  	49.60024  	34.72902  	-1.18512  	0.01524  	0.25667  	0.24298  	-3.02442  	0.06207  	-0.08566  	-148.76632  	-1.01124  	71.71346  	75.75290  	-19656.37259  	-11429.99680  	0.00439  	0.00003  	0.00420  	0.00429  	0.00516  	0.00000  	0.00000  
101.98321  	22.96635  	49.80561  	49.60276  	34.73081  	-1.18512  	0.01497  	0.25695  	0.23799  	-3.02442  	0.06200  	-0.08576  	-148.77703  	-1.00559  	70.24112  	75.83579  	-19656.96467  	-11430.36188  	0.00438  	0.00002  	0.00420  	0.00429  	0.00516  	0.00000  	0.00000  
102.98454  	22.96514  	49.80763  	49.60405  	34.73473  	-1.18512  	0.01473  	0.25488  	0.23889  	-3.02442  	0.06134  	-0.08569  	-148.84193  	-1.00922  	70.50436  	75.22465  	-19657.55126  	-11430.67084  	0.00438  	0.00003  	0.00420  	0.00428  	0.00515  	0.00000  	0.00000  
103.98785  	22.96412  	49.80980  	49.60666  	34.73881  	-1.18512  	0.01435  	0.25340  	0.23621  	-3.02442  	0.06219  	-0.08575  	-148.90641  	-1.00702  	69.71589  	74.78919  	-19658.21538  	-11431.11674  	0.00438  	0.00002  	0.00420  	0.00428  	0.00514  	0.00000  	0.00000  
104.99118  	22.96489  	49.81089  	49.60815  	34.74408  	-1.18512  	0.01504  	0.25096  	0.23968  	-3.02442  	0.06210  	-0.08568  	-148.96327  	-1.00502  	70.73883  	74.06827  	-19659.52333  	-11431.35776  	0.00438  	0.00003  	0.00420  	0.00429  	0.00513  	0.00000  	0.00000  
105.99446  	22.96426  	49.81197  	49.60964  	34.74967  	-1.18512  	0.01550  	0.25033  	0.23161  	-3.02442  	0.06265  	-0.08570  	-149.04191  	-1.00302  	68.35719  	73.88085  	-19660.59769  	-11431.59798  	0.00437  	0.00003  	0.00420  	0.00430  	0.00513  	0.00000  	0.00000  
106.99581  	22.96271  	49.81386  	49.61231  	34.75741  	-1.18512  	0.01596  	0.25040  	0.23101  	-3.02442  	0.06214  	-0.08569  	-149.15938  	-0.99916  	68.18002  	73.90382  	-19661.93893  	-11432.02393  	0.00437  	0.00003  	0.00420  	0.00431  	0.00513  	0.00000  	0.00000  
107.99812  	22.96265  	49.81510  	49.61392  	34.76365  	-1.18512  	0.01661  	0.25290  	0.23867  	-3.02442  	0.06289  	-0.08570  	-149.23907  	-0.99732  	70.43993  	74.64164  	-19663.27934  	-11432.28972  	0.00438  	0.00003  	0.00420  	0.00432  	0.00514  	0.00000  	0.00000  
109.00141  	22.96222  	49.81716  	49.61520  	34.76964  	-1.18512  	0.01583  	0.25580  	0.23878  	-3.02442  	0.06081  	-0.08570  	-149.32029  	-1.00118  	70.47289  	75.49755  	-19664.48223  	-11432.60140  	0.00438  	0.00003  	0.00419  	0.00430  	0.00515  	0.00000  	0.00000  
110.00274  	22.96282  	49.81838  	49.61716  	34.77684  	-1.18512  	0.01490  	0.25864  	0.24300  	-3.02442  	0.06195  	-0.08562  	-149.40377  	-0.99752  	71.71736  	76.33417  	-19666.17334  	-11432.89786  	0.00439  	0.00003  	0.00420  	0.00429  	0.00517  	0.00000  	0.00000  
111.00505  	22.96459  	49.82090  	49.61822  	34.78338  	-1.18512  	0.01391  	0.26183  	0.24325  	-3.02442  	0.06119  	-0.08569  	-149.46406  	-1.00477  	71.79281  	77.27555  	-19667.97382  	-11433.23189  	0.00439  	0.00003  	0.00420  	0.00427  	0.00518  	0.00000  	0.00000  
112.00541  	22.96567  	49.82194  	49.61985  	34.78815  	-1.18512  	0.01461  	0.26339  	0.24862  	-3.02442  	0.06118  	-0.08569  	-149.51064  	-1.00181  	73.37667  	77.73701  	-19669.24160  	-11433.48139  	0.00440  	0.00003  	0.00420  	0.00428  	0.00519  	0.00000  	0.00000  
