01/21/2025 11:07:00Time	T_hot_in(C)	T_cold_in(C)	T_cold_out(C)	T_hot_out(C)	mdot_cold(kg/s)	ASFASIFUAS(kg/s)	Diferencial_cold(bar)	Diferencial_hot(bar)	mdot_hot(kg/s)	ABS_cold(bar)	ABS_hot(bar)	q_cold(kW)	q_hot(kW)	ASFASYFY	Tau_cold_haste	Re_hot	Re_cold	U_global	PSIG_cold(bar)	R_fouling	PSIG_hot(bar)	PSID_hot(bar)	m_dot_hot	PSID_cold(bar)	m_dot_cold
2,01121  	0,00000  	0,00000  	0,00000  	0,00000  	-1,18512  	-0,20833  	-0,25900  	-0,86180  	-3,02442  	-1,72343  	-1,72415  	-0,00000  	-0,00000  	-254,35069  	-76,44127  	-9234,48090  	-3618,55272  	NaN  	NaN  	0,00000  	0,00000  	0,00000  	0,00000  	0,00000  	0,00000  	0,00000  
3,01051  	1327,82048  	1327,75450  	-244,98909  	25,03251  	0,04903  	-0,00413  	-15815,93170  	0,00032  	0,00321  	-0,03515  	-0,03709  	111139,14918  	9036368,65890  	0,09311  	-4667896,50935  	0,00464  	0,19365  	NaN  	NaN  	0,00406  	0,00400  	0,00396  	0,00392  	-244,98909  	0,00400  	0,00400  
4,01122  	199,74360  	1327,75450  	-244,98909  	25,03059  	0,04704  	-0,00189  	56999,71830  	-0,00005  	0,00341  	-0,01660  	-0,01855  	15842,56121  	314,71041  	-0,01517  	16822833,52613  	52,19078  	0,18578  	NaN  	NaN  	0,00406  	0,00400  	0,00396  	0,00396  	882,94522  	0,00399  	0,00400  
5,01227  	772,32288  	1327,75450  	772,32291  	25,03228  	0,04910  	0,01536  	85706,53851  	0,00034  	0,17303  	0,12597  	0,12391  	259502392,05945  	87800,87786  	0,10160  	25295332,54600  	2,87262  	0,01043  	-Inf  	-Inf  	0,00406  	0,00400  	0,00396  	0,00429  	1327,62170  	0,00400  	0,00423  
6,01227  	1327,82048  	308,50595  	308,52919  	25,11604  	0,05000  	0,06229  	85706,53851  	0,01392  	0,55477  	0,51401  	0,51168  	362768,40710  	136,22480  	4,10782  	25295332,54600  	0,80175  	2,96295  	NaN  	NaN  	0,00406  	0,00406  	0,00395  	0,00520  	1327,62170  	0,00400  	0,00473  
7,01272  	1327,82048  	776,38314  	-244,98909  	25,48588  	0,04781  	0,18963  	19775,74533  	0,10171  	0,68345  	1,56686  	1,56376  	144811,56842  	5734211,21142  	30,01756  	5836591,50347  	0,98651  	6,18974  	NaN  	NaN  	0,00406  	0,00447  	0,00396  	0,00764  	306,33571  	0,00399  	0,00490  
8,01532  	303,92145  	303,89842  	-244,98909  	25,74275  	0,05302  	0,28846  	-15815,93170  	0,17928  	0,32278  	2,38392  	2,38024  	375,60043  	197,19840  	52,91343  	-4667896,50935  	675,01392  	349,18266  	NaN  	NaN  	0,00406  	0,00483  	0,00395  	0,00954  	-244,98909  	0,00401  	0,00443  
9,01667  	-244,98909  	780,45356  	-244,98909  	25,81166  	0,05322  	0,29731  	-15815,93170  	0,18440  	0,23482  	2,45708  	2,45334  	10965,43869  	2500,09939  	54,42216  	-4667896,50935  	39,63714  	6,61543  	-Inf  	-Inf  	0,00406  	0,00486  	0,00396  	0,00971  	-244,98909  	0,00401  	0,00431  
10,01692  	784,75959  	1327,75450  	784,75962  	25,83816  	0,04932  	0,29713  	50652,78237  	0,19012  	0,22824  	2,45562  	2,45188  	360930599,51042  	96840,95149  	56,11034  	14949605,90682  	3,50032  	0,01022  	-Inf  	-Inf  	0,00406  	0,00488  	0,00396  	0,00970  	784,62944  	0,00400  	0,00430  
11,01696  	1327,82048  	1327,75450  	292,28268  	25,84408  	0,04659  	0,29732  	18864,14412  	0,19260  	0,22970  	2,45719  	2,45345  	113608711,39080  	5675114,91257  	56,84366  	5567542,53596  	0,33116  	0,03041  	NaN  	NaN  	0,00406  	0,00489  	0,00396  	0,00971  	292,21476  	0,00399  	0,00430  
12,01630  	291,13164  	1327,75450  	791,69979  	25,83851  	0,04933  	0,29784  	-15815,93170  	0,19363  	0,22984  	2,46145  	2,45771  	129726556,89775  	157,55478  	57,14826  	-4667896,50935  	615,47677  	0,01008  	-Inf  	-Inf  	0,00406  	0,00490  	0,00396  	0,00972  	-244,98909  	0,00400  	0,00430  
13,02021  	792,75067  	290,05828  	1327,82053  	25,82651  	0,04613  	0,29655  	-15815,93170  	0,19360  	0,22946  	2,45079  	2,44705  	66277770,00428  	185485,01329  	57,13861  	-4667896,50935  	3,35729  	0,03029  	-Inf  	-Inf  	0,00406  	0,00490  	0,00396  	0,00969  	-244,98909  	0,00399  	0,00430  
14,01975  	1327,82048  	794,28541  	1327,82053  	25,80690  	0,04954  	0,29702  	51270,47376  	0,19311  	0,23037  	2,45473  	2,45099  	643232463,31046  	3109009,68888  	56,99430  	15131910,65775  	0,33217  	0,01007  	-Inf  	-Inf  	0,00406  	0,00490  	0,00396  	0,00970  	794,19765  	0,00400  	0,00430  
15,02215  	1327,82048  	1327,75450  	285,45359  	25,79439  	0,04317  	0,29706  	85706,53851  	0,19199  	0,22959  	2,45501  	2,45127  	110494230,29258  	5292361,39912  	56,66393  	25295332,54600  	0,33106  	0,02871  	NaN  	NaN  	0,00406  	0,00489  	0,00396  	0,00970  	1327,62170  	0,00398  	0,00430  
16,02123  	1327,82048  	1327,75450  	801,45567  	25,79389  	0,05440  	0,29706  	85706,53851  	0,19877  	0,23081  	2,45506  	2,45132  	658304305,61868  	3367192,03680  	58,66467  	25295332,54600  	0,33282  	0,01090  	NaN  	NaN  	0,00406  	0,00492  	0,00396  	0,00970  	1327,62170  	0,00401  	0,00431  
17,02298  	1327,82048  	1327,75450  	278,54754  	25,79584  	0,05761  	0,29688  	85706,53851  	0,19890  	0,23264  	2,45356  	2,44982  	108892936,09479  	7108929,51283  	58,70296  	25295332,54600  	0,33545  	0,03903  	NaN  	NaN  	0,00406  	0,00492  	0,00396  	0,00970  	1327,62170  	0,00402  	0,00431  
18,02218  	1327,82048  	1327,75450  	807,00807  	25,79662  	0,05497  	0,29617  	85706,53851  	0,19956  	0,23393  	2,44771  	2,44398  	678319143,04667  	3366634,37846  	58,89795  	25295332,54600  	0,33731  	0,01089  	NaN  	NaN  	0,00405  	0,00493  	0,00396  	0,00969  	1327,62170  	0,00402  	0,00431  
19,02365  	1327,82048  	1327,75450  	273,61980  	25,79625  	0,05358  	0,29721  	17659,48389  	0,20225  	0,23417  	2,45626  	2,45252  	107449941,74044  	6642972,18255  	59,69103  	5212000,45372  	0,33766  	0,03680  	NaN  	NaN  	0,00406  	0,00494  	0,00395  	0,00971  	273,55424  	0,00401  	0,00431  
20,02542  	1327,82048  	271,30293  	811,50683  	25,79769  	0,04838  	0,29698  	-15815,93170  	0,20146  	0,23503  	2,45441  	2,45067  	8137574,66948  	3073911,64365  	59,45931  	-4667896,50935  	0,33890  	0,19104  	NaN  	NaN  	0,00406  	0,00493  	0,00396  	0,00970  	-244,98909  	0,00400  	0,00431  
21,02652  	1327,82048  	814,61625  	1327,82053  	25,80255  	0,05097  	0,29610  	52582,85371  	0,19863  	0,23504  	2,44707  	2,44333  	697255636,42976  	3076870,25724  	58,62228  	15519245,01735  	0,33891  	0,00994  	-Inf  	-Inf  	0,00406  	0,00492  	0,00396  	0,00969  	814,52678  	0,00400  	0,00431  
22,02703  	265,16219  	265,14079  	1327,82053  	25,81004  	0,05338  	0,29686  	85706,53851  	0,25528  	0,23445  	2,45337  	2,44963  	19112599,79934  	280,57204  	75,34266  	25295332,54600  	1071,87361  	0,03751  	-Inf  	-Inf  	0,00406  	0,00518  	0,00396  	0,00970  	1327,62170  	0,00401  	0,00431  
23,02710  	821,48783  	821,44309  	1327,82053  	25,81922  	0,05083  	0,29683  	85706,53851  	1,34353  	0,23602  	2,45313  	2,44939  	436602752,16345  	127043,36668  	396,52706  	25295332,54600  	2,92808  	0,00978  	-Inf  	-Inf  	0,00406  	0,01024  	0,00396  	0,00970  	1327,62170  	0,00400  	0,00431  
24,02999  	1327,82048  	260,59182  	260,61304  	25,82724  	0,04976  	0,29674  	85706,53851  	1,35812  	0,23630  	2,45238  	2,44865  	43173,68365  	124,24078  	400,83547  	25295332,54600  	0,34070  	7,14729  	NaN  	NaN  	0,00406  	0,01030  	0,00396  	0,00970  	1327,62170  	0,00400  	0,00431  
25,02936  	1327,82048  	824,12489  	-244,98909  	25,83932  	0,04821  	0,29670  	85706,53851  	1,19237  	0,23607  	2,45210  	2,44836  	96011,28842  	6063766,34624  	351,91467  	25295332,54600  	0,34035  	3,96361  	NaN  	NaN  	0,00406  	0,00953  	0,00396  	0,00970  	1327,62170  	0,00399  	0,00431  
26,02983  	254,57969  	254,55873  	-244,98909  	25,85919  	0,04866  	0,29699  	16430,47479  	0,21157  	0,23574  	2,45442  	2,45068  	226,12461  	114,52924  	62,44278  	4849272,07262  	1347,21645  	170,66140  	NaN  	NaN  	0,00406  	0,00498  	0,00396  	0,00970  	254,51655  	0,00400  	0,00431  
27,03075  	831,24315  	831,19800  	831,24318  	25,88765  	0,04993  	0,29736  	53653,22559  	0,19952  	0,23402  	2,45750  	2,45376  	84621556,78494  	12,07094  	58,88599  	15835153,38447  	2,74825  	0,02912  	-Inf  	-Inf  	0,00406  	0,00493  	0,00396  	0,00971  	831,10713  	0,00400  	0,00431  
28,03293  	1327,82048  	1327,75450  	1327,82053  	25,92029  	0,05232  	0,29738  	85706,53851  	0,19988  	0,23448  	2,45770  	2,45396  	2697745579,65820  	406,55290  	58,99359  	25295332,54600  	0,33797  	0,00410  	-Inf  	-Inf  	0,00406  	0,00493  	0,00396  	0,00971  	1327,62170  	0,00401  	0,00431  
29,03370  	1327,82048  	1327,75450  	247,78902  	25,95491  	0,04684  	0,29623  	85706,53851  	-0,30636  	0,23451  	2,44819  	2,44446  	96824753,41771  	5954212,17556  	-90,41805  	25295332,54600  	0,33798  	0,03454  	NaN  	NaN  	0,00406  	0,00258  	0,00396  	0,00969  	1327,62170  	0,00399  	0,00431  
30,03411  	243,66603  	243,64553  	839,16540  	25,99092  	0,05160  	0,29707  	15726,01459  	-0,40386  	0,23672  	2,45511  	2,45137  	1370243,37001  	139,52159  	-119,19453  	4641358,47189  	1697,53608  	0,20374  	-Inf  	-Inf  	0,00406  	0,00213  	0,00396  	0,00970  	243,60427  	0,00401  	0,00431  
31,03412  	-244,98909  	841,94799  	1327,82053  	26,02593  	0,05214  	0,29677  	-15815,93170  	-0,19949  	0,23807  	2,45268  	2,44894  	159321665,54424  	1156,40386  	-58,87580  	-4667896,50935  	40,27550  	0,00964  	-Inf  	-Inf  	0,00406  	0,00307  	0,00396  	0,00970  	-244,98909  	0,00401  	0,00431  
32,03555  	-244,98909  	238,18239  	1327,82053  	26,05927  	0,04552  	0,29696  	54517,24474  	0,20060  	0,23504  	2,45421  	2,45048  	19423221,64789  	2262,49203  	59,20354  	16090159,03849  	39,77770  	0,03447  	-Inf  	-Inf  	0,00406  	0,00493  	0,00396  	0,00970  	844,49102  	0,00399  	0,00431  
33,03732  	-244,98909  	846,49496  	1327,82053  	26,08947  	0,04845  	0,29707  	85706,53851  	0,19754  	0,23378  	2,45512  	2,45138  	158585470,36172  	1063,36057  	58,30028  	25295332,54600  	39,57726  	0,00887  	-Inf  	-Inf  	0,00406  	0,00492  	0,00396  	0,00970  	1327,62170  	0,00400  	0,00431  
34,03824  	-244,98909  	1327,75450  	1327,82053  	26,11633  	0,04437  	0,29700  	85706,53851  	0,19829  	0,23415  	2,45453  	2,45080  	561002119,36466  	0,13353  	58,52420  	25295332,54600  	39,65082  	0,00348  	-Inf  	-Inf  	0,00406  	0,00492  	0,00396  	0,00970  	1327,62170  	0,00398  	0,00431  
35,03886  	853,62075  	1327,75450  	1327,82053  	26,14171  	0,04805  	0,29671  	85706,53851  	0,19862  	0,23416  	2,45210  	2,44836  	1712335668,84561  	20,35588  	58,62187  	25295332,54600  	2,42998  	0,00377  	-Inf  	-Inf  	0,00406  	0,00492  	0,00396  	0,00970  	1327,62170  	0,00399  	0,00431  
36,04134  	1327,82048  	226,83399  	1327,82053  	26,16383  	0,05035  	0,29721  	85706,53851  	0,19857  	0,23408  	2,45624  	2,45250  	88609777,59374  	6531427,74803  	58,60573  	25295332,54600  	0,33713  	0,03937  	-Inf  	-Inf  	0,00406  	0,00492  	0,00396  	0,00971  	1327,62170  	0,00400  	0,00431  
37,04178  	1327,82048  	857,75362  	1327,82053  	26,18213  	0,04989  	0,29738  	14523,18445  	0,19954  	0,23419  	2,45764  	2,45390  	788191488,99963  	2763499,20418  	58,89196  	4286356,52038  	0,33726  	0,00894  	-Inf  	-Inf  	0,00406  	0,00493  	0,00396  	0,00971  	224,97211  	0,00400  	0,00431  
38,04295  	220,77317  	220,75363  	220,77319  	26,19902  	0,04725  	0,29687  	55642,29165  	0,19791  	0,23389  	2,45349  	2,44975  	1801,86789  	0,00401  	58,41014  	16422204,13304  	2610,74561  	17,01573  	-Inf  	-Inf  	0,00406  	0,00492  	0,00396  	0,00970  	861,91831  	0,00399  	0,00431  
39,04306  	867,48597  	-244,98909  	-244,98909  	26,21490  	0,05096  	0,29687  	13897,96202  	0,19855  	0,23423  	2,45345  	2,44971  	312258,75908  	0,00000  	58,60094  	4101829,06783  	2,25663  	0,98600  	Inf  	-Inf  	0,00406  	0,00492  	0,00396  	0,00970  	215,28724  	0,00400  	0,00431  
40,04306  	1327,82048  	869,41747  	869,46426  	26,22858  	0,05030  	0,29700  	56120,33792  	0,19889  	0,23475  	2,45450  	2,45076  	183336341,77755  	277,37085  	58,69973  	16563294,17648  	0,33801  	0,02412  	NaN  	NaN  	0,00406  	0,00492  	0,00396  	0,00970  	869,32337  	0,00400  	0,00431  
41,04361  	1327,82048  	1327,75450  	211,44026  	26,24085  	0,05265  	0,29709  	13645,88915  	0,19892  	0,23386  	2,45531  	2,45158  	82951022,95985  	6927605,64504  	58,70772  	4027432,56252  	0,33672  	0,04301  	NaN  	NaN  	0,00405  	0,00492  	0,00396  	0,00970  	211,38256  	0,00401  	0,00431  
42,04424  	1327,82048  	210,61851  	-244,98909  	26,25183  	0,05229  	0,26091  	56296,52562  	0,17575  	0,23137  	2,15612  	2,15260  	1319,05028  	2807945,46074  	51,86943  	16615294,01886  	0,33312  	95,49606  	NaN  	NaN  	0,00406  	0,00482  	0,00396  	0,00901  	872,05257  	0,00401  	0,00431  
