11/14/2024 16:11:07Time	T_hot_in(C)	T_cold_in(C)	T_cold_out(C)	T_hot_out(C)	mdot_cold(kg/s)	ASFASIFUAS(kg/s)	Diferencial_cold(bar)	Diferencial_hot(bar)	mdot_hot(kg/s)	ABS_cold(bar)	ABS_hot(bar)	q_cold(kW)	q_hot(kW)	ASFASYFY	Tau_cold_haste	Re_hot	Re_cold	U_global	PSIG_cold(bar)	R_fouling	PSIG_hot(bar)	PSID_hot(bar)	m_dot_hot	PSID_cold(bar)	m_dot_cold
2,01597  	0,00000  	0,00000  	0,00000  	0,00000  	-1,18512  	-0,20833  	-0,25900  	-0,86180  	-3,02442  	-1,72343  	-1,72415  	-0,00000  	-0,00000  	-254,35069  	-76,44127  	-9234,48090  	-3618,55272  	NaN  	NaN  	0,00000  	0,00000  	0,00000  	0,00000  	0,00000  	0,00000  	0,00000  
3,01549  	1327,82048  	-244,98909  	-244,98909  	25,85873  	0,04337  	0,12104  	85706,53851  	0,17726  	0,13615  	0,99972  	0,99703  	280902,68284  	0,00000  	52,31680  	25295332,54600  	0,19628  	0,83915  	Inf  	-Inf  	0,00405  	0,00482  	0,00396  	0,00632  	1327,62170  	0,00398  	0,00418  
4,01566  	1327,82048  	883,73086  	-244,98909  	25,85805  	0,04711  	0,14071  	85706,53851  	0,20478  	0,14152  	1,16233  	1,15952  	119494,45191  	6255287,39401  	60,43724  	25295332,54600  	0,20402  	2,34026  	NaN  	NaN  	0,00405  	0,00495  	0,00395  	0,00670  	1327,62170  	0,00399  	0,00419  
5,01614  	1327,82048  	1327,75450  	-244,98909  	25,85932  	0,04953  	0,14035  	85706,53851  	0,20576  	0,14739  	1,15940  	1,15660  	5101436,29248  	9164808,26220  	60,72853  	25295332,54600  	0,21248  	0,19562  	NaN  	NaN  	0,00405  	0,00495  	0,00395  	0,00669  	1327,62170  	0,00400  	0,00419  
6,01674  	307,80675  	1327,75450  	-244,98909  	25,86025  	0,04892  	0,13985  	85706,53851  	0,20504  	0,14825  	1,15523  	1,15243  	1111197,64398  	545,72153  	60,51602  	25295332,54600  	287,38643  	0,19320  	NaN  	NaN  	0,00405  	0,00495  	0,00395  	0,00669  	1327,62170  	0,00400  	0,00420  
7,01816  	776,85024  	305,95803  	-244,98909  	25,86061  	0,04801  	0,14040  	85706,53851  	0,20529  	0,14795  	1,15983  	1,15702  	464,76566  	89274,04131  	60,58929  	25295332,54600  	2,37824  	323,34222  	NaN  	NaN  	0,00405  	0,00495  	0,00395  	0,00670  	1327,62170  	0,00399  	0,00420  
8,01981  	1327,82048  	779,82484  	779,86787  	25,86170  	0,04936  	0,14040  	19553,57971  	0,20444  	0,14780  	1,15981  	1,15701  	57148820,11893  	249,86074  	60,33676  	5771021,78837  	0,21307  	0,03805  	NaN  	NaN  	0,00405  	0,00495  	0,00396  	0,00670  	302,89430  	0,00400  	0,00420  
9,02020  	300,10922  	1327,75450  	1327,82053  	25,86127  	0,04601  	0,14071  	-15815,93170  	0,20545  	0,14729  	1,16239  	1,15958  	356978181,57714  	0,01978  	60,63595  	-4667896,50935  	330,64054  	0,00361  	-Inf  	-Inf  	0,00405  	0,00495  	0,00396  	0,00670  	-244,98909  	0,00399  	0,00419  
10,02022  	785,93868  	1327,75450  	296,89273  	25,86068  	0,04879  	0,14044  	50728,89080  	0,20310  	0,14727  	1,16011  	1,15731  	43313018,57649  	183784,95423  	59,94209  	14972068,46634  	2,24250  	0,03145  	NaN  	NaN  	0,00404  	0,00494  	0,00395  	0,00670  	785,80838  	0,00400  	0,00419  
11,02302  	294,99629  	294,97364  	-244,98909  	25,86207  	0,04725  	0,14028  	85706,53851  	0,20469  	0,14825  	1,15879  	1,15599  	166,90046  	157,71651  	60,41260  	25295332,54600  	367,63058  	281,38584  	NaN  	NaN  	0,00405  	0,00495  	0,00395  	0,00669  	1327,62170  	0,00399  	0,00420  
12,02412  	-244,98909  	-244,98909  	789,91964  	25,86293  	0,04450  	0,14013  	18904,75311  	0,20435  	0,14773  	1,15759  	1,15479  	7884,78140  	2107,78832  	60,31103  	5579527,82758  	24,94987  	5,03858  	NaN  	NaN  	0,00405  	0,00495  	0,00394  	0,00669  	292,84380  	0,00398  	0,00420  
13,02465  	-244,98909  	792,52598  	290,26190  	25,86257  	0,04915  	0,14050  	51156,90073  	0,20619  	0,14727  	1,16065  	1,15784  	1060613,00906  	1129,84703  	60,85610  	15098390,84075  	24,87315  	0,19409  	-Inf  	-Inf  	0,00405  	0,00496  	0,00395  	0,00670  	792,43838  	0,00400  	0,00419  
14,02713  	797,69169  	285,11746  	-244,98909  	25,86277  	0,04981  	0,14016  	85706,53851  	0,20356  	0,14765  	1,15779  	1,15498  	476,70514  	106768,34516  	60,07993  	25295332,54600  	2,09833  	263,42553  	NaN  	NaN  	0,00405  	0,00494  	0,00395  	0,00669  	1327,62170  	0,00400  	0,00420  
15,02917  	1327,82048  	801,09461  	801,13853  	25,86257  	0,05223  	0,14019  	18180,59063  	0,20544  	0,14720  	1,15809  	1,15529  	67774552,28710  	269,87120  	60,63347  	5365799,31755  	0,21221  	0,03578  	NaN  	NaN  	0,00405  	0,00495  	0,00395  	0,00669  	281,62633  	0,00401  	0,00419  
16,02960  	1327,82048  	1327,75450  	1327,82053  	25,86330  	0,04956  	0,14026  	-15815,93170  	0,20516  	0,14725  	1,15868  	1,15587  	1694205923,99355  	385,01949  	60,55171  	-4667896,50935  	0,21228  	0,00388  	-Inf  	-Inf  	0,00405  	0,00495  	0,00395  	0,00669  	-244,98909  	0,00400  	0,00419  
17,03038  	1327,82048  	1327,75450  	1327,82053  	25,86377  	0,04729  	0,14081  	-15815,93170  	0,20760  	0,14742  	1,16319  	1,16038  	1696193479,28528  	367,39865  	61,26984  	-4667896,50935  	0,21252  	0,00371  	-Inf  	-Inf  	0,00405  	0,00496  	0,00395  	0,00670  	-244,98909  	0,00399  	0,00419  
18,03036  	270,57789  	270,55626  	270,57790  	25,86494  	0,04704  	0,14061  	52427,47277  	0,20407  	0,14719  	1,16158  	1,15877  	6730,40090  	0,00519  	60,22915  	15473386,06166  	599,80380  	5,52792  	-Inf  	-Inf  	0,00404  	0,00495  	0,00395  	0,00670  	812,11988  	0,00399  	0,00419  
19,03152  	813,82015  	813,77573  	813,82019  	25,86530  	0,04289  	0,14063  	85706,53851  	0,20388  	0,14713  	1,16174  	1,15893  	45389839,08544  	8,83492  	60,17219  	25295332,54600  	1,90578  	0,02744  	-Inf  	-Inf  	0,00405  	0,00495  	0,00395  	0,00670  	1327,62170  	0,00398  	0,00419  
20,03301  	1327,82048  	1327,75450  	1327,82053  	25,86487  	0,04649  	0,14053  	85706,53851  	0,20267  	0,14722  	1,16092  	1,15812  	1693853316,00006  	361,17222  	59,81650  	25295332,54600  	0,21223  	0,00364  	-Inf  	-Inf  	0,00405  	0,00494  	0,00395  	0,00670  	1327,62170  	0,00399  	0,00419  
21,03532  	1327,82048  	1327,75450  	1327,82053  	25,86557  	0,05161  	0,14070  	85706,53851  	0,20516  	0,14780  	1,16233  	1,15952  	1700596154,83533  	400,98127  	60,55076  	25295332,54600  	0,21308  	0,00404  	-Inf  	-Inf  	0,00405  	0,00495  	0,00396  	0,00670  	1327,62170  	0,00401  	0,00420  
22,03647  	1327,82048  	1327,75450  	1327,82053  	25,86609  	0,04800  	0,14052  	85706,53851  	0,20363  	0,14713  	1,16081  	1,15800  	1692820036,70383  	372,90608  	60,09941  	25295332,54600  	0,21210  	0,00376  	-Inf  	-Inf  	0,00404  	0,00494  	0,00395  	0,00670  	1327,62170  	0,00399  	0,00419  
23,03754  	1327,82048  	1327,75450  	1327,82053  	25,86689  	0,04645  	0,14055  	16464,56631  	0,20466  	0,14729  	1,16104  	1,15823  	1694689599,40939  	360,86258  	60,40307  	4859333,80706  	0,21233  	0,00364  	-Inf  	-Inf  	0,00404  	0,00495  	0,00395  	0,00670  	255,04464  	0,00399  	0,00419  
24,03771  	251,40634  	251,38551  	251,40635  	25,86692  	0,04388  	0,14003  	-15815,93170  	0,20281  	0,14679  	1,15677  	1,15397  	3527,49612  	0,00426  	59,85586  	-4667896,50935  	897,01515  	7,65885  	-Inf  	-Inf  	0,00404  	0,00494  	0,00396  	0,00669  	-244,98909  	0,00398  	0,00419  
25,03763  	833,32915  	833,28391  	833,32919  	25,86699  	0,04325  	0,14022  	-15815,93170  	0,20392  	0,14713  	1,15829  	1,15549  	54212896,25623  	10,65409  	60,18486  	-4667896,50935  	1,70821  	0,02495  	-Inf  	-Inf  	0,00405  	0,00495  	0,00396  	0,00669  	-244,98909  	0,00398  	0,00419  
26,03755  	1327,82048  	1327,75450  	1327,82053  	25,86752  	0,04543  	0,14083  	-15815,93170  	0,20373  	0,14690  	1,16332  	1,16051  	1690202596,22812  	352,97298  	60,12777  	-4667896,50935  	0,21177  	0,00356  	-Inf  	-Inf  	0,00405  	0,00495  	0,00395  	0,00670  	-244,98909  	0,00399  	0,00419  
27,03893  	1327,82048  	246,65056  	246,67120  	25,86782  	0,04780  	0,14075  	53970,61432  	0,20444  	0,14724  	1,16267  	1,15986  	17655,02833  	116,10233  	60,33917  	15928827,14330  	0,21226  	9,25766  	NaN  	NaN  	0,00405  	0,00495  	0,00395  	0,00670  	836,02357  	0,00399  	0,00419  
28,04037  	1327,82048  	-244,98909  	-244,98909  	25,86842  	0,05021  	0,14054  	85706,53851  	0,20592  	0,14717  	1,16099  	1,15818  	303640,57893  	0,00000  	60,77412  	25295332,54600  	0,21216  	0,97150  	Inf  	-Inf  	0,00405  	0,00496  	0,00395  	0,00670  	1327,62170  	0,00400  	0,00419  
29,04038  	1327,82048  	839,80233  	839,84787  	25,86877  	0,05081  	0,14001  	85706,53851  	0,20291  	0,14716  	1,15659  	1,15379  	91943812,89675  	272,27964  	59,88650  	25295332,54600  	0,21215  	0,02833  	NaN  	NaN  	0,00405  	0,00494  	0,00395  	0,00669  	1327,62170  	0,00400  	0,00419  
30,04037  	1327,82048  	238,90783  	238,92815  	25,86980  	0,04775  	0,14061  	85706,53851  	0,20364  	0,14725  	1,16154  	1,15874  	13828,50759  	114,14050  	60,10207  	25295332,54600  	0,21227  	11,02462  	NaN  	NaN  	0,00405  	0,00494  	0,00395  	0,00670  	1327,62170  	0,00399  	0,00419  
31,04159  	1327,82048  	845,55131  	-244,98909  	25,87068  	0,04340  	0,14051  	15310,85766  	0,20412  	0,14706  	1,16069  	1,15788  	78548,33370  	5568384,06659  	60,24228  	4518829,51902  	0,21200  	2,95521  	NaN  	NaN  	0,00405  	0,00495  	0,00395  	0,00670  	237,17338  	0,00398  	0,00419  
32,04170  	235,87990  	1327,75450  	846,95152  	25,87153  	0,04898  	0,14063  	54667,17499  	0,20368  	0,14725  	1,16172  	1,15892  	77472089,63280  	104,79699  	60,11505  	16134409,28553  	1241,76805  	0,00896  	-Inf  	-Inf  	0,00404  	0,00495  	0,00396  	0,00670  	846,81348  	0,00400  	0,00419  
33,04211  	848,71559  	234,09570  	234,11582  	25,87258  	0,04860  	0,14053  	85706,53851  	0,20321  	0,14761  	1,16092  	1,15811  	7499,44159  	6,02043  	59,97634  	25295332,54600  	1,57521  	12,56721  	NaN  	NaN  	0,00405  	0,00494  	0,00395  	0,00670  	1327,62170  	0,00400  	0,00420  
34,04364  	231,62939  	851,15601  	851,20204  	25,87413  	0,04906  	0,14029  	14949,06776  	0,20596  	0,14805  	1,15892  	1,15611  	15940991,42459  	0,00996  	60,78717  	4412051,24874  	1358,29636  	0,02580  	-Inf  	-Inf  	0,00405  	0,00496  	0,00395  	0,00669  	231,56915  	0,00400  	0,00420  
35,04368  	854,15461  	228,65691  	228,67680  	25,87520  	0,04992  	0,14063  	-15815,93170  	0,20403  	0,14679  	1,16167  	1,15887  	6277,30025  	6,38238  	60,21719  	-4667896,50935  	1,52117  	14,72549  	NaN  	NaN  	0,00404  	0,00495  	0,00395  	0,00670  	-244,98909  	0,00400  	0,00419  
36,04315  	1327,82048  	856,24597  	-244,98909  	25,87798  	0,04703  	0,14023  	-15815,93170  	0,20316  	0,14639  	1,15840  	1,15560  	89197,21148  	6093505,01627  	59,95925  	-4667896,50935  	0,21103  	2,92433  	NaN  	NaN  	0,00404  	0,00494  	0,00395  	0,00669  	-244,98909  	0,00399  	0,00419  
37,04437  	1327,82048  	224,88534  	857,92637  	25,87918  	0,04462  	0,14038  	55375,58468  	0,20429  	0,14752  	1,15961  	1,15681  	5107398,40536  	3323155,59515  	60,29316  	16343488,53366  	0,21266  	0,17617  	NaN  	NaN  	0,00405  	0,00495  	0,00395  	0,00670  	857,78694  	0,00398  	0,00420  
38,04510  	1327,82048  	860,39444  	1327,82053  	25,88122  	0,05072  	0,14060  	14352,71602  	0,20541  	0,14818  	1,16148  	1,15867  	502668997,21725  	2789336,34457  	60,62495  	4236044,65878  	0,21361  	0,00904  	-Inf  	-Inf  	0,00405  	0,00495  	0,00395  	0,00670  	222,33150  	0,00400  	0,00420  
39,04595  	1327,82048  	220,41462  	1327,82053  	25,88273  	0,04867  	0,14088  	-15815,93170  	0,20416  	0,14729  	1,16381  	1,16100  	54286594,73228  	6341920,15648  	60,25507  	-4667896,50935  	0,21232  	0,03875  	-Inf  	-Inf  	0,00405  	0,00495  	0,00395  	0,00670  	-244,98909  	0,00400  	0,00419  
40,04619  	1327,82048  	863,81556  	218,96933  	25,88445  	0,04693  	0,14086  	55758,72774  	0,20543  	0,14773  	1,16358  	1,16077  	5113801,85438  	3560616,43250  	60,62932  	16456568,95208  	0,21296  	0,18532  	NaN  	NaN  	0,00405  	0,00495  	0,00395  	0,00670  	863,72193  	0,00399  	0,00420  
41,04749  	216,34321  	216,32386  	-244,98909  	25,88584  	0,04240  	0,14056  	13962,36788  	0,20372  	0,14744  	1,16116  	1,15836  	121,59176  	84,35873  	60,12717  	4120837,74338  	1783,33798  	84,39598  	NaN  	NaN  	0,00405  	0,00495  	0,00395  	0,00670  	216,28490  	0,00398  	0,00419  
42,04767  	868,31276  	868,26605  	868,31279  	25,88828  	0,04106  	0,14044  	56046,01239  	0,20370  	0,14765  	1,16018  	1,15737  	73998595,44277  	13,78900  	60,11874  	16541357,82298  	1,41873  	0,01980  	-Inf  	-Inf  	0,00405  	0,00495  	0,00395  	0,00670  	868,17205  	0,00397  	0,00420  
43,04917  	1327,82048  	210,88318  	1327,82053  	25,88994  	0,04285  	0,13932  	13611,16558  	0,20205  	0,14756  	1,15089  	1,14809  	52247314,67931  	5631714,03836  	59,63237  	4017184,28705  	0,21271  	0,03506  	-Inf  	-Inf  	0,00405  	0,00494  	0,00395  	0,00667  	210,84468  	0,00398  	0,00420  
44,05034  	209,68557  	-244,98909  	209,68558  	25,89104  	0,04409  	0,14017  	-15815,93170  	0,20328  	0,14693  	1,15794  	1,15514  	118,53673  	85,89893  	59,99652  	-4667896,50935  	1967,75268  	79,40116  	NaN  	NaN  	0,00405  	0,00494  	0,00395  	0,00669  	-244,98909  	0,00398  	0,00419  
45,05344  	-244,98909  	876,24916  	876,29624  	25,89271  	0,04860  	0,14035  	-15815,93170  	0,20460  	0,14744  	1,15942  	1,15662  	25202963,13965  	0,10467  	60,38502  	-4667896,50935  	24,90887  	0,02252  	-Inf  	-Inf  	0,00405  	0,00495  	0,00395  	0,00669  	-244,98909  	0,00400  	0,00419  
46,05457  	881,94514  	1327,75450  	200,88627  	25,89404  	0,04967  	0,14073  	-15815,93170  	0,20464  	0,14772  	1,16253  	1,15972  	32953278,81373  	446530,46582  	60,39696  	-4667896,50935  	1,32168  	0,04182  	NaN  	NaN  	0,00405  	0,00495  	0,00395  	0,00670  	-244,98909  	0,00400  	0,00420  
47,05555  	196,98077  	196,96222  	-244,98909  	25,89526  	0,05000  	0,14024  	-15815,93170  	0,20494  	0,14744  	1,15851  	1,15570  	114,92788  	93,91260  	60,48457  	-4667896,50935  	2298,90148  	74,40840  	NaN  	NaN  	0,00405  	0,00495  	0,00395  	0,00669  	-244,98909  	0,00400  	0,00419  
48,05614  	888,86763  	888,82006  	888,86767  	25,89596  	0,04832  	0,14056  	57372,79832  	0,20391  	0,14709  	1,16112  	1,15831  	87788609,77154  	19,34361  	60,18149  	16932943,94919  	1,26986  	0,02105  	-Inf  	-Inf  	0,00405  	0,00495  	0,00395  	0,00670  	888,72433  	0,00399  	0,00419  
49,05726  	1327,82048  	1327,75450  	191,29217  	25,89780  	0,04326  	0,14032  	85706,53851  	0,20446  	0,14736  	1,15912  	1,15632  	47986286,11889  	5785275,22294  	60,34425  	25295332,54600  	0,21241  	0,03745  	NaN  	NaN  	0,00405  	0,00495  	0,00395  	0,00669  	1327,62170  	0,00398  	0,00419  
50,05767  	1327,82048  	187,08332  	895,72998  	25,89880  	0,04788  	0,14020  	85706,53851  	0,20434  	0,14817  	1,15819  	1,15538  	5129836,51146  	3992911,29155  	60,31012  	25295332,54600  	0,21358  	0,18908  	NaN  	NaN  	0,00405  	0,00495  	0,00395  	0,00669  	1327,62170  	0,00399  	0,00420  
51,05917  	1327,82048  	-244,98909  	184,78845  	25,89939  	0,04840  	0,14022  	85706,53851  	0,20571  	0,14731  	1,15836  	1,15555  	921,32909  	2447745,61988  	60,71293  	25295332,54600  	0,21234  	60,12402  	Inf  	-Inf  	0,00405  	0,00495  	0,00395  	0,00669  	1327,62170  	0,00400  	0,00419  
52,06033  	1327,82048  	899,62398  	899,67204  	25,90105  	0,04454  	0,14049  	11820,40281  	0,20493  	0,14884  	1,16059  	1,15778  	144835329,03596  	251,90740  	60,48283  	3488660,55126  	0,21455  	0,01842  	NaN  	NaN  	0,00405  	0,00495  	0,00395  	0,00670  	183,10528  	0,00398  	0,00420  
53,06100  	1327,82048  	1327,75450  	180,04361  	25,90184  	0,04854  	0,14013  	58271,32369  	0,20477  	0,14710  	1,15757  	1,15477  	45640239,22387  	6555988,30041  	60,43470  	17198133,72872  	0,21204  	0,04342  	NaN  	NaN  	0,00405  	0,00495  	0,00395  	0,00669  	902,64273  	0,00400  	0,00419  
54,06319  	177,42083  	177,40311  	905,41060  	25,90250  	0,04700  	0,14043  	85706,53851  	0,20555  	0,14664  	1,16003  	1,15723  	590846,81927  	144,42637  	60,66563  	25295332,54600  	2553,71547  	0,18559  	-Inf  	-Inf  	0,00405  	0,00495  	0,00395  	0,00670  	1327,62170  	0,00399  	0,00419  
55,06450  	909,26285  	-244,98909  	1327,82053  	25,90410  	0,04988  	0,14039  	85706,53851  	0,20553  	0,14642  	1,15973  	1,15693  	3439898,11419  	768157,22250  	60,66017  	25295332,54600  	1,13972  	0,19695  	NaN  	NaN  	0,00404  	0,00495  	0,00395  	0,00670  	1327,62170  	0,00400  	0,00419  
56,06466  	169,65214  	913,13066  	169,65215  	25,90449  	0,04556  	0,14025  	10948,53019  	0,20468  	0,14676  	1,15857  	1,15577  	560894,51865  	142,74639  	60,40998  	3231337,03431  	2567,87140  	0,17993  	-Inf  	-Inf  	0,00405  	0,00495  	0,00395  	0,00669  	169,59973  	0,00399  	0,00419  
57,06587  	916,22357  	1327,75450  	916,22361  	25,90479  	0,04046  	0,14017  	59138,58299  	0,20269  	0,14804  	1,15789  	1,15509  	402819517,07186  	171555,69640  	59,82166  	17454095,67406  	1,11307  	0,00648  	-Inf  	-Inf  	0,00405  	0,00494  	0,00395  	0,00669  	916,07681  	0,00397  	0,00420  
58,06557  	1327,82048  	1327,75450  	164,39384  	25,90667  	0,04330  	0,14044  	85706,53851  	0,20502  	0,14748  	1,16016  	1,15735  	42748895,41720  	5927256,97203  	60,50916  	25295332,54600  	0,21258  	0,04055  	NaN  	NaN  	0,00404  	0,00495  	0,00395  	0,00670  	1327,62170  	0,00398  	0,00420  
59,06521  	161,73947  	1327,75450  	-244,98909  	25,90787  	0,04358  	0,13999  	85706,53851  	0,20448  	0,14727  	1,15642  	1,15362  	531794,50695  	288,46742  	60,35083  	25295332,54600  	2542,12616  	0,17213  	NaN  	NaN  	0,00405  	0,00495  	0,00395  	0,00669  	1327,62170  	0,00398  	0,00419  
60,06701  	-244,98909  	1327,75450  	-244,98909  	25,90866  	0,04566  	0,14050  	10372,27404  	0,20568  	0,14727  	1,16065  	1,15785  	1060643,06667  	3284,17471  	60,70412  	3061261,43589  	24,88502  	0,18032  	-Inf  	-Inf  	0,00405  	0,00495  	0,00395  	0,00670  	160,67337  	0,00399  	0,00419  
61,06888  	922,66474  	1327,75450  	-244,98909  	25,90839  	0,05114  	0,14012  	59554,35018  	0,20413  	0,14777  	1,15749  	1,15469  	3522821,56578  	868453,68677  	60,24783  	17576804,74134  	1,07613  	0,20196  	NaN  	NaN  	0,00405  	0,00495  	0,00395  	0,00669  	922,51716  	0,00400  	0,00420  
62,07073  	157,94138  	1327,75450  	924,89005  	25,90905  	0,04100  	0,14059  	85706,53851  	0,20404  	0,14791  	1,16135  	1,15854  	61156491,99061  	69,46864  	60,22073  	25295332,54600  	2522,92789  	0,00646  	-Inf  	-Inf  	0,00405  	0,00495  	0,00395  	0,00670  	1327,62170  	0,00397  	0,00420  
63,07195  	929,75211  	1327,75450  	153,07929  	25,90933  	0,04466  	0,14032  	9878,77733  	0,20337  	0,14798  	1,15915  	1,15635  	28335859,89620  	596208,85144  	60,02102  	2915611,36335  	1,04083  	0,04325  	NaN  	NaN  	0,00405  	0,00494  	0,00395  	0,00669  	153,02897  	0,00398  	0,00420  
64,07324  	149,15623  	149,13970  	933,67520  	25,91075  	0,04686  	0,13985  	60265,05617  	0,20587  	0,14769  	1,15528  	1,15248  	484046,38658  	154,45364  	60,75964  	17786561,71558  	2425,15828  	0,18503  	-Inf  	-Inf  	0,00405  	0,00496  	0,00395  	0,00669  	933,52619  	0,00399  	0,00420  
65,07416  	936,58057  	-244,98909  	1327,82053  	25,91253  	0,04910  	0,14076  	85706,53851  	0,20587  	0,14786  	1,16277  	1,15997  	3581306,09883  	921678,09554  	60,76134  	25295332,54600  	1,00606  	0,19387  	NaN  	NaN  	0,00405  	0,00496  	0,00395  	0,00670  	1327,62170  	0,00400  	0,00420  
66,07485  	1327,82048  	-244,98909  	1327,82053  	25,91272  	0,04557  	0,14053  	85706,53851  	0,20542  	0,14894  	1,16090  	1,15810  	5157114,90737  	8434837,17717  	60,62791  	25295332,54600  	0,21468  	0,17993  	NaN  	NaN  	0,00405  	0,00495  	0,00395  	0,00670  	1327,62170  	0,00399  	0,00420  
67,07602  	1327,82048  	944,62611  	1327,82053  	25,91324  	0,04977  	0,14037  	85706,53851  	0,20564  	0,14816  	1,15958  	1,15677  	638491958,78984  	2244156,55603  	60,69138  	25295332,54600  	0,21356  	0,00755  	-Inf  	-Inf  	0,00404  	0,00495  	0,00395  	0,00670  	1327,62170  	0,00400  	0,00420  
68,07543  	1327,82048  	136,15810  	1327,82053  	25,91451  	0,04312  	0,14107  	85706,53851  	0,20524  	0,14795  	1,16531  	1,16250  	37869369,87925  	6046507,04361  	60,57342  	25295332,54600  	0,21325  	0,04392  	-Inf  	-Inf  	0,00405  	0,00495  	0,00395  	0,00671  	1327,62170  	0,00398  	0,00420  
69,07516  	135,25059  	947,53077  	135,25060  	25,91521  	0,04405  	0,14043  	8727,96219  	0,20593  	0,14799  	1,16005  	1,15725  	430204,83338  	150,10002  	60,77786  	2575961,06447  	2242,12483  	0,17396  	-Inf  	-Inf  	0,00404  	0,00496  	0,00395  	0,00670  	135,20253  	0,00398  	0,00420  
70,07678  	-244,98909  	1327,75450  	-244,98909  	25,91544  	0,04815  	0,14043  	-15815,93170  	0,20665  	0,14872  	1,16005  	1,15725  	1071070,30554  	3463,16075  	60,98935  	-4667896,50935  	25,13081  	0,19017  	-Inf  	-Inf  	0,00405  	0,00496  	0,00395  	0,00670  	-244,98909  	0,00399  	0,00420  
71,07715  	951,69332  	1327,75450  	-244,98909  	25,91584  	0,04519  	0,14060  	61428,10107  	0,20557  	0,14765  	1,16147  	1,15867  	3633916,63723  	943754,29967  	60,67204  	18129821,49514  	0,93428  	0,17847  	NaN  	NaN  	0,00405  	0,00495  	0,00396  	0,00670  	951,54207  	0,00398  	0,00420  
72,07899  	1327,82048  	129,98212  	-244,98909  	25,91691  	0,05054  	0,14026  	85706,53851  	0,20483  	0,14691  	1,15863  	1,15582  	1541,13253  	2230097,73087  	60,45317  	25295332,54600  	0,21176  	29,07884  	NaN  	NaN  	0,00405  	0,00495  	0,00395  	0,00669  	1327,62170  	0,00400  	0,00419  
73,07988  	1327,82048  	956,18086  	956,23129  	25,91709  	0,05024  	0,14026  	85706,53851  	0,20533  	0,14693  	1,15863  	1,15582  	211345290,97691  	298,16630  	60,60110  	25295332,54600  	0,21179  	0,01596  	NaN  	NaN  	0,00404  	0,00495  	0,00395  	0,00669  	1327,62170  	0,00400  	0,00419  
74,07928  	1327,82048  	1327,75450  	1327,82053  	25,91802  	0,04830  	0,14061  	85706,53851  	0,20468  	0,14833  	1,16150  	1,15870  	1706645889,68741  	375,37473  	60,40805  	25295332,54600  	0,21380  	0,00379  	-Inf  	-Inf  	0,00405  	0,00495  	0,00395  	0,00670  	1327,62170  	0,00399  	0,00420  
75,08035  	1327,82048  	120,70678  	120,72214  	25,91820  	0,04425  	0,14003  	7790,17204  	0,20568  	0,14791  	1,15678  	1,15398  	829,74315  	79,94889  	60,70440  	2299182,71966  	0,21320  	542,15081  	NaN  	NaN  	0,00405  	0,00495  	0,00395  	0,00669  	120,67590  	0,00398  	0,00420  
76,08210  	117,65272  	-244,98909  	965,17871  	25,92034  	0,05148  	0,14065  	-15815,93170  	0,20417  	0,14740  	1,16191  	1,15910  	21047,66928  	260,91791  	60,25760  	-4667896,50935  	1981,54843  	1,40365  	NaN  	NaN  	0,00405  	0,00495  	0,00395  	0,00670  	-244,98909  	0,00401  	0,00419  
77,08376  	967,93500  	967,88411  	1327,82053  	25,92039  	0,05070  	0,13989  	62476,47688  	0,20408  	0,14769  	1,15562  	1,15282  	491160598,80339  	271221,93194  	60,23138  	18439237,96799  	0,86568  	0,00737  	-Inf  	-Inf  	0,00405  	0,00495  	0,00395  	0,00669  	967,78170  	0,00400  	0,00420  
78,08421  	111,95392  	111,93895  	111,95393  	25,92082  	0,04615  	0,13988  	85706,53851  	0,20535  	0,14758  	1,15552  	1,15272  	53,98362  	0,00290  	60,60693  	25295332,54600  	1904,87289  	712,54888  	-Inf  	-Inf  	0,00405  	0,00495  	0,00395  	0,00669  	1327,62170  	0,00399  	0,00420  
79,08609  	974,56745  	974,51629  	974,56749  	25,92149  	0,04614  	0,14018  	6986,01511  	0,20343  	0,14783  	1,15797  	1,15517  	174940498,17669  	36,74223  	60,03923  	2061844,73649  	0,84020  	0,01351  	-Inf  	-Inf  	0,00404  	0,00494  	0,00395  	0,00669  	108,21929  	0,00399  	0,00420  
80,08700  	1327,82048  	106,42866  	106,44341  	25,92151  	0,04937  	0,13985  	-15815,93170  	0,20548  	0,14769  	1,15524  	1,15243  	813,73650  	85,72935  	60,64414  	-4667896,50935  	0,21287  	830,10126  	NaN  	NaN  	0,00405  	0,00495  	0,00395  	0,00669  	-244,98909  	0,00400  	0,00420  
81,08783  	1327,82048  	-244,98909  	-244,98909  	25,92110  	0,05154  	0,13994  	63242,94176  	0,20446  	0,14790  	1,15603  	1,15323  	305128,71540  	0,00000  	60,34491  	18665451,56174  	0,21317  	0,99736  	Inf  	-Inf  	0,00405  	0,00495  	0,00395  	0,00669  	979,65445  	0,00401  	0,00420  
82,08742  	1327,82048  	982,30363  	982,35516  	25,92186  	0,04760  	0,14018  	85706,53851  	0,20487  	0,14768  	1,15799  	1,15518  	252337590,72342  	288,68957  	60,46393  	25295332,54600  	0,21286  	0,01347  	NaN  	NaN  	0,00404  	0,00495  	0,00395  	0,00669  	1327,62170  	0,00399  	0,00420  
83,08749  	1327,82048  	1327,75450  	1327,82053  	25,92420  	0,04980  	0,14024  	85706,53851  	0,20448  	0,14797  	1,15844  	1,15564  	1702444550,35634  	387,02678  	60,35089  	25295332,54600  	0,21328  	0,00390  	-Inf  	-Inf  	0,00404  	0,00495  	0,00395  	0,00669  	1327,62170  	0,00400  	0,00420  
84,08838  	1327,82048  	1327,75450  	1327,82053  	25,92330  	0,04801  	0,14047  	6166,72044  	0,20562  	0,14786  	1,16036  	1,15756  	1701158641,89202  	373,08784  	60,68624  	1820039,01955  	0,21311  	0,00376  	-Inf  	-Inf  	0,00405  	0,00495  	0,00395  	0,00670  	95,52820  	0,00399  	0,00420  
85,09032  	1327,82048  	1327,75450  	1327,82053  	25,92326  	0,04588  	0,14071  	63788,06631  	0,20613  	0,14805  	1,16239  	1,15958  	1703403172,21038  	356,52224  	60,83655  	18826339,01518  	0,21340  	0,00360  	-Inf  	-Inf  	0,00405  	0,00496  	0,00395  	0,00670  	988,09858  	0,00399  	0,00420  
86,09181  	1327,82048  	1327,75450  	91,39034  	25,92386  	0,04812  	0,14031  	85706,53851  	0,20491  	0,14799  	1,15910  	1,15629  	30905876,79007  	7001735,41590  	60,47652  	25295332,54600  	0,21330  	0,05625  	NaN  	NaN  	0,00405  	0,00495  	0,00395  	0,00669  	1327,62170  	0,00399  	0,00420  
87,09224  	88,52309  	88,50910  	-244,98909  	25,92474  	0,04682  	0,14053  	85706,53851  	0,20567  	0,14776  	1,16090  	1,15809  	142,89216  	65,29849  	60,70192  	25295332,54600  	1604,26182  	15,94037  	NaN  	NaN  	0,00404  	0,00495  	0,00395  	0,00670  	1327,62170  	0,00399  	0,00420  
88,09255  	-244,98909  	999,13089  	-244,98909  	25,92544  	0,04378  	0,14064  	5397,11341  	0,20552  	0,14731  	1,16176  	1,15895  	86459,37583  	2490,42377  	60,65717  	1592898,05556  	24,89565  	0,95240  	-Inf  	-Inf  	0,00405  	0,00495  	0,00395  	0,00670  	83,60677  	0,00398  	0,00419  
89,09380  	1001,99950  	1327,75450  	-244,98909  	25,92669  	0,04741  	0,13997  	-15815,93170  	0,20470  	0,14805  	1,15624  	1,15344  	3841717,09209  	1394096,42533  	60,41466  	-4667896,50935  	0,74249  	0,18723  	NaN  	NaN  	0,00405  	0,00495  	0,00395  	0,00669  	-244,98909  	0,00399  	0,00420  
90,09492  	1327,82048  	78,98666  	1003,83118  	25,92661  	0,04460  	0,14001  	-15815,93170  	0,20517  	0,14830  	1,15660  	1,15379  	5134394,40343  	4853813,65406  	60,55255  	-4667896,50935  	0,21375  	0,17608  	NaN  	NaN  	0,00404  	0,00495  	0,00395  	0,00669  	-244,98909  	0,00398  	0,00420  
91,09443  	76,55750  	1006,22140  	76,55751  	25,92789  	0,04753  	0,14037  	-15815,93170  	0,20632  	0,14801  	1,15953  	1,15673  	199240,91549  	184,76209  	60,89377  	-4667896,50935  	1463,57291  	0,18770  	-Inf  	-Inf  	0,00405  	0,00496  	0,00395  	0,00670  	-244,98909  	0,00399  	0,00420  
92,09458  	1007,53812  	1327,75450  	1007,53816  	25,92724  	0,04870  	0,14039  	65032,79807  	0,20599  	0,14826  	1,15975  	1,15695  	572433238,57369  	302442,26686  	60,79585  	19193707,76435  	0,72535  	0,00658  	-Inf  	-Inf  	0,00405  	0,00496  	0,00395  	0,00670  	1007,37982  	0,00400  	0,00420  
93,09427  	1327,82048  	1327,75450  	73,16028  	25,92900  	0,04225  	0,13978  	4720,12620  	0,20541  	0,14796  	1,15471  	1,15191  	28389229,85447  	6238461,03873  	60,62373  	1393092,80137  	0,21326  	0,05230  	NaN  	NaN  	0,00405  	0,00495  	0,00395  	0,00668  	73,12006  	0,00398  	0,00420  
94,09441  	1327,82048  	72,32710  	1010,49102  	25,92825  	0,04716  	0,14056  	65223,40065  	0,20577  	0,14794  	1,16109  	1,15829  	5122167,97104  	5207032,98111  	60,73138  	19249961,99674  	0,21324  	0,18622  	NaN  	NaN  	0,00405  	0,00495  	0,00395  	0,00670  	1010,33230  	0,00399  	0,00420  
95,09461  	1327,82048  	-244,98909  	70,89426  	25,92894  	0,04783  	0,14047  	85706,53851  	0,20458  	0,14799  	1,16042  	1,15761  	4038,82060  	1778022,56148  	60,37884  	25295332,54600  	0,21330  	13,22939  	Inf  	-Inf  	0,00404  	0,00495  	0,00395  	0,00670  	1327,62170  	0,00399  	0,00420  
96,09587  	1327,82048  	-244,98909  	1012,88106  	25,93008  	0,04403  	0,14032  	85706,53851  	0,20484  	0,14781  	1,15917  	1,15637  	474245,44737  	6518554,29425  	60,45484  	25295332,54600  	0,21305  	0,87720  	Inf  	-Inf  	0,00405  	0,00495  	0,00395  	0,00669  	1327,62170  	0,00398  	0,00420  
97,09678  	1327,82048  	1014,21113  	68,56744  	25,93030  	0,04586  	0,14068  	85706,53851  	0,20576  	0,14805  	1,16216  	1,15935  	5124719,07047  	5103488,25179  	60,72684  	25295332,54600  	0,21339  	0,18110  	NaN  	NaN  	0,00405  	0,00495  	0,00395  	0,00670  	1327,62170  	0,00399  	0,00420  
98,09660  	1327,82048  	65,72290  	1017,09550  	25,93030  	0,04932  	0,14040  	4240,89705  	0,20678  	0,14818  	1,15978  	1,15697  	5130197,43938  	5522204,15732  	61,02806  	1251653,64196  	0,21357  	0,19474  	NaN  	NaN  	0,00405  	0,00496  	0,00396  	0,00670  	65,69667  	0,00400  	0,00420  
99,09749  	63,91637  	-244,98909  	1327,82053  	25,93106  	0,04568  	0,14042  	-15815,93170  	0,20603  	0,14788  	1,15997  	1,15717  	149401,92669  	300,45817  	60,80614  	-4667896,50935  	1316,20505  	0,18037  	NaN  	NaN  	0,00405  	0,00496  	0,00394  	0,00670  	-244,98909  	0,00399  	0,00420  
100,09728  	1021,31457  	-244,98909  	61,51683  	25,93099  	0,04776  	0,14039  	-15815,93170  	0,20543  	0,14744  	1,15972  	1,15692  	3625,40557  	310566,73086  	60,63134  	-4667896,50935  	0,67864  	11,86872  	Inf  	-Inf  	0,00405  	0,00495  	0,00395  	0,00670  	-244,98909  	0,00399  	0,00419  
101,09848  	60,33763  	1022,44058  	-244,98909  	25,93144  	0,04107  	0,14045  	65998,16203  	0,20587  	0,14841  	1,16023  	1,15743  	13741,14614  	217,68109  	60,76106  	19478624,20931  	1280,04386  	0,77050  	NaN  	NaN  	0,00405  	0,00496  	0,00395  	0,00670  	1022,33357  	0,00397  	0,00420  
102,10019  	1025,76812  	57,05060  	-244,98909  	25,93181  	0,04824  	0,14049  	85706,53851  	0,20454  	0,14772  	1,16052  	1,15772  	3945,33036  	318144,64386  	60,36671  	25295332,54600  	0,66679  	11,40168  	NaN  	NaN  	0,00405  	0,00495  	0,00395  	0,00670  	1327,62170  	0,00399  	0,00420  
103,10169  	1327,82048  	-244,98909  	-244,98909  	25,93162  	0,04925  	0,14002  	3538,12193  	0,20520  	0,14767  	1,15670  	1,15390  	304647,36720  	0,00000  	60,56314  	1044237,37538  	0,21283  	0,95297  	Inf  	-Inf  	0,00405  	0,00495  	0,00395  	0,00669  	54,81049  	0,00400  	0,00420  
104,10354  	53,12924  	1029,64867  	1029,70219  	25,93207  	0,04731  	0,14028  	66463,45257  	0,20599  	0,14733  	1,15878  	1,15597  	7099390,80548  	0,01059  	60,79640  	19615949,54469  	1189,92135  	0,01093  	-Inf  	-Inf  	0,00405  	0,00496  	0,00395  	0,00669  	1029,54104  	0,00399  	0,00419  
