11/14/2024 16:18:58Time	T_hot_in(C)	T_cold_in(C)	T_cold_out(C)	T_hot_out(C)	mdot_cold(kg/s)	ASFASIFUAS(kg/s)	Diferencial_cold(bar)	Diferencial_hot(bar)	mdot_hot(kg/s)	ABS_cold(bar)	ABS_hot(bar)	q_cold(kW)	q_hot(kW)	ASFASYFY	Tau_cold_haste	Re_hot	Re_cold	U_global	PSIG_cold(bar)	R_fouling	PSIG_hot(bar)	PSID_hot(bar)	m_dot_hot	PSID_cold(bar)	m_dot_cold
2,02527  	0,00000  	0,00000  	0,00000  	0,00000  	-1,18512  	-0,20833  	-0,25900  	-0,86180  	-3,02442  	-1,72343  	-1,72415  	-0,00000  	-0,00000  	-254,35069  	-76,44127  	-9234,48090  	-3618,55272  	NaN  	NaN  	0,00000  	0,00000  	0,00000  	0,00000  	0,00000  	0,00000  	0,00000  
3,02656  	1327,82048  	-244,98909  	-244,98909  	26,26798  	0,04179  	0,21365  	-15815,93170  	0,30871  	0,18493  	1,76538  	1,76214  	381421,44116  	0,00000  	91,11150  	-4667896,50935  	0,26624  	0,80869  	Inf  	-Inf  	0,00405  	0,00543  	0,00395  	0,00810  	-244,98909  	0,00397  	0,00424  
4,02743  	199,15168  	883,63236  	-244,98909  	26,26843  	0,04412  	0,23890  	-15815,93170  	0,34658  	0,18957  	1,97422  	1,97083  	21230,35943  	211,89747  	102,29020  	-4667896,50935  	2881,19824  	2,19368  	NaN  	NaN  	0,00405  	0,00561  	0,00395  	0,00859  	-244,98909  	0,00398  	0,00425  
5,02735  	-244,98909  	308,04634  	-244,98909  	26,26953  	0,04914  	0,23962  	-15815,93170  	0,34169  	0,19603  	1,98012  	1,97672  	222,43056  	1235,33608  	100,84455  	-4667896,50935  	33,24868  	338,42859  	-Inf  	-Inf  	0,00405  	0,00559  	0,00395  	0,00860  	-244,98909  	0,00400  	0,00426  
6,02720  	-244,98909  	777,82876  	777,87171  	26,27105  	0,04584  	0,23846  	50208,17777  	0,34269  	0,19680  	1,97054  	1,96715  	15592661,49316  	0,08948  	101,14119  	14818385,80114  	33,37909  	0,03573  	-Inf  	-Inf  	0,00404  	0,00559  	0,00395  	0,00858  	777,74240  	0,00399  	0,00426  
7,02884  	779,53907  	303,26932  	303,29234  	26,27150  	0,04949  	0,23908  	85706,53851  	0,34312  	0,19693  	1,97567  	1,97227  	65545,63184  	3,95104  	101,26817  	25295332,54600  	3,10734  	3,20157  	NaN  	NaN  	0,00405  	0,00559  	0,00395  	0,00859  	1327,62170  	0,00400  	0,00426  
8,03355  	301,26932  	-244,98909  	-244,98909  	26,27330  	0,04860  	0,23933  	19444,21923  	0,34345  	0,19669  	1,97774  	1,97434  	85714,29094  	0,00000  	101,36404  	5738745,25763  	428,36801  	0,94033  	Inf  	-Inf  	0,00405  	0,00559  	0,00395  	0,00860  	301,20028  	0,00400  	0,00426  
9,03387  	786,09935  	-244,98909  	-244,98909  	26,27418  	0,04653  	0,23935  	50739,26155  	0,34483  	0,19685  	1,97787  	1,97447  	237024,17148  	0,00000  	101,77288  	14975129,27559  	2,98729  	0,90033  	Inf  	-Inf  	0,00405  	0,00560  	0,00395  	0,00860  	785,96903  	0,00399  	0,00426  
10,03583  	1327,82048  	791,67756  	791,72109  	26,27454  	0,04880  	0,23912  	85706,53851  	0,34439  	0,19643  	1,97604  	1,97265  	83738531,66756  	250,37801  	101,64419  	25295332,54600  	0,28279  	0,03521  	NaN  	NaN  	0,00405  	0,00560  	0,00395  	0,00859  	1327,62170  	0,00400  	0,00426  
11,03633  	287,34163  	1327,75450  	1327,82053  	26,27632  	0,03905  	0,23817  	85706,53851  	0,34157  	0,19653  	1,96812  	1,96474  	453415393,81374  	0,01491  	100,81188  	25295332,54600  	562,73529  	0,00306  	-Inf  	-Inf  	0,00405  	0,00559  	0,00395  	0,00857  	1327,62170  	0,00396  	0,00426  
12,03721  	798,83597  	1327,75450  	1327,82053  	26,27807  	0,05073  	0,23903  	85706,53851  	0,34320  	0,19647  	1,97523  	1,97183  	1341397849,91853  	13,72843  	101,29072  	25295332,54600  	2,76706  	0,00398  	-Inf  	-Inf  	0,00405  	0,00559  	0,00395  	0,00859  	1327,62170  	0,00400  	0,00426  
13,03693  	1327,82048  	281,35367  	281,37577  	26,27875  	0,04414  	0,23931  	85706,53851  	0,34558  	0,19626  	1,97755  	1,97416  	64235,37627  	114,98975  	101,99529  	25295332,54600  	0,28255  	4,21735  	NaN  	NaN  	0,00405  	0,00560  	0,00395  	0,00859  	1327,62170  	0,00398  	0,00426  
14,03722  	1327,82048  	-244,98909  	-244,98909  	26,27959  	0,04547  	0,23889  	85706,53851  	0,34427  	0,19681  	1,97410  	1,97070  	405922,41081  	0,00000  	101,60692  	25295332,54600  	0,28334  	0,87974  	Inf  	-Inf  	0,00405  	0,00560  	0,00395  	0,00859  	1327,62170  	0,00399  	0,00426  
15,03911  	277,49825  	805,28908  	-244,98909  	26,28017  	0,04417  	0,23953  	85706,53851  	0,34553  	0,19708  	1,97937  	1,97597  	12049,04808  	248,35415  	101,97809  	25295332,54600  	689,49432  	4,31771  	NaN  	NaN  	0,00404  	0,00560  	0,00395  	0,00860  	1327,62170  	0,00398  	0,00426  
16,04002  	-244,98909  	275,59344  	-244,98909  	26,28112  	0,04932  	0,23879  	85706,53851  	0,34321  	0,19669  	1,97330  	1,96991  	223,24100  	1166,92802  	101,29503  	25295332,54600  	33,36465  	230,96138  	-Inf  	-Inf  	0,00404  	0,00559  	0,00395  	0,00858  	1327,62170  	0,00400  	0,00426  
17,04027  	810,25457  	810,21030  	810,25461  	26,28133  	0,04809  	0,23948  	85706,53851  	0,34408  	0,19689  	1,97894  	1,97555  	58739585,35670  	9,61443  	101,55169  	25295332,54600  	2,59648  	0,03135  	-Inf  	-Inf  	0,00405  	0,00560  	0,00395  	0,00860  	1327,62170  	0,00399  	0,00426  
18,04003  	1327,82048  	269,82985  	1327,82053  	26,28175  	0,04731  	0,23878  	85706,53851  	0,34250  	0,19675  	1,97318  	1,96979  	88894030,51608  	5900226,59036  	101,08557  	25295332,54600  	0,28325  	0,03282  	-Inf  	-Inf  	0,00405  	0,00559  	0,00395  	0,00858  	1327,62170  	0,00399  	0,00426  
19,04136  	1327,82048  	814,93752  	1327,82053  	26,28254  	0,04825  	0,23906  	85706,53851  	0,34268  	0,19736  	1,97547  	1,97207  	585826378,84569  	2917552,86560  	101,13812  	25295332,54600  	0,28413  	0,00941  	-Inf  	-Inf  	0,00405  	0,00559  	0,00395  	0,00859  	1327,62170  	0,00399  	0,00426  
20,04136  	266,70081  	1327,75450  	266,70082  	26,28397  	0,04352  	0,23887  	85706,53851  	0,34422  	0,19629  	1,97390  	1,97050  	16170957,72870  	230,91742  	101,59278  	25295332,54600  	860,13057  	0,03046  	-Inf  	-Inf  	0,00405  	0,00560  	0,00395  	0,00859  	1327,62170  	0,00398  	0,00426  
21,04168  	-244,98909  	264,39392  	-244,98909  	26,28496  	0,04983  	0,23922  	85706,53851  	0,34377  	0,19691  	1,97685  	1,97346  	223,65138  	1153,58787  	101,45941  	25295332,54600  	33,40258  	200,67748  	-Inf  	-Inf  	0,00405  	0,00560  	0,00395  	0,00859  	1327,62170  	0,00400  	0,00426  
22,04460  	-244,98909  	820,92560  	820,97035  	26,28570  	0,04659  	0,23879  	85706,53851  	0,34138  	0,19702  	1,97329  	1,96990  	22142935,97303  	0,09475  	100,75504  	25295332,54600  	33,42093  	0,02868  	-Inf  	-Inf  	0,00405  	0,00558  	0,00395  	0,00858  	1327,62170  	0,00399  	0,00426  
23,04413  	821,88174  	1327,75450  	260,94967  	26,28574  	0,04986  	0,23970  	85706,53851  	0,34565  	0,19666  	1,98081  	1,97742  	52371599,81134  	264418,74100  	102,01354  	25295332,54600  	2,42801  	0,03545  	NaN  	NaN  	0,00405  	0,00560  	0,00395  	0,00860  	1327,62170  	0,00400  	0,00426  
24,04449  	1327,82048  	257,69857  	825,11177  	26,28660  	0,04528  	0,23929  	85706,53851  	0,34335  	0,19745  	1,97739  	1,97400  	6834145,28479  	3029287,41665  	101,33646  	25295332,54600  	0,28426  	0,17881  	NaN  	NaN  	0,00405  	0,00559  	0,00395  	0,00859  	1327,62170  	0,00399  	0,00426  
25,04659  	1327,82048  	828,35101  	1327,82053  	26,28770  	0,04684  	0,23929  	85706,53851  	0,34198  	0,19779  	1,97738  	1,97399  	610813032,23854  	2758218,46902  	100,93120  	25295332,54600  	0,28474  	0,00889  	-Inf  	-Inf  	0,00404  	0,00559  	0,00395  	0,00859  	1327,62170  	0,00399  	0,00426  
26,04686  	1327,82048  	1327,75450  	1327,82053  	26,29048  	0,04402  	0,23924  	16274,73730  	0,34538  	0,19789  	1,97697  	1,97358  	2276198992,33859  	342,68759  	101,93608  	4803307,88255  	0,28489  	0,00345  	-Inf  	-Inf  	0,00405  	0,00560  	0,00395  	0,00859  	252,10414  	0,00398  	0,00426  
27,04772  	248,79265  	248,77194  	248,79267  	26,29347  	0,04702  	0,23948  	53833,67666  	0,34478  	0,19714  	1,97900  	1,97560  	4313,88666  	0,00450  	101,75791  	15888411,51364  	1261,65851  	8,68803  	-Inf  	-Inf  	0,00405  	0,00560  	0,00395  	0,00860  	833,90237  	0,00399  	0,00426  
28,04737  	836,55322  	-244,98909  	836,55326  	26,29669  	0,05018  	0,23891  	85706,53851  	0,34265  	0,19617  	1,97425  	1,97085  	58238,36067  	304149,55599  	101,12810  	25295332,54600  	2,23202  	3,69407  	NaN  	NaN  	0,00405  	0,00559  	0,00395  	0,00859  	1327,62170  	0,00400  	0,00426  
29,04888  	243,95911  	-244,98909  	243,95912  	26,29973  	0,04734  	0,23864  	85706,53851  	0,34267  	0,19679  	1,97207  	1,96868  	180,28285  	105,29116  	101,13650  	25295332,54600  	1393,63092  	142,38466  	NaN  	NaN  	0,00405  	0,00559  	0,00395  	0,00858  	1327,62170  	0,00399  	0,00426  
30,05001  	841,24528  	-244,98909  	841,24532  	26,30366  	0,05173  	0,23863  	85706,53851  	0,34246  	0,19669  	1,97198  	1,96859  	62313,82084  	327063,12455  	101,07473  	25295332,54600  	2,18104  	3,65567  	NaN  	NaN  	0,00405  	0,00559  	0,00395  	0,00858  	1327,62170  	0,00401  	0,00426  
31,05366  	1327,82048  	844,55841  	1327,82053  	26,30623  	0,04336  	0,23864  	85706,53851  	0,34418  	0,19698  	1,97201  	1,96862  	637929982,20727  	2470530,67945  	101,57951  	25295332,54600  	0,28356  	0,00797  	-Inf  	-Inf  	0,00405  	0,00560  	0,00395  	0,00858  	1327,62170  	0,00398  	0,00426  
32,05673  	234,79790  	1327,75450  	1327,82053  	26,30917  	0,04938  	0,23932  	85706,53851  	0,34372  	0,19713  	1,97766  	1,97426  	363204504,65724  	0,01449  	101,44633  	25295332,54600  	1683,99523  	0,00387  	-Inf  	-Inf  	0,00405  	0,00560  	0,00394  	0,00859  	1327,62170  	0,00400  	0,00426  
33,05781  	853,15783  	1327,75450  	1327,82053  	26,31276  	0,04721  	0,23898  	85706,53851  	0,34134  	0,19679  	1,97485  	1,97146  	1438011945,60780  	19,95590  	100,74157  	25295332,54600  	2,04546  	0,00370  	-Inf  	-Inf  	0,00404  	0,00558  	0,00394  	0,00859  	1327,62170  	0,00399  	0,00426  
34,05882  	223,74149  	1327,75450  	223,74150  	26,31718  	0,04852  	0,23873  	85706,53851  	0,34190  	0,19646  	1,97274  	1,96935  	11131485,07443  	233,33557  	100,90847  	25295332,54600  	2075,22732  	0,03828  	-Inf  	-Inf  	0,00405  	0,00559  	0,00395  	0,00858  	1327,62170  	0,00400  	0,00426  
35,06094  	-244,98909  	1327,75450  	-244,98909  	26,31870  	0,04734  	0,23892  	85706,53851  	0,34429  	0,19666  	1,97438  	1,97099  	1418490,84368  	3381,47844  	101,61261  	25295332,54600  	33,37260  	0,18696  	-Inf  	-Inf  	0,00405  	0,00560  	0,00395  	0,00859  	1327,62170  	0,00399  	0,00426  
36,06345  	-244,98909  	1327,75450  	866,67275  	26,31964  	0,04907  	0,23899  	13950,45656  	0,34187  	0,19730  	1,97488  	1,97149  	142005099,64002  	1027,47808  	100,89983  	4117322,24968  	33,48061  	0,00864  	-Inf  	-Inf  	0,00405  	0,00559  	0,00395  	0,00859  	216,10039  	0,00400  	0,00426  
37,06478  	869,03206  	1327,75450  	1327,82053  	26,32202  	0,04391  	0,23909  	-15815,93170  	0,34288  	0,19637  	1,97579  	1,97239  	1462432041,32485  	21,01574  	101,19867  	-4667896,50935  	1,87547  	0,00344  	-Inf  	-Inf  	0,00405  	0,00559  	0,00395  	0,00859  	-244,98909  	0,00398  	0,00426  
38,06720  	209,14083  	209,12178  	209,14085  	26,32486  	0,04876  	0,23903  	56393,14156  	0,34158  	0,19634  	1,97525  	1,97185  	953,72525  	0,00398  	100,81413  	16643809,14064  	2633,71640  	23,99185  	-Inf  	-Inf  	0,00405  	0,00559  	0,00395  	0,00859  	873,54918  	0,00400  	0,00426  
39,06856  	-244,98909  	878,04078  	878,08793  	26,32715  	0,04694  	0,23927  	85706,53851  	0,34386  	0,19672  	1,97721  	1,97382  	34126509,12240  	0,10051  	101,48644  	25295332,54600  	33,38502  	0,02156  	-Inf  	-Inf  	0,00405  	0,00560  	0,00395  	0,00859  	1327,62170  	0,00399  	0,00426  
40,07003  	883,51512  	199,29763  	199,31628  	26,32841  	0,05013  	0,23914  	12863,30474  	0,34196  	0,19717  	1,97613  	1,97274  	3201,23757  	7,57594  	100,92569  	3796461,46896  	1,74591  	32,72991  	NaN  	NaN  	0,00405  	0,00559  	0,00395  	0,00859  	199,26012  	0,00400  	0,00426  
41,07135  	1327,82048  	-244,98909  	-244,98909  	26,33027  	0,04072  	0,23926  	57302,12757  	0,34519  	0,19724  	1,97714  	1,97375  	406795,77120  	0,00000  	101,87973  	16912086,26071  	0,28391  	0,78793  	Inf  	-Inf  	0,00405  	0,00560  	0,00395  	0,00859  	887,62962  	0,00397  	0,00426  
42,07135  	190,69832  	892,08536  	-244,98909  	26,33146  	0,04608  	0,23879  	12307,02939  	0,34248  	0,19699  	1,97331  	1,96991  	23110,23897  	222,06334  	101,07844  	3632282,97932  	3225,65470  	2,14323  	NaN  	NaN  	0,00405  	0,00559  	0,00395  	0,00858  	190,64326  	0,00399  	0,00426  
43,07248  	894,89670  	1327,75450  	894,89674  	26,33396  	0,04529  	0,23913  	57761,96579  	0,34364  	0,19716  	1,97612  	1,97273  	492622825,02960  	173081,73372  	101,42069  	17047802,40394  	1,64666  	0,00755  	-Inf  	-Inf  	0,00405  	0,00559  	0,00395  	0,00859  	894,75264  	0,00399  	0,00426  
44,07285  	187,07725  	187,05912  	187,07726  	26,33563  	0,03743  	0,23871  	12073,29431  	0,34462  	0,19685  	1,97263  	1,96924  	398,32441  	0,00287  	101,71050  	3563298,66732  	3299,71860  	35,74533  	-Inf  	-Inf  	0,00405  	0,00560  	0,00395  	0,00858  	187,02264  	0,00396  	0,00426  
45,07489  	897,41690  	897,36898  	-244,98909  	26,33708  	0,04590  	0,23827  	-15815,93170  	0,34354  	0,19617  	1,96895  	1,96556  	129487,35398  	471683,35063  	101,39332  	-4667896,50935  	1,61749  	2,04904  	NaN  	NaN  	0,00405  	0,00559  	0,00395  	0,00857  	-244,98909  	0,00399  	0,00426  
46,07624  	1327,82048  	181,85352  	900,96000  	26,33900  	0,04878  	0,23866  	58153,34009  	0,34207  	0,19682  	1,97223  	1,96884  	6811970,06427  	4136310,77595  	100,95913  	17163312,18038  	0,28330  	0,19260  	NaN  	NaN  	0,00405  	0,00559  	0,00395  	0,00858  	900,81513  	0,00400  	0,00426  
47,07649  	1327,82048  	-244,98909  	1327,82053  	26,34025  	0,04358  	0,23894  	85706,53851  	0,34222  	0,19684  	1,97454  	1,97115  	6813534,84279  	8083346,02547  	101,00178  	25295332,54600  	0,28333  	0,17208  	NaN  	NaN  	0,00405  	0,00559  	0,00395  	0,00859  	1327,62170  	0,00398  	0,00426  
48,07732  	174,72045  	-244,98909  	174,72046  	26,34201  	0,04896  	0,23870  	11275,68167  	0,33946  	0,19633  	1,97249  	1,96910  	148,48482  	86,69737  	100,18801  	3327892,16036  	3430,97450  	52,49905  	NaN  	NaN  	0,00404  	0,00558  	0,00395  	0,00858  	174,66740  	0,00400  	0,00426  
49,08033  	909,47325  	909,42482  	909,47329  	26,34336  	0,04821  	0,23954  	-15815,93170  	0,34321  	0,19763  	1,97946  	1,97606  	139853284,05989  	22,98716  	101,29407  	-4667896,50935  	1,53341  	0,01902  	-Inf  	-Inf  	0,00405  	0,00559  	0,00395  	0,00860  	-244,98909  	0,00399  	0,00426  
50,08003  	1327,82048  	1327,75450  	170,01433  	26,34447  	0,05052  	0,23874  	-15815,93170  	0,34228  	0,19725  	1,97286  	1,96947  	58575376,12996  	6897332,96529  	101,02154  	-4667896,50935  	0,28392  	0,04654  	NaN  	NaN  	0,00405  	0,00559  	0,00395  	0,00858  	-244,98909  	0,00400  	0,00426  
51,08292  	165,26805  	1327,75450  	917,56338  	26,34627  	0,04797  	0,23880  	59225,06267  	0,34367  	0,19660  	1,97336  	1,96997  	83787346,34108  	82,85786  	101,43120  	17479619,19057  	3424,04100  	0,00766  	-Inf  	-Inf  	0,00405  	0,00559  	0,00395  	0,00858  	917,41641  	0,00399  	0,00426  
52,08501  	919,92701  	1327,75450  	1327,82053  	26,34786  	0,04622  	0,23885  	10512,97266  	0,34128  	0,19740  	1,97378  	1,97039  	1558841071,60474  	32,40983  	100,72588  	3102787,06984  	1,45397  	0,00362  	-Inf  	-Inf  	0,00405  	0,00558  	0,00396  	0,00859  	162,85283  	0,00399  	0,00426  
53,08630  	1327,82048  	159,25149  	159,26846  	26,34858  	0,04880  	0,23922  	59612,32832  	0,34621  	0,19631  	1,97679  	1,97339  	1544,38622  	97,67735  	102,18070  	17593916,34414  	0,28255  	126,72362  	NaN  	NaN  	0,00405  	0,00561  	0,00395  	0,00859  	923,41526  	0,00400  	0,00426  
54,08621  	1327,82048  	929,07499  	-244,98909  	26,34952  	0,04541  	0,23852  	9919,30526  	0,34374  	0,19735  	1,97105  	1,96766  	275432,81354  	6287876,80963  	101,45221  	2927572,73223  	0,28405  	1,59793  	NaN  	NaN  	0,00405  	0,00560  	0,00395  	0,00858  	153,65676  	0,00399  	0,00426  
55,08732  	1327,82048  	150,08410  	932,73076  	26,35169  	0,04833  	0,23904  	-15815,93170  	0,34327  	0,19623  	1,97530  	1,97190  	6791476,06399  	4460647,72499  	101,31166  	-4667896,50935  	0,28243  	0,19083  	NaN  	NaN  	0,00405  	0,00559  	0,00395  	0,00859  	-244,98909  	0,00399  	0,00426  
56,08970  	1327,82048  	933,93950  	1327,82053  	26,35292  	0,04833  	0,23866  	60285,31197  	0,34337  	0,19635  	1,97222  	1,96883  	821002591,93181  	2244939,15586  	101,34236  	17792539,99054  	0,28261  	0,00748  	-Inf  	-Inf  	0,00404  	0,00559  	0,00395  	0,00858  	933,83996  	0,00399  	0,00426  
57,08912  	1327,82048  	1327,75450  	147,03536  	26,35454  	0,04515  	0,23939  	85706,53851  	0,34376  	0,19586  	1,97826  	1,97487  	52582539,30288  	6286750,22300  	101,45574  	25295332,54600  	0,28190  	0,04452  	NaN  	NaN  	0,00405  	0,00560  	0,00395  	0,00860  	1327,62170  	0,00398  	0,00426  
58,08980  	143,42485  	1327,75450  	939,40658  	26,35548  	0,04485  	0,23892  	85706,53851  	0,34410  	0,19699  	1,97437  	1,97098  	75216211,82148  	73,12995  	101,55762  	25295332,54600  	3144,30245  	0,00687  	-Inf  	-Inf  	0,00405  	0,00560  	0,00395  	0,00859  	1327,62170  	0,00398  	0,00426  
59,09124  	-244,98909  	1327,75450  	139,88076  	26,35683  	0,04541  	0,23914  	85706,53851  	0,34456  	0,19713  	1,97617  	1,97278  	10689284,70158  	2448,24618  	101,69331  	25295332,54600  	33,46493  	0,04575  	-Inf  	-Inf  	0,00405  	0,00560  	0,00395  	0,00859  	1327,62170  	0,00399  	0,00426  
60,09270  	944,76068  	138,05464  	-244,98909  	26,35781  	0,04303  	0,23932  	8909,99686  	0,34274  	0,19659  	1,97766  	1,97426  	1308,89388  	209117,91831  	101,15603  	2629686,57192  	1,28314  	27,58616  	NaN  	NaN  	0,00405  	0,00559  	0,00395  	0,00859  	138,02230  	0,00398  	0,00426  
61,09527  	136,11718  	-244,98909  	946,71425  	26,35956  	0,04996  	0,23861  	61106,70703  	0,34201  	0,19668  	1,97180  	1,96841  	27851,17033  	249,79988  	100,94001  	18034965,61749  	3004,62945  	1,54894  	NaN  	NaN  	0,00405  	0,00559  	0,00395  	0,00858  	946,56359  	0,00400  	0,00426  
62,09771  	951,21023  	951,16004  	1327,82053  	26,36041  	0,04538  	0,23887  	85706,53851  	0,34359  	0,19703  	1,97393  	1,97054  	614235434,58118  	226927,70423  	101,40719  	25295332,54600  	1,24700  	0,00680  	-Inf  	-Inf  	0,00404  	0,00559  	0,00396  	0,00859  	1327,62170  	0,00399  	0,00426  
63,09759  	124,47337  	1327,75450  	1327,82053  	26,36173  	0,04155  	0,23919  	85706,53851  	0,34267  	0,19638  	1,97660  	1,97321  	170274585,04979  	0,01150  	101,13419  	25295332,54600  	2777,40066  	0,00326  	-Inf  	-Inf  	0,00405  	0,00559  	0,00395  	0,00859  	1327,62170  	0,00397  	0,00426  
64,09855  	-244,98909  	1327,75450  	122,29306  	26,36210  	0,05225  	0,23911  	85706,53851  	0,34448  	0,19700  	1,97592  	1,97252  	9873490,56886  	2858,35737  	101,67086  	25295332,54600  	33,44544  	0,05552  	-Inf  	-Inf  	0,00404  	0,00560  	0,00395  	0,00859  	1327,62170  	0,00401  	0,00426  
65,09980  	-244,98909  	1327,75450  	963,46188  	26,36234  	0,04891  	0,23927  	7702,86561  	0,34239  	0,19769  	1,97721  	1,97382  	187047313,07753  	808,65998  	101,05156  	2273415,19866  	33,56153  	0,00716  	-Inf  	-Inf  	0,00405  	0,00559  	0,00395  	0,00859  	119,32350  	0,00400  	0,00426  
66,09993  	965,80717  	1327,75450  	1327,82053  	26,36412  	0,05157  	0,23917  	-15815,93170  	0,34249  	0,19659  	1,97644  	1,97304  	1632110757,93626  	50,02526  	101,08104  	-4667896,50935  	1,16139  	0,00404  	-Inf  	-Inf  	0,00405  	0,00559  	0,00395  	0,00859  	-244,98909  	0,00401  	0,00426  
67,10018  	1327,82048  	114,18092  	1327,82053  	26,36475  	0,04950  	0,23918  	62521,68667  	0,34226  	0,19716  	1,97649  	1,97309  	45698333,22405  	7084430,41922  	101,01541  	18452581,13536  	0,28376  	0,05390  	-Inf  	-Inf  	0,00405  	0,00559  	0,00395  	0,00859  	968,48201  	0,00400  	0,00426  
68,10007  	111,72412  	971,05625  	111,72413  	26,36564  	0,04883  	0,23920  	85706,53851  	0,34322  	0,19666  	1,97662  	1,97323  	446307,67250  	175,66018  	101,29848  	25295332,54600  	2542,27268  	0,19282  	-Inf  	-Inf  	0,00404  	0,00559  	0,00395  	0,00859  	1327,62170  	0,00400  	0,00426  
69,09985  	972,36552  	1327,75450  	972,36556  	26,36589  	0,04529  	0,23889  	7128,14657  	0,34312  	0,19658  	1,97410  	1,97070  	664561052,28620  	247359,00792  	101,26673  	2103793,25716  	1,12642  	0,00653  	-Inf  	-Inf  	0,00404  	0,00559  	0,00395  	0,00859  	110,42095  	0,00399  	0,00426  
70,10177  	1327,82048  	1327,75450  	1327,82053  	26,36894  	0,04617  	0,23885  	62848,24987  	0,34085  	0,19746  	1,97376  	1,97037  	2271108789,64343  	359,59919  	100,59723  	18548962,63672  	0,28420  	0,00362  	-Inf  	-Inf  	0,00405  	0,00558  	0,00395  	0,00859  	973,54057  	0,00399  	0,00426  
71,10102  	1327,82048  	107,69056  	107,70537  	26,36946  	0,04989  	0,23890  	85706,53851  	0,34300  	0,19761  	1,97417  	1,97077  	1089,40191  	87,13660  	101,23298  	25295332,54600  	0,28441  	826,21056  	NaN  	NaN  	0,00405  	0,00559  	0,00395  	0,00859  	1327,62170  	0,00400  	0,00426  
72,10363  	1327,82048  	-244,98909  	976,77219  	26,37009  	0,05114  	0,23905  	6843,70529  	0,34226  	0,19682  	1,97543  	1,97203  	447287,37150  	7368785,35188  	101,01516  	2019843,57528  	0,28327  	1,28900  	Inf  	-Inf  	0,00404  	0,00559  	0,00395  	0,00859  	106,01488  	0,00400  	0,00426  
73,10687  	1327,82048  	-244,98909  	1327,82053  	26,37251  	0,04594  	0,23917  	-15815,93170  	0,34439  	0,19700  	1,97644  	1,97305  	6818878,35535  	8521802,98781  	101,64410  	-4667896,50935  	0,28353  	0,18138  	NaN  	NaN  	0,00405  	0,00560  	0,00395  	0,00859  	-244,98909  	0,00399  	0,00426  
74,10698  	1327,82048  	983,12941  	1327,82053  	26,37289  	0,04359  	0,23852  	-15815,93170  	0,34246  	0,19743  	1,97102  	1,96763  	945861189,52972  	1772114,08550  	101,07454  	-4667896,50935  	0,28414  	0,00616  	-Inf  	-Inf  	0,00405  	0,00559  	0,00395  	0,00858  	-244,98909  	0,00398  	0,00426  
75,10930  	1327,82048  	1327,75450  	93,00635  	26,37418  	0,04213  	0,23885  	-15815,93170  	0,34236  	0,19607  	1,97379  	1,97040  	41240217,57416  	6136105,56647  	101,04435  	-4667896,50935  	0,28219  	0,04900  	NaN  	NaN  	0,00404  	0,00559  	0,00395  	0,00859  	-244,98909  	0,00397  	0,00426  
76,10966  	89,61782  	89,60378  	993,21361  	26,37481  	0,04709  	0,23905  	64108,17040  	0,34374  	0,19638  	1,97539  	1,97200  	330286,50525  	177,94099  	101,45026  	18920814,17925  	2157,29081  	0,18592  	-Inf  	-Inf  	0,00404  	0,00560  	0,00395  	0,00859  	993,05708  	0,00399  	0,00426  
77,11107  	-244,98909  	-244,98909  	1327,82053  	26,37562  	0,04337  	0,23856  	85706,53851  	0,34238  	0,19670  	1,97136  	1,96797  	1419625,60010  	3095,06925  	101,04825  	25295332,54600  	33,39833  	0,17124  	NaN  	NaN  	0,00404  	0,00559  	0,00395  	0,00858  	1327,62170  	0,00398  	0,00426  
78,11476  	998,55471  	-244,98909  	1327,82053  	26,37694  	0,04461  	0,23877  	5437,67373  	0,34232  	0,19741  	1,97312  	1,96973  	5104139,11397  	1286196,62484  	101,03063  	1604868,98207  	1,00344  	0,17614  	NaN  	NaN  	0,00404  	0,00559  	0,00395  	0,00858  	84,23506  	0,00398  	0,00426  
79,11624  	80,87445  	1001,90463  	1327,82053  	26,37749  	0,04807  	0,23914  	-15815,93170  	0,34405  	0,19761  	1,97615  	1,97275  	41724685,20426  	65,51325  	101,54214  	-4667896,50935  	2029,34997  	0,00656  	-Inf  	-Inf  	0,00405  	0,00560  	0,00395  	0,00859  	-244,98909  	0,00399  	0,00426  
80,11649  	1006,73655  	76,08137  	1327,82053  	26,37768  	0,04537  	0,23940  	64981,05815  	0,34500  	0,19750  	1,97833  	1,97493  	28937665,61539  	1098924,60111  	101,82269  	19178437,30025  	0,96778  	0,05564  	-Inf  	-Inf  	0,00405  	0,00560  	0,00396  	0,00860  	1006,57835  	0,00399  	0,00426  
81,11912  	1327,82048  	1012,26308  	70,51558  	26,37872  	0,05024  	0,23845  	4549,41497  	0,34360  	0,19682  	1,97050  	1,96711  	6810328,61842  	5580603,95343  	101,40982  	1342709,27918  	0,28326  	0,19841  	NaN  	NaN  	0,00405  	0,00559  	0,00395  	0,00858  	70,47569  	0,00400  	0,00426  
82,12234  	1327,82048  	1327,75450  	-244,98909  	26,38049  	0,04509  	0,23898  	65543,89223  	0,34386  	0,19718  	1,97482  	1,97143  	6822320,33399  	8363733,26319  	101,48617  	19344551,52603  	0,28378  	0,17807  	NaN  	NaN  	0,00405  	0,00560  	0,00395  	0,00859  	1015,29680  	0,00398  	0,00426  
83,12404  	63,34948  	63,33654  	1019,48196  	26,38010  	0,04888  	0,23877  	85706,53851  	0,34398  	0,19563  	1,97311  	1,96972  	192339,64938  	195,43984  	101,52234  	25295332,54600  	1739,40717  	0,19301  	-Inf  	-Inf  	0,00405  	0,00560  	0,00395  	0,00858  	1327,62170  	0,00400  	0,00426  
84,12552  	1023,15321  	-244,98909  	59,67819  	26,38132  	0,04820  	0,23899  	85706,53851  	0,34339  	0,19687  	1,97489  	1,97150  	5006,17725  	316184,57825  	101,34779  	25295332,54600  	0,89709  	11,73218  	Inf  	-Inf  	0,00405  	0,00559  	0,00395  	0,00859  	1327,62170  	0,00399  	0,00426  
85,12661  	52,34861  	-244,98909  	1030,48282  	26,38216  	0,05084  	0,23883  	85706,53851  	0,34269  	0,19681  	1,97362  	1,97023  	14794,90221  	271,20082  	101,14091  	25295332,54600  	1584,66923  	0,90742  	NaN  	NaN  	0,00404  	0,00559  	0,00395  	0,00859  	1327,62170  	0,00400  	0,00426  
86,12655  	1033,05617  	-244,98909  	1327,82053  	26,38177  	0,05189  	0,23870  	3210,65712  	0,34079  	0,19718  	1,97250  	1,96911  	5279255,62666  	1872609,44215  	100,57983  	947589,77515  	0,86056  	0,20486  	NaN  	NaN  	0,00405  	0,00558  	0,00395  	0,00858  	49,73797  	0,00401  	0,00426  
87,12716  	1327,82048  	-244,98909  	1327,82053  	26,38268  	0,04695  	0,23892  	66854,97448  	0,34186  	0,19650  	1,97433  	1,97094  	6801373,80995  	8708911,29506  	100,89617  	19731502,88531  	0,28279  	0,18536  	NaN  	NaN  	0,00405  	0,00559  	0,00395  	0,00859  	1035,60583  	0,00399  	0,00426  
88,12839  	1327,82048  	-244,98909  	1327,82053  	26,38420  	0,03955  	0,23922  	2878,63941  	0,34373  	0,19647  	1,97684  	1,97344  	6800527,30500  	7336669,57865  	101,44772  	849598,43554  	0,28276  	0,15615  	NaN  	NaN  	0,00405  	0,00560  	0,00395  	0,00859  	44,59492  	0,00397  	0,00426  
89,12917  	1327,82048  	-244,98909  	41,86368  	26,38565  	0,04531  	0,23879  	67190,62853  	0,34347  	0,19627  	1,97324  	1,96985  	8888,70504  	1533010,91170  	101,37034  	19830567,44702  	0,28247  	9,06477  	Inf  	-Inf  	0,00404  	0,00559  	0,00395  	0,00858  	1040,80520  	0,00399  	0,00426  
90,13125  	1327,82048  	-244,98909  	1041,28390  	26,38617  	0,04304  	0,23906  	85706,53851  	0,34364  	0,19712  	1,97548  	1,97208  	818111,21894  	6530425,10207  	101,42032  	25295332,54600  	0,28368  	0,71920  	Inf  	-Inf  	0,00405  	0,00559  	0,00395  	0,00859  	1327,62170  	0,00398  	0,00426  
91,13135  	38,34908  	-244,98909  	38,34909  	26,38726  	0,04943  	0,23856  	85706,53851  	0,34184  	0,19673  	1,97136  	1,96797  	87,00936  	58,58717  	100,89149  	25295332,54600  	1378,97292  	9,52355  	NaN  	NaN  	0,00404  	0,00559  	0,00395  	0,00858  	1327,62170  	0,00400  	0,00426  
92,13083  	1048,21686  	1048,16261  	1048,21691  	26,38762  	0,04593  	0,23964  	2232,05732  	0,34387  	0,19709  	1,98028  	1,97688  	399674670,30138  	62,99714  	101,48840  	658766,91610  	0,80585  	0,00983  	-Inf  	-Inf  	0,00405  	0,00560  	0,00395  	0,00860  	34,57919  	0,00399  	0,00426  
93,13223  	30,41783  	1327,75450  	1327,82053  	26,38959  	0,04151  	0,23792  	67929,43996  	0,34548  	0,19682  	1,96611  	1,96272  	7006788,67716  	0,01147  	101,96339  	20048619,43345  	1266,71918  	0,00325  	-Inf  	-Inf  	0,00404  	0,00560  	0,00395  	0,00857  	1052,24959  	0,00397  	0,00426  
94,13322  	1053,33255  	29,48733  	29,49885  	26,39066  	0,04830  	0,23881  	85706,53851  	0,34485  	0,19699  	1,97340  	1,97001  	846,23329  	14,52005  	101,77974  	25295332,54600  	0,78810  	318,39725  	NaN  	NaN  	0,00404  	0,00560  	0,00395  	0,00859  	1327,62170  	0,00399  	0,00426  
95,13545  	26,27178  	-244,98909  	-244,98909  	26,39223  	0,04975  	0,23924  	1693,54595  	0,34347  	0,19632  	1,97700  	1,97361  	37,47213  	0,00000  	101,37148  	499831,27091  	1205,86673  	0,96262  	Inf  	-Inf  	0,00405  	0,00559  	0,00395  	0,00859  	26,23750  	0,00400  	0,00426  
96,13666  	1057,94494  	-244,98909  	1057,94498  	26,39423  	0,04809  	0,23902  	68286,48177  	0,34365  	0,19755  	1,97521  	1,97182  	752198,50685  	1682098,39549  	101,42572  	20153996,35534  	0,77504  	0,72724  	NaN  	NaN  	0,00404  	0,00559  	0,00395  	0,00859  	1057,78026  	0,00399  	0,00426  
97,13726  	20,18296  	1062,59357  	1327,82053  	26,39510  	0,04564  	0,23909  	85706,53851  	0,34414  	0,19703  	1,97579  	1,97240  	5578458,15201  	50,63762  	101,56831  	25295332,54600  	1127,14289  	0,00558  	-Inf  	-Inf  	0,00404  	0,00560  	0,00395  	0,00859  	1327,62170  	0,00399  	0,00426  
98,13718  	-244,98909  	1327,75450  	1327,82053  	26,39482  	0,04354  	0,23904  	85706,53851  	0,34302  	0,19681  	1,97535  	1,97196  	472006994,18796  	0,13043  	101,23913  	25295332,54600  	33,42321  	0,00341  	-Inf  	-Inf  	0,00404  	0,00559  	0,00395  	0,00859  	1327,62170  	0,00398  	0,00426  
99,13733  	-244,98909  	14,62046  	14,63136  	26,39671  	0,05169  	0,23912  	85706,53851  	0,34454  	0,19775  	1,97604  	1,97264  	224,54938  	0,02556  	101,68663  	25295332,54600  	33,58466  	237,78856  	NaN  	NaN  	0,00404  	0,00560  	0,00395  	0,00859  	1327,62170  	0,00401  	0,00426  
100,14059  	1070,50884  	1070,45365  	-244,98909  	26,39816  	0,04950  	0,23918  	793,14442  	0,34449  	0,19721  	1,97649  	1,97309  	846277,49251  	1889331,47809  	101,67214  	234087,76411  	0,73397  	0,69571  	NaN  	NaN  	0,00404  	0,00560  	0,00395  	0,00859  	12,29004  	0,00400  	0,00426  
101,14006  	1327,82048  	10,74668  	1072,07402  	26,39929  	0,04625  	0,23907  	69198,49002  	0,34436  	0,19696  	1,97561  	1,97222  	6816723,88751  	5790524,46424  	101,63517  	20423165,45630  	0,28344  	0,18263  	Inf  	-Inf  	0,00405  	0,00560  	0,00395  	0,00859  	1071,90752  	0,00399  	0,00426  
102,13992  	7,51468  	-244,98909  	1327,82053  	26,39973  	0,04414  	0,23907  	85706,53851  	0,34356  	0,19693  	1,97556  	1,97216  	98912,36834  	290,46467  	101,39828  	25295332,54600  	962,70264  	0,17429  	NaN  	NaN  	0,00404  	0,00559  	0,00395  	0,00859  	1327,62170  	0,00398  	0,00426  
103,14006  	-244,98909  	1078,78130  	1327,82053  	26,39978  	0,04647  	0,23922  	85706,53851  	0,34273  	0,19718  	1,97681  	1,97342  	254511983,22988  	524,91687  	101,15322  	25295332,54600  	33,48903  	0,00552  	-Inf  	-Inf  	0,00404  	0,00559  	0,00395  	0,00859  	1327,62170  	0,00399  	0,00426  
104,14437  	1080,79057  	2,03046  	2,04083  	26,40178  	0,04596  	0,23959  	129,47428  	0,34419  	0,19755  	1,97985  	1,97646  	874,90280  	14,72825  	101,58497  	38212,89611  	0,70454  	148,90621  	Inf  	-Inf  	0,00404  	0,00560  	0,00396  	0,00860  	2,00960  	0,00399  	0,00426  
105,14545  	1327,82048  	-244,98909  	-244,98909  	26,40361  	0,04712  	0,23909  	69833,51651  	0,34271  	0,19682  	1,97577  	1,97238  	405914,19799  	0,00000  	101,14688  	20610586,46965  	0,28324  	0,91175  	Inf  	-Inf  	0,00405  	0,00559  	0,00395  	0,00859  	1081,74425  	0,00399  	0,00426  
