08/20/2024 09:32:18Time	T_hot_in(C)	T_cold_in(C)	T_cold_out(C)	T_hot_out(C)	mdot_cold(kg/s)	ASFASIFUAS(kg/s)	Diferencial_cold(bar)	Diferencial_hot(bar)	mdot_hot(kg/s)	ABS_cold(bar)	ABS_hot(bar)	q_cold(kW)	q_hot(kW)	ASFASYFY	Tau_cold_haste	Re_hot	Re_cold	U_global	PSIG_cold(bar)	R_fouling	PSIG_hot(bar)	PSID_hot(bar)	m_dot_hot	PSID_cold(bar)	m_dot_cold
1,79364  	0,00000  	0,00000  	0,00000  	0,00000  	-1,18512  	0,00000  	-0,25900  	-0,86180  	-3,02442  	-1,72343  	-1,72415  	-0,00000  	-0,00000  	-254,35069  	-76,44127  	-10538,85923  	-4129,67639  	NaN  	NaN  	0,00000  	0,00000  	0,00000  	0,00000  	0,00000  	0,00000  	0,00000  
2,79465  	23,05922  	21,90611  	21,63055  	23,16500  	-1,18514  	0,00000  	0,18703  	0,23768  	0,10010  	-0,01851  	0,96668  	0,04429  	-1,36613  	70,14834  	55,19900  	650,75694  	-7459,22719  	-Inf  	-Inf  	0,00396  	0,00625  	0,00510  	0,00000  	0,00691  	-0,00000  	0,00413  
3,79470  	23,06015  	21,90583  	21,63099  	23,16461  	-1,18516  	0,00000  	0,18790  	0,23882  	0,10095  	-0,01763  	0,96636  	0,04412  	-1,36258  	70,48583  	55,45760  	656,33209  	-7459,38066  	-Inf  	-Inf  	0,00396  	0,00625  	0,00511  	0,00000  	0,00692  	-0,00000  	0,00413  
4,79573  	23,05872  	21,90607  	21,63112  	23,16508  	-1,18515  	0,00000  	0,18657  	0,24039  	0,10086  	-0,01737  	0,96852  	0,04487  	-1,36310  	70,94972  	55,06436  	655,73115  	-7459,35969  	-Inf  	-Inf  	0,00396  	0,00626  	0,00512  	0,00000  	0,00690  	-0,00000  	0,00413  
5,79730  	23,05861  	21,90662  	21,63142  	23,16468  	-1,18514  	0,00000  	0,18790  	0,23928  	0,10075  	-0,01869  	0,96795  	0,04471  	-1,36435  	70,61939  	55,45618  	655,01112  	-7459,37810  	-Inf  	-Inf  	0,00396  	0,00626  	0,00511  	0,00000  	0,00692  	-0,00000  	0,00413  
6,79877  	23,05931  	21,90678  	21,63153  	23,16471  	-1,18515  	0,00000  	0,18790  	0,23832  	0,10135  	-0,01769  	0,96834  	0,04469  	-1,36458  	70,33762  	55,45554  	658,93280  	-7459,44703  	-Inf  	-Inf  	0,00396  	0,00626  	0,00511  	0,00000  	0,00692  	-0,00000  	0,00413  
7,79975  	23,06001  	21,90663  	21,63068  	23,16469  	-1,18517  	0,00000  	0,18872  	0,23882  	0,10063  	-0,01787  	0,96710  	0,04406  	-1,36804  	70,48504  	55,69923  	654,21708  	-7459,47407  	-Inf  	-Inf  	0,00396  	0,00625  	0,00511  	0,00000  	0,00694  	-0,00000  	0,00413  
8,80171  	23,05915  	21,90699  	21,63112  	23,16572  	-1,18516  	0,00000  	0,18881  	0,23996  	0,10147  	-0,01699  	0,96734  	0,04524  	-1,36763  	70,82213  	55,72609  	659,67329  	-7459,49922  	-Inf  	-Inf  	0,00396  	0,00625  	0,00511  	0,00000  	0,00694  	-0,00000  	0,00413  
9,80340  	23,05958  	21,90592  	21,63161  	23,16501  	-1,18514  	0,00000  	0,18943  	0,23914  	0,10158  	-0,01684  	0,96830  	0,04480  	-1,35994  	70,57838  	55,90797  	660,42103  	-7459,31816  	-Inf  	-Inf  	0,00396  	0,00626  	0,00511  	0,00000  	0,00695  	-0,00000  	0,00413  
10,80323  	23,05973  	21,90616  	21,63106  	23,16555  	-1,18514  	0,00000  	0,18791  	0,23820  	0,10140  	-0,01821  	0,96670  	0,04489  	-1,36379  	70,30073  	55,46089  	659,25910  	-7459,30581  	-Inf  	-Inf  	0,00396  	0,00625  	0,00511  	0,00000  	0,00692  	-0,00000  	0,00413  
11,80543  	23,05919  	21,90643  	21,63160  	23,16617  	-1,18517  	0,00000  	0,18700  	0,23850  	0,10070  	-0,01861  	0,96646  	0,04506  	-1,36253  	70,39101  	55,19148  	654,68552  	-7459,51986  	-Inf  	-Inf  	0,00396  	0,00625  	0,00511  	0,00000  	0,00691  	-0,00000  	0,00413  
12,80682  	23,05980  	21,90610  	21,63160  	23,16603  	-1,18516  	0,00000  	0,18818  	0,24051  	0,10144  	-0,01812  	0,96767  	0,04508  	-1,36089  	70,98492  	55,53935  	659,52813  	-7459,44124  	-Inf  	-Inf  	0,00396  	0,00626  	0,00512  	0,00000  	0,00693  	-0,00000  	0,00413  
13,80668  	23,06000  	21,90572  	21,63160  	23,16606  	-1,18515  	0,00000  	0,18890  	0,24102  	0,10135  	-0,01653  	0,96712  	0,04497  	-1,35900  	71,13378  	55,75049  	658,92889  	-7459,35643  	-Inf  	-Inf  	0,00396  	0,00625  	0,00512  	0,00000  	0,00694  	-0,00000  	0,00413  
14,80716  	23,06004  	21,90652  	21,63091  	23,16653  	-1,18516  	0,00000  	0,18792  	0,24017  	0,10117  	-0,01662  	0,96779  	0,04507  	-1,36642  	70,88240  	55,46364  	657,73855  	-7459,44617  	-Inf  	-Inf  	0,00396  	0,00626  	0,00511  	0,00000  	0,00692  	-0,00000  	0,00413  
15,80989  	23,05956  	21,90642  	21,63170  	23,16610  	-1,18515  	0,00000  	0,18839  	0,23869  	0,10138  	-0,01731  	0,96570  	0,04519  	-1,36198  	70,44561  	55,60025  	659,14536  	-7459,43894  	-Inf  	-Inf  	0,00396  	0,00625  	0,00511  	0,00000  	0,00693  	-0,00000  	0,00413  
16,80988  	23,06043  	21,90578  	21,63174  	23,16744  	-1,18514  	0,00000  	0,18835  	0,23911  	0,10118  	-0,01871  	0,96884  	0,04529  	-1,35853  	70,57213  	55,59032  	657,79931  	-7459,33239  	-Inf  	-Inf  	0,00396  	0,00626  	0,00511  	0,00000  	0,00693  	-0,00000  	0,00413  
17,81134  	23,05970  	21,90684  	21,63078  	23,16822  	-1,18515  	0,00000  	0,18883  	0,23903  	0,10151  	-0,01874  	0,96704  	0,04608  	-1,36860  	70,54760  	55,73152  	660,00772  	-7459,37597  	-Inf  	-Inf  	0,00396  	0,00625  	0,00511  	0,00000  	0,00694  	-0,00000  	0,00413  
18,81278  	23,05937  	21,90650  	21,63215  	23,16749  	-1,18515  	0,00000  	0,18870  	0,24024  	0,10083  	-0,01718  	0,96754  	0,04560  	-1,36011  	70,90409  	55,69245  	655,54290  	-7459,49181  	-Inf  	-Inf  	0,00396  	0,00626  	0,00511  	0,00000  	0,00693  	-0,00000  	0,00413  
19,81435  	23,06094  	21,90781  	21,63179  	23,16846  	-1,18514  	0,00000  	0,18585  	0,24002  	0,10100  	-0,01917  	0,96671  	0,04543  	-1,36838  	70,83933  	54,85206  	656,70378  	-7459,51436  	-Inf  	-Inf  	0,00396  	0,00625  	0,00511  	0,00000  	0,00689  	-0,00000  	0,00413  
20,81466  	23,06051  	21,90747  	21,63083  	23,16822  	-1,18516  	0,00000  	0,18604  	0,23880  	0,10034  	-0,01791  	0,96621  	0,04521  	-1,37151  	70,47955  	54,90679  	652,37321  	-7459,50078  	-Inf  	-Inf  	0,00396  	0,00625  	0,00511  	0,00000  	0,00689  	-0,00000  	0,00413  
21,81603  	23,06000  	21,90733  	21,63222  	23,16852  	-1,18516  	0,00000  	0,18727  	0,23925  	0,10066  	-0,01852  	0,96702  	0,04569  	-1,36387  	70,61268  	55,26944  	654,42410  	-7459,62235  	-Inf  	-Inf  	0,00396  	0,00625  	0,00511  	0,00000  	0,00691  	-0,00000  	0,00413  
22,81698  	23,06063  	21,90670  	21,63180  	23,16831  	-1,18515  	0,00000  	0,18699  	0,24077  	0,10112  	-0,01647  	0,96907  	0,04555  	-1,36282  	71,05983  	55,18932  	657,47631  	-7459,48386  	-Inf  	-Inf  	0,00396  	0,00626  	0,00512  	0,00000  	0,00691  	-0,00000  	0,00413  
23,81705  	23,06173  	21,90728  	21,63098  	23,16960  	-1,18517  	0,00000  	0,18846  	0,23880  	0,10235  	-0,01780  	0,96832  	0,04619  	-1,36985  	70,47958  	55,62122  	665,48331  	-7459,56544  	-Inf  	-Inf  	0,00396  	0,00626  	0,00511  	0,00000  	0,00693  	-0,00000  	0,00414  
24,81751  	23,06163  	21,90650  	21,63142  	23,16906  	-1,18515  	0,00000  	0,18852  	0,23969  	0,10128  	-0,01868  	0,96883  	0,04551  	-1,36373  	70,74316  	55,63918  	658,51565  	-7459,40521  	-Inf  	-Inf  	0,00396  	0,00626  	0,00511  	0,00000  	0,00693  	-0,00000  	0,00413  
25,81725  	23,06130  	21,90558  	21,63131  	23,16900  	-1,18515  	0,00000  	0,18911  	0,23969  	0,10120  	-0,01710  	0,96811  	0,04559  	-1,35970  	70,74272  	55,81406  	657,99793  	-7459,28772  	-Inf  	-Inf  	0,00396  	0,00626  	0,00511  	0,00000  	0,00694  	-0,00000  	0,00413  
26,81846  	23,06223  	21,90615  	21,63216  	23,16880  	-1,18514  	0,00000  	0,18914  	0,24011  	0,10058  	-0,01755  	0,96763  	0,04484  	-1,35829  	70,86467  	55,82392  	653,95930  	-7459,38944  	-Inf  	-Inf  	0,00396  	0,00626  	0,00511  	0,00000  	0,00694  	-0,00000  	0,00413  
27,81894  	23,06284  	21,90683  	21,63141  	23,16998  	-1,18516  	0,00000  	0,18846  	0,24028  	0,10047  	-0,01727  	0,96842  	0,04503  	-1,36544  	70,91649  	55,62238  	653,23008  	-7459,47236  	-Inf  	-Inf  	0,00396  	0,00626  	0,00512  	0,00000  	0,00693  	-0,00000  	0,00413  
28,81965  	23,06353  	21,90700  	21,63205  	23,17014  	-1,18514  	0,00000  	0,19027  	0,24110  	0,10082  	-0,01812  	0,96753  	0,04496  	-1,36306  	71,15748  	56,15586  	655,53929  	-7459,43864  	-Inf  	-Inf  	0,00396  	0,00626  	0,00512  	0,00000  	0,00696  	-0,00000  	0,00413  
29,81976  	23,06260  	21,90734  	21,63193  	23,17014  	-1,18514  	0,00000  	0,18868  	0,23991  	0,10078  	-0,01675  	0,96704  	0,04534  	-1,36538  	70,80680  	55,68686  	655,29171  	-7459,44084  	-Inf  	-Inf  	0,00396  	0,00625  	0,00511  	0,00000  	0,00693  	-0,00000  	0,00413  
30,82165  	23,06252  	21,90725  	21,63234  	23,16960  	-1,18518  	0,00000  	0,18824  	0,23833  	0,10102  	-0,01828  	0,96702  	0,04525  	-1,36291  	70,34021  	55,55555  	656,79823  	-7459,76179  	-Inf  	-Inf  	0,00396  	0,00625  	0,00511  	0,00000  	0,00693  	-0,00000  	0,00413  
31,82395  	23,06303  	21,90792  	21,63187  	23,16952  	-1,18516  	0,00000  	0,18967  	0,24011  	0,10141  	-0,01764  	0,96863  	0,04518  	-1,36857  	70,86619  	55,98029  	659,36108  	-7459,62852  	-Inf  	-Inf  	0,00396  	0,00626  	0,00511  	0,00000  	0,00695  	-0,00000  	0,00413  
32,82366  	23,06310  	21,90717  	21,63208  	23,16920  	-1,18516  	0,00000  	0,18944  	0,24070  	0,10127  	-0,01767  	0,96819  	0,04494  	-1,36380  	71,03978  	55,91022  	658,42522  	-7459,59174  	-Inf  	-Inf  	0,00396  	0,00626  	0,00512  	0,00000  	0,00695  	-0,00000  	0,00413  
33,82667  	23,06344  	21,90757  	21,63231  	23,16984  	-1,18514  	0,00000  	0,18865  	0,23949  	0,10148  	-0,01722  	0,96712  	0,04516  	-1,36461  	70,68278  	55,67681  	659,79343  	-7459,55744  	-Inf  	-Inf  	0,00396  	0,00625  	0,00511  	0,00000  	0,00693  	-0,00000  	0,00413  
34,82841  	23,06389  	21,90732  	21,63232  	23,17046  	-1,18516  	0,00000  	0,18968  	0,24083  	0,10090  	-0,01787  	0,96739  	0,04498  	-1,36333  	71,07710  	55,98117  	656,05806  	-7459,63226  	-Inf  	-Inf  	0,00396  	0,00626  	0,00512  	0,00000  	0,00695  	-0,00000  	0,00413  
35,82806  	23,06441  	21,90762  	21,63180  	23,17028  	-1,18515  	0,00000  	0,18985  	0,23876  	0,10050  	-0,01699  	0,96793  	0,04451  	-1,36743  	70,46836  	56,03301  	653,47764  	-7459,57662  	-Inf  	-Inf  	0,00396  	0,00626  	0,00511  	0,00000  	0,00695  	-0,00000  	0,00413  
36,82774  	23,06493  	21,90756  	21,63215  	23,16979  	-1,18514  	0,00000  	0,18952  	0,24026  	0,10107  	-0,01741  	0,96942  	0,04433  	-1,36535  	70,90975  	55,93373  	657,15588  	-7459,50443  	-Inf  	-Inf  	0,00396  	0,00626  	0,00511  	0,00000  	0,00695  	-0,00000  	0,00413  
37,82975  	23,06622  	21,90703  	21,63283  	23,17037  	-1,18516  	0,00000  	0,18896  	0,23938  	0,10119  	-0,01759  	0,96727  	0,04409  	-1,35937  	70,65015  	55,76821  	657,95393  	-7459,63979  	-Inf  	-Inf  	0,00396  	0,00625  	0,00511  	0,00000  	0,00694  	-0,00000  	0,00413  
38,83304  	23,06652  	21,90791  	21,63206  	23,17063  	-1,18516  	0,00000  	0,18743  	0,24058  	0,10119  	-0,01757  	0,96813  	0,04407  	-1,36757  	71,00388  	55,31667  	657,96099  	-7459,63104  	-Inf  	-Inf  	0,00396  	0,00626  	0,00512  	0,00000  	0,00692  	-0,00000  	0,00413  
39,83479  	23,06567  	21,90741  	21,63200  	23,17039  	-1,18517  	0,00000  	0,18548  	0,24068  	0,10106  	-0,01871  	0,96844  	0,04427  	-1,36540  	71,03345  	54,74117  	657,08754  	-7459,64127  	-Inf  	-Inf  	0,00396  	0,00626  	0,00512  	0,00000  	0,00689  	-0,00000  	0,00413  
40,83685  	23,06651  	21,90783  	21,63254  	23,17047  	-1,18516  	0,00000  	0,18809  	0,24072  	0,10072  	-0,01814  	0,96654  	0,04380  	-1,36480  	71,04649  	55,51146  	654,89132  	-7459,67256  	-Inf  	-Inf  	0,00396  	0,00625  	0,00512  	0,00000  	0,00693  	-0,00000  	0,00413  
41,83690  	23,06554  	21,90815  	21,63262  	23,17068  	-1,18515  	0,00000  	0,18798  	0,23943  	0,10031  	-0,01749  	0,96768  	0,04412  	-1,36595  	70,66382  	55,47876  	652,22102  	-7459,65227  	-Inf  	-Inf  	0,00396  	0,00626  	0,00511  	0,00000  	0,00692  	-0,00000  	0,00413  
42,83823  	23,06586  	21,90827  	21,63225  	23,17012  	-1,18517  	0,00000  	0,18942  	0,24002  	0,10047  	-0,01781  	0,96689  	0,04381  	-1,36845  	70,83981  	55,90409  	653,25531  	-7459,77651  	-Inf  	-Inf  	0,00396  	0,00625  	0,00511  	0,00000  	0,00695  	-0,00000  	0,00413  
43,83835  	23,06566  	21,90702  	21,63224  	23,17138  	-1,18516  	0,00000  	0,18867  	0,24034  	0,10107  	-0,01735  	0,96761  	0,04470  	-1,36223  	70,93458  	55,68338  	657,17015  	-7459,58931  	-Inf  	-Inf  	0,00396  	0,00626  	0,00512  	0,00000  	0,00693  	-0,00000  	0,00413  
44,84014  	23,06556  	21,90805  	21,63244  	23,17098  	-1,18513  	0,00000  	0,18895  	0,24060  	0,10150  	-0,01776  	0,96709  	0,04476  	-1,36637  	71,00962  	55,76762  	659,96504  	-7459,49709  	-Inf  	-Inf  	0,00396  	0,00625  	0,00512  	0,00000  	0,00694  	-0,00000  	0,00413  
45,84318  	23,06558  	21,90818  	21,63262  	23,17153  	-1,18516  	0,00000  	0,18765  	0,24021  	0,10151  	-0,01804  	0,96804  	0,04499  	-1,36610  	70,89543  	55,38271  	660,05093  	-7459,72164  	-Inf  	-Inf  	0,00396  	0,00626  	0,00511  	0,00000  	0,00692  	-0,00000  	0,00413  
46,84637  	23,06596  	21,90844  	21,63269  	23,17175  	-1,18518  	0,00000  	0,18801  	0,24072  	0,10134  	-0,01793  	0,96779  	0,04484  	-1,36709  	71,04640  	55,48845  	658,94631  	-7459,87312  	-Inf  	-Inf  	0,00396  	0,00626  	0,00512  	0,00000  	0,00692  	-0,00000  	0,00413  
47,84786  	23,06562  	21,90910  	21,63124  	23,17237  	-1,18515  	0,00000  	0,18855  	0,23982  	0,10079  	-0,01790  	0,96519  	0,04501  	-1,37750  	70,78073  	55,64781  	655,37452  	-7459,63655  	-Inf  	-Inf  	0,00396  	0,00625  	0,00511  	0,00000  	0,00693  	-0,00000  	0,00413  
48,84872  	23,06674  	21,90840  	21,63193  	23,17220  	-1,18513  	0,00000  	0,18999  	0,24010  	0,10089  	-0,01701  	0,96769  	0,04451  	-1,37061  	70,86369  	56,07443  	656,01236  	-7459,51093  	-Inf  	-Inf  	0,00396  	0,00626  	0,00511  	0,00000  	0,00696  	-0,00000  	0,00413  
49,85256  	23,06677  	21,90758  	21,63226  	23,17263  	-1,18516  	0,00000  	0,18943  	0,23980  	0,10139  	-0,01728  	0,96799  	0,04490  	-1,36491  	70,77298  	55,90849  	659,29224  	-7459,64314  	-Inf  	-Inf  	0,00396  	0,00626  	0,00511  	0,00000  	0,00695  	-0,00000  	0,00413  
50,85472  	23,06716  	21,90799  	21,63266  	23,17329  	-1,18518  	0,00000  	0,18825  	0,23995  	0,10102  	-0,01859  	0,96545  	0,04484  	-1,36503  	70,81745  	55,56107  	656,87279  	-7459,81687  	-Inf  	-Inf  	0,00396  	0,00625  	0,00511  	0,00000  	0,00693  	-0,00000  	0,00413  
51,85663  	23,06776  	21,90894  	21,63233  	23,17244  	-1,18517  	0,00000  	0,18727  	0,24032  	0,10191  	-0,01764  	0,96739  	0,04463  	-1,37138  	70,92704  	55,27056  	662,70338  	-7459,83733  	-Inf  	-Inf  	0,00396  	0,00626  	0,00512  	0,00000  	0,00691  	-0,00000  	0,00413  
52,85905  	23,06783  	21,90768  	21,63286  	23,17322  	-1,18514  	0,00000  	0,18794  	0,24046  	0,10149  	-0,01698  	0,96843  	0,04474  	-1,36244  	70,96824  	55,46700  	659,95228  	-7459,61146  	-Inf  	-Inf  	0,00396  	0,00626  	0,00512  	0,00000  	0,00692  	-0,00000  	0,00413  
53,86071  	23,06847  	21,90951  	21,63298  	23,17342  	-1,18516  	0,00000  	0,18748  	0,23956  	0,10112  	-0,01766  	0,96668  	0,04440  	-1,37093  	70,70302  	55,33328  	657,55683  	-7459,90936  	-Inf  	-Inf  	0,00396  	0,00625  	0,00511  	0,00000  	0,00692  	-0,00000  	0,00413  
54,86193  	23,06874  	21,90873  	21,63273  	23,17320  	-1,18516  	0,00000  	0,18716  	0,23916  	0,10185  	-0,01787  	0,96738  	0,04451  	-1,36833  	70,58422  	55,23888  	662,30233  	-7459,76717  	-Inf  	-Inf  	0,00396  	0,00625  	0,00511  	0,00000  	0,00691  	-0,00000  	0,00413  
55,86321  	23,06908  	21,90851  	21,63346  	23,17385  	-1,18516  	0,00000  	0,18873  	0,24016  	0,10127  	-0,01622  	0,96716  	0,04438  	-1,36359  	70,88081  	55,70298  	658,52840  	-7459,82992  	-Inf  	-Inf  	0,00396  	0,00625  	0,00511  	0,00000  	0,00694  	-0,00000  	0,00413  
56,86508  	23,06841  	21,90903  	21,63345  	23,17383  	-1,18515  	0,00000  	0,18818  	0,23880  	0,10145  	-0,01742  	0,96767  	0,04474  	-1,36622  	70,47975  	55,53865  	659,70048  	-7459,82988  	-Inf  	-Inf  	0,00396  	0,00626  	0,00511  	0,00000  	0,00693  	-0,00000  	0,00413  
57,86525  	23,06917  	21,90850  	21,63245  	23,17320  	-1,18518  	0,00000  	0,18767  	0,23854  	0,10100  	-0,01708  	0,96649  	0,04395  	-1,36856  	70,40223  	55,38815  	656,78046  	-7459,85206  	-Inf  	-Inf  	0,00396  	0,00625  	0,00511  	0,00000  	0,00692  	-0,00000  	0,00413  
58,86554  	23,07044  	21,90917  	21,63264  	23,17395  	-1,18517  	0,00000  	0,18867  	0,24000  	0,10133  	-0,01758  	0,96833  	0,04387  	-1,37097  	70,83374  	55,68415  	658,93901  	-7459,85948  	-Inf  	-Inf  	0,00396  	0,00626  	0,00511  	0,00000  	0,00693  	-0,00000  	0,00413  
59,86567  	23,06916  	21,90979  	21,63380  	23,17518  	-1,18516  	0,00000  	0,18873  	0,23943  	0,10164  	-0,01781  	0,96807  	0,04508  	-1,36822  	70,66598  	55,70206  	660,96704  	-7459,95932  	-Inf  	-Inf  	0,00396  	0,00626  	0,00511  	0,00000  	0,00694  	-0,00000  	0,00413  
60,86861  	23,06916  	21,90928  	21,63269  	23,17541  	-1,18518  	0,00000  	0,18922  	0,23961  	0,10160  	-0,01773  	0,96721  	0,04516  	-1,37122  	70,71782  	55,84589  	660,66315  	-7459,98099  	-Inf  	-Inf  	0,00396  	0,00625  	0,00511  	0,00000  	0,00694  	-0,00000  	0,00413  
61,87041  	23,06929  	21,90930  	21,63322  	23,17495  	-1,18516  	0,00000  	0,18877  	0,23955  	0,10160  	-0,01693  	0,96678  	0,04491  	-1,36867  	70,70061  	55,71325  	660,70257  	-7459,91690  	-Inf  	-Inf  	0,00396  	0,00625  	0,00511  	0,00000  	0,00694  	-0,00000  	0,00413  
62,87252  	23,06933  	21,90851  	21,63278  	23,17446  	-1,18516  	0,00000  	0,18782  	0,23949  	0,10194  	-0,01668  	0,96806  	0,04483  	-1,36700  	70,68257  	55,43406  	662,89035  	-7459,80793  	-Inf  	-Inf  	0,00396  	0,00626  	0,00511  	0,00000  	0,00692  	-0,00000  	0,00413  
63,87442  	23,06931  	21,90888  	21,63381  	23,17586  	-1,18515  	0,00000  	0,18938  	0,23962  	0,10100  	-0,01769  	0,96744  	0,04501  	-1,36366  	70,72023  	55,89360  	656,78535  	-7459,86948  	-Inf  	-Inf  	0,00396  	0,00626  	0,00511  	0,00000  	0,00695  	-0,00000  	0,00413  
64,87728  	23,06981  	21,90917  	21,63317  	23,17627  	-1,18516  	0,00000  	0,19045  	0,23995  	0,10081  	-0,01743  	0,96745  	0,04489  	-1,36831  	70,81938  	56,20907  	655,54757  	-7459,85150  	-Inf  	-Inf  	0,00396  	0,00626  	0,00511  	0,00000  	0,00696  	-0,00000  	0,00413  
65,87828  	23,06945  	21,90914  	21,63278  	23,17580  	-1,18516  	0,00000  	0,18808  	0,23879  	0,10105  	-0,01704  	0,96633  	0,04496  	-1,37005  	70,47547  	55,51056  	657,13560  	-7459,83482  	-Inf  	-Inf  	0,00396  	0,00625  	0,00511  	0,00000  	0,00693  	-0,00000  	0,00413  
66,87793  	23,06993  	21,91000  	21,63285  	23,17696  	-1,18517  	0,00000  	0,18990  	0,24007  	0,10190  	-0,01786  	0,96689  	0,04562  	-1,37405  	70,85512  	56,04719  	662,64529  	-7459,96465  	-Inf  	-Inf  	0,00396  	0,00625  	0,00511  	0,00000  	0,00695  	-0,00000  	0,00413  
67,87884  	23,07146  	21,90882  	21,63355  	23,17660  	-1,18517  	0,00000  	0,18833  	0,23996  	0,10147  	-0,01665  	0,96715  	0,04463  	-1,36468  	70,82069  	55,58395  	659,90333  	-7459,91408  	-Inf  	-Inf  	0,00396  	0,00625  	0,00511  	0,00000  	0,00693  	-0,00000  	0,00413  
68,87976  	23,07074  	21,90948  	21,63337  	23,17642  	-1,18515  	0,00000  	0,19099  	0,24021  	0,10170  	-0,01803  	0,96825  	0,04496  	-1,36887  	70,89538  	56,37003  	661,34531  	-7459,86179  	-Inf  	-Inf  	0,00396  	0,00626  	0,00511  	0,00000  	0,00697  	-0,00000  	0,00413  
69,88126  	23,07045  	21,90958  	21,63319  	23,17614  	-1,18515  	0,00000  	0,18791  	0,23927  	0,10132  	-0,01824  	0,96826  	0,04479  	-1,37025  	70,61683  	55,46038  	658,90700  	-7459,87004  	-Inf  	-Inf  	0,00396  	0,00626  	0,00511  	0,00000  	0,00692  	-0,00000  	0,00413  
70,88264  	23,07101  	21,90933  	21,63337  	23,17688  	-1,18515  	0,00000  	0,18820  	0,23884  	0,10035  	-0,01725  	0,96691  	0,04444  	-1,36813  	70,49229  	55,54443  	652,56848  	-7459,86125  	-Inf  	-Inf  	0,00396  	0,00625  	0,00511  	0,00000  	0,00693  	-0,00000  	0,00413  
71,88368  	23,07199  	21,90988  	21,63377  	23,17761  	-1,18515  	0,00000  	0,18984  	0,23967  	0,10109  	-0,01813  	0,96765  	0,04467  	-1,36886  	70,73453  	56,02885  	657,44584  	-7459,92995  	-Inf  	-Inf  	0,00396  	0,00626  	0,00511  	0,00000  	0,00695  	-0,00000  	0,00413  
72,88578  	23,07162  	21,90933  	21,63413  	23,17694  	-1,18515  	0,00000  	0,18880  	0,23979  	0,10185  	-0,01701  	0,96627  	0,04487  	-1,36434  	70,77226  	55,72212  	662,38220  	-7459,88503  	-Inf  	-Inf  	0,00396  	0,00625  	0,00511  	0,00000  	0,00694  	-0,00000  	0,00413  
73,88841  	23,07190  	21,90943  	21,63341  	23,17786  	-1,18515  	0,00000  	0,18770  	0,23909  	0,10139  	-0,01751  	0,96686  	0,04494  	-1,36843  	70,56457  	55,39788  	659,35120  	-7459,86860  	-Inf  	-Inf  	0,00396  	0,00625  	0,00511  	0,00000  	0,00692  	-0,00000  	0,00413  
74,88794  	23,07196  	21,91041  	21,63328  	23,17889  	-1,18518  	0,00000  	0,18741  	0,23858  	0,10049  	-0,01792  	0,96748  	0,04495  	-1,37396  	70,41413  	55,31099  	653,54472  	-7460,12120  	-Inf  	-Inf  	0,00396  	0,00626  	0,00511  	0,00000  	0,00691  	-0,00000  	0,00413  
75,89089  	23,07149  	21,91042  	21,63336  	23,17780  	-1,18514  	0,00000  	0,18823  	0,24051  	0,10113  	-0,01788  	0,96738  	0,04497  	-1,37352  	70,98272  	55,55324  	657,64455  	-7459,90710  	-Inf  	-Inf  	0,00396  	0,00626  	0,00512  	0,00000  	0,00693  	-0,00000  	0,00413  
76,89273  	23,07152  	21,91077  	21,63319  	23,17785  	-1,18515  	0,00000  	0,18832  	0,24158  	0,10133  	-0,01704  	0,96798  	0,04507  	-1,37610  	71,30012  	55,57912  	658,99436  	-7459,93503  	-Inf  	-Inf  	0,00396  	0,00626  	0,00512  	0,00000  	0,00693  	-0,00000  	0,00413  
77,89372  	23,07251  	21,90984  	21,63384  	23,17787  	-1,18515  	0,00000  	0,19136  	0,24004  	0,10094  	-0,01742  	0,96724  	0,04448  	-1,36829  	70,84526  	56,47811  	656,45638  	-7459,91623  	-Inf  	-Inf  	0,00396  	0,00625  	0,00511  	0,00000  	0,00698  	-0,00000  	0,00413  
78,89642  	23,07183  	21,90950  	21,63358  	23,17870  	-1,18516  	0,00000  	0,18689  	0,23994  	0,10115  	-0,01743  	0,96747  	0,04522  	-1,36790  	70,81562  	55,15776  	657,83353  	-7459,94959  	-Inf  	-Inf  	0,00396  	0,00626  	0,00511  	0,00000  	0,00691  	-0,00000  	0,00413  
79,89742  	23,07204  	21,91003  	21,63382  	23,17962  	-1,18516  	0,00000  	0,19027  	0,23970  	0,10131  	-0,01738  	0,96678  	0,04559  	-1,36937  	70,74602  	56,15725  	658,87232  	-7460,00453  	-Inf  	-Inf  	0,00396  	0,00625  	0,00511  	0,00000  	0,00696  	-0,00000  	0,00413  
80,89749  	23,07233  	21,91012  	21,63372  	23,17865  	-1,18516  	0,00000  	0,19107  	0,23997  	0,10063  	-0,01714  	0,96703  	0,04476  	-1,37028  	70,82502  	56,39089  	654,42950  	-7460,00197  	-Inf  	-Inf  	0,00396  	0,00625  	0,00511  	0,00000  	0,00697  	-0,00000  	0,00413  
81,89857  	23,07352  	21,90998  	21,63408  	23,17908  	-1,18515  	0,00000  	0,18765  	0,24064  	0,10088  	-0,01706  	0,96679  	0,04455  	-1,36784  	71,02227  	55,38187  	656,08915  	-7459,95201  	-Inf  	-Inf  	0,00396  	0,00625  	0,00512  	0,00000  	0,00692  	-0,00000  	0,00413  
82,89844  	23,07342  	21,91030  	21,63362  	23,18008  	-1,18516  	0,00000  	0,18822  	0,23888  	0,10122  	-0,01721  	0,96640  	0,04516  	-1,37170  	70,50298  	55,55074  	658,30195  	-7459,99090  	-Inf  	-Inf  	0,00396  	0,00625  	0,00511  	0,00000  	0,00693  	-0,00000  	0,00413  
83,89829  	23,07349  	21,91094  	21,63487  	23,17935  	-1,18515  	0,00000  	0,18913  	0,23974  	0,10121  	-0,01718  	0,96774  	0,04482  	-1,36866  	70,75650  	55,81985  	658,24830  	-7460,15422  	-Inf  	-Inf  	0,00396  	0,00626  	0,00511  	0,00000  	0,00694  	-0,00000  	0,00413  
84,89810  	23,07330  	21,91004  	21,63379  	23,17945  	-1,18515  	0,00000  	0,18838  	0,24044  	0,10152  	-0,01750  	0,96804  	0,04508  	-1,36952  	70,96179  	55,59918  	660,24506  	-7459,92329  	-Inf  	-Inf  	0,00396  	0,00626  	0,00512  	0,00000  	0,00693  	-0,00000  	0,00413  
85,89918  	23,07294  	21,91075  	21,63381  	23,17979  	-1,18516  	0,00000  	0,19072  	0,23939  	0,10130  	-0,01630  	0,96689  	0,04528  	-1,37300  	70,65392  	56,28823  	658,80341  	-7460,06473  	-Inf  	-Inf  	0,00396  	0,00625  	0,00511  	0,00000  	0,00697  	-0,00000  	0,00413  
86,89987  	23,07377  	21,90988  	21,63476  	23,17961  	-1,18514  	0,00000  	0,18855  	0,23843  	0,10124  	-0,01747  	0,96612  	0,04482  	-1,36392  	70,37033  	55,64717  	658,39224  	-7459,93256  	-Inf  	-Inf  	0,00396  	0,00625  	0,00511  	0,00000  	0,00693  	-0,00000  	0,00413  
87,90095  	23,07387  	21,91082  	21,63386  	23,18007  	-1,18517  	0,00000  	0,18995  	0,23993  	0,10099  	-0,01687  	0,96887  	0,04486  	-1,37310  	70,81219  	56,06036  	656,79443  	-7460,18229  	-Inf  	-Inf  	0,00396  	0,00626  	0,00511  	0,00000  	0,00695  	-0,00000  	0,00413  
88,90360  	23,07478  	21,91131  	21,63481  	23,18052  	-1,18515  	0,00000  	0,18957  	0,23934  	0,10088  	-0,01676  	0,96564  	0,04462  	-1,37076  	70,63782  	55,94929  	656,11005  	-7460,15794  	-Inf  	-Inf  	0,00396  	0,00625  	0,00511  	0,00000  	0,00695  	-0,00000  	0,00413  
89,90266  	23,07515  	21,91138  	21,63428  	23,18054  	-1,18515  	0,00000  	0,18841  	0,24016  	0,10140  	-0,01836  	0,96750  	0,04470  	-1,37375  	70,87918  	55,60835  	659,46585  	-7460,10043  	-Inf  	-Inf  	0,00396  	0,00626  	0,00511  	0,00000  	0,00693  	-0,00000  	0,00413  
90,90487  	23,07515  	21,91107  	21,63496  	23,18040  	-1,18516  	0,00000  	0,18950  	0,24013  	0,10117  	-0,01726  	0,96659  	0,04454  	-1,36887  	70,87148  	55,92913  	658,00061  	-7460,20959  	-Inf  	-Inf  	0,00396  	0,00625  	0,00511  	0,00000  	0,00695  	-0,00000  	0,00413  
91,90851  	23,07515  	21,91121  	21,63411  	23,18061  	-1,18514  	0,00000  	0,18790  	0,23947  	0,10142  	-0,01758  	0,96707  	0,04474  	-1,37373  	70,67552  	55,45626  	659,59437  	-7460,02777  	-Inf  	-Inf  	0,00396  	0,00625  	0,00511  	0,00000  	0,00692  	-0,00000  	0,00413  
92,90948  	23,07418  	21,91165  	21,63430  	23,18075  	-1,18517  	0,00000  	0,18932  	0,24065  	0,10152  	-0,01781  	0,96783  	0,04526  	-1,37503  	71,02569  	55,87515  	660,22532  	-7460,25516  	-Inf  	-Inf  	0,00396  	0,00626  	0,00512  	0,00000  	0,00694  	-0,00000  	0,00413  
93,91149  	23,07476  	21,91108  	21,63418  	23,18000  	-1,18517  	0,00000  	0,18734  	0,24009  	0,10180  	-0,01616  	0,96623  	0,04481  	-1,37278  	70,86082  	55,29268  	662,07000  	-7460,18388  	-Inf  	-Inf  	0,00396  	0,00625  	0,00511  	0,00000  	0,00691  	-0,00000  	0,00413  
94,91153  	23,07559  	21,91088  	21,63421  	23,18049  	-1,18516  	0,00000  	0,18784  	0,24120  	0,10149  	-0,01677  	0,96668  	0,04453  	-1,37167  	71,18624  	55,43978  	660,03859  	-7460,11893  	-Inf  	-Inf  	0,00396  	0,00625  	0,00512  	0,00000  	0,00692  	-0,00000  	0,00413  
95,91070  	23,07470  	21,91141  	21,63431  	23,18031  	-1,18515  	0,00000  	0,18779  	0,24067  	0,10114  	-0,01643  	0,96693  	0,04468  	-1,37377  	71,03068  	55,42373  	657,78969  	-7460,12723  	-Inf  	-Inf  	0,00396  	0,00625  	0,00512  	0,00000  	0,00692  	-0,00000  	0,00413  
96,91067  	23,07627  	21,91153  	21,63440  	23,18072  	-1,18514  	0,00000  	0,18904  	0,24029  	0,10064  	-0,01734  	0,96712  	0,04397  	-1,37394  	70,91859  	55,79273  	654,52704  	-7460,09440  	-Inf  	-Inf  	0,00396  	0,00625  	0,00512  	0,00000  	0,00694  	-0,00000  	0,00413  
97,91210  	23,07752  	21,91117  	21,63443  	23,18131  	-1,18516  	0,00000  	0,18889  	0,24123  	0,10105  	-0,01768  	0,96602  	0,04387  	-1,37198  	71,19519  	55,74812  	657,21139  	-7460,15059  	-Inf  	-Inf  	0,00396  	0,00625  	0,00512  	0,00000  	0,00694  	-0,00000  	0,00413  
98,91188  	23,07666  	21,91133  	21,63405  	23,18165  	-1,18517  	0,00000  	0,18908  	0,23976  	0,10119  	-0,01829  	0,96685  	0,04444  	-1,37468  	70,76275  	55,80452  	658,15265  	-7460,22526  	-Inf  	-Inf  	0,00396  	0,00625  	0,00511  	0,00000  	0,00694  	-0,00000  	0,00413  
99,91370  	23,07646  	21,91137  	21,63466  	23,18236  	-1,18516  	0,00000  	0,18947  	0,23984  	0,10155  	-0,01750  	0,96808  	0,04499  	-1,37184  	70,78512  	55,92000  	660,48504  	-7460,18447  	-Inf  	-Inf  	0,00396  	0,00626  	0,00511  	0,00000  	0,00695  	-0,00000  	0,00413  
100,91497  	23,07717  	21,91113  	21,63500  	23,18210  	-1,18514  	0,00000  	0,18851  	0,24130  	0,10108  	-0,01857  	0,96683  	0,04437  	-1,36894  	71,21841  	55,63693  	657,44317  	-7460,10698  	-Inf  	-Inf  	0,00396  	0,00625  	0,00512  	0,00000  	0,00693  	-0,00000  	0,00413  
101,91544  	23,07733  	21,91122  	21,63520  	23,18265  	-1,18516  	0,00000  	0,18906  	0,23903  	0,10152  	-0,01804  	0,96720  	0,04473  	-1,36843  	70,54695  	55,79977  	660,29218  	-7460,24796  	-Inf  	-Inf  	0,00396  	0,00625  	0,00511  	0,00000  	0,00694  	-0,00000  	0,00413  
102,91670  	23,07715  	21,91183  	21,63472  	23,18248  	-1,18515  	0,00000  	0,18930  	0,23942  	0,10123  	-0,01839  	0,96696  	0,04461  	-1,37380  	70,66164  	55,86975  	658,42121  	-7460,21086  	-Inf  	-Inf  	0,00396  	0,00625  	0,00511  	0,00000  	0,00694  	-0,00000  	0,00413  
103,91777  	23,07809  	21,91240  	21,63413  	23,18252  	-1,18518  	0,00000  	0,18888  	0,24069  	0,10063  	-0,01730  	0,96791  	0,04396  	-1,37959  	71,03703  	55,74561  	654,50922  	-7460,36037  	-Inf  	-Inf  	0,00396  	0,00626  	0,00512  	0,00000  	0,00694  	-0,00000  	0,00413  
104,92051  	23,07757  	21,91136  	21,63498  	23,18291  	-1,18516  	0,00000  	0,18955  	0,23945  	0,10129  	-0,01682  	0,96694  	0,04464  	-1,37022  	70,67191  	55,94433  	658,81727  	-7460,22952  	-Inf  	-Inf  	0,00396  	0,00625  	0,00511  	0,00000  	0,00695  	-0,00000  	0,00413  
105,92082  	23,07759  	21,91220  	21,63520  	23,18382  	-1,18516  	0,00000  	0,18876  	0,23916  	0,10073  	-0,01710  	0,96573  	0,04477  	-1,37327  	70,58474  	55,71124  	655,20103  	-7460,34111  	-Inf  	-Inf  	0,00396  	0,00625  	0,00511  	0,00000  	0,00694  	-0,00000  	0,00413  
106,92211  	23,07797  	21,91170  	21,63430  	23,18300  	-1,18515  	0,00000  	0,18972  	0,24132  	0,10109  	-0,01787  	0,96805  	0,04442  	-1,37522  	71,22195  	55,99371  	657,51492  	-7460,13419  	-Inf  	-Inf  	0,00396  	0,00626  	0,00512  	0,00000  	0,00695  	-0,00000  	0,00413  
107,92263  	23,07850  	21,91161  	21,63505  	23,18389  	-1,18516  	0,00000  	0,19007  	0,24064  	0,10100  	-0,01812  	0,96832  	0,04453  	-1,37111  	71,02340  	56,09798  	656,93199  	-7460,29613  	-Inf  	-Inf  	0,00396  	0,00626  	0,00512  	0,00000  	0,00696  	-0,00000  	0,00413  
108,92461  	23,07876  	21,91172  	21,63446  	23,18426  	-1,18515  	0,00000  	0,18829  	0,23913  	0,10114  	-0,01758  	0,96779  	0,04464  	-1,37457  	70,57586  	55,57301  	657,82988  	-7460,15399  	-Inf  	-Inf  	0,00396  	0,00626  	0,00511  	0,00000  	0,00693  	-0,00000  	0,00413  
109,92757  	23,07963  	21,91106  	21,63495  	23,18397  	-1,18515  	0,00000  	0,18783  	0,24048  	0,10187  	-0,01756  	0,96677  	0,04446  	-1,36883  	70,97534  	55,43675  	662,59738  	-7460,12055  	-Inf  	-Inf  	0,00396  	0,00625  	0,00512  	0,00000  	0,00692  	-0,00000  	0,00413  
110,92838  	23,07894  	21,91165  	21,63497  	23,18444  	-1,18515  	0,00000  	0,18885  	0,24117  	0,10148  	-0,01710  	0,96792  	0,04479  	-1,37170  	71,17813  	55,73810  	660,07930  	-7460,21831  	-Inf  	-Inf  	0,00396  	0,00626  	0,00512  	0,00000  	0,00694  	-0,00000  	0,00413  
111,92905  	23,08005  	21,91157  	21,63548  	23,18466  	-1,18514  	0,00000  	0,18891  	0,23984  	0,10155  	-0,01652  	0,96812  	0,04444  	-1,36875  	70,78738  	55,75570  	660,50117  	-7460,18075  	-Inf  	-Inf  	0,00396  	0,00626  	0,00511  	0,00000  	0,00694  	-0,00000  	0,00413  
112,93115  	23,08009  	21,91156  	21,63476  	23,18479  	-1,18516  	0,00000  	0,18844  	0,23936  	0,10089  	-0,01817  	0,96761  	0,04419  	-1,37231  	70,64592  	55,61732  	656,25995  	-7460,26682  	-Inf  	-Inf  	0,00396  	0,00626  	0,00511  	0,00000  	0,00693  	-0,00000  	0,00413  
113,93387  	23,08142  	21,91218  	21,63515  	23,18515  	-1,18516  	0,00000  	0,18893  	0,24005  	0,10129  	-0,01852  	0,96821  	0,04395  	-1,37340  	70,84905  	55,75988  	658,85662  	-7460,30400  	-Inf  	-Inf  	0,00396  	0,00626  	0,00511  	0,00000  	0,00694  	-0,00000  	0,00413  
114,93473  	23,08093  	21,91332  	21,63567  	23,18536  	-1,18517  	0,00000  	0,18966  	0,23918  	0,10102  	-0,01717  	0,96740  	0,04413  	-1,37651  	70,59275  	55,97508  	657,09943  	-7460,53626  	-Inf  	-Inf  	0,00396  	0,00626  	0,00511  	0,00000  	0,00695  	-0,00000  	0,00413  
115,93656  	23,08054  	21,91277  	21,63631  	23,18607  	-1,18514  	0,00000  	0,18970  	0,23976  	0,10128  	-0,01733  	0,96727  	0,04471  	-1,37055  	70,76215  	55,98929  	658,79562  	-7460,37622  	-Inf  	-Inf  	0,00396  	0,00625  	0,00511  	0,00000  	0,00695  	-0,00000  	0,00413  
116,93577  	23,08117  	21,91186  	21,63515  	23,18549  	-1,18514  	0,00000  	0,18961  	0,24036  	0,10068  	-0,01771  	0,96703  	0,04393  	-1,37183  	70,93837  	55,95986  	654,86108  	-7460,18534  	-Inf  	-Inf  	0,00396  	0,00625  	0,00512  	0,00000  	0,00695  	-0,00000  	0,00413  
117,93780  	23,08137  	21,91225  	21,63571  	23,18544  	-1,18516  	0,00000  	0,18905  	0,24032  	0,10144  	-0,01715  	0,96743  	0,04416  	-1,37103  	70,92829  	55,79744  	659,83752  	-7460,40454  	-Inf  	-Inf  	0,00396  	0,00626  	0,00512  	0,00000  	0,00694  	-0,00000  	0,00413  
118,93935  	23,08069  	21,91149  	21,63531  	23,18549  	-1,18516  	0,00000  	0,18940  	0,24019  	0,10110  	-0,01859  	0,96743  	0,04432  	-1,36921  	70,88973  	55,89961  	657,64004  	-7460,28267  	-Inf  	-Inf  	0,00396  	0,00626  	0,00511  	0,00000  	0,00695  	-0,00000  	0,00413  
119,93942  	23,08136  	21,91178  	21,63493  	23,18609  	-1,18516  	0,00000  	0,18915  	0,24011  	0,10048  	-0,01802  	0,96710  	0,04402  	-1,37253  	70,86594  	55,82467  	653,56055  	-7460,28960  	-Inf  	-Inf  	0,00396  	0,00625  	0,00511  	0,00000  	0,00694  	-0,00000  	0,00413  
120,94258  	23,08186  	21,91209  	21,63522  	23,18619  	-1,18516  	0,00000  	0,18954  	0,24049  	0,10097  	-0,01766  	0,96703  	0,04406  	-1,37264  	70,97723  	55,94164  	656,75678  	-7460,34333  	-Inf  	-Inf  	0,00396  	0,00625  	0,00512  	0,00000  	0,00695  	-0,00000  	0,00413  
121,94444  	23,08183  	21,91297  	21,63532  	23,18668  	-1,18516  	0,00000  	0,18988  	0,24050  	0,10130  	-0,01710  	0,96777  	0,04443  	-1,37646  	70,98060  	56,04137  	658,95683  	-7460,40076  	-Inf  	-Inf  	0,00396  	0,00626  	0,00512  	0,00000  	0,00695  	-0,00000  	0,00413  
122,94499  	23,08126  	21,91234  	21,63478  	23,18702  	-1,18515  	0,00000  	0,18868  	0,23915  	0,10044  	-0,01779  	0,96675  	0,04444  	-1,37608  	70,58140  	55,68747  	653,36013  	-7460,25295  	-Inf  	-Inf  	0,00396  	0,00625  	0,00511  	0,00000  	0,00693  	-0,00000  	0,00413  
123,94634  	23,08182  	21,91308  	21,63538  	23,18679  	-1,18515  	0,00000  	0,18903  	0,23947  	0,10077  	-0,01742  	0,96763  	0,04425  	-1,37673  	70,67616  	55,79054  	655,49460  	-7460,39394  	-Inf  	-Inf  	0,00396  	0,00626  	0,00511  	0,00000  	0,00694  	-0,00000  	0,00413  
124,94805  	23,08295  	21,91303  	21,63439  	23,18727  	-1,18515  	0,00000  	0,18920  	0,23924  	0,10128  	-0,01767  	0,96659  	0,04420  	-1,38141  	70,61041  	55,83922  	658,79199  	-7460,27373  	-Inf  	-Inf  	0,00396  	0,00625  	0,00511  	0,00000  	0,00694  	-0,00000  	0,00413  
125,94957  	23,08299  	21,91325  	21,63575  	23,18793  	-1,18515  	0,00000  	0,18934  	0,24021  	0,10154  	-0,01769  	0,96764  	0,04458  	-1,37576  	70,89530  	55,88292  	660,52931  	-7460,43692  	-Inf  	-Inf  	0,00396  	0,00626  	0,00511  	0,00000  	0,00694  	-0,00000  	0,00413  
126,95115  	23,08227  	21,91293  	21,63587  	23,18814  	-1,18516  	0,00000  	0,18968  	0,24063  	0,10116  	-0,01738  	0,96791  	0,04480  	-1,37355  	71,01942  	55,98301  	658,03636  	-7460,43837  	-Inf  	-Inf  	0,00396  	0,00626  	0,00512  	0,00000  	0,00695  	-0,00000  	0,00413  
127,95217  	23,08389  	21,91225  	21,63583  	23,18817  	-1,18515  	0,00000  	0,18992  	0,24066  	0,10109  	-0,01769  	0,96596  	0,04410  	-1,37040  	71,02911  	56,05419  	657,56347  	-7460,34517  	-Inf  	-Inf  	0,00396  	0,00625  	0,00512  	0,00000  	0,00695  	-0,00000  	0,00413  
128,95407  	23,08290  	21,91241  	21,63469  	23,18888  	-1,18517  	0,00000  	0,18967  	0,23995  	0,10152  	-0,01761  	0,96596  	0,04501  	-1,37685  	70,81989  	55,97870  	660,40730  	-7460,33868  	-Inf  	-Inf  	0,00396  	0,00625  	0,00511  	0,00000  	0,00695  	-0,00000  	0,00413  
129,95533  	23,08296  	21,91233  	21,63547  	23,18902  	-1,18515  	0,00000  	0,18904  	0,24075  	0,10099  	-0,01814  	0,96860  	0,04481  	-1,37255  	71,05371  	55,79362  	656,91457  	-7460,31651  	-Inf  	-Inf  	0,00396  	0,00626  	0,00512  	0,00000  	0,00694  	-0,00000  	0,00413  
130,95622  	23,08339  	21,91327  	21,63558  	23,18937  	-1,18516  	0,00000  	0,18953  	0,24042  	0,10075  	-0,01774  	0,96749  	0,04467  	-1,37670  	70,95719  	55,93807  	655,38497  	-7460,46496  	-Inf  	-Inf  	0,00396  	0,00626  	0,00512  	0,00000  	0,00695  	-0,00000  	0,00413  
131,95754  	23,08281  	21,91276  	21,63591  	23,18909  	-1,18516  	0,00000  	0,18864  	0,23981  	0,10153  	-0,01707  	0,96546  	0,04514  	-1,37252  	70,77609  	55,67365  	660,45181  	-7460,46171  	-Inf  	-Inf  	0,00396  	0,00625  	0,00511  	0,00000  	0,00693  	-0,00000  	0,00413  
132,95782  	23,08347  	21,91333  	21,63514  	23,18840  	-1,18516  	0,00000  	0,19020  	0,24010  	0,10127  	-0,01729  	0,96587  	0,04445  	-1,37921  	70,86229  	56,13503  	658,77475  	-7460,45005  	-Inf  	-Inf  	0,00396  	0,00625  	0,00511  	0,00000  	0,00696  	-0,00000  	0,00413  
133,96052  	23,08485  	21,91382  	21,63556  	23,18867  	-1,18516  	0,00000  	0,18889  	0,24054  	0,10197  	-0,01769  	0,96710  	0,04429  	-1,37948  	70,99199  	55,74971  	663,34111  	-7460,48746  	-Inf  	-Inf  	0,00396  	0,00625  	0,00512  	0,00000  	0,00694  	-0,00000  	0,00413  
134,96040  	23,08369  	21,91436  	21,63515  	23,18996  	-1,18515  	0,00000  	0,18906  	0,23972  	0,10157  	-0,01795  	0,96817  	0,04515  	-1,38421  	70,75068  	55,79966  	660,71312  	-7460,43757  	-Inf  	-Inf  	0,00396  	0,00626  	0,00511  	-0,00000  	0,00694  	-0,00000  	0,00413  
135,96223  	23,08413  	21,91337  	21,63560  	23,18904  	-1,18516  	0,00000  	0,18832  	0,24028  	0,10103  	-0,01747  	0,96802  	0,04434  	-1,37707  	70,91729  	55,58024  	657,20840  	-7460,49615  	-Inf  	-Inf  	0,00396  	0,00626  	0,00512  	0,00000  	0,00693  	-0,00000  	0,00413  
136,96424  	23,08430  	21,91325  	21,63597  	23,18939  	-1,18515  	0,00000  	0,18905  	0,24038  	0,10120  	-0,01689  	0,96753  	0,04449  	-1,37464  	70,94619  	55,79528  	658,34323  	-7460,44352  	-Inf  	-Inf  	0,00396  	0,00626  	0,00512  	0,00000  	0,00694  	-0,00000  	0,00413  
137,96556  	23,08428  	21,91355  	21,63527  	23,19070  	-1,18516  	0,00000  	0,18893  	0,24087  	0,10119  	-0,01728  	0,96749  	0,04505  	-1,37964  	71,09147  	55,76126  	658,28623  	-7460,47169  	-Inf  	-Inf  	0,00396  	0,00626  	0,00512  	0,00000  	0,00694  	-0,00000  	0,00413  
