08/20/2024 08:34:34Time	T_hot_in(C)	T_cold_in(C)	T_cold_out(C)	T_hot_out(C)	mdot_cold(kg/s)	ASFASIFUAS(kg/s)	Diferencial_cold(bar)	Diferencial_hot(bar)	mdot_hot(kg/s)	ABS_cold(bar)	ABS_hot(bar)	q_cold(kW)	q_hot(kW)	ASFASYFY	Tau_cold_haste	Re_hot	Re_cold	U_global	PSIG_cold(bar)	R_fouling	PSIG_hot(bar)	PSID_hot(bar)	m_dot_hot	PSID_cold(bar)	m_dot_cold
1,81796  	0,00000  	0,00000  	0,00000  	0,00000  	-1,18512  	0,00000  	-0,25900  	-0,86180  	-3,02442  	-1,72343  	-1,72415  	-0,00000  	-0,00000  	-254,35069  	-76,44127  	-10538,85923  	-4129,67639  	NaN  	NaN  	0,00000  	0,00000  	0,00000  	0,00000  	0,00000  	0,00000  	0,00000  
2,82036  	22,21265  	21,73841  	21,50888  	22,08527  	-1,18514  	0,00000  	0,12314  	0,14626  	0,10270  	-0,01824  	0,88726  	0,05472  	-1,13791  	43,16849  	36,34305  	652,39813  	-7433,00576  	-Inf  	-Inf  	0,00396  	0,00607  	0,00468  	0,00000  	0,00592  	-0,00000  	0,00414  
3,82041  	22,22521  	21,73766  	21,50846  	22,10169  	-1,18516  	0,00000  	0,12279  	0,14599  	0,10255  	-0,01791  	0,88777  	0,05299  	-1,13629  	43,08637  	36,23942  	651,66781  	-7433,02245  	-Inf  	-Inf  	0,00396  	0,00607  	0,00468  	0,00000  	0,00591  	-0,00000  	0,00414  
4,82148  	22,23245  	21,73764  	21,50892  	22,11251  	-1,18517  	0,00000  	0,12259  	0,14601  	0,10206  	-0,01816  	0,88702  	0,05120  	-1,13395  	43,09319  	36,18172  	648,67816  	-7433,10608  	-Inf  	-Inf  	0,00396  	0,00607  	0,00468  	0,00000  	0,00591  	-0,00000  	0,00413  
5,82196  	22,23973  	21,73895  	21,50991  	22,12391  	-1,18517  	0,00000  	0,12280  	0,14611  	0,10276  	-0,01787  	0,88745  	0,04979  	-1,13553  	43,12198  	36,24309  	653,27137  	-7433,32682  	-Inf  	-Inf  	0,00396  	0,00607  	0,00468  	0,00000  	0,00591  	-0,00000  	0,00414  
6,82244  	22,24781  	21,73877  	21,51051  	22,13425  	-1,18516  	0,00000  	0,12292  	0,14603  	0,10221  	-0,01703  	0,88665  	0,04856  	-1,13161  	43,09821  	36,27725  	649,95282  	-7433,30288  	-Inf  	-Inf  	0,00396  	0,00607  	0,00468  	0,00000  	0,00592  	-0,00000  	0,00414  
7,82496  	22,25467  	21,73910  	21,51023  	22,14598  	-1,18517  	0,00000  	0,12278  	0,14594  	0,10291  	-0,01713  	0,88707  	0,04679  	-1,13465  	43,07241  	36,23826  	654,55032  	-7433,35767  	-Inf  	-Inf  	0,00396  	0,00607  	0,00468  	0,00000  	0,00591  	-0,00000  	0,00414  
8,82726  	22,26144  	21,73886  	21,51106  	22,15763  	-1,18515  	0,00000  	0,12292  	0,14599  	0,10255  	-0,01680  	0,88762  	0,04453  	-1,12935  	43,08670  	36,27888  	652,36320  	-7433,28667  	-Inf  	-Inf  	0,00396  	0,00607  	0,00468  	0,00000  	0,00592  	-0,00000  	0,00414  
9,82644  	22,26642  	21,73820  	21,51051  	22,16925  	-1,18516  	0,00000  	0,12357  	0,14638  	0,10226  	-0,01796  	0,88792  	0,04157  	-1,12880  	43,20122  	36,46936  	650,71000  	-7433,24296  	-Inf  	-Inf  	0,00396  	0,00607  	0,00468  	0,00000  	0,00593  	-0,00000  	0,00414  
10,82975  	22,27089  	21,73917  	21,50975  	22,17903  	-1,18518  	0,00000  	0,12275  	0,14558  	0,10304  	-0,01713  	0,88645  	0,03960  	-1,13738  	42,96647  	36,22783  	655,74446  	-7433,36919  	-Inf  	-Inf  	0,00396  	0,00607  	0,00468  	0,00000  	0,00591  	-0,00000  	0,00414  
11,83110  	22,27497  	21,73948  	21,50979  	22,19086  	-1,18515  	0,00000  	0,12258  	0,14603  	0,10276  	-0,01706  	0,88612  	0,03615  	-1,13874  	43,09973  	36,17766  	654,09367  	-7433,22991  	-Inf  	-Inf  	0,00396  	0,00607  	0,00468  	0,00000  	0,00591  	-0,00000  	0,00414  
12,83097  	22,28314  	21,73912  	21,51026  	22,20224  	-1,18518  	0,00000  	0,12263  	0,14565  	0,10250  	-0,01693  	0,88424  	0,03469  	-1,13461  	42,98808  	36,19430  	652,61431  	-7433,43624  	-Inf  	-Inf  	0,00396  	0,00606  	0,00468  	0,00000  	0,00591  	-0,00000  	0,00414  
13,83211  	22,29018  	21,73936  	21,51004  	22,21219  	-1,18517  	0,00000  	0,12087  	0,14347  	0,10234  	-0,01766  	0,87666  	0,03339  	-1,13686  	42,34393  	35,67306  	651,71799  	-7433,36720  	-Inf  	-Inf  	0,00396  	0,00604  	0,00467  	0,00000  	0,00588  	-0,00000  	0,00414  
14,83373  	22,29384  	21,73907  	21,50990  	22,22207  	-1,18515  	0,00000  	0,12128  	0,14452  	0,10172  	-0,01723  	0,87566  	0,03054  	-1,13614  	42,65294  	35,79419  	647,86924  	-7433,19084  	-Inf  	-Inf  	0,00396  	0,00604  	0,00467  	0,00000  	0,00589  	-0,00000  	0,00413  
15,83416  	22,29581  	21,73815  	21,51043  	22,23161  	-1,18514  	0,00000  	0,12046  	0,14353  	0,10147  	-0,01788  	0,86961  	0,02725  	-1,12893  	42,35984  	35,55260  	646,39081  	-7433,11863  	-Inf  	-Inf  	0,00396  	0,00603  	0,00467  	0,00000  	0,00588  	-0,00000  	0,00413  
16,83489  	22,29499  	21,73877  	21,51005  	22,23942  	-1,18515  	0,00000  	0,11930  	0,14287  	0,10117  	-0,01791  	0,86507  	0,02352  	-1,13391  	42,16767  	35,20906  	644,49760  	-7433,21677  	-Inf  	-Inf  	0,00396  	0,00602  	0,00466  	0,00000  	0,00586  	-0,00000  	0,00413  
17,83663  	22,29885  	21,73918  	21,51065  	22,24878  	-1,18515  	0,00000  	0,12019  	0,14249  	0,10077  	-0,01810  	0,86529  	0,02111  	-1,13299  	42,05514  	35,47304  	642,06073  	-7433,26090  	-Inf  	-Inf  	0,00396  	0,00602  	0,00466  	0,00000  	0,00587  	-0,00000  	0,00413  
18,83768  	22,30525  	21,73881  	21,51015  	22,25729  	-1,18516  	0,00000  	0,11995  	0,14290  	0,10118  	-0,01801  	0,86379  	0,02030  	-1,13364  	42,17669  	35,40172  	644,79098  	-7433,26694  	-Inf  	-Inf  	0,00396  	0,00601  	0,00466  	0,00000  	0,00587  	-0,00000  	0,00413  
19,83822  	22,30838  	21,73855  	21,51116  	22,26548  	-1,18515  	0,00000  	0,12040  	0,14267  	0,10102  	-0,01775  	0,86507  	0,01813  	-1,12728  	42,10864  	35,53527  	643,86135  	-7433,29845  	-Inf  	-Inf  	0,00396  	0,00602  	0,00466  	0,00000  	0,00588  	-0,00000  	0,00413  
20,83992  	22,31228  	21,73946  	21,50976  	22,27403  	-1,18516  	0,00000  	0,12034  	0,14271  	0,10118  	-0,01819  	0,86517  	0,01619  	-1,13880  	42,11872  	35,51755  	644,98755  	-7433,29140  	-Inf  	-Inf  	0,00396  	0,00602  	0,00466  	0,00000  	0,00588  	-0,00000  	0,00413  
21,84017  	22,31430  	21,73902  	21,50994  	22,27985  	-1,18516  	0,00000  	0,12073  	0,14288  	0,10094  	-0,01716  	0,86529  	0,01455  	-1,13569  	42,16918  	35,63225  	643,49950  	-7433,26688  	-Inf  	-Inf  	0,00396  	0,00602  	0,00466  	0,00000  	0,00588  	-0,00000  	0,00413  
22,83975  	22,31691  	21,73923  	21,51026  	22,28677  	-1,18515  	0,00000  	0,12005  	0,14274  	0,10102  	-0,01680  	0,86523  	0,01273  	-1,13516  	42,12782  	35,43242  	644,07351  	-7433,23934  	-Inf  	-Inf  	0,00396  	0,00602  	0,00466  	0,00000  	0,00587  	-0,00000  	0,00413  
23,84140  	22,31977  	21,73931  	21,50963  	22,29401  	-1,18516  	0,00000  	0,12007  	0,14271  	0,10084  	-0,01734  	0,86466  	0,01087  	-1,13868  	42,12009  	35,43662  	643,04465  	-7433,24845  	-Inf  	-Inf  	0,00396  	0,00602  	0,00466  	0,00000  	0,00587  	-0,00000  	0,00413  
24,84354  	22,32373  	21,73926  	21,51029  	22,30166  	-1,18515  	0,00000  	0,12063  	0,14333  	0,10108  	-0,01803  	0,86591  	0,00933  	-1,13519  	42,30140  	35,60146  	644,66207  	-7433,24672  	-Inf  	-Inf  	0,00396  	0,00602  	0,00467  	0,00000  	0,00588  	-0,00000  	0,00413  
25,84434  	22,32527  	21,73986  	21,51034  	22,30979  	-1,18514  	0,00000  	0,12030  	0,14263  	0,10040  	-0,01748  	0,86491  	0,00650  	-1,13786  	42,09596  	35,50392  	640,35517  	-7433,25744  	-Inf  	-Inf  	0,00396  	0,00602  	0,00466  	0,00000  	0,00588  	-0,00000  	0,00413  
26,84668  	22,32683  	21,73918  	21,51059  	22,31608  	-1,18514  	0,00000  	0,12071  	0,14272  	0,10056  	-0,01674  	0,86532  	0,00452  	-1,13325  	42,12089  	35,62669  	641,47322  	-7433,24920  	-Inf  	-Inf  	0,00396  	0,00602  	0,00466  	0,00000  	0,00588  	-0,00000  	0,00413  
27,84670  	22,32950  	21,74003  	21,51026  	22,32197  	-1,18515  	0,00000  	0,12011  	0,14309  	0,10034  	-0,01734  	0,86468  	0,00316  	-1,13912  	42,23006  	35,44789  	640,12287  	-7433,33637  	-Inf  	-Inf  	0,00396  	0,00602  	0,00466  	0,00000  	0,00587  	-0,00000  	0,00413  
28,84818  	22,33297  	21,74045  	21,51083  	22,32490  	-1,18516  	0,00000  	0,12011  	0,14274  	0,09957  	-0,01752  	0,86504  	0,00336  	-1,13838  	42,12955  	35,45017  	635,26966  	-7433,46753  	-Inf  	-Inf  	0,00396  	0,00602  	0,00466  	0,00000  	0,00587  	-0,00000  	0,00413  
29,84926  	22,33357  	21,73956  	21,51049  	22,32901  	-1,18517  	0,00000  	0,12077  	0,14300  	0,10085  	-0,01762  	0,86599  	0,00192  	-1,13567  	42,20549  	35,64358  	643,45124  	-7433,45761  	-Inf  	-Inf  	0,00396  	0,00602  	0,00466  	0,00000  	0,00588  	-0,00000  	0,00413  
30,84883  	22,33396  	21,73953  	21,51004  	22,33184  	-1,18516  	0,00000  	0,12010  	0,14323  	0,10041  	-0,01682  	0,86517  	0,00089  	-1,13770  	42,27214  	35,44764  	640,66033  	-7433,31685  	-Inf  	-Inf  	0,00396  	0,00602  	0,00466  	0,00000  	0,00587  	-0,00000  	0,00413  
31,85019  	22,33580  	21,73938  	21,50967  	22,33504  	-1,18515  	0,00000  	0,12023  	0,14302  	0,09986  	-0,01768  	0,86403  	0,00032  	-1,13881  	42,21010  	35,48369  	637,23954  	-7433,19796  	-Inf  	-Inf  	0,00396  	0,00601  	0,00466  	0,00000  	0,00587  	-0,00000  	0,00413  
32,85196  	22,33858  	21,73982  	21,51053  	22,33932  	-1,18516  	0,00000  	0,12056  	0,14276  	0,10034  	-0,01825  	0,86466  	0,00031  	-1,13676  	42,13441  	35,58282  	640,30893  	-7433,37618  	-Inf  	-Inf  	0,00396  	0,00602  	0,00466  	0,00000  	0,00588  	-0,00000  	0,00413  
33,85347  	22,34119  	21,73986  	21,51065  	22,34361  	-1,18516  	0,00000  	0,12053  	0,14283  	0,10043  	-0,01743  	0,86467  	0,00102  	-1,13632  	42,15328  	35,57454  	640,97046  	-7433,42115  	-Inf  	-Inf  	0,00396  	0,00602  	0,00466  	0,00000  	0,00588  	-0,00000  	0,00413  
34,85467  	22,34315  	21,73915  	21,51009  	22,34880  	-1,18515  	0,00000  	0,12069  	0,14290  	0,09977  	-0,01774  	0,86547  	0,00236  	-1,13562  	42,17444  	35,61971  	636,81234  	-7433,24733  	-Inf  	-Inf  	0,00396  	0,00602  	0,00466  	0,00000  	0,00588  	-0,00000  	0,00413  
35,85578  	22,34540  	21,73902  	21,51036  	22,35426  	-1,18516  	0,00000  	0,12060  	0,14367  	0,09992  	-0,01778  	0,86543  	0,00370  	-1,13360  	42,40334  	35,59515  	637,82287  	-7433,28335  	-Inf  	-Inf  	0,00396  	0,00602  	0,00467  	0,00000  	0,00588  	-0,00000  	0,00413  
36,85736  	22,34531  	21,73912  	21,51027  	22,35941  	-1,18516  	0,00000  	0,12015  	0,14325  	0,09968  	-0,01836  	0,86416  	0,00588  	-1,13453  	42,27911  	35,46012  	636,31298  	-7433,29319  	-Inf  	-Inf  	0,00396  	0,00602  	0,00466  	0,00000  	0,00587  	-0,00000  	0,00413  
37,85797  	22,34678  	21,73917  	21,51036  	22,36369  	-1,18515  	0,00000  	0,12069  	0,14278  	0,10007  	-0,01757  	0,86661  	0,00708  	-1,13433  	42,13943  	35,61926  	638,87098  	-7433,28493  	-Inf  	-Inf  	0,00396  	0,00602  	0,00466  	0,00000  	0,00588  	-0,00000  	0,00413  
38,85870  	22,34852  	21,73980  	21,51014  	22,36671  	-1,18515  	0,00000  	0,12007  	0,14309  	0,10017  	-0,01709  	0,86510  	0,00762  	-1,13856  	42,23203  	35,43717  	639,51191  	-7433,32392  	-Inf  	-Inf  	0,00396  	0,00602  	0,00466  	0,00000  	0,00587  	-0,00000  	0,00413  
39,85969  	22,35293  	21,73992  	21,51058  	22,37170  	-1,18515  	0,00000  	0,12060  	0,14307  	0,10022  	-0,01693  	0,86553  	0,00787  	-1,13695  	42,22577  	35,59302  	639,92773  	-7433,35470  	-Inf  	-Inf  	0,00396  	0,00602  	0,00466  	0,00000  	0,00588  	-0,00000  	0,00413  
40,86051  	22,35347  	21,73968  	21,51083  	22,37652  	-1,18515  	0,00000  	0,12065  	0,14376  	0,10007  	-0,01677  	0,86549  	0,00965  	-1,13458  	42,42884  	35,60934  	639,00423  	-7433,36403  	-Inf  	-Inf  	0,00396  	0,00602  	0,00467  	0,00000  	0,00588  	-0,00000  	0,00413  
41,86196  	22,35329  	21,73922  	21,51043  	22,38317  	-1,18515  	0,00000  	0,12072  	0,14346  	0,09985  	-0,01711  	0,86519  	0,01248  	-1,13427  	42,34009  	35,62965  	637,63080  	-7433,26798  	-Inf  	-Inf  	0,00396  	0,00602  	0,00467  	0,00000  	0,00588  	-0,00000  	0,00413  
42,86374  	22,35176  	21,73927  	21,51027  	22,38242  	-1,18517  	0,00000  	0,12067  	0,14256  	0,09997  	-0,01739  	0,86568  	0,01282  	-1,13531  	42,07464  	35,61321  	638,38227  	-7433,36456  	-Inf  	-Inf  	0,00396  	0,00602  	0,00466  	0,00000  	0,00588  	-0,00000  	0,00413  
43,86610  	22,35284  	21,73954  	21,51037  	22,38361  	-1,18516  	0,00000  	0,12051  	0,14339  	0,10074  	-0,01740  	0,86568  	0,01297  	-1,13616  	42,32090  	35,56703  	643,36421  	-7433,38101  	-Inf  	-Inf  	0,00396  	0,00602  	0,00467  	0,00000  	0,00588  	-0,00000  	0,00413  
44,86772  	22,35679  	21,73841  	21,50954  	22,38930  	-1,18516  	0,00000  	0,12037  	0,14314  	0,10057  	-0,01892  	0,86472  	0,01367  	-1,13464  	42,24532  	35,52489  	642,30419  	-7433,19413  	-Inf  	-Inf  	0,00396  	0,00602  	0,00466  	0,00000  	0,00588  	-0,00000  	0,00413  
45,86952  	22,35857  	21,73894  	21,51045  	22,39595  	-1,18515  	0,00000  	0,12061  	0,14357  	0,10018  	-0,01751  	0,86511  	0,01567  	-1,13277  	42,37297  	35,59535  	639,91058  	-7433,23699  	-Inf  	-Inf  	0,00396  	0,00602  	0,00467  	0,00000  	0,00588  	-0,00000  	0,00413  
46,87249  	22,36130  	21,73966  	21,51144  	22,39878  	-1,18515  	0,00000  	0,12125  	0,14239  	0,10019  	-0,01774  	0,86499  	0,01571  	-1,13144  	42,02497  	35,78584  	639,98377  	-7433,38713  	-Inf  	-Inf  	0,00396  	0,00602  	0,00466  	0,00000  	0,00589  	-0,00000  	0,00413  
47,87278  	22,36199  	21,74056  	21,51046  	22,39939  	-1,18515  	0,00000  	0,12119  	0,14286  	0,09969  	-0,01767  	0,86505  	0,01560  	-1,14076  	42,16239  	35,76925  	636,79619  	-7433,39179  	-Inf  	-Inf  	0,00396  	0,00602  	0,00466  	0,00000  	0,00589  	-0,00000  	0,00413  
48,87234  	22,36190  	21,74022  	21,51015  	22,39748  	-1,18516  	0,00000  	0,12113  	0,14305  	0,09949  	-0,01843  	0,86436  	0,01481  	-1,14061  	42,21996  	35,75136  	635,53733  	-7433,37056  	-Inf  	-Inf  	0,00396  	0,00602  	0,00466  	0,00000  	0,00589  	-0,00000  	0,00413  
49,87418  	22,36178  	21,73919  	21,51054  	22,39949  	-1,18515  	0,00000  	0,12066  	0,14283  	0,09984  	-0,01822  	0,86514  	0,01575  	-1,13355  	42,15395  	35,61129  	637,77745  	-7433,28752  	-Inf  	-Inf  	0,00396  	0,00602  	0,00466  	0,00000  	0,00588  	-0,00000  	0,00413  
50,87477  	22,36204  	21,73933  	21,51057  	22,40316  	-1,18516  	0,00000  	0,12087  	0,14317  	0,10011  	-0,01722  	0,86490  	0,01722  	-1,13412  	42,25455  	35,67230  	639,52786  	-7433,33905  	-Inf  	-Inf  	0,00396  	0,00602  	0,00466  	0,00000  	0,00588  	-0,00000  	0,00413  
51,87495  	22,36395  	21,74001  	21,51056  	22,40844  	-1,18515  	0,00000  	0,12088  	0,14294  	0,10009  	-0,01722  	0,86475  	0,01863  	-1,13754  	42,18580  	35,67564  	639,48073  	-7433,38608  	-Inf  	-Inf  	0,00396  	0,00602  	0,00466  	0,00000  	0,00588  	-0,00000  	0,00413  
52,87632  	22,36457  	21,73995  	21,51062  	22,40847  	-1,18515  	0,00000  	0,12108  	0,14293  	0,10091  	-0,01913  	0,86533  	0,01853  	-1,13693  	42,18488  	35,73449  	644,69894  	-7433,34144  	-Inf  	-Inf  	0,00396  	0,00602  	0,00466  	0,00000  	0,00589  	-0,00000  	0,00413  
53,87803  	22,36678  	21,73991  	21,51046  	22,41010  	-1,18516  	0,00000  	0,12042  	0,14280  	0,10085  	-0,01790  	0,86427  	0,01827  	-1,13751  	42,14596  	35,54062  	644,36453  	-7433,39405  	-Inf  	-Inf  	0,00396  	0,00602  	0,00466  	0,00000  	0,00588  	-0,00000  	0,00413  
54,88030  	22,36914  	21,74010  	21,51096  	22,41110  	-1,18515  	0,00000  	0,12114  	0,14308  	0,10014  	-0,01644  	0,86481  	0,01757  	-1,13600  	42,22839  	35,75305  	639,81813  	-7433,38021  	-Inf  	-Inf  	0,00396  	0,00602  	0,00466  	0,00000  	0,00589  	-0,00000  	0,00413  
55,88281  	22,36935  	21,74025  	21,51120  	22,41048  	-1,18516  	0,00000  	0,12167  	0,14421  	0,09926  	-0,01875  	0,86600  	0,01708  	-1,13552  	42,56128  	35,90849  	634,23676  	-7433,51031  	-Inf  	-Inf  	0,00396  	0,00602  	0,00467  	0,00000  	0,00590  	-0,00000  	0,00413  
56,88382  	22,36909  	21,73987  	21,51150  	22,41281  	-1,18516  	0,00000  	0,12079  	0,14364  	0,10020  	-0,01735  	0,86541  	0,01832  	-1,13219  	42,39322  	35,64839  	640,21567  	-7433,47045  	-Inf  	-Inf  	0,00396  	0,00602  	0,00467  	0,00000  	0,00588  	-0,00000  	0,00413  
57,88598  	22,36893  	21,74030  	21,51119  	22,41413  	-1,18515  	0,00000  	0,12056  	0,14283  	0,10085  	-0,01834  	0,86506  	0,01907  	-1,13584  	42,15494  	35,58338  	644,40987  	-7433,43332  	-Inf  	-Inf  	0,00396  	0,00602  	0,00466  	0,00000  	0,00588  	-0,00000  	0,00413  
58,88908  	22,36992  	21,73974  	21,51119  	22,41605  	-1,18516  	0,00000  	0,12156  	0,14373  	0,10077  	-0,01754  	0,86526  	0,01944  	-1,13308  	42,42025  	35,87621  	643,89220  	-7433,44308  	-Inf  	-Inf  	0,00396  	0,00602  	0,00467  	0,00000  	0,00589  	-0,00000  	0,00413  
59,89021  	22,37141  	21,74027  	21,51106  	22,41643  	-1,18516  	0,00000  	0,12137  	0,14403  	0,09981  	-0,01788  	0,86537  	0,01880  	-1,13632  	42,51000  	35,81969  	637,80388  	-7433,49028  	-Inf  	-Inf  	0,00396  	0,00602  	0,00467  	0,00000  	0,00589  	-0,00000  	0,00413  
60,89218  	22,37201  	21,74082  	21,51118  	22,41800  	-1,18515  	0,00000  	0,12083  	0,14379  	0,09973  	-0,01725  	0,86579  	0,01918  	-1,13849  	42,43680  	35,66071  	637,27194  	-7433,46732  	-Inf  	-Inf  	0,00396  	0,00602  	0,00467  	0,00000  	0,00588  	-0,00000  	0,00413  
61,89233  	22,37255  	21,74016  	21,51029  	22,42022  	-1,18518  	0,00000  	0,12107  	0,14380  	0,09972  	-0,01783  	0,86522  	0,01989  	-1,13961  	42,44151  	35,73151  	637,25385  	-7433,51823  	-Inf  	-Inf  	0,00396  	0,00602  	0,00467  	0,00000  	0,00589  	-0,00000  	0,00413  
62,89439  	22,37341  	21,74069  	21,51072  	22,42064  	-1,18514  	0,00000  	0,12122  	0,14393  	0,09951  	-0,01727  	0,86491  	0,01966  	-1,14010  	42,47809  	35,77764  	635,92922  	-7433,37954  	-Inf  	-Inf  	0,00396  	0,00602  	0,00467  	0,00000  	0,00589  	-0,00000  	0,00413  
63,89483  	22,37583  	21,73957  	21,51001  	22,42202  	-1,18516  	0,00000  	0,12122  	0,14355  	0,10025  	-0,01815  	0,86510  	0,01937  	-1,13810  	42,36650  	35,77748  	640,69425  	-7433,34773  	-Inf  	-Inf  	0,00396  	0,00602  	0,00467  	0,00000  	0,00589  	-0,00000  	0,00413  
64,89538  	22,37491  	21,74076  	21,51131  	22,42377  	-1,18516  	0,00000  	0,12078  	0,14340  	0,10032  	-0,01726  	0,86448  	0,02050  	-1,13752  	42,32345  	35,64608  	641,13588  	-7433,57808  	-Inf  	-Inf  	0,00396  	0,00602  	0,00467  	0,00000  	0,00588  	-0,00000  	0,00413  
65,89587  	22,37351  	21,73974  	21,51112  	22,42506  	-1,18515  	0,00000  	0,12083  	0,14337  	0,09965  	-0,01758  	0,86519  	0,02149  	-1,13341  	42,31337  	35,66171  	636,85946  	-7433,39864  	-Inf  	-Inf  	0,00396  	0,00602  	0,00467  	0,00000  	0,00588  	-0,00000  	0,00413  
66,89563  	22,37453  	21,73996  	21,51142  	22,42484  	-1,18514  	0,00000  	0,12097  	0,14364  	0,09974  	-0,01770  	0,86505  	0,02099  	-1,13303  	42,39505  	35,70229  	637,43778  	-7433,38830  	-Inf  	-Inf  	0,00396  	0,00602  	0,00467  	0,00000  	0,00589  	-0,00000  	0,00413  
67,89686  	22,37593  	21,74079  	21,51146  	22,42797  	-1,18514  	0,00000  	0,12105  	0,14323  	0,09990  	-0,01720  	0,86574  	0,02175  	-1,13690  	42,27250  	35,72743  	638,49932  	-7433,46613  	-Inf  	-Inf  	0,00396  	0,00602  	0,00466  	0,00000  	0,00589  	-0,00000  	0,00413  
68,89927  	22,37761  	21,74069  	21,51090  	22,42931  	-1,18515  	0,00000  	0,12107  	0,14345  	0,09966  	-0,01732  	0,86490  	0,02155  	-1,13921  	42,33824  	35,73130  	637,01691  	-7433,42584  	-Inf  	-Inf  	0,00396  	0,00602  	0,00467  	0,00000  	0,00589  	-0,00000  	0,00413  
69,89984  	22,37808  	21,74058  	21,51118  	22,43059  	-1,18514  	0,00000  	0,12149  	0,14397  	0,09914  	-0,01804  	0,86520  	0,02178  	-1,13726  	42,48974  	35,85749  	633,66467  	-7433,43012  	-Inf  	-Inf  	0,00396  	0,00602  	0,00467  	0,00000  	0,00589  	-0,00000  	0,00413  
70,90205  	22,37869  	21,74102  	21,51057  	22,43103  	-1,18516  	0,00000  	0,12080  	0,14432  	0,09974  	-0,01790  	0,86554  	0,02184  	-1,14247  	42,59411  	35,65404  	637,52928  	-7433,48270  	-Inf  	-Inf  	0,00396  	0,00602  	0,00467  	0,00000  	0,00588  	-0,00000  	0,00413  
71,90185  	22,37875  	21,74022  	21,51102  	22,43314  	-1,18514  	0,00000  	0,12072  	0,14400  	0,09984  	-0,01762  	0,86397  	0,02271  	-1,13627  	42,50111  	35,62919  	638,14617  	-7433,37860  	-Inf  	-Inf  	0,00396  	0,00601  	0,00467  	0,00000  	0,00588  	-0,00000  	0,00413  
72,90323  	22,37851  	21,74016  	21,51164  	22,43376  	-1,18514  	0,00000  	0,12197  	0,14409  	0,09944  	-0,01753  	0,86617  	0,02298  	-1,13290  	42,52509  	35,99762  	635,59450  	-7433,43095  	-Inf  	-Inf  	0,00396  	0,00602  	0,00467  	0,00000  	0,00590  	-0,00000  	0,00413  
73,90500  	22,37860  	21,74015  	21,51136  	22,43487  	-1,18516  	0,00000  	0,12108  	0,14337  	0,10010  	-0,01809  	0,86508  	0,02356  	-1,13426  	42,31336  	35,73546  	639,85384  	-7433,47396  	-Inf  	-Inf  	0,00396  	0,00602  	0,00467  	0,00000  	0,00589  	-0,00000  	0,00413  
74,90532  	22,37854  	21,74047  	21,51118  	22,43659  	-1,18515  	0,00000  	0,12108  	0,14415  	0,09945  	-0,01903  	0,86522  	0,02415  	-1,13672  	42,54433  	35,73515  	635,70573  	-7433,46778  	-Inf  	-Inf  	0,00396  	0,00602  	0,00467  	0,00000  	0,00589  	-0,00000  	0,00413  
75,90644  	22,38038  	21,74036  	21,51108  	22,43635  	-1,18514  	0,00000  	0,12094  	0,14401  	0,09962  	-0,01738  	0,86575  	0,02332  	-1,13668  	42,50269  	35,69380  	636,77503  	-7433,39997  	-Inf  	-Inf  	0,00396  	0,00602  	0,00467  	0,00000  	0,00589  	-0,00000  	0,00413  
76,90693  	22,38075  	21,73970  	21,51059  	22,43702  	-1,18517  	0,00000  	0,12258  	0,14470  	0,09988  	-0,01745  	0,87165  	0,02351  	-1,13583  	42,70631  	36,17804  	638,44548  	-7433,42973  	-Inf  	-Inf  	0,00396  	0,00603  	0,00467  	0,00000  	0,00591  	-0,00000  	0,00413  
77,90688  	22,38092  	21,74035  	21,51069  	22,43945  	-1,18517  	0,00000  	0,12354  	0,14601  	0,10017  	-0,01693  	0,87699  	0,02452  	-1,13857  	43,09246  	36,46102  	640,34158  	-7433,52720  	-Inf  	-Inf  	0,00396  	0,00604  	0,00468  	0,00000  	0,00593  	-0,00000  	0,00413  
78,90784  	22,38043  	21,74109  	21,51174  	22,44144  	-1,18515  	0,00000  	0,12333  	0,14637  	0,10038  	-0,01837  	0,87897  	0,02562  	-1,13702  	43,20074  	36,39854  	641,70508  	-7433,57533  	-Inf  	-Inf  	0,00396  	0,00605  	0,00468  	0,00000  	0,00592  	-0,00000  	0,00413  
79,90842  	22,38058  	21,74131  	21,51119  	22,44162  	-1,18517  	0,00000  	0,12408  	0,14678  	0,10048  	-0,01734  	0,88503  	0,02566  	-1,14087  	43,31970  	36,62127  	642,36952  	-7433,65893  	-Inf  	-Inf  	0,00396  	0,00606  	0,00468  	0,00000  	0,00593  	-0,00000  	0,00413  
80,91092  	22,38179  	21,74071  	21,51068  	22,44199  	-1,18514  	0,00000  	0,12459  	0,14768  	0,10076  	-0,01761  	0,88729  	0,02538  	-1,14039  	43,58617  	36,77242  	644,13796  	-7433,35637  	-Inf  	-Inf  	0,00396  	0,00607  	0,00469  	0,00000  	0,00594  	-0,00000  	0,00413  
81,91204  	22,38132  	21,74080  	21,51149  	22,44331  	-1,18515  	0,00000  	0,12420  	0,14691  	0,10056  	-0,01675  	0,88822  	0,02607  	-1,13686  	43,35803  	36,65501  	642,85060  	-7433,48824  	-Inf  	-Inf  	0,00396  	0,00607  	0,00468  	0,00000  	0,00594  	-0,00000  	0,00413  
82,91388  	22,38252  	21,74098  	21,51148  	22,44408  	-1,18513  	0,00000  	0,12445  	0,14722  	0,10074  	-0,01845  	0,88808  	0,02594  	-1,13777  	43,45077  	36,72901  	644,06352  	-7433,42459  	-Inf  	-Inf  	0,00396  	0,00607  	0,00468  	0,00000  	0,00594  	-0,00000  	0,00413  
83,91500  	22,38288  	21,74081  	21,51118  	22,44836  	-1,18514  	0,00000  	0,12409  	0,14715  	0,10080  	-0,01767  	0,88739  	0,02761  	-1,13841  	43,42852  	36,62377  	644,48523  	-7433,42243  	-Inf  	-Inf  	0,00396  	0,00607  	0,00468  	0,00000  	0,00593  	-0,00000  	0,00413  
84,91537  	22,38386  	21,74117  	21,51164  	22,45354  	-1,18515  	0,00000  	0,12428  	0,14740  	0,10093  	-0,01768  	0,88765  	0,02942  	-1,13795  	43,50295  	36,67867  	645,31695  	-7433,58134  	-Inf  	-Inf  	0,00396  	0,00607  	0,00468  	0,00000  	0,00594  	-0,00000  	0,00413  
85,91794  	22,38335  	21,74107  	21,51206  	22,45416  	-1,18514  	0,00000  	0,12410  	0,14754  	0,10076  	-0,01853  	0,88684  	0,02984  	-1,13534  	43,54612  	36,62663  	644,23001  	-7433,53136  	-Inf  	-Inf  	0,00396  	0,00607  	0,00468  	0,00000  	0,00593  	-0,00000  	0,00413  
86,91925  	22,38385  	21,74101  	21,51159  	22,45107  	-1,18514  	0,00000  	0,12388  	0,14728  	0,10083  	-0,01723  	0,88643  	0,02835  	-1,13736  	43,46937  	36,56091  	644,68869  	-7433,50478  	-Inf  	-Inf  	0,00396  	0,00607  	0,00468  	0,00000  	0,00593  	-0,00000  	0,00413  
87,91952  	22,38398  	21,74078  	21,51211  	22,45423  	-1,18514  	0,00000  	0,12427  	0,14754  	0,10079  	-0,01773  	0,88778  	0,02962  	-1,13365  	43,54432  	36,67576  	644,42847  	-7433,52641  	-Inf  	-Inf  	0,00396  	0,00607  	0,00468  	0,00000  	0,00594  	-0,00000  	0,00413  
88,92418  	22,38488  	21,74102  	21,51184  	22,45719  	-1,18514  	0,00000  	0,12447  	0,14739  	0,10077  	-0,01834  	0,88811  	0,03048  	-1,13616  	43,50089  	36,73459  	644,38012  	-7433,52988  	-Inf  	-Inf  	0,00396  	0,00607  	0,00468  	0,00000  	0,00594  	-0,00000  	0,00413  
89,92456  	22,38624  	21,74160  	21,51239  	22,45746  	-1,18515  	0,00000  	0,12434  	0,14720  	0,10047  	-0,01694  	0,88833  	0,02993  	-1,13633  	43,44507  	36,69624  	642,43039  	-7433,66482  	-Inf  	-Inf  	0,00396  	0,00607  	0,00468  	0,00000  	0,00594  	-0,00000  	0,00413  
90,92459  	22,38762  	21,74080  	21,51192  	22,46040  	-1,18515  	0,00000  	0,12426  	0,14685  	0,10056  	-0,01661  	0,88746  	0,03061  	-1,13470  	43,34210  	36,67249  	643,06345  	-7433,56948  	-Inf  	-Inf  	0,00396  	0,00607  	0,00468  	0,00000  	0,00594  	-0,00000  	0,00413  
91,92692  	22,38667  	21,74113  	21,51176  	22,45718  	-1,18514  	0,00000  	0,12492  	0,14806  	0,10041  	-0,01799  	0,88650  	0,02962  	-1,13713  	43,69961  	36,86865  	642,09243  	-7433,49555  	-Inf  	-Inf  	0,00396  	0,00607  	0,00469  	0,00000  	0,00595  	-0,00000  	0,00413  
92,92857  	22,38687  	21,74161  	21,51171  	22,46134  	-1,18516  	0,00000  	0,12486  	0,14767  	0,10033  	-0,01708  	0,88757  	0,03125  	-1,13979  	43,58197  	36,84968  	641,58341  	-7433,65721  	-Inf  	-Inf  	0,00396  	0,00607  	0,00469  	0,00000  	0,00595  	-0,00000  	0,00413  
93,93009  	22,38723  	21,74079  	21,51169  	22,46383  	-1,18513  	0,00000  	0,12509  	0,14756  	0,10066  	-0,01770  	0,88903  	0,03226  	-1,13575  	43,55084  	36,91920  	643,70774  	-7433,39473  	-Inf  	-Inf  	0,00396  	0,00607  	0,00468  	0,00000  	0,00595  	-0,00000  	0,00413  
94,93094  	22,38641  	21,74128  	21,51107  	22,46217  	-1,18514  	0,00000  	0,12465  	0,14756  	0,10094  	-0,01797  	0,88752  	0,03199  	-1,14131  	43,54925  	36,78986  	645,51664  	-7433,48506  	-Inf  	-Inf  	0,00396  	0,00607  	0,00468  	0,00000  	0,00594  	-0,00000  	0,00413  
95,93099  	22,38717  	21,74113  	21,51229  	22,46182  	-1,18514  	0,00000  	0,12455  	0,14775  	0,10053  	-0,01796  	0,88771  	0,03139  	-1,13448  	43,60588  	36,75966  	642,88129  	-7433,55617  	-Inf  	-Inf  	0,00396  	0,00607  	0,00469  	0,00000  	0,00594  	-0,00000  	0,00413  
96,93097  	22,38830  	21,74056  	21,51167  	22,46134  	-1,18514  	0,00000  	0,12452  	0,14815  	0,10045  	-0,01822  	0,88814  	0,03069  	-1,13472  	43,72488  	36,75150  	642,39213  	-7433,41911  	-Inf  	-Inf  	0,00396  	0,00607  	0,00469  	0,00000  	0,00594  	-0,00000  	0,00413  
97,93088  	22,38887  	21,74056  	21,51123  	22,45886  	-1,18515  	0,00000  	0,12445  	0,14812  	0,10034  	-0,01762  	0,88716  	0,02938  	-1,13689  	43,71584  	36,72909  	641,61630  	-7433,46055  	-Inf  	-Inf  	0,00396  	0,00607  	0,00469  	0,00000  	0,00594  	-0,00000  	0,00413  
98,93087  	22,38776  	21,74095  	21,51211  	22,46135  	-1,18515  	0,00000  	0,12504  	0,14783  	0,10062  	-0,01724  	0,88786  	0,03097  	-1,13452  	43,62946  	36,90497  	643,44902  	-7433,61006  	-Inf  	-Inf  	0,00396  	0,00607  	0,00469  	0,00000  	0,00595  	-0,00000  	0,00413  
99,93206  	22,38819  	21,74106  	21,51205  	22,46751  	-1,18517  	0,00000  	0,12497  	0,14785  	0,10065  	-0,01812  	0,88892  	0,03340  	-1,13533  	43,63622  	36,88491  	643,70746  	-7433,74123  	-Inf  	-Inf  	0,00396  	0,00607  	0,00469  	0,00000  	0,00595  	-0,00000  	0,00413  
100,93290  	22,39014  	21,74124  	21,51124  	22,46955  	-1,18515  	0,00000  	0,12411  	0,14776  	0,10106  	-0,01757  	0,88772  	0,03357  	-1,14027  	43,60960  	36,63027  	646,36991  	-7433,55594  	-Inf  	-Inf  	0,00396  	0,00607  	0,00469  	0,00000  	0,00593  	-0,00000  	0,00413  
101,93335  	22,39090  	21,74122  	21,51159  	22,46639  	-1,18514  	0,00000  	0,12467  	0,14788  	0,10164  	-0,01699  	0,88730  	0,03210  	-1,13843  	43,64562  	36,79352  	650,03294  	-7433,52680  	-Inf  	-Inf  	0,00396  	0,00607  	0,00469  	0,00000  	0,00594  	-0,00000  	0,00413  
102,93431  	22,39010  	21,74157  	21,51225  	22,46440  	-1,18514  	0,00000  	0,12526  	0,14771  	0,10059  	-0,01737  	0,88759  	0,03126  	-1,13688  	43,59420  	36,96783  	643,27511  	-7433,57072  	-Inf  	-Inf  	0,00396  	0,00607  	0,00469  	0,00000  	0,00595  	-0,00000  	0,00413  
103,93603  	22,39018  	21,74166  	21,51188  	22,46691  	-1,18516  	0,00000  	0,12457  	0,14779  	0,10093  	-0,01806  	0,88748  	0,03239  	-1,13916  	43,61847  	36,76486  	645,47837  	-7433,66205  	-Inf  	-Inf  	0,00396  	0,00607  	0,00469  	0,00000  	0,00594  	-0,00000  	0,00413  
104,93648  	22,39171  	21,74168  	21,51213  	22,47000  	-1,18516  	0,00000  	0,12483  	0,14724  	0,10027  	-0,01759  	0,88699  	0,03284  	-1,13802  	43,45696  	36,84268  	641,30817  	-7433,68647  	-Inf  	-Inf  	0,00396  	0,00607  	0,00468  	0,00000  	0,00595  	-0,00000  	0,00413  
105,93946  	22,39235  	21,74117  	21,51195  	22,47312  	-1,18514  	0,00000  	0,12480  	0,14789  	0,10062  	-0,01777  	0,88707  	0,03400  	-1,13638  	43,64838  	36,83422  	643,60602  	-7433,54781  	-Inf  	-Inf  	0,00396  	0,00607  	0,00469  	0,00000  	0,00595  	-0,00000  	0,00413  
106,93977  	22,39189  	21,74091  	21,51282  	22,47370  	-1,18516  	0,00000  	0,12497  	0,14799  	0,10061  	-0,01659  	0,88847  	0,03443  	-1,13076  	43,67904  	36,88471  	643,53439  	-7433,70508  	-Inf  	-Inf  	0,00396  	0,00607  	0,00469  	0,00000  	0,00595  	-0,00000  	0,00413  
107,94235  	22,39271  	21,74178  	21,51203  	22,46985  	-1,18514  	0,00000  	0,12465  	0,14792  	0,10062  	-0,01797  	0,88617  	0,03247  	-1,13902  	43,65841  	36,78821  	643,56226  	-7433,60739  	-Inf  	-Inf  	0,00396  	0,00607  	0,00469  	0,00000  	0,00594  	-0,00000  	0,00413  
108,94706  	22,39232  	21,74200  	21,51204  	22,46686  	-1,18517  	0,00000  	0,12521  	0,14784  	0,10133  	-0,01799  	0,88844  	0,03159  	-1,14011  	43,63480  	36,95421  	648,06772  	-7433,78478  	-Inf  	-Inf  	0,00396  	0,00607  	0,00469  	0,00000  	0,00595  	-0,00000  	0,00413  
109,94778  	22,39179  	21,74089  	21,51107  	22,46669  	-1,18515  	0,00000  	0,12483  	0,14831  	0,10099  	-0,01794  	0,88800  	0,03164  	-1,13939  	43,77077  	36,84134  	645,87200  	-7433,47689  	-Inf  	-Inf  	0,00396  	0,00607  	0,00469  	0,00000  	0,00595  	-0,00000  	0,00413  
110,95007  	22,39201  	21,74137  	21,51285  	22,47097  	-1,18516  	0,00000  	0,12467  	0,14746  	0,10041  	-0,01761  	0,88735  	0,03316  	-1,13294  	43,52185  	36,79573  	642,18327  	-7433,72383  	-Inf  	-Inf  	0,00396  	0,00607  	0,00468  	0,00000  	0,00594  	-0,00000  	0,00413  
111,94942  	22,39290  	21,74167  	21,51267  	22,47038  	-1,18516  	0,00000  	0,12505  	0,14877  	0,10046  	-0,01824  	0,88775  	0,03256  	-1,13532  	43,90770  	36,90694  	642,50711  	-7433,73759  	-Inf  	-Inf  	0,00396  	0,00607  	0,00469  	0,00000  	0,00595  	-0,00000  	0,00413  
112,94970  	22,39280  	21,74154  	21,51234  	22,47410  	-1,18515  	0,00000  	0,12476  	0,14795  	0,10094  	-0,01706  	0,88788  	0,03433  	-1,13631  	43,66677  	36,82033  	645,64565  	-7433,68219  	-Inf  	-Inf  	0,00396  	0,00607  	0,00469  	0,00000  	0,00594  	-0,00000  	0,00413  
113,95214  	22,39359  	21,74241  	21,51305  	22,47632  	-1,18517  	0,00000  	0,12503  	0,14842  	0,10089  	-0,01699  	0,88773  	0,03492  	-1,13707  	43,80381  	36,90258  	645,32609  	-7433,89935  	-Inf  	-Inf  	0,00396  	0,00607  	0,00469  	0,00000  	0,00595  	-0,00000  	0,00413  
114,95357  	22,39541  	21,74139  	21,51240  	22,47538  	-1,18515  	0,00000  	0,12476  	0,14816  	0,10057  	-0,01824  	0,88799  	0,03364  	-1,13524  	43,72721  	36,82120  	643,26718  	-7433,65245  	-Inf  	-Inf  	0,00396  	0,00607  	0,00469  	0,00000  	0,00594  	-0,00000  	0,00413  
115,95417  	22,39693  	21,74198  	21,51218  	22,47267  	-1,18514  	0,00000  	0,12461  	0,14806  	0,10057  	-0,01729  	0,88718  	0,03186  	-1,13925  	43,69801  	36,77717  	643,31886  	-7433,61627  	-Inf  	-Inf  	0,00396  	0,00607  	0,00469  	0,00000  	0,00594  	-0,00000  	0,00413  
116,95573  	22,39880  	21,74209  	21,51187  	22,47286  	-1,18516  	0,00000  	0,12488  	0,14800  	0,09997  	-0,01753  	0,88783  	0,03098  	-1,14136  	43,67928  	36,85838  	639,49698  	-7433,70955  	-Inf  	-Inf  	0,00396  	0,00607  	0,00469  	0,00000  	0,00595  	-0,00000  	0,00413  
117,95812  	22,39774  	21,74230  	21,51210  	22,47079  	-1,18516  	0,00000  	0,12526  	0,14859  	0,10087  	-0,01753  	0,88753  	0,03083  	-1,14127  	43,85485  	36,96989  	645,22324  	-7433,76873  	-Inf  	-Inf  	0,00396  	0,00607  	0,00469  	0,00000  	0,00595  	-0,00000  	0,00413  
118,95912  	22,39895  	21,74167  	21,51218  	22,46883  	-1,18515  	0,00000  	0,12551  	0,14917  	0,10095  	-0,01771  	0,88805  	0,02951  	-1,13777  	44,02616  	37,04350  	645,68167  	-7433,67102  	-Inf  	-Inf  	0,00396  	0,00607  	0,00469  	0,00000  	0,00596  	-0,00000  	0,00413  
119,96013  	22,39963  	21,74170  	21,51173  	22,47158  	-1,18515  	0,00000  	0,12497  	0,14854  	0,10066  	-0,01745  	0,88735  	0,03030  	-1,14007  	43,83884  	36,88357  	643,89973  	-7433,64164  	-Inf  	-Inf  	0,00396  	0,00607  	0,00469  	0,00000  	0,00595  	-0,00000  	0,00413  
120,95942  	22,39971  	21,74201  	21,51202  	22,47157  	-1,18515  	0,00000  	0,12514  	0,14856  	0,10011  	-0,01806  	0,88824  	0,03009  	-1,14017  	43,84638  	36,93295  	640,37220  	-7433,68362  	-Inf  	-Inf  	0,00396  	0,00607  	0,00469  	0,00000  	0,00595  	-0,00000  	0,00413  
121,96077  	22,39981  	21,74158  	21,51221  	22,47639  	-1,18516  	0,00000  	0,12455  	0,14808  	0,10023  	-0,01709  	0,88815  	0,03211  	-1,13717  	43,70387  	36,75961  	641,16233  	-7433,73394  	-Inf  	-Inf  	0,00396  	0,00607  	0,00469  	0,00000  	0,00594  	-0,00000  	0,00413  
122,96139  	22,39883  	21,74210  	21,51218  	22,47869  	-1,18515  	0,00000  	0,12507  	0,14785  	0,10082  	-0,01711  	0,88766  	0,03368  	-1,13984  	43,63591  	36,91174  	644,97818  	-7433,71333  	-Inf  	-Inf  	0,00396  	0,00607  	0,00469  	0,00000  	0,00595  	-0,00000  	0,00413  
123,96173  	22,40022  	21,74260  	21,51214  	22,47603  	-1,18515  	0,00000  	0,12588  	0,14841  	0,10055  	-0,01857  	0,88920  	0,03188  	-1,14251  	43,80202  	37,15254  	643,21029  	-7433,74561  	-Inf  	-Inf  	0,00396  	0,00607  	0,00469  	0,00000  	0,00596  	-0,00000  	0,00413  
124,96230  	22,40080  	21,74247  	21,51166  	22,47529  	-1,18515  	0,00000  	0,12565  	0,14788  	0,10010  	-0,01737  	0,88648  	0,03119  	-1,14426  	43,64543  	37,08557  	640,33988  	-7433,65109  	-Inf  	-Inf  	0,00396  	0,00607  	0,00469  	0,00000  	0,00596  	-0,00000  	0,00413  
125,96539  	22,40212  	21,74279  	21,51175  	22,47538  	-1,18516  	0,00000  	0,12586  	0,14888  	0,10070  	-0,01702  	0,88799  	0,03086  	-1,14542  	43,93947  	37,14682  	644,16062  	-7433,75699  	-Inf  	-Inf  	0,00396  	0,00607  	0,00469  	0,00000  	0,00596  	-0,00000  	0,00413  
126,96732  	22,40315  	21,74248  	21,51166  	22,47479  	-1,18514  	0,00000  	0,12489  	0,14896  	0,10063  	-0,01752  	0,88658  	0,03016  	-1,14430  	43,96262  	36,85880  	643,72019  	-7433,62658  	-Inf  	-Inf  	0,00396  	0,00607  	0,00469  	0,00000  	0,00595  	-0,00000  	0,00413  
127,96967  	22,40421  	21,74178  	21,51209  	22,47411  	-1,18517  	0,00000  	0,12532  	0,14879  	0,10057  	-0,01699  	0,88811  	0,02941  	-1,13870  	43,91497  	36,98570  	643,33869  	-7433,75832  	-Inf  	-Inf  	0,00396  	0,00607  	0,00469  	0,00000  	0,00595  	-0,00000  	0,00413  
128,97082  	22,40487  	21,74161  	21,51249  	22,47302  	-1,18514  	0,00000  	0,12457  	0,14822  	0,10090  	-0,01827  	0,88704  	0,02877  	-1,13589  	43,74570  	36,76408  	645,49268  	-7433,63857  	-Inf  	-Inf  	0,00396  	0,00607  	0,00469  	0,00000  	0,00594  	-0,00000  	0,00413  
129,97224  	22,40509  	21,74139  	21,51267  	22,47361  	-1,18516  	0,00000  	0,12579  	0,14905  	0,10052  	-0,01825  	0,88799  	0,02882  	-1,13392  	43,98938  	37,12521  	643,05891  	-7433,74998  	-Inf  	-Inf  	0,00396  	0,00607  	0,00469  	0,00000  	0,00596  	-0,00000  	0,00413  
130,97295  	22,40560  	21,74223  	21,51271  	22,47484  	-1,18516  	0,00000  	0,12536  	0,14866  	0,10043  	-0,01766  	0,88790  	0,02909  	-1,13787  	43,87493  	36,99936  	642,46950  	-7433,82115  	-Inf  	-Inf  	0,00396  	0,00607  	0,00469  	0,00000  	0,00595  	-0,00000  	0,00413  
131,97580  	22,40575  	21,74178  	21,51256  	22,47399  	-1,18515  	0,00000  	0,12535  	0,14909  	0,10032  	-0,01859  	0,88836  	0,02864  	-1,13638  	44,00181  	36,99606  	641,76657  	-7433,69439  	-Inf  	-Inf  	0,00396  	0,00607  	0,00469  	0,00000  	0,00595  	-0,00000  	0,00413  
132,97574  	22,40645  	21,74225  	21,51209  	22,47374  	-1,18516  	0,00000  	0,12485  	0,14798  	0,10039  	-0,01711  	0,88612  	0,02826  	-1,14107  	43,67530  	36,84745  	642,19367  	-7433,75668  	-Inf  	-Inf  	0,00396  	0,00607  	0,00469  	0,00000  	0,00595  	-0,00000  	0,00413  
133,97742  	22,40650  	21,74240  	21,51330  	22,47458  	-1,18515  	0,00000  	0,12535  	0,14844  	0,10009  	-0,01744  	0,88761  	0,02851  	-1,13577  	43,80897  	36,99518  	640,32647  	-7433,82914  	-Inf  	-Inf  	0,00396  	0,00607  	0,00469  	0,00000  	0,00595  	-0,00000  	0,00413  
134,97843  	22,40667  	21,74268  	21,51190  	22,47573  	-1,18514  	0,00000  	0,12564  	0,14931  	0,10083  	-0,01738  	0,88783  	0,02913  	-1,14414  	44,06727  	37,07990  	645,05713  	-7433,68579  	-Inf  	-Inf  	0,00396  	0,00607  	0,00469  	0,00000  	0,00596  	-0,00000  	0,00413  
135,98020  	22,40780  	21,74239  	21,51185  	22,47562  	-1,18516  	0,00000  	0,12542  	0,14887  	0,10032  	-0,01718  	0,88775  	0,02846  	-1,14295  	43,93674  	37,01723  	641,80525  	-7433,73571  	-Inf  	-Inf  	0,00396  	0,00607  	0,00469  	0,00000  	0,00595  	-0,00000  	0,00413  
136,98070  	22,40753  	21,74228  	21,51217  	22,47692  	-1,18514  	0,00000  	0,12576  	0,14884  	0,10003  	-0,01839  	0,88766  	0,02904  	-1,14080  	43,92859  	37,11678  	639,93458  	-7433,66911  	-Inf  	-Inf  	0,00396  	0,00607  	0,00469  	0,00000  	0,00596  	-0,00000  	0,00413  
137,98308  	22,40796  	21,74327  	21,51233  	22,47899  	-1,18516  	0,00000  	0,12570  	0,14888  	0,10143  	-0,01762  	0,88751  	0,03014  	-1,14495  	43,93947  	37,09816  	648,94213  	-7433,87863  	-Inf  	-Inf  	0,00396  	0,00607  	0,00469  	0,00000  	0,00596  	-0,00000  	0,00413  
138,98312  	22,40634  	21,74365  	21,51260  	22,47994  	-1,18516  	0,00000  	0,12525  	0,14860  	0,10091  	-0,01755  	0,88652  	0,03107  	-1,14548  	43,85787  	36,96664  	645,62018  	-7433,95072  	-Inf  	-Inf  	0,00396  	0,00607  	0,00469  	0,00000  	0,00595  	-0,00000  	0,00413  
139,98291  	22,40705  	21,74280  	21,51276  	22,48043  	-1,18515  	0,00000  	0,12634  	0,14933  	0,10065  	-0,01826  	0,88818  	0,03090  	-1,14043  	44,07342  	37,28767  	643,93010  	-7433,81835  	-Inf  	-Inf  	0,00396  	0,00607  	0,00469  	0,00000  	0,00597  	-0,00000  	0,00413  
140,98414  	22,40835  	21,74206  	21,51290  	22,48273  	-1,18514  	0,00000  	0,12551  	0,14869  	0,10096  	-0,01853  	0,88846  	0,03141  	-1,13609  	43,88427  	37,04394  	645,92710  	-7433,71058  	-Inf  	-Inf  	0,00396  	0,00607  	0,00469  	0,00000  	0,00596  	-0,00000  	0,00413  
141,98486  	22,40981  	21,74178  	21,51283  	22,48694  	-1,18516  	0,00000  	0,12554  	0,14962  	0,10078  	-0,01750  	0,88817  	0,03252  	-1,13507  	44,15985  	37,05027  	644,83220  	-7433,76098  	-Inf  	-Inf  	0,00396  	0,00607  	0,00469  	0,00000  	0,00596  	-0,00000  	0,00413  
142,98672  	22,40971  	21,74364  	21,51272  	22,49108  	-1,18516  	0,00000  	0,12511  	0,14857  	0,10063  	-0,01740  	0,88762  	0,03425  	-1,14482  	43,85022  	36,92440  	643,88982  	-7433,93800  	-Inf  	-Inf  	0,00396  	0,00607  	0,00469  	0,00000  	0,00595  	-0,00000  	0,00413  
143,98687  	22,41062  	21,74287  	21,51211  	22,49030  	-1,18516  	0,00000  	0,12574  	0,14884  	0,10094  	-0,01754  	0,88838  	0,03365  	-1,14402  	43,92993  	37,11078  	645,86962  	-7433,83477  	-Inf  	-Inf  	0,00396  	0,00607  	0,00469  	0,00000  	0,00596  	-0,00000  	0,00413  
144,99179  	22,41213  	21,74316  	21,51232  	22,48771  	-1,18516  	0,00000  	0,12536  	0,14847  	0,10053  	-0,01795  	0,88728  	0,03178  	-1,14443  	43,82027  	36,99918  	643,27214  	-7433,83460  	-Inf  	-Inf  	0,00396  	0,00607  	0,00469  	0,00000  	0,00595  	-0,00000  	0,00413  
145,99252  	22,41269  	21,74235  	21,51225  	22,48706  	-1,18515  	0,00000  	0,12619  	0,14921  	0,10088  	-0,01702  	0,88848  	0,03138  	-1,14072  	44,03788  	37,24408  	645,53019  	-7433,73616  	-Inf  	-Inf  	0,00396  	0,00607  	0,00469  	0,00000  	0,00597  	-0,00000  	0,00413  
146,99570  	22,41211  	21,74266  	21,51238  	22,48651  	-1,18515  	0,00000  	0,12547  	0,14908  	0,10086  	-0,01760  	0,88739  	0,03139  	-1,14162  	44,00011  	37,03170  	645,35612  	-7433,77980  	-Inf  	-Inf  	0,00396  	0,00607  	0,00469  	0,00000  	0,00596  	-0,00000  	0,00413  
147,99724  	22,41311  	21,74255  	21,51240  	22,48532  	-1,18516  	0,00000  	0,12588  	0,14954  	0,10028  	-0,01756  	0,88895  	0,03029  	-1,14100  	44,13488  	37,15306  	641,63884  	-7433,79074  	-Inf  	-Inf  	0,00396  	0,00607  	0,00469  	0,00000  	0,00596  	-0,00000  	0,00413  
148,99711  	22,41230  	21,74351  	21,51177  	22,48544  	-1,18516  	0,00000  	0,12627  	0,14888  	0,10043  	-0,01735  	0,88616  	0,03073  	-1,14890  	43,93918  	37,26715  	642,58206  	-7433,86300  	-Inf  	-Inf  	0,00396  	0,00607  	0,00469  	0,00000  	0,00597  	-0,00000  	0,00413  
149,99694  	22,41219  	21,74282  	21,51269  	22,48768  	-1,18516  	0,00000  	0,12597  	0,14957  	0,10073  	-0,01741  	0,88859  	0,03181  	-1,14087  	44,14533  	37,18006  	644,53295  	-7433,86626  	-Inf  	-Inf  	0,00396  	0,00607  	0,00469  	0,00000  	0,00596  	-0,00000  	0,00413  
150,99733  	22,41334  	21,74313  	21,51320  	22,48641  	-1,18516  	0,00000  	0,12595  	0,14893  	0,10089  	-0,01791  	0,88749  	0,03084  	-1,13994  	43,95604  	37,17259  	645,54512  	-7433,93714  	-Inf  	-Inf  	0,00396  	0,00607  	0,00469  	0,00000  	0,00596  	-0,00000  	0,00413  
151,99907  	22,41395  	21,74274  	21,51200  	22,48665  	-1,18514  	0,00000  	0,12564  	0,14941  	0,10074  	-0,01800  	0,88737  	0,03064  	-1,14390  	44,09798  	37,08259  	644,60756  	-7433,69515  	-Inf  	-Inf  	0,00396  	0,00607  	0,00469  	0,00000  	0,00596  	-0,00000  	0,00413  
152,99943  	22,41446  	21,74341  	21,51254  	22,48704  	-1,18517  	0,00000  	0,12577  	0,14901  	0,10052  	-0,01734  	0,88872  	0,03052  	-1,14455  	43,97902  	37,11997  	643,22726  	-7433,95489  	-Inf  	-Inf  	0,00396  	0,00607  	0,00469  	0,00000  	0,00596  	-0,00000  	0,00413  
154,00290  	22,41498  	21,74359  	21,51263  	22,48853  	-1,18516  	0,00000  	0,12563  	0,14886  	0,10101  	-0,01707  	0,88737  	0,03108  	-1,14503  	43,93334  	37,07949  	646,37680  	-7433,91859  	-Inf  	-Inf  	0,00396  	0,00607  	0,00469  	0,00000  	0,00596  	-0,00000  	0,00413  
155,00263  	22,41583  	21,74269  	21,51239  	22,49023  	-1,18515  	0,00000  	0,12587  	0,14912  	0,10070  	-0,01815  	0,88773  	0,03134  	-1,14174  	44,00996  	37,15031  	644,43279  	-7433,73896  	-Inf  	-Inf  	0,00396  	0,00607  	0,00469  	0,00000  	0,00596  	-0,00000  	0,00413  
156,00299  	22,41510  	21,74302  	21,51217  	22,49015  	-1,18516  	0,00000  	0,12548  	0,14936  	0,10031  	-0,01780  	0,88770  	0,03150  	-1,14448  	44,08116  	37,03395  	641,92541  	-7433,85487  	-Inf  	-Inf  	0,00396  	0,00607  	0,00469  	0,00000  	0,00596  	-0,00000  	0,00413  
157,00339  	22,41455  	21,74360  	21,51284  	22,49156  	-1,18515  	0,00000  	0,12606  	0,14860  	0,10091  	-0,01749  	0,88740  	0,03251  	-1,14400  	43,85647  	37,20434  	645,74535  	-7433,86391  	-Inf  	-Inf  	0,00396  	0,00607  	0,00469  	0,00000  	0,00596  	-0,00000  	0,00413  
158,00449  	22,41466  	21,74371  	21,51271  	22,49224  	-1,18515  	0,00000  	0,12593  	0,14944  	0,10021  	-0,01736  	0,88798  	0,03252  	-1,14520  	44,10517  	37,16771  	641,27566  	-7433,89469  	-Inf  	-Inf  	0,00396  	0,00607  	0,00469  	0,00000  	0,00596  	-0,00000  	0,00413  
159,00590  	22,41598  	21,74327  	21,51313  	22,49281  	-1,18516  	0,00000  	0,12613  	0,14977  	0,10044  	-0,01708  	0,88854  	0,03228  	-1,14091  	44,20202  	37,22706  	642,75119  	-7433,92335  	-Inf  	-Inf  	0,00396  	0,00607  	0,00469  	0,00000  	0,00597  	-0,00000  	0,00413  
160,00598  	22,41790  	21,74325  	21,51315  	22,49220  	-1,18516  	0,00000  	0,12581  	0,14945  	0,10076  	-0,01759  	0,88762  	0,03131  	-1,14074  	44,10733  	37,13161  	644,80318  	-7433,94644  	-Inf  	-Inf  	0,00396  	0,00607  	0,00469  	0,00000  	0,00596  	-0,00000  	0,00413  
161,00542  	22,41847  	21,74326  	21,51268  	22,49165  	-1,18515  	0,00000  	0,12568  	0,14894  	0,10112  	-0,01842  	0,88745  	0,03095  	-1,14313  	43,95874  	37,09401  	647,09731  	-7433,82430  	-Inf  	-Inf  	0,00396  	0,00607  	0,00469  	0,00000  	0,00596  	-0,00000  	0,00413  
162,00751  	22,41707  	21,74386  	21,51299  	22,49140  	-1,18515  	0,00000  	0,12580  	0,14984  	0,10149  	-0,01719  	0,88768  	0,03156  	-1,14459  	44,22269  	37,12941  	649,45204  	-7433,95074  	-Inf  	-Inf  	0,00396  	0,00607  	0,00470  	0,00000  	0,00596  	-0,00000  	0,00413  
163,00844  	22,41699  	21,74292  	21,51336  	22,49210  	-1,18516  	0,00000  	0,12595  	0,14974  	0,10106  	-0,01760  	0,88780  	0,03175  	-1,13812  	44,19279  	37,17364  	646,70917  	-7433,92225  	-Inf  	-Inf  	0,00396  	0,00607  	0,00469  	0,00000  	0,00596  	-0,00000  	0,00413  
164,01087  	22,41687  	21,74298  	21,51305  	22,49265  	-1,18514  	0,00000  	0,12539  	0,14911  	0,10072  	-0,01746  	0,88613  	0,03193  	-1,13988  	44,00768  	37,00713  	644,56789  	-7433,81633  	-Inf  	-Inf  	0,00396  	0,00607  	0,00469  	0,00000  	0,00595  	-0,00000  	0,00413  
165,01108  	22,41770  	21,74280  	21,51305  	22,49376  	-1,18514  	0,00000  	0,12653  	0,15011  	0,10052  	-0,01701  	0,88835  	0,03198  	-1,13898  	44,30419  	37,34298  	643,29667  	-7433,79703  	-Inf  	-Inf  	0,00396  	0,00607  	0,00470  	0,00000  	0,00597  	-0,00000  	0,00413  
166,01101  	22,41862  	21,74310  	21,51299  	22,49395  	-1,18514  	0,00000  	0,12590  	0,14973  	0,10097  	-0,01734  	0,88824  	0,03182  	-1,14080  	44,19226  	37,15903  	646,20063  	-7433,80953  	-Inf  	-Inf  	0,00396  	0,00607  	0,00469  	0,00000  	0,00596  	-0,00000  	0,00413  
167,01092  	22,41749  	21,74338  	21,51345  	22,49477  	-1,18516  	0,00000  	0,12595  	0,14949  	0,10142  	-0,01858  	0,88758  	0,03278  	-1,13992  	44,12050  	37,17296  	649,03889  	-7433,98888  	-Inf  	-Inf  	0,00396  	0,00607  	0,00469  	0,00000  	0,00596  	-0,00000  	0,00413  
168,01032  	22,41884  	21,74374  	21,51400  	22,49423  	-1,18514  	0,00000  	0,12586  	0,14916  	0,10038  	-0,01832  	0,88861  	0,03166  	-1,13894  	44,02165  	37,14665  	642,40710  	-7433,92693  	-Inf  	-Inf  	0,00396  	0,00607  	0,00469  	0,00000  	0,00596  	-0,00000  	0,00413  
169,01318  	22,41939  	21,74310  	21,51372  	22,49533  	-1,18516  	0,00000  	0,12576  	0,14981  	0,10028  	-0,01736  	0,88796  	0,03185  	-1,13719  	44,21621  	37,11699  	641,75932  	-7434,00484  	-Inf  	-Inf  	0,00396  	0,00607  	0,00470  	0,00000  	0,00596  	-0,00000  	0,00413  
170,01235  	22,41951  	21,74439  	21,51311  	22,49514  	-1,18515  	0,00000  	0,12642  	0,15047  	0,10062  	-0,01798  	0,88854  	0,03183  	-1,14662  	44,41014  	37,31202  	643,98128  	-7433,97809  	-Inf  	-Inf  	0,00396  	0,00607  	0,00470  	0,00000  	0,00597  	-0,00000  	0,00413  
171,01279  	22,41912  	21,74378  	21,51281  	22,49434  	-1,18515  	0,00000  	0,12565  	0,14956  	0,10044  	-0,01743  	0,88702  	0,03160  	-1,14509  	44,14203  	37,08323  	642,76549  	-7433,91854  	-Inf  	-Inf  	0,00396  	0,00607  	0,00469  	0,00000  	0,00596  	-0,00000  	0,00413  
172,01359  	22,42035  	21,74401  	21,51299  	22,49485  	-1,18516  	0,00000  	0,12652  	0,14987  	0,10023  	-0,01632  	0,88866  	0,03124  	-1,14536  	44,23200  	37,34165  	641,48273  	-7434,02883  	-Inf  	-Inf  	0,00396  	0,00607  	0,00470  	0,00000  	0,00597  	-0,00000  	0,00413  
173,01507  	22,42089  	21,74338  	21,51224  	22,49783  	-1,18515  	0,00000  	0,12604  	0,14955  	0,10023  	-0,01886  	0,88698  	0,03226  	-1,14587  	44,13873  	37,19901  	641,50715  	-7433,81125  	-Inf  	-Inf  	0,00396  	0,00607  	0,00469  	0,00000  	0,00596  	-0,00000  	0,00413  
174,01615  	22,42001  	21,74442  	21,51282  	22,50108  	-1,18515  	0,00000  	0,12650  	0,14977  	0,10022  	-0,01751  	0,88856  	0,03399  	-1,14818  	44,20337  	37,33556  	641,43101  	-7433,93225  	-Inf  	-Inf  	0,00396  	0,00607  	0,00469  	0,00000  	0,00597  	-0,00000  	0,00413  
175,01749  	22,41922  	21,74326  	21,51310  	22,49879  	-1,18516  	0,00000  	0,12543  	0,14949  	0,10045  	-0,01782  	0,88657  	0,03343  	-1,14108  	44,12175  	37,02015  	642,86374  	-7433,96233  	-Inf  	-Inf  	0,00396  	0,00607  	0,00469  	0,00000  	0,00595  	-0,00000  	0,00413  
176,01778  	22,41988  	21,74420  	21,51368  	22,49929  	-1,18515  	0,00000  	0,12572  	0,14948  	0,10092  	-0,01727  	0,88719  	0,03352  	-1,14282  	44,11592  	37,10536  	645,89166  	-7434,00387  	-Inf  	-Inf  	0,00396  	0,00607  	0,00469  	0,00000  	0,00596  	-0,00000  	0,00413  
177,01907  	22,42054  	21,74462  	21,51295  	22,49915  	-1,18515  	0,00000  	0,12601  	0,14940  	0,10108  	-0,01741  	0,88801  	0,03324  	-1,14857  	44,09281  	37,19120  	646,94057  	-7434,00558  	-Inf  	-Inf  	0,00396  	0,00607  	0,00469  	0,00000  	0,00596  	-0,00000  	0,00413  
178,02015  	22,42228  	21,74389  	21,51322  	22,50166  	-1,18516  	0,00000  	0,12649  	0,14921  	0,10088  	-0,01731  	0,88837  	0,03350  	-1,14361  	44,03906  	37,33170  	645,72103  	-7434,00514  	-Inf  	-Inf  	0,00396  	0,00607  	0,00469  	0,00000  	0,00597  	-0,00000  	0,00413  
179,01945  	22,42253  	21,74410  	21,51328  	22,50040  	-1,18515  	0,00000  	0,12604  	0,14973  	0,10072  	-0,01826  	0,88816  	0,03281  	-1,14435  	44,19133  	37,19987  	644,63432  	-7434,00362  	-Inf  	-Inf  	0,00396  	0,00607  	0,00469  	0,00000  	0,00596  	-0,00000  	0,00413  
180,02153  	22,42250  	21,74437  	21,51370  	22,50151  	-1,18516  	0,00000  	0,12640  	0,14987  	0,10040  	-0,01727  	0,88812  	0,03319  	-1,14359  	44,23299  	37,30633  	642,61715  	-7434,11812  	-Inf  	-Inf  	0,00396  	0,00607  	0,00470  	0,00000  	0,00597  	-0,00000  	0,00413  
181,02427  	22,42264  	21,74412  	21,51360  	22,50337  	-1,18515  	0,00000  	0,12589  	0,14983  	0,10047  	-0,01761  	0,88640  	0,03393  	-1,14287  	44,21964  	37,15521  	643,07235  	-7434,02208  	-Inf  	-Inf  	0,00396  	0,00607  	0,00470  	0,00000  	0,00596  	-0,00000  	0,00413  
182,02474  	22,42270  	21,74326  	21,51373  	22,50797  	-1,18514  	0,00000  	0,12667  	0,14946  	0,10054  	-0,01762  	0,88806  	0,03586  	-1,13793  	44,11281  	37,38395  	643,59667  	-7433,89574  	-Inf  	-Inf  	0,00396  	0,00607  	0,00469  	0,00000  	0,00597  	-0,00000  	0,00413  
183,02560  	22,42395  	21,74414  	21,51338  	22,51311  	-1,18515  	0,00000  	0,12573  	0,14929  	0,10067  	-0,01812  	0,88833  	0,03755  	-1,14400  	44,06175  	37,10717  	644,45720  	-7433,99030  	-Inf  	-Inf  	0,00396  	0,00607  	0,00469  	0,00000  	0,00596  	-0,00000  	0,00413  
184,02674  	22,42449  	21,74372  	21,51289  	22,51029  	-1,18516  	0,00000  	0,12631  	0,14949  	0,10081  	-0,01803  	0,88816  	0,03618  	-1,14434  	44,12119  	37,27775  	645,30489  	-7433,95549  	-Inf  	-Inf  	0,00396  	0,00607  	0,00469  	0,00000  	0,00597  	-0,00000  	0,00413  
185,02685  	22,42497  	21,74394  	21,51313  	22,50829  	-1,18516  	0,00000  	0,12579  	0,14981  	0,10107  	-0,01783  	0,88764  	0,03523  	-1,14429  	44,21367  	37,12502  	646,97725  	-7434,00643  	-Inf  	-Inf  	0,00396  	0,00607  	0,00470  	0,00000  	0,00596  	-0,00000  	0,00413  
186,02735  	22,42532  	21,74462  	21,51315  	22,50688  	-1,18517  	0,00000  	0,12560  	0,15007  	0,10109  	-0,01816  	0,88707  	0,03449  	-1,14755  	44,29131  	37,06885  	647,08282  	-7434,10690  	-Inf  	-Inf  	0,00396  	0,00607  	0,00470  	0,00000  	0,00596  	-0,00000  	0,00413  
187,02973  	22,42549  	21,74358  	21,51317  	22,50515  	-1,18517  	0,00000  	0,12648  	0,14940  	0,10058  	-0,01799  	0,88810  	0,03352  	-1,14226  	44,09317  	37,32857  	643,81289  	-7434,03215  	-Inf  	-Inf  	0,00396  	0,00607  	0,00469  	0,00000  	0,00597  	-0,00000  	0,00413  
188,03076  	22,42555  	21,74398  	21,51297  	22,50585  	-1,18514  	0,00000  	0,12647  	0,15059  	0,10106  	-0,01849  	0,88775  	0,03395  	-1,14527  	44,44494  	37,32756  	646,87839  	-7433,89305  	-Inf  	-Inf  	0,00396  	0,00607  	0,00470  	0,00000  	0,00597  	-0,00000  	0,00413  
189,03058  	22,42523  	21,74377  	21,51301  	22,50585  	-1,18514  	0,00000  	0,12656  	0,15022  	0,10047  	-0,01773  	0,88763  	0,03388  	-1,14399  	44,33458  	37,35256  	643,15241  	-7433,84553  	-Inf  	-Inf  	0,00396  	0,00607  	0,00470  	0,00000  	0,00597  	-0,00000  	0,00413  
190,03098  	22,42449  	21,74423  	21,51291  	22,50369  	-1,18515  	0,00000  	0,12656  	0,15010  	0,10095  	-0,01827  	0,88771  	0,03344  	-1,14680  	44,29971  	37,35338  	646,18133  	-7433,96409  	-Inf  	-Inf  	0,00396  	0,00607  	0,00470  	0,00000  	0,00597  	-0,00000  	0,00413  
191,03182  	22,42599  	21,74485  	21,51290  	22,50447  	-1,18515  	0,00000  	0,12705  	0,14973  	0,10061  	-0,01713  	0,88713  	0,03303  	-1,14991  	44,18985  	37,49877  	644,00968  	-7434,00420  	-Inf  	-Inf  	0,00396  	0,00607  	0,00469  	0,00000  	0,00598  	-0,00000  	0,00413  
192,03270  	22,42715  	21,74425  	21,51341  	22,50526  	-1,18516  	0,00000  	0,12717  	0,14896  	0,10007  	-0,01723  	0,88690  	0,03270  	-1,14443  	43,96242  	37,53405  	640,57659  	-7434,04890  	-Inf  	-Inf  	0,00396  	0,00607  	0,00469  	0,00000  	0,00598  	-0,00000  	0,00413  
193,03345  	22,42752  	21,74358  	21,51263  	22,50509  	-1,18516  	0,00000  	0,12857  	0,15030  	0,10072  	-0,01753  	0,88820  	0,03268  	-1,14500  	44,36036  	37,94700  	644,76049  	-7433,93150  	-Inf  	-Inf  	0,00396  	0,00607  	0,00470  	0,00000  	0,00600  	-0,00000  	0,00413  
194,03729  	22,42832  	21,74456  	21,51351  	22,50602  	-1,18513  	0,00000  	0,12710  	0,14981  	0,10019  	-0,01696  	0,88782  	0,03256  	-1,14545  	44,21485  	37,51125  	641,36360  	-7433,91950  	-Inf  	-Inf  	0,00396  	0,00607  	0,00470  	0,00000  	0,00598  	-0,00000  	0,00413  
195,03981  	22,42744  	21,74382  	21,51474  	22,50639  	-1,18515  	0,00000  	0,12586  	0,14934  	0,10030  	-0,01757  	0,88675  	0,03312  	-1,13570  	44,07579  	37,14663  	642,03991  	-7434,08294  	-Inf  	-Inf  	0,00396  	0,00607  	0,00469  	0,00000  	0,00596  	-0,00000  	0,00413  
196,04086  	22,42638  	21,74411  	21,51394  	22,50531  	-1,18514  	0,00000  	0,12561  	0,14986  	0,10072  	-0,01801  	0,88787  	0,03326  	-1,14108  	44,22909  	37,07340  	644,75096  	-7433,98102  	-Inf  	-Inf  	0,00396  	0,00607  	0,00470  	0,00000  	0,00596  	-0,00000  	0,00413  
197,04212  	22,42627  	21,74469  	21,51374  	22,50412  	-1,18516  	0,00000  	0,12573  	0,15001  	0,10096  	-0,01790  	0,88816  	0,03288  	-1,14499  	44,27277  	37,10732  	646,25005  	-7434,11492  	-Inf  	-Inf  	0,00396  	0,00607  	0,00470  	0,00000  	0,00596  	-0,00000  	0,00413  
198,04293  	22,42695  	21,74448  	21,51460  	22,50191  	-1,18514  	0,00000  	0,12532  	0,15053  	0,10046  	-0,01743  	0,88719  	0,03151  	-1,13965  	44,42608  	36,98549  	643,05188  	-7434,06578  	-Inf  	-Inf  	0,00396  	0,00607  	0,00470  	0,00000  	0,00595  	-0,00000  	0,00413  
199,04406  	22,42799  	21,74445  	21,51337  	22,49781  	-1,18514  	0,00000  	0,12584  	0,15046  	0,10080  	-0,01742  	0,88791  	0,02944  	-1,14562  	44,40726  	37,14067  	645,17375  	-7433,94551  	-Inf  	-Inf  	0,00396  	0,00607  	0,00470  	0,00000  	0,00596  	-0,00000  	0,00413  
200,04690  	22,42803  	21,74511  	21,51348  	22,49615  	-1,18514  	0,00000  	0,12605  	0,15025  	0,10052  	-0,01754  	0,88757  	0,02864  	-1,14830  	44,34340  	37,20187  	643,40546  	-7434,04288  	-Inf  	-Inf  	0,00396  	0,00607  	0,00470  	0,00000  	0,00596  	-0,00000  	0,00413  
201,04924  	22,42651  	21,74449  	21,51379  	22,49398  	-1,18514  	0,00000  	0,12671  	0,15072  	0,10072  	-0,01856  	0,88833  	0,02843  	-1,14373  	44,48436  	37,39671  	644,66591  	-7434,02085  	-Inf  	-Inf  	0,00396  	0,00607  	0,00470  	0,00000  	0,00597  	-0,00000  	0,00413  
202,05020  	22,42525  	21,74519  	21,51332  	22,49559  	-1,18514  	0,00000  	0,12635  	0,14977  	0,10111  	-0,01778  	0,88746  	0,02975  	-1,14955  	44,20434  	37,28989  	647,16584  	-7434,01934  	-Inf  	-Inf  	0,00396  	0,00607  	0,00469  	0,00000  	0,00597  	-0,00000  	0,00413  
203,05033  	22,42691  	21,74557  	21,51383  	22,49557  	-1,18515  	0,00000  	0,12587  	0,14994  	0,10102  	-0,01779  	0,88748  	0,02902  	-1,14886  	44,25165  	37,15055  	646,59246  	-7434,14996  	-Inf  	-Inf  	0,00396  	0,00607  	0,00470  	0,00000  	0,00596  	-0,00000  	0,00413  
204,05405  	22,42750  	21,74557  	21,51357  	22,49889  	-1,18514  	0,00000  	0,12627  	0,14989  	0,10047  	-0,01804  	0,88775  	0,03000  	-1,15015  	44,23768  	37,26729  	643,11881  	-7434,09701  	-Inf  	-Inf  	0,00396  	0,00607  	0,00470  	0,00000  	0,00597  	-0,00000  	0,00413  
205,05416  	22,42802  	21,74475  	21,51359  	22,50148  	-1,18515  	0,00000  	0,12557  	0,14989  	0,09990  	-0,01830  	0,88716  	0,03070  	-1,14598  	44,23954  	37,06066  	639,47213  	-7434,06498  	-Inf  	-Inf  	0,00396  	0,00607  	0,00470  	0,00000  	0,00596  	-0,00000  	0,00413  
206,05510  	22,42833  	21,74471  	21,51433  	22,50325  	-1,18514  	0,00000  	0,12581  	0,14973  	0,10051  	-0,01803  	0,88827  	0,03150  	-1,14211  	44,19249  	37,13143  	643,35310  	-7434,08799  	-Inf  	-Inf  	0,00396  	0,00607  	0,00469  	0,00000  	0,00596  	-0,00000  	0,00413  
207,05458  	22,42767  	21,74476  	21,51346  	22,50524  	-1,18513  	0,00000  	0,12585  	0,15014  	0,10103  	-0,01745  	0,88789  	0,03278  	-1,14669  	44,31313  	37,14440  	646,73761  	-7433,94884  	-Inf  	-Inf  	0,00396  	0,00607  	0,00470  	0,00000  	0,00596  	-0,00000  	0,00413  
208,05519  	22,42833  	21,74454  	21,51448  	22,50698  	-1,18516  	0,00000  	0,12613  	0,14910  	0,10056  	-0,01759  	0,88810  	0,03308  	-1,14058  	44,00558  	37,22516  	643,71046  	-7434,17144  	-Inf  	-Inf  	0,00396  	0,00607  	0,00469  	0,00000  	0,00597  	-0,00000  	0,00413  
209,05719  	22,42867  	21,74486  	21,51440  	22,50938  	-1,18515  	0,00000  	0,12626  	0,14951  	0,10100  	-0,01803  	0,88807  	0,03410  	-1,14253  	44,12571  	37,26428  	646,60347  	-7434,12043  	-Inf  	-Inf  	0,00396  	0,00607  	0,00469  	0,00000  	0,00597  	-0,00000  	0,00413  
210,05830  	22,42906  	21,74490  	21,51445  	22,51183  	-1,18515  	0,00000  	0,12582  	0,14995  	0,10069  	-0,01806  	0,88822  	0,03486  	-1,14245  	44,25492  	37,13449  	644,61503  	-7434,12344  	-Inf  	-Inf  	0,00396  	0,00607  	0,00470  	0,00000  	0,00596  	-0,00000  	0,00413  
211,06011  	22,42864  	21,74489  	21,51377  	22,51558  	-1,18516  	0,00000  	0,12555  	0,14936  	0,10119  	-0,01753  	0,88691  	0,03680  	-1,14580  	44,08310  	37,05452  	647,84436  	-7434,12192  	-Inf  	-Inf  	0,00396  	0,00607  	0,00469  	0,00000  	0,00596  	-0,00000  	0,00413  
212,06164  	22,42910  	21,74454  	21,51410  	22,51736  	-1,18516  	0,00000  	0,12672  	0,14990  	0,10110  	-0,01745  	0,88741  	0,03732  	-1,14248  	44,24058  	37,39887  	647,26991  	-7434,11832  	-Inf  	-Inf  	0,00396  	0,00607  	0,00470  	0,00000  	0,00597  	-0,00000  	0,00413  
213,06388  	22,42967  	21,74485  	21,51410  	22,51785  	-1,18515  	0,00000  	0,12579  	0,14941  	0,10044  	-0,01800  	0,88650  	0,03705  	-1,14400  	44,09735  	37,12636  	643,03393  	-7434,09223  	-Inf  	-Inf  	0,00396  	0,00607  	0,00469  	0,00000  	0,00596  	-0,00000  	0,00413  
214,06495  	22,43061  	21,74488  	21,51388  	22,51842  	-1,18514  	0,00000  	0,12625  	0,14959  	0,10038  	-0,01763  	0,88794  	0,03687  	-1,14521  	44,15028  	37,26251  	642,67674  	-7434,02907  	-Inf  	-Inf  	0,00396  	0,00607  	0,00469  	0,00000  	0,00597  	-0,00000  	0,00413  
215,06558  	22,42999  	21,74521  	21,51431  	22,51703  	-1,18515  	0,00000  	0,12618  	0,14986  	0,10075  	-0,01777  	0,88784  	0,03669  	-1,14470  	44,22980  	37,24058  	645,06626  	-7434,14560  	-Inf  	-Inf  	0,00396  	0,00607  	0,00470  	0,00000  	0,00597  	-0,00000  	0,00413  
216,06826  	22,42942  	21,74461  	21,51378  	22,51537  	-1,18515  	0,00000  	0,12595  	0,15025  	0,10062  	-0,01869  	0,88845  	0,03618  	-1,14435  	44,34440  	37,17134  	644,19265  	-7434,04108  	-Inf  	-Inf  	0,00396  	0,00607  	0,00470  	0,00000  	0,00596  	-0,00000  	0,00413  
217,06786  	22,42968  	21,74469  	21,51424  	22,51421  	-1,18514  	0,00000  	0,12595  	0,14947  	0,10117  	-0,01846  	0,88706  	0,03577  	-1,14247  	44,11546  	37,17151  	647,70631  	-7434,02788  	-Inf  	-Inf  	0,00396  	0,00607  	0,00469  	0,00000  	0,00596  	-0,00000  	0,00413  
218,06900  	22,43013  	21,74520  	21,51379  	22,51260  	-1,18513  	0,00000  	0,12578  	0,14981  	0,10071  	-0,01805  	0,88723  	0,03474  	-1,14722  	44,21478  	37,12386  	644,76059  	-7433,96834  	-Inf  	-Inf  	0,00396  	0,00607  	0,00470  	0,00000  	0,00596  	-0,00000  	0,00413  
219,06850  	22,43002  	21,74552  	21,51401  	22,51250  	-1,18514  	0,00000  	0,12591  	0,14952  	0,10059  	-0,01709  	0,88696  	0,03470  	-1,14776  	44,12870  	37,15975  	643,95242  	-7434,12512  	-Inf  	-Inf  	0,00396  	0,00607  	0,00469  	0,00000  	0,00596  	-0,00000  	0,00413  
220,07008  	22,43095  	21,74476  	21,51411  	22,51335  	-1,18515  	0,00000  	0,12602  	0,14970  	0,09992  	-0,01803  	0,88826  	0,03444  	-1,14345  	44,18160  	37,19465  	639,68035  	-7434,10229  	-Inf  	-Inf  	0,00396  	0,00607  	0,00469  	0,00000  	0,00596  	-0,00000  	0,00413  
221,07055  	22,43168  	21,74446  	21,51416  	22,51366  	-1,18515  	0,00000  	0,12543  	0,14911  	0,10023  	-0,01735  	0,88778  	0,03437  	-1,14174  	44,00883  	37,01802  	641,67248  	-7434,10373  	-Inf  	-Inf  	0,00396  	0,00607  	0,00469  	0,00000  	0,00595  	-0,00000  	0,00413  
222,07411  	22,43321  	21,74555  	21,51447  	22,51453  	-1,18514  	0,00000  	0,12579  	0,14955  	0,10091  	-0,01698  	0,88795  	0,03433  	-1,14560  	44,13873  	37,12528  	646,08810  	-7434,14787  	-Inf  	-Inf  	0,00396  	0,00607  	0,00469  	0,00000  	0,00596  	-0,00000  	0,00413  
223,07430  	22,43274  	21,74562  	21,51410  	22,51639  	-1,18514  	0,00000  	0,12584  	0,15038  	0,10080  	-0,01754  	0,88820  	0,03527  	-1,14780  	44,38154  	37,14138  	645,37494  	-7434,11762  	-Inf  	-Inf  	0,00396  	0,00607  	0,00470  	0,00000  	0,00596  	-0,00000  	0,00413  
