01/23/2025 11:10:34Time	T_hot_in(C)	T_cold_in(C)	T_cold_out(C)	T_hot_out(C)	mdot_cold(kg/s)	ASFASIFUAS(kg/s)	Diferencial_cold(bar)	Diferencial_hot(bar)	mdot_hot(kg/s)	ABS_cold(bar)	ABS_hot(bar)	q_cold(kW)	q_hot(kW)	ASFASYFY	Tau_cold_haste	Re_hot	Re_cold	U_global	PSIG_cold(bar)	R_fouling	PSIG_hot(bar)	PSID_hot(bar)	m_dot_hot	PSID_cold(bar)	m_dot_cold
2,03568  	0,00000  	0,00000  	0,00000  	0,00000  	-1,18512  	-0,20833  	-0,25900  	-0,86180  	-3,02442  	-1,72343  	-1,72415  	-0,00000  	-0,00000  	-254,35069  	-76,44127  	-9234,48090  	-3618,55272  	NaN  	NaN  	0,00000  	0,00000  	0,00000  	0,00000  	0,00000  	0,00000  	0,00000  
3,03552  	1327,82048  	1327,75450  	1327,82053  	25,73262  	0,05450  	0,12047  	85706,53851  	0,22459  	0,13190  	0,99504  	0,99235  	1517805452,50168  	423,16353  	66,28562  	25295332,54600  	0,19024  	0,00427  	-Inf  	-Inf  	0,00406  	0,00504  	0,00395  	0,00631  	1327,62170  	0,00401  	0,00417  
4,03588  	199,05318  	199,03455  	1327,82053  	25,73262  	0,04671  	0,14063  	85706,53851  	0,26113  	0,13883  	1,16174  	1,15893  	6222733,60784  	224,27778  	77,06824  	25295332,54600  	2123,98805  	0,03953  	-Inf  	-Inf  	0,00405  	0,00521  	0,00396  	0,00670  	1327,62170  	0,00399  	0,00418  
5,03733  	774,08076  	-244,98909  	308,75065  	25,73365  	0,04740  	0,14053  	85706,53851  	0,26244  	0,14514  	1,16091  	1,15810  	454,31880  	86358,74466  	77,45535  	25295332,54600  	2,37403  	328,88736  	Inf  	-Inf  	0,00406  	0,00522  	0,00396  	0,00670  	1327,62170  	0,00399  	0,00419  
6,03930  	1327,82048  	-244,98909  	775,79766  	25,73481  	0,04975  	0,14082  	85706,53851  	0,26177  	0,14505  	1,16328  	1,16048  	30470,82591  	5971413,73397  	77,25753  	25295332,54600  	0,20920  	6,47979  	Inf  	-Inf  	0,00406  	0,00521  	0,00395  	0,00670  	1327,62170  	0,00400  	0,00419  
7,04040  	1327,82048  	-244,98909  	303,89194  	25,73669  	0,04881  	0,14059  	85706,53851  	0,26186  	0,14456  	1,16141  	1,15860  	787,35879  	3150255,02080  	77,28383  	25295332,54600  	0,20849  	321,48554  	Inf  	-Inf  	0,00406  	0,00522  	0,00396  	0,00670  	1327,62170  	0,00400  	0,00419  
8,04434  	300,42321  	782,36508  	-244,98909  	25,73803  	0,05117  	0,14029  	85706,53851  	0,26120  	0,14427  	1,15890  	1,15609  	7021,80092  	342,95706  	77,09143  	25295332,54600  	322,66576  	6,24042  	NaN  	NaN  	0,00406  	0,00521  	0,00396  	0,00669  	1327,62170  	0,00400  	0,00419  
9,04492  	-244,98909  	296,75116  	786,05754  	25,73923  	0,04515  	0,14061  	85706,53851  	0,26110  	0,14439  	1,16154  	1,15873  	1039498,89031  	1013,36014  	77,06088  	25295332,54600  	24,35470  	0,17830  	-Inf  	-Inf  	0,00406  	0,00521  	0,00396  	0,00670  	1327,62170  	0,00398  	0,00419  
10,04731  	790,60311  	790,55967  	1327,82053  	25,73837  	0,04878  	0,14024  	18860,63400  	0,26184  	0,14482  	1,15848  	1,15568  	234902394,71191  	99619,22618  	77,27946  	5566506,56373  	2,14684  	0,00999  	-Inf  	-Inf  	0,00406  	0,00522  	0,00396  	0,00669  	292,16038  	0,00400  	0,00419  
11,04727  	1327,82048  	1327,75450  	286,19561  	25,73715  	0,04645  	0,14049  	-15815,93170  	0,26258  	0,14472  	1,16059  	1,15778  	69862277,79641  	5688748,66751  	77,49676  	-4667896,50935  	0,20872  	0,03083  	NaN  	NaN  	0,00406  	0,00522  	0,00396  	0,00670  	-244,98909  	0,00399  	0,00419  
12,04875  	283,46990  	1327,75450  	799,36153  	25,73814  	0,04934  	0,14071  	51595,31300  	0,26237  	0,14473  	1,16236  	1,15955  	81199211,21172  	145,38720  	77,43675  	15227783,35082  	453,04164  	0,00992  	-Inf  	-Inf  	0,00406  	0,00522  	0,00396  	0,00670  	799,22950  	0,00400  	0,00419  
13,05086  	802,29338  	1327,75450  	280,53803  	25,73919  	0,04784  	0,14034  	85706,53851  	0,26206  	0,14407  	1,15927  	1,15647  	40545899,99963  	210435,09540  	77,34417  	25295332,54600  	1,99508  	0,03224  	NaN  	NaN  	0,00406  	0,00522  	0,00396  	0,00669  	1327,62170  	0,00399  	0,00419  
14,05284  	1327,82048  	277,89709  	804,91240  	25,74035  	0,05109  	0,14042  	17936,99346  	0,26239  	0,14464  	1,15998  	1,15717  	5008216,71487  	3166039,05228  	77,44105  	5293904,31945  	0,20860  	0,20175  	NaN  	NaN  	0,00406  	0,00522  	0,00395  	0,00670  	277,85294  	0,00400  	0,00419  
15,05440  	274,46807  	808,31913  	1327,82053  	25,74061  	0,04866  	0,14096  	52176,36725  	0,26281  	0,14496  	1,16446  	1,16165  	80629415,81934  	132,06303  	77,56423  	15399275,05516  	546,06793  	0,00961  	-Inf  	-Inf  	0,00406  	0,00522  	0,00396  	0,00671  	808,23019  	0,00400  	0,00419  
16,05641  	-244,98909  	1327,75450  	269,86276  	25,73945  	0,04677  	0,14029  	17416,97272  	0,26164  	0,14499  	1,15894  	1,15614  	13624409,64215  	2269,56265  	77,22037  	5140425,97584  	24,45626  	0,03245  	-Inf  	-Inf  	0,00406  	0,00521  	0,00396  	0,00669  	269,79768  	0,00399  	0,00419  
17,05858  	-244,98909  	1327,75450  	817,36376  	25,73723  	0,04791  	0,14033  	52757,32961  	0,26266  	0,14513  	1,15925  	1,15645  	90234414,51462  	1121,65604  	77,52235  	15570739,64301  	24,47917  	0,00930  	-Inf  	-Inf  	0,00406  	0,00522  	0,00396  	0,00669  	817,22946  	0,00399  	0,00419  
18,05953  	-244,98909  	1327,75450  	1327,82053  	25,73651  	0,04702  	0,14008  	85706,53851  	0,26188  	0,14440  	1,15713  	1,15433  	345473360,17303  	0,14243  	77,28950  	25295332,54600  	24,35548  	0,00368  	-Inf  	-Inf  	0,00406  	0,00522  	0,00396  	0,00669  	1327,62170  	0,00399  	0,00419  
19,06081  	826,78174  	1327,75450  	1327,82053  	25,73699  	0,04753  	0,14047  	85706,53851  	0,26288  	0,14403  	1,16042  	1,15761  	1019587688,66047  	16,17132  	77,58757  	25295332,54600  	1,73538  	0,00372  	-Inf  	-Inf  	0,00406  	0,00522  	0,00396  	0,00670  	1327,62170  	0,00399  	0,00419  
20,06229  	1327,82048  	252,22921  	252,25008  	25,73698  	0,04857  	0,14066  	16280,10105  	0,26187  	0,14499  	1,16200  	1,15919  	20638,92900  	119,21732  	77,28771  	4804890,93381  	0,20911  	8,32374  	NaN  	NaN  	0,00406  	0,00522  	0,00396  	0,00670  	252,18722  	0,00400  	0,00419  
21,06512  	249,34044  	-244,98909  	833,49099  	25,73634  	0,04823  	0,14066  	53798,31804  	0,26214  	0,14380  	1,16194  	1,15913  	11331,43143  	240,25577  	77,36732  	15877975,81015  	920,45776  	3,64775  	NaN  	NaN  	0,00406  	0,00522  	0,00396  	0,00670  	833,35465  	0,00399  	0,00419  
22,06530  	-244,98909  	837,41009  	245,37591  	25,73653  	0,05145  	0,14027  	15836,38336  	0,26211  	0,14501  	1,15874  	1,15594  	1043827,01458  	1397,04865  	77,35906  	4673932,58935  	24,45912  	0,20316  	-Inf  	-Inf  	0,00406  	0,00522  	0,00396  	0,00669  	245,31392  	0,00401  	0,00419  
23,06690  	841,46227  	241,34872  	-244,98909  	25,73749  	0,05027  	0,14102  	-15815,93170  	0,26291  	0,14590  	1,16496  	1,16215  	501,59410  	141906,30812  	77,59417  	-4667896,50935  	1,62093  	145,48896  	NaN  	NaN  	0,00406  	0,00522  	0,00395  	0,00671  	-244,98909  	0,00400  	0,00419  
24,06740  	238,42041  	-244,98909  	844,41102  	25,73804  	0,05194  	0,14087  	-15815,93170  	0,26282  	0,14560  	1,16370  	1,16089  	12524,79355  	253,21777  	77,56934  	-4667896,50935  	1169,44031  	3,57177  	NaN  	NaN  	0,00406  	0,00522  	0,00396  	0,00670  	-244,98909  	0,00401  	0,00419  
25,06760  	-244,98909  	847,35967  	1327,82053  	25,73858  	0,04991  	0,14057  	54696,48073  	0,26289  	0,14442  	1,16124  	1,15843  	98086180,95486  	1099,84535  	77,59023  	16143058,54826  	24,35977  	0,00912  	-Inf  	-Inf  	0,00405  	0,00522  	0,00396  	0,00670  	847,26744  	0,00400  	0,00419  
26,06831  	850,82086  	231,99052  	1327,82053  	25,74053  	0,05251  	0,14059  	85706,53851  	0,26297  	0,14437  	1,16137  	1,15857  	35393788,56721  	359917,76317  	77,61127  	25295332,54600  	1,52429  	0,04046  	-Inf  	-Inf  	0,00405  	0,00522  	0,00395  	0,00670  	1327,62170  	0,00401  	0,00419  
27,06943  	1327,82048  	852,18604  	230,59933  	25,74107  	0,04305  	0,14045  	14882,57790  	0,26186  	0,14512  	1,16022  	1,15741  	5024213,49035  	3146561,58423  	77,28520  	4392427,50559  	0,20930  	0,17002  	NaN  	NaN  	0,00407  	0,00522  	0,00396  	0,00670  	230,53921  	0,00398  	0,00419  
28,07087  	228,76763  	1327,75450  	-244,98909  	25,74186  	0,04315  	0,14072  	55126,26123  	0,26257  	0,14447  	1,16245  	1,15964  	779763,77464  	297,72919  	77,49361  	16269903,48684  	1404,38740  	0,17043  	NaN  	NaN  	0,00406  	0,00522  	0,00396  	0,00670  	853,92485  	0,00398  	0,00419  
29,07407  	858,83612  	1327,75450  	-244,98909  	25,74301  	0,04681  	0,13998  	85706,53851  	0,26220  	0,14431  	1,15637  	1,15357  	3196162,22973  	490626,24801  	77,38512  	25295332,54600  	1,45939  	0,18488  	NaN  	NaN  	0,00406  	0,00522  	0,00396  	0,00669  	1327,62170  	0,00399  	0,00419  
30,07512  	1327,82048  	1327,75450  	862,84869  	25,74257  	0,05023  	0,14051  	85706,53851  	0,26259  	0,14409  	1,16069  	1,15789  	492261818,12618  	2745655,43309  	77,49923  	25295332,54600  	0,20781  	0,00891  	NaN  	NaN  	0,00406  	0,00522  	0,00395  	0,00670  	1327,62170  	0,00400  	0,00419  
31,07604  	1327,82048  	215,27247  	215,29179  	25,74112  	0,05047  	0,14011  	13894,49955  	0,26231  	0,14327  	1,15744  	1,15463  	6125,74167  	114,67715  	77,41925  	4100807,15947  	0,20662  	20,99271  	NaN  	NaN  	0,00406  	0,00522  	0,00396  	0,00669  	215,23360  	0,00400  	0,00419  
32,07855  	212,42405  	870,36055  	870,40738  	25,74156  	0,04711  	0,13999  	-15815,93170  	0,26102  	0,14465  	1,15643  	1,15363  	16316614,68057  	0,00947  	77,03768  	-4667896,50935  	1864,97657  	0,02248  	-Inf  	-Inf  	0,00406  	0,00521  	0,00396  	0,00669  	-244,98909  	0,00399  	0,00419  
33,07956  	-244,98909  	1327,75450  	1327,82053  	25,74271  	0,04703  	0,14098  	56352,59744  	0,26304  	0,14457  	1,16462  	1,16181  	345891800,59388  	0,14245  	77,63216  	16631842,99485  	24,38599  	0,00369  	-Inf  	-Inf  	0,00405  	0,00522  	0,00396  	0,00671  	872,92114  	0,00399  	0,00419  
34,08153  	877,10116  	1327,75450  	205,73025  	25,74348  	0,04414  	0,14052  	85706,53851  	0,26276  	0,14465  	1,16077  	1,15796  	32759641,47792  	380328,12728  	77,55212  	25295332,54600  	1,32831  	0,03666  	NaN  	NaN  	0,00406  	0,00522  	0,00396  	0,00670  	1327,62170  	0,00398  	0,00419  
35,08499  	201,55684  	201,53811  	-244,98909  	25,74524  	0,05287  	0,14053  	13007,93047  	0,26168  	0,14453  	1,16088  	1,15808  	114,01350  	100,57408  	77,23096  	3839146,14553  	2151,95030  	84,25289  	NaN  	NaN  	0,00405  	0,00521  	0,00395  	0,00670  	201,50041  	0,00401  	0,00419  
36,08532  	885,07584  	-244,98909  	885,07588  	25,74722  	0,04860  	0,14023  	57128,04410  	0,26230  	0,14429  	1,15837  	1,15557  	81673,63634  	448237,74770  	77,41583  	16860707,46104  	1,27124  	2,38889  	NaN  	NaN  	0,00405  	0,00522  	0,00396  	0,00669  	884,93302  	0,00400  	0,00419  
37,08535  	192,26893  	890,51482  	1327,82053  	25,74798  	0,04494  	0,14059  	12408,40993  	0,26234  	0,14504  	1,16141  	1,15861  	68626998,47556  	83,33903  	77,42766  	3662204,31850  	2357,68578  	0,00756  	-Inf  	-Inf  	0,00406  	0,00522  	0,00396  	0,00670  	192,21367  	0,00398  	0,00419  
38,08711  	893,41048  	1327,75450  	1327,82053  	25,74956  	0,04903  	0,14029  	57666,03224  	0,26181  	0,14446  	1,15887  	1,15606  	1107707420,28685  	28,14242  	77,27144  	17019488,68091  	1,21935  	0,00384  	-Inf  	-Inf  	0,00406  	0,00521  	0,00396  	0,00669  	893,26660  	0,00400  	0,00419  
39,08840  	1327,82048  	187,27996  	187,29811  	25,75298  	0,04688  	0,14063  	85706,53851  	0,26223  	0,14512  	1,16172  	1,15891  	2395,65492  	100,05238  	77,39359  	25295332,54600  	0,20929  	44,45612  	NaN  	NaN  	0,00406  	0,00522  	0,00396  	0,00670  	1327,62170  	0,00399  	0,00419  
40,08911  	183,58737  	899,19602  	-244,98909  	25,75521  	0,04709  	0,14092  	85706,53851  	0,26302  	0,14381  	1,16408  	1,16127  	17556,86123  	227,76673  	77,62732  	25295332,54600  	2459,50621  	2,07272  	NaN  	NaN  	0,00406  	0,00522  	0,00396  	0,00671  	1327,62170  	0,00399  	0,00419  
41,09246  	901,38640  	1327,75450  	901,38644  	25,75644  	0,04595  	0,14028  	85706,53851  	0,26257  	0,14389  	1,15884  	1,15603  	369212967,60357  	180776,88508  	77,49450  	25295332,54600  	1,16623  	0,00757  	-Inf  	-Inf  	0,00405  	0,00522  	0,00396  	0,00669  	1327,62170  	0,00399  	0,00419  
42,09355  	178,36301  	1327,75450  	1327,82053  	25,75951  	0,05066  	0,14036  	11510,80349  	0,26230  	0,14480  	1,15949  	1,15668  	195277125,82510  	0,01412  	77,41411  	3397285,75236  	2517,57332  	0,00397  	-Inf  	-Inf  	0,00406  	0,00522  	0,00396  	0,00669  	178,30950  	0,00400  	0,00419  
43,09500  	908,73919  	174,07462  	174,09221  	25,75995  	0,04342  	0,14080  	58655,47744  	0,26254  	0,14486  	1,16313  	1,16033  	1090,81071  	7,44420  	77,48484  	17311512,43871  	1,13135  	64,53819  	NaN  	NaN  	0,00406  	0,00522  	0,00396  	0,00670  	908,59338  	0,00398  	0,00419  
44,09744  	1327,82048  	-244,98909  	914,05545  	25,76067  	0,05011  	0,14005  	10891,97563  	0,26169  	0,14481  	1,15693  	1,15412  	171957,09660  	6830298,25858  	77,23455  	3214645,58545  	0,20884  	1,97036  	Inf  	-Inf  	0,00406  	0,00521  	0,00395  	0,00669  	168,72369  	0,00400  	0,00419  
45,09762  	164,05433  	-244,98909  	1327,82053  	25,76053  	0,04834  	0,14066  	59303,40705  	0,26256  	0,14495  	1,16192  	1,15912  	533125,53743  	320,09454  	77,49082  	17502741,66284  	2515,46117  	0,19087  	NaN  	NaN  	0,00406  	0,00522  	0,00396  	0,00670  	918,62998  	0,00399  	0,00419  
46,10041  	923,37475  	-244,98909  	159,45666  	25,76130  	0,04990  	0,14055  	10290,42636  	0,26186  	0,14398  	1,16103  	1,15822  	742,75868  	218818,10331  	77,28650  	3037105,00339  	1,04568  	42,99781  	Inf  	-Inf  	0,00406  	0,00522  	0,00396  	0,00670  	159,40553  	0,00400  	0,00419  
47,10177  	1327,82048  	925,62186  	925,67101  	25,76351  	0,04512  	0,14071  	-15815,93170  	0,26260  	0,14432  	1,16235  	1,15955  	168620622,01534  	260,76422  	77,50320  	-4667896,50935  	0,20812  	0,01649  	NaN  	NaN  	0,00406  	0,00522  	0,00396  	0,00670  	-244,98909  	0,00398  	0,00419  
48,10352  	1327,82048  	1327,75450  	1327,82053  	25,76603  	0,05082  	0,14049  	-15815,93170  	0,26204  	0,14411  	1,16057  	1,15777  	1658279709,05776  	394,62740  	77,33740  	-4667896,50935  	0,20783  	0,00398  	-Inf  	-Inf  	0,00405  	0,00522  	0,00396  	0,00670  	-244,98909  	0,00400  	0,00419  
49,10518  	1327,82048  	1327,75450  	1327,82053  	25,76821  	0,05411  	0,14055  	60341,11590  	0,26268  	0,14448  	1,16107  	1,15827  	1662491280,49450  	420,21178  	77,52728  	17809009,90036  	0,20835  	0,00424  	-Inf  	-Inf  	0,00406  	0,00522  	0,00396  	0,00670  	934,70438  	0,00401  	0,00419  
50,10666  	143,96842  	1327,75450  	1327,82053  	25,77026  	0,05352  	0,14052  	85706,53851  	0,26228  	0,14486  	1,16082  	1,15801  	151311299,04833  	0,01484  	77,40931  	25295332,54600  	2311,65975  	0,00419  	-Inf  	-Inf  	0,00406  	0,00522  	0,00395  	0,00670  	1327,62170  	0,00401  	0,00419  
51,10772  	-244,98909  	1327,75450  	141,77253  	25,77291  	0,04839  	0,14057  	9148,94261  	0,26198  	0,14582  	1,16121  	1,15840  	7956611,24521  	2630,47634  	77,32013  	2700208,75776  	24,60455  	0,04847  	-Inf  	-Inf  	0,00406  	0,00522  	0,00395  	0,00670  	141,72363  	0,00400  	0,00419  
52,10771  	945,04183  	137,77350  	945,04187  	25,77277  	0,05027  	0,14012  	-15815,93170  	0,26176  	0,14520  	1,15751  	1,15471  	3549576,10232  	513729,02789  	77,25469  	-4667896,50935  	0,94908  	0,19849  	-Inf  	-Inf  	0,00405  	0,00521  	0,00396  	0,00669  	-244,98909  	0,00400  	0,00419  
53,11139  	132,86306  	949,91820  	1327,82053  	25,77227  	0,04836  	0,14064  	-15815,93170  	0,26218  	0,14371  	1,16180  	1,15900  	51698448,35102  	76,64883  	77,38048  	-4667896,50935  	2141,98380  	0,00726  	-Inf  	-Inf  	0,00405  	0,00522  	0,00396  	0,00670  	-244,98909  	0,00400  	0,00419  
54,11162  	950,63512  	1327,75450  	132,19629  	25,77339  	0,05061  	0,14053  	61359,79595  	0,26173  	0,14423  	1,16088  	1,15808  	25757678,78713  	796736,74939  	77,24653  	18109661,99978  	0,91787  	0,05219  	NaN  	NaN  	0,00406  	0,00521  	0,00396  	0,00670  	950,48401  	0,00400  	0,00419  
55,11429  	1327,82048  	1327,75450  	954,62743  	25,77401  	0,04995  	0,14024  	8273,11581  	0,26245  	0,14482  	1,15845  	1,15565  	641615299,95743  	2191641,85223  	77,45842  	2441718,20764  	0,20884  	0,00744  	NaN  	NaN  	0,00406  	0,00522  	0,00396  	0,00669  	128,15684  	0,00400  	0,00419  
56,11488  	123,64306  	1327,75450  	123,64307  	25,77517  	0,04969  	0,14058  	61911,89287  	0,26227  	0,14528  	1,16131  	1,15850  	2642105,36300  	250,72831  	77,40647  	18272607,26930  	2034,65216  	0,05259  	-Inf  	-Inf  	0,00406  	0,00522  	0,00396  	0,00670  	959,03614  	0,00400  	0,00419  
57,11552  	962,97894  	119,83715  	962,97898  	25,77308  	0,05208  	0,14038  	85706,53851  	0,26215  	0,14444  	1,15966  	1,15686  	3599960,55798  	630124,22972  	77,36981  	25295332,54600  	0,86710  	0,20566  	-Inf  	-Inf  	0,00406  	0,00522  	0,00396  	0,00670  	1327,62170  	0,00401  	0,00419  
58,11702  	117,09657  	-244,98909  	117,09658  	25,77223  	0,04914  	0,14037  	85706,53851  	0,26137  	0,14442  	1,15954  	1,15674  	127,97676  	74,51271  	77,14041  	25295332,54600  	1931,83346  	23,88868  	NaN  	NaN  	0,00406  	0,00521  	0,00396  	0,00670  	1327,62170  	0,00400  	0,00419  
59,11820  	968,32115  	-244,98909  	968,32119  	25,77341  	0,04784  	0,13984  	7389,20435  	0,26168  	0,14498  	1,15519  	1,15239  	219491,55991  	864175,13625  	77,23220  	2180841,56045  	0,84886  	1,27687  	NaN  	NaN  	0,00406  	0,00521  	0,00396  	0,00668  	114,46481  	0,00399  	0,00419  
60,11748  	1327,82048  	971,24082  	1327,82053  	25,77328  	0,05149  	0,14045  	62693,15651  	0,26209  	0,14523  	1,16025  	1,15744  	673771128,38863  	2159010,43637  	77,35278  	18503188,55203  	0,20943  	0,00743  	-Inf  	-Inf  	0,00406  	0,00522  	0,00396  	0,00670  	971,13813  	0,00401  	0,00419  
61,11933  	1327,82048  	1327,75450  	1327,82053  	25,77595  	0,04792  	0,13995  	6988,07639  	0,26142  	0,14429  	1,15605  	1,15325  	1660359182,44919  	372,14037  	77,15474  	2062453,10261  	0,20808  	0,00376  	-Inf  	-Inf  	0,00406  	0,00521  	0,00396  	0,00669  	108,25122  	0,00399  	0,00419  
62,12125  	105,92164  	105,90692  	1327,82053  	25,77713  	0,04647  	0,14022  	-15815,93170  	0,26135  	0,14407  	1,15829  	1,15548  	1980472,59799  	237,63135  	77,13397  	-4667896,50935  	1778,36015  	0,05192  	-Inf  	-Inf  	0,00406  	0,00521  	0,00395  	0,00669  	-244,98909  	0,00399  	0,00419  
63,12258  	978,79637  	978,74502  	104,03504  	25,77846  	0,05002  	0,14021  	63177,56171  	0,26167  	0,14472  	1,15825  	1,15545  	3666867,41068  	699594,09097  	77,22767  	18646155,36658  	0,80711  	0,19752  	NaN  	NaN  	0,00406  	0,00521  	0,00396  	0,00669  	978,64170  	0,00400  	0,00419  
64,12339  	1327,82048  	101,30308  	981,51383  	25,77942  	0,04808  	0,14058  	6537,63972  	0,26185  	0,14429  	1,16129  	1,15848  	4996333,36404  	4976721,33055  	77,28349  	1929511,72302  	0,20808  	0,18984  	NaN  	NaN  	0,00406  	0,00522  	0,00396  	0,00670  	101,27384  	0,00399  	0,00419  
65,12547  	1327,82048  	-244,98909  	1327,82053  	25,77935  	0,04944  	0,14041  	63699,87131  	0,26279  	0,14392  	1,15992  	1,15711  	4983938,39992  	9145431,73037  	77,56044  	18800309,24179  	0,20754  	0,19522  	NaN  	NaN  	0,00405  	0,00522  	0,00396  	0,00670  	986,73242  	0,00400  	0,00419  
66,12706  	91,88441  	990,89513  	91,88442  	25,78003  	0,05123  	0,14040  	5928,74124  	0,26235  	0,14524  	1,15980  	1,15699  	255263,92021  	192,61430  	77,42890  	1749802,10151  	1615,78792  	0,20230  	-Inf  	-Inf  	0,00406  	0,00522  	0,00395  	0,00670  	91,84183  	0,00400  	0,00419  
67,12894  	-244,98909  	1327,75450  	994,04201  	25,78023  	0,05179  	0,14022  	64161,64216  	0,26302  	0,14431  	1,15835  	1,15555  	148170525,93763  	792,20069  	77,62641  	18936595,77502  	24,35254  	0,00717  	-Inf  	-Inf  	0,00406  	0,00522  	0,00396  	0,00669  	993,88537  	0,00401  	0,00419  
68,12888  	997,99223  	1327,75450  	1327,82053  	25,78010  	0,05057  	0,14029  	5473,98116  	0,26263  	0,14477  	1,15887  	1,15607  	1243861317,97263  	60,74609  	77,51109  	1615584,71856  	0,73976  	0,00396  	-Inf  	-Inf  	0,00406  	0,00522  	0,00396  	0,00669  	84,79748  	0,00400  	0,00419  
69,13179  	81,44901  	81,43532  	81,44902  	25,77982  	0,04759  	0,14047  	64635,45450  	0,26290  	0,14500  	1,16038  	1,15758  	33,86788  	0,00273  	77,59283  	19076436,22388  	1488,83855  	728,85291  	-Inf  	-Inf  	0,00406  	0,00522  	0,00396  	0,00670  	1001,22485  	0,00399  	0,00419  
70,13330  	1004,45963  	1004,40721  	-244,98909  	25,78088  	0,04794  	0,14055  	85706,53851  	0,26208  	0,14426  	1,16104  	1,15823  	321476,71227  	1137102,27052  	77,35000  	25295332,54600  	0,71602  	1,00796  	NaN  	NaN  	0,00406  	0,00522  	0,00395  	0,00670  	1327,62170  	0,00399  	0,00419  
