11/01/2024 09:41:56Time	T_hot_in(C)	T_cold_in(C)	T_cold_out(C)	T_hot_out(C)	mdot_cold(kg/s)	ASFASIFUAS(kg/s)	Diferencial_cold(bar)	Diferencial_hot(bar)	mdot_hot(kg/s)	ABS_cold(bar)	ABS_hot(bar)	q_cold(kW)	q_hot(kW)	ASFASYFY	Tau_cold_haste	Re_hot	Re_cold	U_global	PSIG_cold(bar)	R_fouling	PSIG_hot(bar)	PSID_hot(bar)	m_dot_hot	PSID_cold(bar)	m_dot_cold
1.75575  	0.00000  	0.00000  	0.00000  	0.00000  	-1.18512  	-0.20833  	-0.86278  	-2.50000  	-3.02442  	-1.25000  	-0.08628  	-0.00000  	-0.00000  	-737.84722  	-254.63905  	-9234.48090  	-3618.55272  	0.00000  	0.00000  	0.00000  	0.00000  	0.00000  	0.00000  	0.00000  
2.75534  	33.19561  	5.27980  	5.55982  	26.80069  	-1.18512  	0.03523  	0.42005  	0.43191  	-3.02442  	0.03284  	-0.08582  	-81.08768  	-1.38817  	127.47466  	123.97205  	-20157.13753  	-4232.12450  	0.00469  	0.00002  	0.00411  	0.00468  	0.00591  	0.00000  	0.00000  
3.75683  	33.19824  	5.27872  	5.55834  	26.80502  	-1.18512  	0.03587  	0.41846  	0.43500  	-3.02442  	0.02963  	-0.08572  	-81.06621  	-1.38616  	128.38675  	123.50328  	-20158.65753  	-4231.96964  	0.00470  	0.00003  	0.00409  	0.00469  	0.00590  	0.00000  	0.00000  
4.75640  	33.19972  	5.27608  	5.55590  	26.81226  	-1.18512  	0.03547  	0.41594  	0.42714  	-3.02442  	0.03179  	-0.08581  	-80.99330  	-1.38718  	126.06542  	122.76133  	-20160.55995  	-4231.66408  	0.00468  	0.00002  	0.00410  	0.00468  	0.00589  	0.00000  	0.00000  
5.75882  	33.20238  	5.27436  	5.55418  	26.81663  	-1.18512  	0.03564  	0.41166  	0.42216  	-3.02442  	0.03162  	-0.08576  	-80.97158  	-1.38719  	124.59501  	121.49631  	-20162.09714  	-4231.45689  	0.00468  	0.00002  	0.00410  	0.00468  	0.00587  	0.00000  	0.00000  
6.75890  	33.20525  	5.27324  	5.55341  	26.82093  	-1.18512  	0.03385  	0.40974  	0.41445  	-3.02442  	0.03093  	-0.08590  	-80.95358  	-1.38894  	122.32114  	120.92882  	-20163.66354  	-4231.34269  	0.00466  	0.00002  	0.00410  	0.00465  	0.00586  	0.00000  	0.00000  
7.75883  	33.20571  	5.27141  	5.55141  	26.82423  	-1.18512  	0.03518  	0.40643  	0.42338  	-3.02442  	0.03262  	-0.08575  	-80.91769  	-1.38806  	124.95698  	119.95386  	-20164.48381  	-4231.11200  	0.00468  	0.00002  	0.00410  	0.00468  	0.00585  	0.00000  	0.00000  
8.75882  	33.20682  	5.26943  	5.55057  	26.82647  	-1.18512  	0.03392  	0.40121  	0.41791  	-3.02442  	0.02782  	-0.08565  	-80.90329  	-1.39374  	123.34022  	118.41212  	-20165.21485  	-4230.94242  	0.00467  	0.00003  	0.00409  	0.00465  	0.00582  	0.00000  	0.00000  
9.75882  	33.20892  	5.26805  	5.54786  	26.82753  	-1.18512  	0.03339  	0.40016  	0.41508  	-3.02442  	0.03275  	-0.08572  	-80.91668  	-1.38711  	122.50725  	118.10409  	-20165.90674  	-4230.69611  	0.00466  	0.00003  	0.00410  	0.00464  	0.00582  	0.00000  	0.00000  
10.75871  	33.20962  	5.26728  	5.54654  	26.82683  	-1.18512  	0.03348  	0.39670  	0.40823  	-3.02442  	0.03182  	-0.08576  	-80.93438  	-1.38439  	120.48336  	117.08174  	-20165.90699  	-4230.56989  	0.00465  	0.00002  	0.00410  	0.00464  	0.00580  	0.00000  	0.00000  
11.75865  	33.21007  	5.26526  	5.54433  	26.82476  	-1.18512  	0.03376  	0.38988  	0.39602  	-3.02442  	0.03066  	-0.08587  	-80.96646  	-1.38346  	116.88168  	115.06767  	-20165.55202  	-4230.31518  	0.00463  	0.00002  	0.00410  	0.00465  	0.00577  	0.00000  	0.00000  
12.75882  	33.21225  	5.26295  	5.54319  	26.82105  	-1.18512  	0.03215  	0.38870  	0.39813  	-3.02442  	0.03046  	-0.08576  	-81.04122  	-1.38923  	117.50275  	114.72023  	-20165.21733  	-4230.10753  	0.00464  	0.00002  	0.00410  	0.00462  	0.00577  	0.00000  	0.00000  
13.76091  	33.21263  	5.26175  	5.54074  	26.81629  	-1.18512  	0.03355  	0.38276  	0.39089  	-3.02442  	0.03246  	-0.08575  	-81.10641  	-1.38308  	115.36702  	112.96774  	-20164.26190  	-4229.88816  	0.00463  	0.00002  	0.00410  	0.00464  	0.00574  	0.00000  	0.00000  
14.76090  	33.21337  	5.26040  	5.53864  	26.81110  	-1.18512  	0.03326  	0.38372  	0.39046  	-3.02442  	0.03142  	-0.08585  	-81.18163  	-1.37933  	115.23970  	113.25048  	-20163.28958  	-4229.68061  	0.00462  	0.00002  	0.00410  	0.00464  	0.00574  	0.00000  	0.00000  
15.76087  	33.21539  	5.25849  	5.53654  	26.80400  	-1.18512  	0.03325  	0.38592  	0.39956  	-3.02442  	0.03141  	-0.08579  	-81.29750  	-1.37837  	117.92433  	113.90124  	-20162.17972  	-4229.43914  	0.00464  	0.00002  	0.00410  	0.00464  	0.00575  	0.00000  	0.00000  
16.76081  	33.21611  	5.25595  	5.53383  	26.79607  	-1.18512  	0.03274  	0.38825  	0.39666  	-3.02442  	0.02842  	-0.08581  	-81.40721  	-1.37756  	117.06997  	114.58823  	-20160.60509  	-4229.12305  	0.00463  	0.00002  	0.00409  	0.00463  	0.00576  	0.00000  	0.00000  
17.76273  	33.21774  	5.25470  	5.53222  	26.78944  	-1.18512  	0.03349  	0.38955  	0.39796  	-3.02442  	0.03108  	-0.08570  	-81.51193  	-1.37579  	117.45283  	114.97082  	-20159.51093  	-4228.95078  	0.00464  	0.00003  	0.00410  	0.00464  	0.00577  	0.00000  	0.00000  
18.76240  	33.21876  	5.25286  	5.53080  	26.78275  	-1.18512  	0.03376  	0.39271  	0.40315  	-3.02442  	0.02964  	-0.08591  	-81.60975  	-1.37782  	118.98448  	115.90359  	-20158.27518  	-4228.75451  	0.00465  	0.00002  	0.00409  	0.00465  	0.00578  	0.00000  	0.00000  
19.76257  	33.22033  	5.25133  	5.52911  	26.77809  	-1.18512  	0.03434  	0.39488  	0.40595  	-3.02442  	0.02993  	-0.08579  	-81.68883  	-1.37707  	119.81085  	116.54455  	-20157.59920  	-4228.56083  	0.00465  	0.00002  	0.00410  	0.00466  	0.00579  	0.00000  	0.00000  
20.76306  	33.22279  	5.24910  	5.52804  	26.77363  	-1.18512  	0.03472  	0.39721  	0.40493  	-3.02442  	0.03257  	-0.08585  	-81.77662  	-1.38280  	119.51109  	117.23269  	-20157.16296  	-4228.36168  	0.00465  	0.00002  	0.00410  	0.00467  	0.00581  	0.00000  	0.00000  
21.76364  	33.22483  	5.24845  	5.52651  	26.77043  	-1.18512  	0.03482  	0.39622  	0.40550  	-3.02442  	0.03064  	-0.08573  	-81.84313  	-1.37845  	119.67967  	116.93912  	-20156.90980  	-4228.23124  	0.00465  	0.00003  	0.00410  	0.00467  	0.00580  	0.00000  	0.00000  
22.76466  	33.22569  	5.24731  	5.52499  	26.76810  	-1.18512  	0.03401  	0.39921  	0.40385  	-3.02442  	0.02942  	-0.08583  	-81.88364  	-1.37655  	119.19262  	117.82100  	-20156.58850  	-4228.07102  	0.00465  	0.00002  	0.00409  	0.00465  	0.00581  	0.00000  	0.00000  
23.76489  	33.22789  	5.24421  	5.52323  	26.76748  	-1.18512  	0.03453  	0.39885  	0.41406  	-3.02442  	0.03198  	-0.08583  	-81.91946  	-1.38317  	122.20631  	117.71751  	-20156.93502  	-4227.77822  	0.00466  	0.00002  	0.00410  	0.00466  	0.00581  	0.00000  	0.00000  
24.76418  	33.22839  	5.24200  	5.52073  	26.76695  	-1.18512  	0.03540  	0.39900  	0.41374  	-3.02442  	0.03013  	-0.08576  	-81.93256  	-1.38175  	122.10982  	117.76029  	-20156.92849  	-4227.49505  	0.00466  	0.00002  	0.00410  	0.00468  	0.00581  	0.00000  	0.00000  
25.76468  	33.23041  	5.24093  	5.51945  	26.76740  	-1.18512  	0.03518  	0.40410  	0.41025  	-3.02442  	0.03544  	-0.08589  	-81.95263  	-1.38071  	121.08000  	119.26573  	-20157.46635  	-4227.35313  	0.00466  	0.00002  	0.00411  	0.00468  	0.00584  	0.00000  	0.00000  
26.76423  	33.23227  	5.23911  	5.51816  	26.76816  	-1.18512  	0.03266  	0.40446  	0.41752  	-3.02442  	0.02856  	-0.08588  	-81.96665  	-1.38339  	123.22656  	119.37134  	-20158.03876  	-4227.16613  	0.00467  	0.00002  	0.00409  	0.00463  	0.00584  	0.00000  	0.00000  
27.76491  	33.23240  	5.23779  	5.51645  	26.77052  	-1.18512  	0.03513  	0.40553  	0.42067  	-3.02442  	0.03358  	-0.08591  	-81.93837  	-1.38143  	124.15576  	119.68902  	-20158.58181  	-4226.98360  	0.00467  	0.00002  	0.00411  	0.00467  	0.00584  	0.00000  	0.00000  
28.76459  	33.23472  	5.23622  	5.51541  	26.77247  	-1.18512  	0.03636  	0.40464  	0.41703  	-3.02442  	0.03294  	-0.08577  	-81.94305  	-1.38408  	123.08116  	119.42444  	-20159.51649  	-4226.82657  	0.00467  	0.00002  	0.00411  	0.00470  	0.00584  	0.00000  	0.00000  
29.76516  	33.23668  	5.23422  	5.51329  	26.77522  	-1.18512  	0.03684  	0.40742  	0.41817  	-3.02442  	0.03026  	-0.08575  	-81.93314  	-1.38347  	123.41872  	120.24631  	-20160.54473  	-4226.57873  	0.00467  	0.00002  	0.00410  	0.00471  	0.00585  	0.00000  	0.00000  
30.76509  	33.23801  	5.23213  	5.51124  	26.77872  	-1.18512  	0.03581  	0.40895  	0.41769  	-3.02442  	0.03300  	-0.08579  	-81.90572  	-1.38364  	123.27725  	120.69752  	-20161.59974  	-4226.32950  	0.00467  	0.00002  	0.00411  	0.00469  	0.00586  	0.00000  	0.00000  
31.76480  	33.23975  	5.23087  	5.51033  	26.78202  	-1.18512  	0.03352  	0.41027  	0.41478  	-3.02442  	0.02770  	-0.08587  	-81.88602  	-1.38538  	122.41661  	121.08655  	-20162.69966  	-4226.19942  	0.00466  	0.00002  	0.00409  	0.00464  	0.00587  	0.00000  	0.00000  
32.76591  	33.24066  	5.22937  	5.50919  	26.78670  	-1.18512  	0.03564  	0.40914  	0.41914  	-3.02442  	0.03266  	-0.08580  	-81.83816  	-1.38719  	123.70352  	120.75169  	-20163.92014  	-4226.04009  	0.00467  	0.00002  	0.00410  	0.00468  	0.00586  	0.00000  	0.00000  
33.76800  	33.24313  	5.22776  	5.50725  	26.79090  	-1.18512  	0.03551  	0.41314  	0.42250  	-3.02442  	0.03170  	-0.08583  	-81.81630  	-1.38556  	124.69485  	121.93486  	-20165.37912  	-4225.82657  	0.00468  	0.00002  	0.00410  	0.00468  	0.00588  	0.00000  	0.00000  
34.76852  	33.24417  	5.22613  	5.50569  	26.79471  	-1.18512  	0.03434  	0.41284  	0.42167  	-3.02442  	0.03178  	-0.08578  	-81.78118  	-1.38589  	124.45096  	121.84590  	-20166.43756  	-4225.63457  	0.00467  	0.00002  	0.00410  	0.00466  	0.00588  	0.00000  	0.00000  
35.77086  	33.24585  	5.22436  	5.50410  	26.80060  	-1.18512  	0.03411  	0.41408  	0.42268  	-3.02442  	0.02983  	-0.08579  	-81.72786  	-1.38678  	124.74998  	122.21169  	-20168.08884  	-4225.43251  	0.00468  	0.00002  	0.00410  	0.00465  	0.00588  	0.00000  	0.00000  
36.77050  	33.24658  	5.22311  	5.50194  	26.80592  	-1.18512  	0.03476  	0.41539  	0.42424  	-3.02442  	0.03137  	-0.08585  	-81.66973  	-1.38224  	125.21002  	122.59761  	-20169.41080  	-4225.22729  	0.00468  	0.00002  	0.00410  	0.00467  	0.00589  	0.00000  	0.00000  
37.77204  	33.24954  	5.22123  	5.50094  	26.81098  	-1.18512  	0.03731  	0.41612  	0.42970  	-3.02442  	0.03100  	-0.08580  	-81.64315  	-1.38663  	126.82126  	122.81408  	-20171.16392  	-4225.05448  	0.00469  	0.00002  	0.00410  	0.00472  	0.00589  	0.00000  	0.00000  
38.77315  	33.25121  	5.22058  	5.49946  	26.81508  	-1.18512  	0.03606  	0.41692  	0.43330  	-3.02442  	0.03186  	-0.08577  	-81.61247  	-1.38252  	127.88231  	123.05026  	-20172.42477  	-4224.92595  	0.00469  	0.00002  	0.00410  	0.00469  	0.00590  	0.00000  	0.00000  
39.77227  	33.25172  	5.21882  	5.49763  	26.81987  	-1.18512  	0.03472  	0.41684  	0.42861  	-3.02442  	0.02976  	-0.08571  	-81.55821  	-1.38214  	126.49962  	123.02595  	-20173.58152  	-4224.71019  	0.00469  	0.00003  	0.00410  	0.00467  	0.00590  	0.00000  	0.00000  
40.77308  	33.25298  	5.21615  	5.49542  	26.82645  	-1.18512  	0.03373  	0.41702  	0.42854  	-3.02442  	0.02843  	-0.08578  	-81.49074  	-1.38448  	126.47838  	123.07933  	-20175.29464  	-4224.41658  	0.00469  	0.00002  	0.00409  	0.00465  	0.00590  	0.00000  	0.00000  
41.77446  	33.25449  	5.21574  	5.49520  	26.83151  	-1.18512  	0.03583  	0.41797  	0.42830  	-3.02442  	0.03250  	-0.08574  	-81.44587  	-1.38538  	126.40652  	123.35866  	-20176.73010  	-4224.37913  	0.00469  	0.00003  	0.00410  	0.00469  	0.00590  	0.00000  	0.00000  
42.77513  	33.25683  	5.21394  	5.49375  	26.83657  	-1.18512  	0.03630  	0.41905  	0.43475  	-3.02442  	0.03025  	-0.08574  	-81.41141  	-1.38711  	128.31025  	123.67872  	-20178.34735  	-4224.18332  	0.00470  	0.00003  	0.00410  	0.00470  	0.00591  	0.00000  	0.00000  
43.77543  	33.25860  	5.21190  	5.49262  	26.84262  	-1.18512  	0.03577  	0.42038  	0.43386  	-3.02442  	0.03000  	-0.08585  	-81.35716  	-1.39164  	128.04883  	124.07063  	-20180.05460  	-4223.99260  	0.00469  	0.00002  	0.00410  	0.00469  	0.00591  	0.00000  	0.00000  
44.77595  	33.26050  	5.21142  	5.49101  	26.84718  	-1.18512  	0.03533  	0.41931  	0.43068  	-3.02442  	0.03170  	-0.08586  	-81.32356  	-1.38602  	127.11064  	123.75383  	-20181.46625  	-4223.86670  	0.00469  	0.00002  	0.00410  	0.00468  	0.00591  	0.00000  	0.00000  
45.77684  	33.26257  	5.20977  	5.49118  	26.85242  	-1.18512  	0.03470  	0.41976  	0.42944  	-3.02442  	0.02709  	-0.08581  	-81.28335  	-1.39507  	126.74451  	123.88800  	-20183.06369  	-4223.77832  	0.00469  	0.00002  	0.00409  	0.00467  	0.00591  	0.00000  	0.00000  
46.77751  	33.26432  	5.20870  	5.48927  	26.85790  	-1.18512  	0.03511  	0.41905  	0.43328  	-3.02442  	0.03135  	-0.08582  	-81.23595  	-1.39089  	127.87844  	123.67916  	-20184.64319  	-4223.59886  	0.00469  	0.00002  	0.00410  	0.00467  	0.00591  	0.00000  	0.00000  
47.77736  	33.26481  	5.20703  	5.48798  	26.86322  	-1.18512  	0.03608  	0.41528  	0.43064  	-3.02442  	0.03052  	-0.08579  	-81.17490  	-1.39277  	127.09870  	122.56526  	-20185.91323  	-4223.42126  	0.00469  	0.00002  	0.00410  	0.00469  	0.00589  	0.00000  	0.00000  
48.77906  	33.26669  	5.20596  	5.48632  	26.86737  	-1.18512  	0.03475  	0.41208  	0.42272  	-3.02442  	0.02992  	-0.08591  	-81.14611  	-1.38987  	124.76190  	121.62141  	-20187.23174  	-4223.25639  	0.00468  	0.00002  	0.00410  	0.00467  	0.00587  	0.00000  	0.00000  
49.77891  	33.26659  	5.20460  	5.48529  	26.86948  	-1.18512  	0.03537  	0.40808  	0.42213  	-3.02442  	0.03114  	-0.08568  	-81.11821  	-1.39151  	124.58656  	120.44036  	-20187.66811  	-4223.11268  	0.00468  	0.00003  	0.00410  	0.00468  	0.00586  	0.00000  	0.00000  
50.77897  	33.26717  	5.20248  	5.48330  	26.87208  	-1.18512  	0.03374  	0.40625  	0.41403  	-3.02442  	0.02906  	-0.08574  	-81.09259  	-1.39216  	122.19604  	119.89936  	-20188.36498  	-4222.86552  	0.00466  	0.00002  	0.00409  	0.00465  	0.00585  	0.00000  	0.00000  
51.77984  	33.26875  	5.20105  	5.48154  	26.87246  	-1.18512  	0.03312  	0.40233  	0.41381  	-3.02442  	0.03055  	-0.08564  	-81.10779  	-1.39049  	122.13210  	118.74244  	-20188.79242  	-4222.67398  	0.00466  	0.00003  	0.00410  	0.00464  	0.00583  	0.00000  	0.00000  
52.78132  	33.26927  	5.19884  	5.48036  	26.87265  	-1.18512  	0.03334  	0.39850  	0.41041  	-3.02442  	0.02978  	-0.08569  	-81.11209  	-1.39560  	121.12875  	117.61378  	-20188.94632  	-4222.47031  	0.00466  	0.00003  	0.00410  	0.00464  	0.00581  	0.00000  	0.00000  
53.78189  	33.26990  	5.19793  	5.47842  	26.87076  	-1.18512  	0.03312  	0.39413  	0.40557  	-3.02442  	0.03139  	-0.08580  	-81.14418  	-1.39049  	119.69833  	116.32226  	-20188.67170  	-4222.29853  	0.00465  	0.00002  	0.00410  	0.00464  	0.00579  	0.00000  	0.00000  
54.78296  	33.26992  	5.19693  	5.47679  	26.86735  	-1.18512  	0.03386  	0.39024  	0.40162  	-3.02442  	0.03025  	-0.08579  	-81.18771  	-1.38738  	118.53277  	115.17455  	-20187.93258  	-4222.14081  	0.00464  	0.00002  	0.00410  	0.00465  	0.00577  	0.00000  	0.00000  
55.78223  	33.26973  	5.19584  	5.47606  	26.86319  	-1.18512  	0.03190  	0.38630  	0.39337  	-3.02442  	0.03071  	-0.08573  	-81.23802  	-1.38913  	116.09844  	114.01080  	-20186.97929  	-4222.03130  	0.00463  	0.00003  	0.00410  	0.00461  	0.00575  	0.00000  	0.00000  
56.78279  	33.27046  	5.19349  	5.47342  	26.85833  	-1.18512  	0.03526  	0.38501  	0.39323  	-3.02442  	0.03097  	-0.08579  	-81.30899  	-1.38771  	116.05868  	113.63086  	-20186.07823  	-4221.73082  	0.00463  	0.00002  	0.00410  	0.00468  	0.00575  	0.00000  	0.00000  
57.78342  	33.27115  	5.19212  	5.47229  	26.85157  	-1.18512  	0.03261  	0.38571  	0.39330  	-3.02442  	0.03031  	-0.08578  	-81.40350  	-1.38892  	116.07760  	113.83766  	-20184.75232  	-4221.58071  	0.00463  	0.00002  	0.00410  	0.00463  	0.00575  	0.00000  	0.00000  
58.78426  	33.27160  	5.19080  	5.47161  	26.84469  	-1.18512  	0.03293  	0.38809  	0.40286  	-3.02442  	0.03375  	-0.08581  	-81.49651  	-1.39208  	118.89884  	114.53924  	-20183.34821  	-4221.46036  	0.00464  	0.00002  	0.00411  	0.00463  	0.00576  	0.00000  	0.00000  
59.78441  	33.27169  	5.18928  	5.46863  	26.83578  	-1.18512  	0.03242  	0.39141  	0.39662  	-3.02442  	0.03035  	-0.08583  	-81.61070  	-1.38486  	117.05752  	115.51949  	-20181.42227  	-4221.18995  	0.00463  	0.00002  	0.00410  	0.00462  	0.00578  	0.00000  	0.00000  
60.78418  	33.27296  	5.18791  	5.46706  	26.82900  	-1.18512  	0.03465  	0.39215  	0.40594  	-3.02442  	0.03170  	-0.08585  	-81.71287  	-1.38381  	119.80788  	115.73965  	-20180.21781  	-4221.01324  	0.00465  	0.00002  	0.00410  	0.00467  	0.00578  	0.00000  	0.00000  
61.78521  	33.27360  	5.18571  	5.46658  	26.82394  	-1.18512  	0.03488  	0.39426  	0.41105  	-3.02442  	0.03202  	-0.08567  	-81.78515  	-1.39237  	121.31739  	116.36243  	-20179.25269  	-4220.85193  	0.00466  	0.00003  	0.00410  	0.00467  	0.00579  	0.00000  	0.00000  
62.78704  	33.27479  	5.18471  	5.46425  	26.81835  	-1.18512  	0.03046  	0.39461  	0.40505  	-3.02442  	0.03276  	-0.08579  	-81.87115  	-1.38580  	119.54578  	116.46412  	-20178.29061  	-4220.65193  	0.00465  	0.00002  	0.00410  	0.00458  	0.00579  	0.00000  	0.00000  
63.78685  	33.27549  	5.18207  	5.46222  	26.81273  	-1.18512  	0.03466  	0.39725  	0.40580  	-3.02442  	0.03158  	-0.08574  	-81.95144  	-1.38880  	119.76642  	117.24310  	-20177.21322  	-4220.37099  	0.00465  	0.00003  	0.00410  	0.00467  	0.00581  	0.00000  	0.00000  
64.78708  	33.27594  	5.18070  	5.46026  	26.81146  	-1.18512  	0.03481  	0.40024  	0.41247  	-3.02442  	0.03105  	-0.08577  	-81.97334  	-1.38586  	121.73640  	118.12682  	-20177.03630  	-4220.17109  	0.00466  	0.00002  	0.00410  	0.00467  	0.00582  	0.00000  	0.00000  
65.78674  	33.27753  	5.17990  	5.45893  	26.80976  	-1.18512  	0.03388  	0.40146  	0.40989  	-3.02442  	0.02973  	-0.08584  	-82.01502  	-1.38324  	120.97452  	118.48725  	-20177.01268  	-4220.04336  	0.00466  	0.00002  	0.00410  	0.00465  	0.00582  	0.00000  	0.00000  
66.78893  	33.27848  	5.17901  	5.45760  	26.80885  	-1.18512  	0.03487  	0.40251  	0.41615  	-3.02442  	0.02911  	-0.08576  	-82.03857  	-1.38108  	122.82138  	118.79702  	-20177.02014  	-4219.90946  	0.00467  	0.00002  	0.00409  	0.00467  	0.00583  	0.00000  	0.00000  
67.78996  	33.27950  	5.17685  	5.45635  	26.80925  	-1.18512  	0.03505  	0.40379  	0.41475  	-3.02442  	0.02974  	-0.08577  	-82.04661  	-1.38558  	122.40831  	119.17504  	-20177.33046  	-4219.70458  	0.00466  	0.00002  	0.00410  	0.00467  	0.00584  	0.00000  	0.00000  
68.79097  	33.28029  	5.17572  	5.45573  	26.81004  	-1.18512  	0.03422  	0.40517  	0.41136  	-3.02442  	0.02983  	-0.08572  	-82.04670  	-1.38813  	121.40797  	119.58069  	-20177.67618  	-4219.59997  	0.00466  	0.00003  	0.00410  	0.00466  	0.00584  	0.00000  	0.00000  
69.79099  	33.28108  	5.17372  	5.45366  	26.81161  	-1.18512  	0.03376  	0.40765  	0.41549  	-3.02442  	0.02928  	-0.08578  	-82.03685  	-1.38775  	122.62830  	120.31441  	-20178.18994  	-4219.35505  	0.00466  	0.00002  	0.00409  	0.00465  	0.00585  	0.00000  	0.00000  
70.79084  	33.28176  	5.17172  	5.45136  	26.81382  	-1.18512  	0.03301  	0.40755  	0.41793  	-3.02442  	0.03329  	-0.08583  	-82.01745  	-1.38631  	123.34666  	120.28491  	-20178.82253  	-4219.09659  	0.00467  	0.00002  	0.00411  	0.00463  	0.00585  	0.00000  	0.00000  
71.79304  	33.28371  	5.17019  	5.44964  	26.81690  	-1.18512  	0.03394  	0.40798  	0.42132  	-3.02442  	0.02786  	-0.08585  	-82.00320  	-1.38532  	124.34826  	120.41192  	-20179.92282  	-4218.90116  	0.00467  	0.00002  	0.00409  	0.00465  	0.00585  	0.00000  	0.00000  
72.79424  	33.28388  	5.16888  	5.44863  	26.82053  	-1.18512  	0.03319  	0.40742  	0.41977  	-3.02442  	0.02938  	-0.08576  	-81.95945  	-1.38683  	123.89058  	120.24504  	-20180.75066  	-4218.76172  	0.00467  	0.00002  	0.00409  	0.00464  	0.00585  	0.00000  	0.00000  
73.79494  	33.28555  	5.16699  	5.44670  	26.82314  	-1.18512  	0.03368  	0.40990  	0.42338  	-3.02442  	0.03096  	-0.08578  	-81.94752  	-1.38661  	124.95574  	120.97739  	-20181.68577  	-4218.53282  	0.00468  	0.00002  	0.00410  	0.00465  	0.00586  	0.00000  	0.00000  
74.79500  	33.28656  	5.16543  	5.44509  	26.82683  	-1.18512  	0.03466  	0.41006  	0.42493  	-3.02442  	0.03235  	-0.08576  	-81.91363  	-1.38638  	125.41267  	121.02480  	-20182.71517  	-4218.34265  	0.00468  	0.00002  	0.00410  	0.00467  	0.00586  	0.00000  	0.00000  
75.79518  	33.28724  	5.16531  	5.44398  	26.83093  	-1.18512  	0.03640  	0.41107  	0.42227  	-3.02442  	0.03041  	-0.08573  	-81.87029  	-1.38145  	124.62754  	121.32147  	-20183.75941  	-4218.26810  	0.00468  	0.00003  	0.00410  	0.00470  	0.00587  	0.00000  	0.00000  
76.79615  	33.28883  	5.16326  	5.44245  	26.83439  	-1.18512  	0.03654  	0.41254  	0.42465  	-3.02442  	0.03164  	-0.08596  	-81.84664  	-1.38403  	125.33069  	121.75774  	-20184.86001  	-4218.05320  	0.00468  	0.00002  	0.00410  	0.00470  	0.00588  	0.00000  	0.00000  
77.79657  	33.28948  	5.16095  	5.44158  	26.83745  	-1.18512  	0.03476  	0.41239  	0.42854  	-3.02442  	0.03064  	-0.08583  	-81.81612  	-1.39118  	126.47811  	121.71241  	-20185.67063  	-4217.86254  	0.00469  	0.00002  	0.00410  	0.00467  	0.00588  	0.00000  	0.00000  
78.79789  	33.29142  	5.15994  	5.44156  	26.84170  	-1.18512  	0.03494  	0.41383  	0.42650  	-3.02442  	0.02928  	-0.08572  	-81.78689  	-1.39614  	125.87679  	122.13606  	-20187.02418  	-4217.80021  	0.00468  	0.00003  	0.00409  	0.00467  	0.00588  	0.00000  	0.00000  
79.79730  	33.29322  	5.15770  	5.43894  	26.84718  	-1.18512  	0.03536  	0.41517  	0.42348  	-3.02442  	0.02980  	-0.08581  	-81.74026  	-1.39424  	124.98412  	122.53278  	-20188.61722  	-4217.50835  	0.00468  	0.00002  	0.00410  	0.00468  	0.00589  	0.00000  	0.00000  
80.79891  	33.29469  	5.15690  	5.43835  	26.85148  	-1.18512  	0.03576  	0.41410  	0.42470  	-3.02442  	0.02921  	-0.08569  	-81.70438  	-1.39526  	125.34618  	122.21624  	-20189.87533  	-4217.42497  	0.00468  	0.00003  	0.00409  	0.00469  	0.00588  	0.00000  	0.00000  
81.79882  	33.29633  	5.15484  	5.43746  	26.85599  	-1.18512  	0.03411  	0.41575  	0.43847  	-3.02442  	0.03327  	-0.08578  	-81.66814  	-1.40100  	129.40851  	122.70458  	-20191.21916  	-4217.24755  	0.00470  	0.00002  	0.00411  	0.00465  	0.00589  	0.00000  	0.00000  
82.79948  	33.29712  	5.15353  	5.43537  	26.86038  	-1.18512  	0.03324  	0.41936  	0.43668  	-3.02442  	0.02919  	-0.08570  	-81.62239  	-1.39717  	128.88154  	123.76850  	-20192.35099  	-4217.04302  	0.00470  	0.00003  	0.00409  	0.00464  	0.00591  	0.00000  	0.00000  
83.80089  	33.29815  	5.15311  	5.43521  	26.86537  	-1.18512  	0.03732  	0.41603  	0.42814  	-3.02442  	0.03010  	-0.08570  	-81.57228  	-1.39848  	126.35989  	122.78665  	-20193.66860  	-4217.00889  	0.00469  	0.00003  	0.00410  	0.00472  	0.00589  	0.00000  	0.00000  
84.80090  	33.29931  	5.15144  	5.43454  	26.86968  	-1.18512  	0.03532  	0.41918  	0.43176  	-3.02442  	0.03045  	-0.08575  	-81.53241  	-1.40344  	127.42920  	123.71559  	-20194.86230  	-4216.86824  	0.00469  	0.00002  	0.00410  	0.00468  	0.00591  	0.00000  	0.00000  
85.80223  	33.30189  	5.15025  	5.43263  	26.87437  	-1.18512  	0.03365  	0.41928  	0.42785  	-3.02442  	0.03092  	-0.08577  	-81.50569  	-1.39987  	126.27557  	123.74474  	-20196.45200  	-4216.68183  	0.00468  	0.00002  	0.00410  	0.00465  	0.00591  	0.00000  	0.00000  
86.80297  	33.30315  	5.14866  	5.43191  	26.87906  	-1.18512  	0.03554  	0.41903  	0.43132  	-3.02442  	0.02945  	-0.08578  	-81.46218  	-1.40421  	127.29895  	123.67144  	-20197.75132  	-4216.54293  	0.00469  	0.00002  	0.00409  	0.00468  	0.00591  	0.00000  	0.00000  
87.80300  	33.30500  	5.14793  	5.43009  	26.88403  	-1.18512  	0.03393  	0.41824  	0.43272  	-3.02442  	0.03234  	-0.08579  	-81.42266  	-1.39875  	127.71120  	123.43777  	-20199.24348  	-4216.39005  	0.00469  	0.00002  	0.00410  	0.00465  	0.00590  	0.00000  	0.00000  
88.80289  	33.30686  	5.14674  	5.42772  	26.88723  	-1.18512  	0.03520  	0.41519  	0.42603  	-3.02442  	0.03289  	-0.08577  	-81.40578  	-1.39294  	125.73852  	122.53868  	-20200.34649  	-4216.17610  	0.00468  	0.00002  	0.00411  	0.00468  	0.00589  	0.00000  	0.00000  
89.80358  	33.30665  	5.14491  	5.42615  	26.89176  	-1.18512  	0.03526  	0.41140  	0.42226  	-3.02442  	0.02825  	-0.08573  	-81.34572  	-1.39421  	124.62445  	121.42021  	-20201.28979  	-4215.97134  	0.00468  	0.00003  	0.00409  	0.00468  	0.00587  	0.00000  	0.00000  
90.80391  	33.30730  	5.14361  	5.42541  	26.89474  	-1.18512  	0.03487  	0.40771  	0.42365  	-3.02442  	0.03165  	-0.08568  	-81.31624  	-1.39698  	125.03529  	120.32993  	-20202.08516  	-4215.84978  	0.00468  	0.00003  	0.00410  	0.00467  	0.00585  	0.00000  	0.00000  
91.80447  	33.30887  	5.14174  	5.42324  	26.89639  	-1.18512  	0.03376  	0.40466  	0.41646  	-3.02442  	0.02925  	-0.08570  	-81.31526  	-1.39546  	122.91354  	119.43007  	-20202.78711  	-4215.60682  	0.00467  	0.00003  	0.00409  	0.00465  	0.00584  	0.00000  	0.00000  
92.80500  	33.30917  	5.14060  	5.42226  	26.89815  	-1.18512  	0.03321  	0.40202  	0.41788  	-3.02442  	0.03121  	-0.08574  	-81.29675  	-1.39630  	123.33231  	118.65162  	-20203.23866  	-4215.47905  	0.00467  	0.00003  	0.00410  	0.00464  	0.00583  	0.00000  	0.00000  
93.80451  	33.30888  	5.13987  	5.42126  	26.89816  	-1.18512  	0.03604  	0.39933  	0.40695  	-3.02442  	0.03067  	-0.08581  	-81.29302  	-1.39498  	120.10790  	117.85749  	-20203.17635  	-4215.37525  	0.00465  	0.00002  	0.00410  	0.00469  	0.00582  	0.00000  	0.00000  
94.80449  	33.30902  	5.13851  	5.42002  	26.89635  	-1.18512  	0.03424  	0.39389  	0.40544  	-3.02442  	0.03109  	-0.08575  	-81.31777  	-1.39558  	119.65967  	116.25316  	-20202.81347  	-4215.21947  	0.00465  	0.00002  	0.00410  	0.00466  	0.00579  	0.00000  	0.00000  
95.80502  	33.30967  	5.13758  	5.41908  	26.89271  	-1.18512  	0.03449  	0.39128  	0.39546  	-3.02442  	0.02986  	-0.08578  	-81.37217  	-1.39553  	116.71512  	115.48210  	-20202.16074  	-4215.10706  	0.00463  	0.00002  	0.00410  	0.00466  	0.00578  	0.00000  	0.00000  
96.80526  	33.30958  	5.13600  	5.41729  	26.88945  	-1.18512  	0.03517  	0.38855  	0.39840  	-3.02442  	0.03171  	-0.08585  	-81.41253  	-1.39445  	117.58237  	114.67687  	-20201.42711  	-4214.90509  	0.00464  	0.00002  	0.00410  	0.00468  	0.00577  	0.00000  	0.00000  
97.80590  	33.30966  	5.13512  	5.41674  	26.88341  	-1.18512  	0.03487  	0.38436  	0.39163  	-3.02442  	0.03091  	-0.08579  	-81.49007  	-1.39613  	115.58395  	113.44019  	-20200.12475  	-4214.81896  	0.00463  	0.00002  	0.00410  	0.00467  	0.00575  	0.00000  	0.00000  
98.80533  	33.30927  	5.13408  	5.41470  	26.87731  	-1.18512  	0.03307  	0.38361  	0.39242  	-3.02442  	0.03106  	-0.08574  	-81.56251  	-1.39115  	115.81906  	113.21821  	-20198.70526  	-4214.63353  	0.00463  	0.00003  	0.00410  	0.00463  	0.00574  	0.00000  	0.00000  
99.80683  	33.30873  	5.13256  	5.41293  	26.86942  	-1.18512  	0.03260  	0.38779  	0.39787  	-3.02442  	0.03139  	-0.08577  	-81.65576  	-1.38992  	117.42598  	114.45171  	-20196.86429  	-4214.43669  	0.00464  	0.00002  	0.00410  	0.00463  	0.00576  	0.00000  	0.00000  
100.80639  	33.30911  	5.13178  	5.41125  	26.86168  	-1.18512  	0.03345  	0.38881  	0.39594  	-3.02442  	0.02866  	-0.08582  	-81.75890  	-1.38542  	116.85754  	114.75439  	-20195.25490  	-4214.28857  	0.00463  	0.00002  	0.00409  	0.00464  	0.00577  	0.00000  	0.00000  
101.80666  	33.30959  	5.12963  	5.41025  	26.85408  	-1.18512  	0.03354  	0.39174  	0.40576  	-3.02442  	0.02879  	-0.08579  	-81.86127  	-1.39113  	119.75500  	115.61792  	-20193.69957  	-4214.09988  	0.00465  	0.00002  	0.00409  	0.00464  	0.00578  	0.00000  	0.00000  
102.80814  	33.31058  	5.12886  	5.40850  	26.84811  	-1.18512  	0.03276  	0.39378  	0.40376  	-3.02442  	0.03221  	-0.08583  	-81.94966  	-1.38626  	119.16638  	116.21973  	-20192.61363  	-4213.94818  	0.00465  	0.00002  	0.00410  	0.00463  	0.00579  	0.00000  	0.00000  
103.80855  	33.31200  	5.12786  	5.40755  	26.84134  	-1.18512  	0.03458  	0.39457  	0.40576  	-3.02442  	0.02917  	-0.08577  	-82.05356  	-1.38657  	119.75591  	116.45402  	-20191.44274  	-4213.83125  	0.00465  	0.00002  	0.00409  	0.00466  	0.00579  	0.00000  	0.00000  
104.80882  	33.31182  	5.12629  	5.40620  	26.83627  	-1.18512  	0.03497  	0.39657  	0.40540  	-3.02442  	0.03195  	-0.08587  	-82.11560  	-1.38762  	119.65013  	117.04370  	-20190.29451  	-4213.65651  	0.00465  	0.00002  	0.00410  	0.00467  	0.00580  	0.00000  	0.00000  
105.80883  	33.31282  	5.12527  	5.40623  	26.83271  	-1.18512  	0.03267  	0.39740  	0.40472  	-3.02442  	0.02766  	-0.08585  	-82.17347  	-1.39284  	119.44930  	117.28906  	-20189.73628  	-4213.59683  	0.00465  	0.00002  	0.00409  	0.00463  	0.00581  	0.00000  	0.00000  
106.80884  	33.31338  	5.12428  	5.40478  	26.83089  	-1.18512  	0.03406  	0.39902  	0.41113  	-3.02442  	0.02959  	-0.08571  	-82.20362  	-1.39057  	121.34155  	117.76559  	-20189.46130  	-4213.45005  	0.00466  	0.00003  	0.00409  	0.00465  	0.00581  	0.00000  	0.00000  
107.80882  	33.31432  	5.12281  	5.40342  	26.83029  	-1.18512  	0.03423  	0.40096  	0.40998  	-3.02442  	0.03058  	-0.08577  	-82.22332  	-1.39108  	121.00130  	118.33809  	-20189.53545  	-4213.28051  	0.00466  	0.00002  	0.00410  	0.00466  	0.00582  	0.00000  	0.00000  
108.80882  	33.31510  	5.12090  	5.40135  	26.82970  	-1.18512  	0.03423  	0.40528  	0.41487  	-3.02442  	0.03055  	-0.08585  	-82.24078  	-1.39029  	122.44529  	119.61278  	-20189.57572  	-4213.04110  	0.00466  	0.00002  	0.00410  	0.00466  	0.00584  	0.00000  	0.00000  
109.80985  	33.31605  	5.12024  	5.39981  	26.82886  	-1.18512  	0.03349  	0.40318  	0.41511  	-3.02442  	0.03027  	-0.08580  	-82.26345  	-1.38590  	122.51590  	118.99279  	-20189.60085  	-4212.90943  	0.00466  	0.00002  	0.00410  	0.00464  	0.00583  	0.00000  	0.00000  
110.81081  	33.31668  	5.12035  	5.40058  	26.83008  	-1.18512  	0.03456  	0.40618  	0.41868  	-3.02442  	0.03040  	-0.08576  	-82.25590  	-1.38918  	123.56928  	119.88070  	-20190.00553  	-4212.96199  	0.00467  	0.00002  	0.00410  	0.00466  	0.00585  	0.00000  	0.00000  
111.81084  	33.31807  	5.11848  	5.39911  	26.83186  	-1.18512  	0.03490  	0.40784  	0.41161  	-3.02442  	0.02734  	-0.08580  	-82.25104  	-1.39118  	121.48291  	120.36821  	-20190.69664  	-4212.76212  	0.00466  	0.00002  	0.00409  	0.00467  	0.00585  	0.00000  	0.00000  
112.81084  	33.31897  	5.11774  	5.39843  	26.83453  	-1.18512  	0.03449  	0.40786  	0.41705  	-3.02442  	0.03188  	-0.08580  	-82.22866  	-1.39144  	123.08729  	120.37464  	-20191.47901  	-4212.67651  	0.00467  	0.00002  	0.00410  	0.00466  	0.00585  	0.00000  	0.00000  
113.81089  	33.31970  	5.11664  	5.39673  	26.83780  	-1.18512  	0.03577  	0.41030  	0.42169  	-3.02442  	0.03055  	-0.08570  	-82.19639  	-1.38846  	124.45807  	121.09618  	-20192.35168  	-4212.50845  	0.00467  	0.00003  	0.00410  	0.00469  	0.00587  	0.00000  	0.00000  
114.81090  	33.32033  	5.11587  	5.39643  	26.84116  	-1.18512  	0.03651  	0.40962  	0.41843  	-3.02442  	0.03099  	-0.08570  	-82.16184  	-1.39082  	123.49366  	120.89532  	-20193.22390  	-4212.44444  	0.00467  	0.00003  	0.00410  	0.00470  	0.00586  	0.00000  	0.00000  
115.81085  	33.32165  	5.11422  	5.39525  	26.84524  	-1.18512  	0.03540  	0.41057  	0.42466  	-3.02442  	0.02872  	-0.08578  	-82.12693  	-1.39316  	125.33433  	121.17472  	-20194.40326  	-4212.27439  	0.00468  	0.00002  	0.00409  	0.00468  	0.00587  	0.00000  	0.00000  
116.81189  	33.32259  	5.11344  	5.39373  	26.84880  	-1.18512  	0.03324  	0.41204  	0.42366  	-3.02442  	0.02743  	-0.08580  	-82.09375  	-1.38951  	125.03963  	121.61050  	-20195.38498  	-4212.13646  	0.00468  	0.00002  	0.00409  	0.00464  	0.00587  	0.00000  	0.00000  
117.81283  	33.32342  	5.11209  	5.39276  	26.85324  	-1.18512  	0.03304  	0.41238  	0.42492  	-3.02442  	0.03039  	-0.08573  	-82.04800  	-1.39140  	125.41125  	121.70899  	-20196.53937  	-4211.99742  	0.00468  	0.00003  	0.00410  	0.00463  	0.00588  	0.00000  	0.00000  
118.81321  	33.32445  	5.11151  	5.39155  	26.85634  	-1.18512  	0.03615  	0.41280  	0.42592  	-3.02442  	0.02958  	-0.08578  	-82.02181  	-1.38831  	125.70691  	121.83292  	-20197.44284  	-4211.88971  	0.00468  	0.00002  	0.00409  	0.00469  	0.00588  	0.00000  	0.00000  
119.81385  	33.32476  	5.10862  	5.39136  	26.86201  	-1.18512  	0.03385  	0.41398  	0.42531  	-3.02442  	0.03055  	-0.08574  	-81.95388  	-1.40166  	125.52500  	122.18093  	-20198.74966  	-4211.70451  	0.00468  	0.00002  	0.00410  	0.00465  	0.00588  	0.00000  	0.00000  
120.81389  	33.32587  	5.10797  	5.39002  	26.86625  	-1.18512  	0.03602  	0.41513  	0.42165  	-3.02442  	0.03330  	-0.08582  	-81.91429  	-1.39827  	124.44464  	122.52177  	-20199.91775  	-4211.58552  	0.00467  	0.00002  	0.00411  	0.00469  	0.00589  	0.00000  	0.00000  
121.81419  	33.32817  	5.10679  	5.38825  	26.87041  	-1.18512  	0.03388  	0.41510  	0.42529  	-3.02442  	0.03011  	-0.08590  	-81.89068  	-1.39534  	125.51861  	122.51070  	-20201.33028  	-4211.40846  	0.00468  	0.00002  	0.00410  	0.00465  	0.00589  	0.00000  	0.00000  
122.81491  	33.32869  	5.10451  	5.38741  	26.87470  	-1.18512  	0.03420  	0.41415  	0.42709  	-3.02442  	0.02806  	-0.08572  	-81.84296  	-1.40243  	126.05108  	122.23095  	-20202.37837  	-4211.22132  	0.00468  	0.00003  	0.00409  	0.00466  	0.00588  	0.00000  	0.00000  
123.81419  	33.33025  	5.10494  	5.38661  	26.88014  	-1.18512  	0.03543  	0.41807  	0.42811  	-3.02442  	0.03157  	-0.08579  	-81.79371  	-1.39634  	126.35216  	123.38966  	-20203.90943  	-4211.19877  	0.00468  	0.00002  	0.00410  	0.00468  	0.00590  	0.00000  	0.00000  
124.81418  	33.33019  	5.10441  	5.38512  	26.88481  	-1.18512  	0.03647  	0.41594  	0.42919  	-3.02442  	0.03289  	-0.08579  	-81.73381  	-1.39158  	126.67091  	122.75985  	-20204.91685  	-4211.07757  	0.00469  	0.00002  	0.00411  	0.00470  	0.00589  	0.00000  	0.00000  
125.81510  	33.33160  	5.10289  	5.38436  	26.88911  	-1.18512  	0.03635  	0.41716  	0.42651  	-3.02442  	0.03358  	-0.08586  	-81.69724  	-1.39534  	125.88068  	123.12023  	-20206.16565  	-4210.94130  	0.00468  	0.00002  	0.00411  	0.00470  	0.00590  	0.00000  	0.00000  
126.81709  	33.33264  	5.10157  	5.38403  	26.89394  	-1.18512  	0.03410  	0.42051  	0.43096  	-3.02442  	0.02974  	-0.08576  	-81.64912  	-1.40025  	127.19357  	124.10883  	-20207.44885  	-4210.84234  	0.00469  	0.00002  	0.00410  	0.00465  	0.00591  	0.00000  	0.00000  
127.81766  	33.33494  	5.10121  	5.38279  	26.89844  	-1.18512  	0.03514  	0.41955  	0.43312  	-3.02442  	0.03056  	-0.08580  	-81.62138  	-1.39589  	127.83198  	123.82523  	-20208.93423  	-4210.74661  	0.00469  	0.00002  	0.00410  	0.00467  	0.00591  	0.00000  	0.00000  
128.81788  	33.33616  	5.10088  	5.38149  	26.90219  	-1.18512  	0.03325  	0.41762  	0.43675  	-3.02442  	0.03343  	-0.08573  	-81.58915  	-1.39106  	128.90311  	123.25661  	-20210.02135  	-4210.64828  	0.00470  	0.00003  	0.00411  	0.00464  	0.00590  	0.00000  	0.00000  
129.81725  	33.33684  	5.10031  	5.38192  	26.90586  	-1.18512  	0.03368  	0.41943  	0.43641  	-3.02442  	0.03162  	-0.08574  	-81.55129  	-1.39606  	128.80073  	123.79105  	-20210.97211  	-4210.64003  	0.00470  	0.00003  	0.00410  	0.00465  	0.00591  	0.00000  	0.00000  
130.81758  	33.33743  	5.09939  	5.38174  	26.90996  	-1.18512  	0.03396  	0.41595  	0.42916  	-3.02442  	0.03212  	-0.08572  	-81.50685  	-1.39972  	126.66080  	122.76381  	-20211.99758  	-4210.57379  	0.00469  	0.00003  	0.00410  	0.00465  	0.00589  	0.00000  	0.00000  
131.81882  	33.33818  	5.09825  	5.38082  	26.91370  	-1.18512  	0.03356  	0.41218  	0.41847  	-3.02442  	0.03167  	-0.08580  	-81.46904  	-1.40079  	123.50816  	121.65020  	-20212.97824  	-4210.45074  	0.00467  	0.00002  	0.00410  	0.00464  	0.00587  	0.00000  	0.00000  
132.82090  	33.33945  	5.09741  	5.38100  	26.91722  	-1.18512  	0.03501  	0.41036  	0.42459  	-3.02442  	0.02906  	-0.08569  	-81.44045  	-1.40584  	125.31365  	121.11226  	-20214.02340  	-4210.41063  	0.00468  	0.00003  	0.00409  	0.00467  	0.00587  	0.00000  	0.00000  
133.82253  	33.34016  	5.09740  	5.37986  	26.91941  	-1.18512  	0.03621  	0.40748  	0.42060  	-3.02442  	0.03197  	-0.08580  	-81.42180  	-1.40029  	124.13661  	120.26335  	-20214.65887  	-4210.34188  	0.00467  	0.00002  	0.00410  	0.00470  	0.00585  	0.00000  	0.00000  
134.82325  	33.34075  	5.09555  	5.37875  	26.92070  	-1.18512  	0.03601  	0.40458  	0.41099  	-3.02442  	0.02920  	-0.08564  	-81.41284  	-1.40393  	121.29910  	119.40728  	-20215.07144  	-4210.16428  	0.00466  	0.00003  	0.00409  	0.00469  	0.00584  	0.00000  	0.00000  
135.82400  	33.34028  	5.09457  	5.37783  	26.92145  	-1.18512  	0.03297  	0.39969  	0.41280  	-3.02442  	0.02869  	-0.08568  	-81.39748  	-1.40424  	121.83382  	117.96507  	-20215.13184  	-4210.04980  	0.00466  	0.00003  	0.00409  	0.00463  	0.00582  	0.00000  	0.00000  
136.82352  	33.34068  	5.09426  	5.37778  	26.91960  	-1.18512  	0.03547  	0.39765  	0.41048  	-3.02442  	0.02901  	-0.08577  	-81.42601  	-1.40550  	121.14736  	117.36311  	-20214.81356  	-4210.02858  	0.00466  	0.00002  	0.00409  	0.00468  	0.00581  	0.00000  	0.00000  
137.82427  	33.34015  	5.09271  	5.37656  	26.91732  	-1.18512  	0.03483  	0.39384  	0.39732  	-3.02442  	0.02908  	-0.08570  	-81.44821  	-1.40711  	117.26346  	116.23858  	-20214.20152  	-4209.86243  	0.00464  	0.00003  	0.00409  	0.00467  	0.00579  	0.00000  	0.00000  
138.82555  	33.34049  	5.09240  	5.37586  	26.91350  	-1.18512  	0.03555  	0.38847  	0.39572  	-3.02442  	0.02970  	-0.08576  	-81.50098  	-1.40521  	116.79381  	114.65340  	-20213.44070  	-4209.80223  	0.00463  	0.00002  	0.00410  	0.00468  	0.00576  	0.00000  	0.00000  
139.82581  	33.33951  	5.09279  	5.37495  	26.90786  	-1.18512  	0.03319  	0.38662  	0.39843  	-3.02442  	0.03132  	-0.08562  	-81.56011  	-1.39874  	117.59174  	114.10751  	-20211.99292  	-4209.77048  	0.00464  	0.00003  	0.00410  	0.00464  	0.00576  	0.00000  	0.00000  
140.82548  	33.33811  	5.09207  	5.37370  	26.90135  	-1.18512  	0.03264  	0.38521  	0.39180  	-3.02442  	0.03034  	-0.08581  	-81.62502  	-1.39616  	115.63632  	113.69184  	-20210.26389  	-4209.65256  	0.00463  	0.00002  	0.00410  	0.00463  	0.00575  	0.00000  	0.00000  
141.82618  	33.33824  	5.09138  	5.37197  	26.89442  	-1.18512  	0.03470  	0.38494  	0.39744  	-3.02442  	0.03052  	-0.08570  	-81.71448  	-1.39101  	117.30136  	113.61078  	-20208.77667  	-4209.50720  	0.00464  	0.00003  	0.00410  	0.00467  	0.00575  	0.00000  	0.00000  
142.82690  	33.33785  	5.08956  	5.37139  	26.88752  	-1.18512  	0.03369  	0.38704  	0.39544  	-3.02442  	0.02886  	-0.08573  	-81.79704  	-1.39712  	116.70904  	114.22910  	-20207.18397  	-4209.36365  	0.00463  	0.00003  	0.00409  	0.00465  	0.00576  	0.00000  	0.00000  
143.82644  	33.33805  	5.08922  	5.37094  	26.87759  	-1.18512  	0.03289  	0.39059  	0.40038  	-3.02442  	0.03058  	-0.08577  	-81.92561  	-1.39662  	118.16827  	115.27691  	-20205.05806  	-4209.31578  	0.00464  	0.00002  	0.00410  	0.00463  	0.00577  	0.00000  	0.00000  
144.82709  	33.33832  	5.08749  	5.36937  	26.86926  	-1.18512  	0.03191  	0.39183  	0.40068  	-3.02442  	0.03089  	-0.08576  	-82.03464  	-1.39742  	118.25638  	115.64311  	-20203.29658  	-4209.11807  	0.00464  	0.00002  	0.00410  	0.00461  	0.00578  	0.00000  	0.00000  
145.82735  	33.33853  	5.08734  	5.36860  	26.86375  	-1.18512  	0.03521  	0.39302  	0.40563  	-3.02442  	0.02818  	-0.08584  	-82.10719  	-1.39429  	119.71853  	115.99554  	-20202.13626  	-4209.06309  	0.00465  	0.00002  	0.00409  	0.00468  	0.00579  	0.00000  	0.00000  
146.82886  	33.33864  	5.08636  	5.36878  	26.85918  	-1.18512  	0.03459  	0.39495  	0.40744  	-3.02442  	0.03240  	-0.08582  	-82.16664  	-1.40001  	120.25008  	116.56380  	-20201.16143  	-4209.01482  	0.00465  	0.00002  	0.00410  	0.00466  	0.00579  	0.00000  	0.00000  
147.82882  	33.33913  	5.08569  	5.36769  	26.85425  	-1.18512  	0.03228  	0.39658  	0.40734  	-3.02442  	0.03207  	-0.08576  	-82.23541  	-1.39795  	120.22240  	117.04678  	-20200.19140  	-4208.90944  	0.00465  	0.00002  	0.00410  	0.00462  	0.00580  	0.00000  	0.00000  
148.82882  	33.33853  	5.08581  	5.36622  	26.85076  	-1.18512  	0.03272  	0.39947  	0.40934  	-3.02442  	0.03110  	-0.08575  	-82.27205  	-1.39009  	120.81229  	117.89780  	-20199.29702  	-4208.82785  	0.00465  	0.00002  	0.00410  	0.00463  	0.00582  	0.00000  	0.00000  
149.83084  	33.33908  	5.08466  	5.36540  	26.84816  	-1.18512  	0.03330  	0.40080  	0.41152  	-3.02442  	0.02969  	-0.08564  	-82.31206  	-1.39174  	121.45646  	118.29020  	-20198.85040  	-4208.71015  	0.00466  	0.00003  	0.00410  	0.00464  	0.00582  	0.00000  	0.00000  
150.83088  	33.33873  	5.08356  	5.36448  	26.84736  	-1.18512  	0.03340  	0.40205  	0.41160  	-3.02442  	0.03064  	-0.08581  	-82.31772  	-1.39267  	121.48046  	118.66085  	-20198.59909  	-4208.58897  	0.00466  	0.00002  	0.00410  	0.00464  	0.00583  	0.00000  	0.00000  
151.83084  	33.33922  	5.08386  	5.36476  	26.84773  	-1.18512  	0.03489  	0.40351  	0.41207  	-3.02442  	0.03118  	-0.08579  	-82.31930  	-1.39252  	121.61709  	119.09057  	-20198.78745  	-4208.62382  	0.00466  	0.00002  	0.00410  	0.00467  	0.00583  	0.00000  	0.00000  
152.83219  	33.33848  	5.08274  	5.36534  	26.84718  	-1.18512  	0.03608  	0.40528  	0.40887  	-3.02442  	0.02539  	-0.08586  	-82.31684  	-1.40096  	120.67469  	119.61343  	-20198.50498  	-4208.59177  	0.00465  	0.00002  	0.00408  	0.00469  	0.00584  	0.00000  	0.00000  
153.83292  	33.33932  	5.08169  	5.36380  	26.84817  	-1.18512  	0.03515  	0.40590  	0.40781  	-3.02442  	0.03265  	-0.08580  	-82.31505  	-1.39851  	120.35950  	119.79676  	-20198.90435  	-4208.43640  	0.00465  	0.00002  	0.00410  	0.00467  	0.00585  	0.00000  	0.00000  
154.83409  	33.33915  	5.08172  	5.36262  	26.85014  	-1.18512  	0.03446  	0.40718  	0.41575  	-3.02442  	0.02845  	-0.08582  	-82.28787  	-1.39249  	122.70489  	120.17549  	-20199.29843  	-4208.36701  	0.00467  	0.00002  	0.00409  	0.00466  	0.00585  	0.00000  	0.00000  
155.83401  	33.33885  	5.07921  	5.36095  	26.85226  	-1.18512  	0.03398  	0.40778  	0.42203  	-3.02442  	0.02828  	-0.08569  	-82.25728  	-1.39666  	124.55875  	120.35122  	-20199.69634  	-4208.11632  	0.00468  	0.00003  	0.00409  	0.00465  	0.00585  	0.00000  	0.00000  
156.83459  	33.33934  	5.07828  	5.36096  	26.85396  	-1.18512  	0.03446  	0.40891  	0.41851  	-3.02442  	0.03310  	-0.08574  	-82.24194  	-1.40138  	123.51835  	120.68421  	-20200.17395  	-4208.06130  	0.00467  	0.00003  	0.00411  	0.00466  	0.00586  	0.00000  	0.00000  
157.83523  	33.33869  	5.07837  	5.36032  	26.85686  	-1.18512  	0.03398  	0.41161  	0.42096  	-3.02442  	0.03030  	-0.08585  	-82.19701  	-1.39777  	124.24257  	121.48206  	-20200.66661  	-4208.02831  	0.00467  	0.00002  	0.00410  	0.00465  	0.00587  	0.00000  	0.00000  
158.83595  	33.33895  	5.07768  	5.35967  	26.86025  	-1.18512  	0.03421  	0.40981  	0.42591  	-3.02442  	0.03135  	-0.08571  	-82.15726  	-1.39795  	125.70196  	120.95002  	-20201.46385  	-4207.94774  	0.00468  	0.00003  	0.00410  	0.00466  	0.00586  	0.00000  	0.00000  
159.83657  	33.33878  	5.07820  	5.35903  	26.86408  	-1.18512  	0.03520  	0.41222  	0.42593  	-3.02442  	0.02919  	-0.08575  	-82.10648  	-1.39215  	125.70965  	121.66183  	-20202.26388  	-4207.94083  	0.00468  	0.00002  	0.00409  	0.00468  	0.00587  	0.00000  	0.00000  
160.83694  	33.33874  	5.07679  	5.35924  	26.86658  	-1.18512  	0.03463  	0.41374  	0.42686  	-3.02442  	0.03211  	-0.08583  	-82.07440  	-1.40020  	125.98298  	122.10938  	-20202.80240  	-4207.86859  	0.00468  	0.00002  	0.00410  	0.00466  	0.00588  	0.00000  	0.00000  
