10/08/2024 11:02:44Time	T_hot_in(C)	T_cold_in(C)	T_cold_out(C)	T_hot_out(C)	mdot_cold(kg/s)	ASFASIFUAS(kg/s)	Diferencial_cold(bar)	Diferencial_hot(bar)	mdot_hot(kg/s)	ABS_cold(bar)	ABS_hot(bar)	q_cold(kW)	q_hot(kW)	ASFASYFY	Tau_cold_haste	Re_hot	Re_cold	U_global	PSIG_cold(bar)	R_fouling	PSIG_hot(bar)	PSID_hot(bar)	m_dot_hot	PSID_cold(bar)	m_dot_cold
1.74856  	0.00000  	0.00000  	0.00000  	0.00000  	-1.18512  	-0.20833  	-0.86278  	-2.50000  	-3.02442  	-1.25000  	-0.08628  	-0.00000  	-0.00000  	-737.84722  	-254.63905  	-9234.48090  	-3618.55272  	NaN  	NaN  	0.00000  	0.00000  	0.00000  	0.00000  	0.00000  	0.00000  	0.00000  
2.74976  	25.04764  	59.58853  	59.37078  	45.32624  	-1.18512  	0.00735  	0.10490  	0.08747  	-3.02442  	0.05743  	-0.08564  	-256.52011  	-1.07937  	25.81659  	30.96062  	-22458.10981  	-13313.77298  	Inf  	-Inf  	0.00414  	0.00003  	0.00418  	0.00414  	0.00446  	0.00000  	0.00000  
3.75059  	25.04740  	59.58891  	59.37270  	45.33117  	-1.18512  	0.00680  	0.10654  	0.09049  	-3.02442  	0.05794  	-0.08571  	-256.58559  	-1.07176  	26.70826  	31.44405  	-22459.16334  	-13314.00232  	Inf  	-Inf  	0.00414  	0.00003  	0.00419  	0.00413  	0.00447  	0.00000  	0.00000  
4.75077  	25.04779  	59.59085  	59.37439  	45.33596  	-1.18512  	0.00703  	0.10638  	0.08707  	-3.02442  	0.06072  	-0.08570  	-256.64127  	-1.07298  	25.69675  	31.39828  	-22460.32663  	-13314.36615  	Inf  	-Inf  	0.00414  	0.00003  	0.00419  	0.00413  	0.00447  	0.00000  	0.00000  
5.75052  	25.04705  	59.59264  	59.37697  	45.34096  	-1.18512  	0.00791  	0.10645  	0.08835  	-3.02442  	0.05823  	-0.08569  	-256.71384  	-1.06907  	26.07576  	31.41654  	-22461.28348  	-13314.80315  	Inf  	-Inf  	0.00414  	0.00003  	0.00419  	0.00415  	0.00447  	0.00000  	0.00000  
6.75105  	25.04754  	59.59427  	59.37947  	45.34432  	-1.18512  	0.00677  	0.10634  	0.08700  	-3.02442  	0.05930  	-0.08564  	-256.75030  	-1.06476  	25.67588  	31.38603  	-22462.14867  	-13315.21600  	Inf  	-Inf  	0.00414  	0.00003  	0.00419  	0.00413  	0.00447  	0.00000  	0.00000  
7.75062  	25.04637  	59.59544  	59.38021  	45.34947  	-1.18512  	0.00720  	0.10615  	0.08479  	-3.02442  	0.05805  	-0.08569  	-256.83020  	-1.06688  	25.02465  	31.32857  	-22463.04222  	-13315.40748  	Inf  	-Inf  	0.00414  	0.00003  	0.00419  	0.00414  	0.00446  	0.00000  	0.00000  
8.75095  	25.04646  	59.59743  	59.38145  	45.35435  	-1.18512  	0.00741  	0.10578  	0.08594  	-3.02442  	0.05872  	-0.08568  	-256.89073  	-1.07062  	25.36391  	31.21870  	-22464.15979  	-13315.73043  	Inf  	-Inf  	0.00414  	0.00003  	0.00419  	0.00414  	0.00446  	0.00000  	0.00000  
9.75182  	25.04724  	59.59851  	59.38341  	45.35900  	-1.18512  	0.00764  	0.10563  	0.08276  	-3.02442  	0.06052  	-0.08569  	-256.93978  	-1.06624  	24.42533  	31.17498  	-22465.38089  	-13316.03424  	Inf  	-Inf  	0.00413  	0.00003  	0.00419  	0.00415  	0.00446  	0.00000  	0.00000  
10.75159  	25.04667  	59.60053  	59.38382  	45.36385  	-1.18512  	0.00721  	0.10502  	0.08615  	-3.02442  	0.05975  	-0.08567  	-257.00833  	-1.07421  	25.42673  	30.99587  	-22466.34261  	-13316.27863  	Inf  	-Inf  	0.00414  	0.00003  	0.00419  	0.00414  	0.00446  	0.00000  	0.00000  
11.75133  	25.04666  	59.60273  	59.38466  	45.36858  	-1.18512  	0.00674  	0.10669  	0.08459  	-3.02442  	0.06122  	-0.08562  	-257.06842  	-1.08096  	24.96716  	31.48769  	-22467.40276  	-13316.58195  	Inf  	-Inf  	0.00414  	0.00003  	0.00420  	0.00413  	0.00447  	0.00000  	0.00000  
12.75170  	25.04668  	59.60343  	59.38596  	45.37343  	-1.18512  	0.00763  	0.10508  	0.08731  	-3.02442  	0.05823  	-0.08567  	-257.12952  	-1.07800  	25.76797  	31.01360  	-22468.49788  	-13316.78260  	Inf  	-Inf  	0.00414  	0.00003  	0.00419  	0.00415  	0.00446  	0.00000  	0.00000  
13.75206  	25.04678  	59.60565  	59.38845  	45.37942  	-1.18512  	0.00754  	0.10551  	0.08448  	-3.02442  	0.06102  	-0.08568  	-257.20407  	-1.07666  	24.93367  	31.14087  	-22469.86686  	-13317.25350  	Inf  	-Inf  	0.00414  	0.00003  	0.00420  	0.00414  	0.00446  	0.00000  	0.00000  
14.75238  	25.04662  	59.60757  	59.39081  	45.38482  	-1.18512  	0.00714  	0.10607  	0.08579  	-3.02442  	0.06007  	-0.08565  	-257.27446  	-1.07451  	25.31991  	31.30543  	-22471.04392  	-13317.68171  	Inf  	-Inf  	0.00414  	0.00003  	0.00419  	0.00414  	0.00446  	0.00000  	0.00000  
15.75218  	25.04742  	59.60953  	59.39314  	45.39009  	-1.18512  	0.00752  	0.10648  	0.08534  	-3.02442  	0.06035  	-0.08567  	-257.33106  	-1.07260  	25.18689  	31.42669  	-22472.40713  	-13318.11144  	Inf  	-Inf  	0.00414  	0.00003  	0.00419  	0.00414  	0.00447  	0.00000  	0.00000  
16.75262  	25.04688  	59.61127  	59.39472  	45.39534  	-1.18512  	0.00626  	0.10547  	0.08578  	-3.02442  	0.05747  	-0.08565  	-257.40421  	-1.07342  	25.31796  	31.12879  	-22473.46657  	-13318.44352  	Inf  	-Inf  	0.00414  	0.00003  	0.00418  	0.00412  	0.00446  	0.00000  	0.00000  
17.75272  	25.04684  	59.61297  	59.39602  	45.40055  	-1.18512  	0.00747  	0.10541  	0.08576  	-3.02442  	0.05845  	-0.08570  	-257.47072  	-1.07542  	25.31154  	31.10922  	-22474.62558  	-13318.74334  	Inf  	-Inf  	0.00414  	0.00003  	0.00419  	0.00414  	0.00446  	0.00000  	0.00000  
18.75337  	25.04626  	59.61456  	59.39810  	45.40580  	-1.18512  	0.00719  	0.10591  	0.08899  	-3.02442  	0.05823  	-0.08572  	-257.54449  	-1.07297  	26.26418  	31.25682  	-22475.67721  	-13319.11143  	Inf  	-Inf  	0.00414  	0.00003  	0.00419  	0.00414  	0.00446  	0.00000  	0.00000  
19.75378  	25.04629  	59.61685  	59.40010  	45.41114  	-1.18512  	0.00685  	0.10576  	0.08832  	-3.02442  	0.05877  	-0.08566  	-257.61165  	-1.07439  	26.06669  	31.21332  	-22476.88323  	-13319.54029  	Inf  	-Inf  	0.00414  	0.00003  	0.00419  	0.00413  	0.00446  	0.00000  	0.00000  
20.75324  	25.04693  	59.61909  	59.40193  	45.41665  	-1.18512  	0.00714  	0.10685  	0.08742  	-3.02442  	0.05978  	-0.08571  	-257.67336  	-1.07646  	25.80027  	31.53535  	-22478.26439  	-13319.94699  	Inf  	-Inf  	0.00414  	0.00003  	0.00419  	0.00414  	0.00447  	0.00000  	0.00000  
21.75361  	25.04670  	59.62030  	59.40276  	45.42162  	-1.18512  	0.00634  	0.10526  	0.08582  	-3.02442  	0.05725  	-0.08575  	-257.73909  	-1.07835  	25.32851  	31.06600  	-22479.33080  	-13320.15113  	Inf  	-Inf  	0.00414  	0.00002  	0.00418  	0.00412  	0.00446  	0.00000  	0.00000  
22.75359  	25.04652  	59.62305  	59.40551  	45.42663  	-1.18512  	0.00725  	0.10542  	0.08690  	-3.02442  	0.06013  	-0.08570  	-257.80484  	-1.07835  	25.64879  	31.11397  	-22480.41529  	-13320.70232  	Inf  	-Inf  	0.00414  	0.00003  	0.00419  	0.00414  	0.00446  	0.00000  	0.00000  
23.75489  	25.04703  	59.62485  	59.40664  	45.43197  	-1.18512  	0.00737  	0.10542  	0.08842  	-3.02442  	0.06007  	-0.08570  	-257.86591  	-1.08169  	26.09734  	31.11460  	-22481.72994  	-13320.99542  	Inf  	-Inf  	0.00414  	0.00003  	0.00419  	0.00414  	0.00446  	0.00000  	0.00000  
24.75640  	25.04680  	59.62686  	59.40892  	45.43628  	-1.18512  	0.00749  	0.10560  	0.08535  	-3.02442  	0.05935  	-0.08572  	-257.92338  	-1.08035  	25.18949  	31.16765  	-22482.64816  	-13321.42466  	Inf  	-Inf  	0.00414  	0.00003  	0.00419  	0.00414  	0.00446  	0.00000  	0.00000  
25.75749  	25.04584  	59.62846  	59.41189  	45.44188  	-1.18512  	0.00791  	0.10622  	0.08689  	-3.02442  	0.05947  	-0.08571  	-258.00639  	-1.07354  	25.64336  	31.34957  	-22483.69110  	-13321.88158  	Inf  	-Inf  	0.00414  	0.00003  	0.00419  	0.00415  	0.00446  	0.00000  	0.00000  
26.75745  	25.04683  	59.63072  	59.41379  	45.44731  	-1.18512  	0.00786  	0.10629  	0.08610  	-3.02442  	0.05887  	-0.08568  	-258.06261  	-1.07528  	25.41152  	31.37046  	-22485.13121  	-13322.29858  	Inf  	-Inf  	0.00414  	0.00003  	0.00419  	0.00415  	0.00446  	0.00000  	0.00000  
27.75742  	25.04561  	59.63184  	59.41523  	45.45220  	-1.18512  	0.00658  	0.10607  	0.08618  	-3.02442  	0.05865  	-0.08564  	-258.13991  	-1.07374  	25.43520  	31.30401  	-22485.95867  	-13322.55474  	Inf  	-Inf  	0.00414  	0.00003  	0.00419  	0.00413  	0.00446  	0.00000  	0.00000  
28.75749  	25.04590  	59.63492  	59.41741  	45.45755  	-1.18512  	0.00779  	0.10684  	0.08649  	-3.02442  	0.05889  	-0.08567  	-258.20394  	-1.07818  	25.52600  	31.53368  	-22487.22471  	-13323.08202  	Inf  	-Inf  	0.00414  	0.00003  	0.00419  	0.00415  	0.00447  	0.00000  	0.00000  
29.75748  	25.04563  	59.63731  	59.41930  	45.46234  	-1.18512  	0.00774  	0.10561  	0.08805  	-3.02442  	0.05812  	-0.08565  	-258.26801  	-1.08070  	25.98639  	31.16882  	-22488.24056  	-13323.50949  	Inf  	-Inf  	0.00414  	0.00003  	0.00419  	0.00415  	0.00446  	0.00000  	0.00000  
30.75846  	25.04657  	59.63926  	59.42130  	45.46721  	-1.18512  	0.00716  	0.10537  	0.08913  	-3.02442  	0.06033  	-0.08563  	-258.31768  	-1.08043  	26.30510  	31.09948  	-22489.54658  	-13323.90441  	Inf  	-Inf  	0.00414  	0.00003  	0.00419  	0.00414  	0.00446  	0.00000  	0.00000  
31.75836  	25.04584  	59.64048  	59.42201  	45.47234  	-1.18512  	0.00666  	0.10561  	0.08806  	-3.02442  	0.06014  	-0.08563  	-258.39195  	-1.08292  	25.98903  	31.16826  	-22490.53612  	-13324.09797  	Inf  	-Inf  	0.00414  	0.00003  	0.00419  	0.00413  	0.00446  	0.00000  	0.00000  
32.75845  	25.04602  	59.64339  	59.42488  	45.47655  	-1.18512  	0.00675  	0.10598  	0.08643  	-3.02442  	0.05810  	-0.08569  	-258.44294  	-1.08316  	25.50930  	31.27856  	-22491.52471  	-13324.67731  	Inf  	-Inf  	0.00414  	0.00003  	0.00419  	0.00413  	0.00446  	0.00000  	0.00000  
33.75846  	25.04623  	59.64608  	59.42685  	45.48097  	-1.18512  	0.00647  	0.10649  	0.08845  	-3.02442  	0.06053  	-0.08562  	-258.49613  	-1.08672  	26.10428  	31.42902  	-22492.56399  	-13325.14358  	Inf  	-Inf  	0.00414  	0.00003  	0.00419  	0.00412  	0.00447  	0.00000  	0.00000  
34.75854  	25.04600  	59.64790  	59.42844  	45.48519  	-1.18512  	0.00656  	0.10583  	0.08668  	-3.02442  	0.05880  	-0.08564  	-258.55256  	-1.08786  	25.58210  	31.23349  	-22493.46029  	-13325.48459  	Inf  	-Inf  	0.00414  	0.00003  	0.00419  	0.00413  	0.00446  	0.00000  	0.00000  
35.75846  	25.04499  	59.64990  	59.43054  	45.48943  	-1.18512  	0.00701  	0.10585  	0.08824  	-3.02442  	0.05957  	-0.08574  	-258.61904  	-1.08735  	26.04393  	31.24163  	-22494.18618  	-13325.89479  	Inf  	-Inf  	0.00414  	0.00003  	0.00419  	0.00413  	0.00446  	0.00000  	0.00000  
36.75972  	25.04524  	59.65184  	59.43375  	45.49360  	-1.18512  	0.00762  	0.10656  	0.08809  	-3.02442  	0.05816  	-0.08561  	-258.66866  	-1.08106  	25.99952  	31.44883  	-22495.18064  	-13326.40982  	Inf  	-Inf  	0.00414  	0.00003  	0.00419  	0.00415  	0.00447  	0.00000  	0.00000  
37.75961  	25.04544  	59.65326  	59.43522  	45.49762  	-1.18512  	0.00791  	0.10543  	0.08788  	-3.02442  	0.06151  	-0.08565  	-258.71700  	-1.08082  	25.93783  	31.11755  	-22496.12772  	-13326.69979  	Inf  	-Inf  	0.00414  	0.00003  	0.00420  	0.00415  	0.00446  	0.00000  	0.00000  
38.76041  	25.04503  	59.65557  	59.43797  	45.50179  	-1.18512  	0.00671  	0.10633  	0.08522  	-3.02442  	0.05997  	-0.08573  	-258.77496  	-1.07865  	25.15113  	31.38152  	-22496.97463  	-13327.20670  	Inf  	-Inf  	0.00414  	0.00003  	0.00419  	0.00413  	0.00447  	0.00000  	0.00000  
39.76108  	25.04517  	59.65772  	59.44025  	45.50635  	-1.18512  	0.00738  	0.10547  	0.08374  	-3.02442  	0.05891  	-0.08572  	-258.83094  	-1.07803  	24.71634  	31.12807  	-22498.02881  	-13327.65001  	Inf  	-Inf  	0.00413  	0.00003  	0.00419  	0.00414  	0.00446  	0.00000  	0.00000  
40.76056  	25.04519  	59.65952  	59.44196  	45.51052  	-1.18512  	0.00676  	0.10599  	0.08660  	-3.02442  	0.05953  	-0.08570  	-258.88344  	-1.07842  	25.55829  	31.28185  	-22498.97006  	-13328.00123  	Inf  	-Inf  	0.00414  	0.00003  	0.00419  	0.00413  	0.00446  	0.00000  	0.00000  
41.76108  	25.04519  	59.66197  	59.44269  	45.51335  	-1.18512  	0.00730  	0.10618  	0.08668  	-3.02442  	0.05826  	-0.08563  	-258.91936  	-1.08692  	25.58230  	31.33856  	-22499.60777  	-13328.31938  	Inf  	-Inf  	0.00414  	0.00003  	0.00419  	0.00414  	0.00446  	0.00000  	0.00000  
42.76055  	25.04508  	59.66420  	59.44334  	45.51792  	-1.18512  	0.00755  	0.10626  	0.08274  	-3.02442  	0.05836  	-0.08572  	-258.97850  	-1.09483  	24.41998  	31.36027  	-22500.61167  	-13328.60797  	Inf  	-Inf  	0.00413  	0.00003  	0.00419  	0.00414  	0.00446  	0.00000  	0.00000  
43.76142  	25.04474  	59.66617  	59.44479  	45.52199  	-1.18512  	0.00698  	0.10645  	0.08576  	-3.02442  	0.05870  	-0.08565  	-259.03423  	-1.09738  	25.31122  	31.41867  	-22501.44817  	-13328.94969  	Inf  	-Inf  	0.00414  	0.00003  	0.00419  	0.00413  	0.00447  	0.00000  	0.00000  
44.76189  	25.04442  	59.66933  	59.44710  	45.52625  	-1.18512  	0.00638  	0.10626  	0.09332  	-3.02442  	0.05930  	-0.08567  	-259.09226  	-1.10157  	27.54283  	31.36085  	-22502.33303  	-13329.49779  	Inf  	-Inf  	0.00415  	0.00003  	0.00419  	0.00412  	0.00446  	0.00000  	0.00000  
45.76189  	25.04427  	59.67041  	59.44843  	45.52933  	-1.18512  	0.00664  	0.10609  	0.09001  	-3.02442  	0.05928  	-0.08567  	-259.13312  	-1.10033  	26.56476  	31.31267  	-22502.99320  	-13329.73906  	Inf  	-Inf  	0.00414  	0.00003  	0.00419  	0.00413  	0.00446  	0.00000  	0.00000  
46.76137  	25.04473  	59.67360  	59.45123  	45.53324  	-1.18512  	0.00707  	0.10590  	0.08629  	-3.02442  	0.05878  	-0.08566  	-259.17679  	-1.10229  	25.46785  	31.25518  	-22503.97547  	-13330.33854  	Inf  	-Inf  	0.00414  	0.00003  	0.00419  	0.00414  	0.00446  	0.00000  	0.00000  
47.76161  	25.04521  	59.67500  	59.45557  	45.53624  	-1.18512  	0.00793  	0.10656  	0.08606  	-3.02442  	0.06065  	-0.08565  	-259.20878  	-1.08769  	25.39926  	31.45111  	-22504.75696  	-13330.91421  	Inf  	-Inf  	0.00414  	0.00003  	0.00419  	0.00415  	0.00447  	0.00000  	0.00000  
48.76206  	25.04411  	59.67715  	59.45752  	45.54041  	-1.18512  	0.00700  	0.10687  	0.08771  	-3.02442  	0.05904  	-0.08567  	-259.27539  	-1.08869  	25.88809  	31.54070  	-22505.44655  	-13331.32458  	Inf  	-Inf  	0.00414  	0.00003  	0.00419  	0.00413  	0.00447  	0.00000  	0.00000  
49.76206  	25.04389  	59.67909  	59.45936  	45.54422  	-1.18512  	0.00641  	0.10710  	0.08778  	-3.02442  	0.05834  	-0.08569  	-259.32650  	-1.08917  	25.90865  	31.60961  	-22506.25583  	-13331.70278  	Inf  	-Inf  	0.00414  	0.00003  	0.00419  	0.00412  	0.00447  	0.00000  	0.00000  
50.76245  	25.04334  	59.68072  	59.46169  	45.54703  	-1.18512  	0.00737  	0.10695  	0.08635  	-3.02442  	0.05944  	-0.08565  	-259.36903  	-1.08570  	25.48592  	31.56404  	-22506.76234  	-13332.09929  	Inf  	-Inf  	0.00414  	0.00003  	0.00419  	0.00414  	0.00447  	0.00000  	0.00000  
51.76277  	25.04346  	59.68366  	59.46264  	45.55103  	-1.18512  	0.00799  	0.10659  	0.08455  	-3.02442  	0.05858  	-0.08568  	-259.41813  	-1.09558  	24.95255  	31.46032  	-22507.68775  	-13332.48841  	Inf  	-Inf  	0.00414  	0.00003  	0.00419  	0.00415  	0.00447  	0.00000  	0.00000  
52.76258  	25.04354  	59.68603  	59.46417  	45.55441  	-1.18512  	0.00673  	0.10681  	0.08889  	-3.02442  	0.05944  	-0.08568  	-259.45989  	-1.09973  	26.23442  	31.52433  	-22508.46560  	-13332.87962  	Inf  	-Inf  	0.00414  	0.00003  	0.00419  	0.00413  	0.00447  	0.00000  	0.00000  
53.76508  	25.04328  	59.68741  	59.46687  	45.55823  	-1.18512  	0.00741  	0.10602  	0.08303  	-3.02442  	0.05940  	-0.08569  	-259.51151  	-1.09321  	24.50565  	31.29065  	-22509.26803  	-13333.28732  	Inf  	-Inf  	0.00413  	0.00003  	0.00419  	0.00414  	0.00446  	0.00000  	0.00000  
54.76505  	25.04298  	59.68974  	59.46882  	45.56121  	-1.18512  	0.00716  	0.10582  	0.08545  	-3.02442  	0.05755  	-0.08563  	-259.55302  	-1.09506  	25.21863  	31.23025  	-22509.87088  	-13333.71701  	Inf  	-Inf  	0.00414  	0.00003  	0.00418  	0.00414  	0.00446  	0.00000  	0.00000  
55.76537  	25.04274  	59.69227  	59.47021  	45.56495  	-1.18512  	0.00818  	0.10661  	0.08741  	-3.02442  	0.05870  	-0.08572  	-259.60346  	-1.10078  	25.79841  	31.46544  	-22510.65691  	-13334.10920  	Inf  	-Inf  	0.00414  	0.00003  	0.00419  	0.00416  	0.00447  	0.00000  	0.00000  
56.76803  	25.04268  	59.69425  	59.47285  	45.56906  	-1.18512  	0.00773  	0.10632  	0.08731  	-3.02442  	0.05928  	-0.08572  	-259.65629  	-1.09748  	25.76855  	31.37929  	-22511.56619  	-13334.57215  	Inf  	-Inf  	0.00414  	0.00003  	0.00419  	0.00415  	0.00447  	0.00000  	0.00000  
57.76843  	25.04297  	59.69627  	59.47558  	45.57240  	-1.18512  	0.00780  	0.10736  	0.08733  	-3.02442  	0.05859  	-0.08563  	-259.69485  	-1.09396  	25.77475  	31.68502  	-22512.38442  	-13335.04692  	Inf  	-Inf  	0.00414  	0.00003  	0.00419  	0.00415  	0.00447  	0.00000  	0.00000  
58.76838  	25.04257  	59.69813  	59.47722  	45.57477  	-1.18512  	0.00825  	0.10691  	0.08919  	-3.02442  	0.05979  	-0.08565  	-259.72987  	-1.09504  	26.32322  	31.55231  	-22512.82621  	-13335.39737  	Inf  	-Inf  	0.00414  	0.00003  	0.00419  	0.00416  	0.00447  	0.00000  	0.00000  
59.77052  	25.04229  	59.70048  	59.47954  	45.58042  	-1.18512  	0.00723  	0.10560  	0.08881  	-3.02442  	0.05858  	-0.08567  	-259.80499  	-1.09517  	26.21144  	31.16814  	-22514.03317  	-13335.86637  	Inf  	-Inf  	0.00414  	0.00003  	0.00419  	0.00414  	0.00446  	0.00000  	0.00000  
60.77075  	25.04181  	59.70283  	59.48152  	45.58272  	-1.18512  	0.00685  	0.10544  	0.08785  	-3.02442  	0.05915  	-0.08562  	-259.84024  	-1.09702  	25.92907  	31.11981  	-22514.44258  	-13336.29994  	Inf  	-Inf  	0.00414  	0.00003  	0.00419  	0.00413  	0.00446  	0.00000  	0.00000  
61.77135  	25.04156  	59.70295  	59.48271  	45.58677  	-1.18512  	0.00699  	0.10554  	0.08605  	-3.02442  	0.06032  	-0.08567  	-259.89465  	-1.09169  	25.39719  	31.14908  	-22515.29619  	-13336.43090  	Inf  	-Inf  	0.00414  	0.00003  	0.00419  	0.00413  	0.00446  	0.00000  	0.00000  
62.77216  	25.04232  	59.70481  	59.48367  	45.59062  	-1.18512  	0.00603  	0.10464  	0.08763  	-3.02442  	0.05879  	-0.08572  	-259.93365  	-1.09617  	25.86323  	30.88389  	-22516.33313  	-13336.71336  	Inf  	-Inf  	0.00414  	0.00003  	0.00419  	0.00412  	0.00446  	0.00000  	0.00000  
63.77437  	25.04151  	59.70708  	59.48607  	45.59440  	-1.18512  	0.00656  	0.10553  	0.08879  	-3.02442  	0.05870  	-0.08566  	-259.99176  	-1.09550  	26.20445  	31.14454  	-22516.99877  	-13337.18093  	Inf  	-Inf  	0.00414  	0.00003  	0.00419  	0.00413  	0.00446  	0.00000  	0.00000  
64.77537  	25.04154  	59.70935  	59.48871  	45.59884  	-1.18512  	0.00629  	0.10638  	0.08971  	-3.02442  	0.05915  	-0.08568  	-260.04760  	-1.09370  	26.47773  	31.39665  	-22518.00553  	-13337.67341  	Inf  	-Inf  	0.00414  	0.00003  	0.00419  	0.00412  	0.00447  	0.00000  	0.00000  
65.77552  	25.04118  	59.71173  	59.49100  	45.60396  	-1.18512  	0.00724  	0.10533  	0.08568  	-3.02442  	0.05953  	-0.08573  	-260.11687  	-1.09414  	25.28874  	31.08705  	-22519.07497  	-13338.13996  	Inf  	-Inf  	0.00414  	0.00003  	0.00419  	0.00414  	0.00446  	0.00000  	0.00000  
66.77536  	25.04266  	59.71426  	59.49353  	45.60807  	-1.18512  	0.00723  	0.10567  	0.08506  	-3.02442  	0.05921  	-0.08571  	-260.15022  	-1.09418  	25.10569  	31.18875  	-22520.33190  	-13338.64724  	Inf  	-Inf  	0.00414  	0.00003  	0.00419  	0.00414  	0.00446  	0.00000  	0.00000  
67.77665  	25.04162  	59.71683  	59.49654  	45.61226  	-1.18512  	0.00777  	0.10487  	0.08482  	-3.02442  	0.05919  	-0.08570  	-260.21658  	-1.09196  	25.03293  	30.95226  	-22521.04088  	-13339.20640  	Inf  	-Inf  	0.00414  	0.00003  	0.00419  	0.00415  	0.00446  	0.00000  	0.00000  
68.77668  	25.04086  	59.71850  	59.49757  	45.61716  	-1.18512  	0.00728  	0.10554  	0.08786  	-3.02442  	0.05815  	-0.08571  	-260.28805  	-1.09512  	25.93195  	31.14749  	-22521.97136  	-13339.47633  	Inf  	-Inf  	0.00414  	0.00003  	0.00419  	0.00414  	0.00446  	0.00000  	0.00000  
69.77709  	25.04164  	59.72035  	59.50017  	45.62158  	-1.18512  	0.00679  	0.10433  	0.08875  	-3.02442  	0.06031  	-0.08566  	-260.33416  	-1.09139  	26.19381  	30.79162  	-22523.14047  	-13339.92237  	Inf  	-Inf  	0.00414  	0.00003  	0.00419  	0.00413  	0.00446  	0.00000  	0.00000  
70.77655  	25.04158  	59.72217  	59.50169  	45.62633  	-1.18512  	0.00742  	0.10598  	0.08758  	-3.02442  	0.06033  	-0.08572  	-260.39500  	-1.09289  	25.84798  	31.28015  	-22524.19458  	-13340.25616  	Inf  	-Inf  	0.00414  	0.00003  	0.00419  	0.00414  	0.00446  	0.00000  	0.00000  
71.77841  	25.04103  	59.72390  	59.50361  	45.63022  	-1.18512  	0.00674  	0.10568  	0.08821  	-3.02442  	0.05871  	-0.08567  	-260.45126  	-1.09198  	26.03523  	31.18924  	-22524.94520  	-13340.62303  	Inf  	-Inf  	0.00414  	0.00003  	0.00419  	0.00413  	0.00446  	0.00000  	0.00000  
72.77839  	25.04089  	59.72592  	59.50799  	45.63414  	-1.18512  	0.00743  	0.10526  	0.08830  	-3.02442  	0.05958  	-0.08567  	-260.50272  	-1.08023  	26.06067  	31.06693  	-22525.79572  	-13341.26332  	Inf  	-Inf  	0.00414  	0.00003  	0.00419  	0.00414  	0.00446  	0.00000  	0.00000  
73.77857  	25.04127  	59.72819  	59.50934  	45.63812  	-1.18512  	0.00774  	0.10545  	0.08914  	-3.02442  	0.05882  	-0.08570  	-260.54817  	-1.08485  	26.30748  	31.12251  	-22526.77628  	-13341.62664  	Inf  	-Inf  	0.00414  	0.00003  	0.00419  	0.00415  	0.00446  	0.00000  	0.00000  
74.77848  	25.04046  	59.73021  	59.51188  	45.64333  	-1.18512  	0.00726  	0.10577  	0.08561  	-3.02442  	0.05898  	-0.08565  	-260.62447  	-1.08225  	25.26650  	31.21583  	-22527.76481  	-13342.08243  	Inf  	-Inf  	0.00414  	0.00003  	0.00419  	0.00414  	0.00446  	0.00000  	0.00000  
75.77856  	25.04134  	59.73206  	59.51278  	45.64854  	-1.18512  	0.00778  	0.10582  	0.08849  	-3.02442  	0.05917  	-0.08562  	-260.67931  	-1.08696  	26.11710  	31.23100  	-22529.13431  	-13342.35770  	Inf  	-Inf  	0.00414  	0.00003  	0.00419  	0.00415  	0.00446  	0.00000  	0.00000  
76.77965  	25.04142  	59.73416  	59.51394  	45.65262  	-1.18512  	0.00756  	0.10593  	0.08920  	-3.02442  	0.06083  	-0.08570  	-260.72995  	-1.09163  	26.32753  	31.26395  	-22530.06904  	-13342.68512  	Inf  	-Inf  	0.00414  	0.00003  	0.00419  	0.00415  	0.00446  	0.00000  	0.00000  
77.77933  	25.04128  	59.73625  	59.51501  	45.65670  	-1.18512  	0.00808  	0.10613  	0.08435  	-3.02442  	0.05885  	-0.08570  	-260.78325  	-1.09667  	24.89611  	31.32265  	-22530.95426  	-13343.00258  	Inf  	-Inf  	0.00413  	0.00003  	0.00419  	0.00416  	0.00446  	0.00000  	0.00000  
78.78013  	25.04090  	59.73771  	59.51759  	45.66065  	-1.18512  	0.00719  	0.10597  	0.08567  	-3.02442  	0.05843  	-0.08565  	-260.83816  	-1.09112  	25.28356  	31.27622  	-22531.75770  	-13343.40630  	Inf  	-Inf  	0.00414  	0.00003  	0.00419  	0.00414  	0.00446  	0.00000  	0.00000  
79.78071  	25.04138  	59.73985  	59.51992  	45.66400  	-1.18512  	0.00735  	0.10619  	0.08765  	-3.02442  	0.05883  	-0.08563  	-260.87444  	-1.09018  	25.86942  	31.34148  	-22532.61815  	-13343.85416  	Inf  	-Inf  	0.00414  	0.00003  	0.00419  	0.00414  	0.00446  	0.00000  	0.00000  
80.78129  	25.04078  	59.74179  	59.52244  	45.66854  	-1.18512  	0.00731  	0.10499  	0.08778  	-3.02442  	0.05880  	-0.08568  	-260.93951  	-1.08733  	25.90798  	30.98661  	-22533.50367  	-13344.30072  	Inf  	-Inf  	0.00414  	0.00003  	0.00419  	0.00414  	0.00446  	0.00000  	0.00000  
81.78248  	25.04005  	59.74394  	59.52317  	45.67255  	-1.18512  	0.00723  	0.10566  	0.08706  	-3.02442  	0.05899  	-0.08573  	-260.99954  	-1.09435  	25.69610  	31.18579  	-22534.24344  	-13344.58961  	Inf  	-Inf  	0.00414  	0.00003  	0.00419  	0.00414  	0.00446  	0.00000  	0.00000  
82.78291  	25.03951  	59.74665  	59.52465  	45.67558  	-1.18512  	0.00797  	0.10658  	0.08498  	-3.02442  	0.05926  	-0.08569  	-261.04465  	-1.10043  	25.07960  	31.45725  	-22534.80445  	-13345.00939  	Inf  	-Inf  	0.00414  	0.00003  	0.00419  	0.00415  	0.00447  	0.00000  	0.00000  
83.78276  	25.03952  	59.74784  	59.52588  	45.67892  	-1.18512  	0.00768  	0.10629  	0.08920  	-3.02442  	0.05908  	-0.08565  	-261.08679  	-1.10024  	26.32530  	31.37095  	-22535.55441  	-13345.25245  	Inf  	-Inf  	0.00414  	0.00003  	0.00419  	0.00415  	0.00446  	0.00000  	0.00000  
84.78245  	25.03973  	59.75018  	59.52720  	45.68219  	-1.18512  	0.00703  	0.10630  	0.09131  	-3.02442  	0.05925  	-0.08569  	-261.12560  	-1.10529  	26.95032  	31.37226  	-22536.33890  	-13345.61832  	Inf  	-Inf  	0.00415  	0.00003  	0.00419  	0.00413  	0.00446  	0.00000  	0.00000  
85.78245  	25.04004  	59.75164  	59.53030  	45.68531  	-1.18512  	0.00771  	0.10644  	0.08763  	-3.02442  	0.05927  	-0.08574  	-261.16110  	-1.09714  	25.86330  	31.41490  	-22537.10942  	-13346.07530  	Inf  	-Inf  	0.00414  	0.00003  	0.00419  	0.00415  	0.00447  	0.00000  	0.00000  
86.78233  	25.04013  	59.75353  	59.53276  	45.68919  	-1.18512  	0.00746  	0.10641  	0.08780  	-3.02442  	0.05961  	-0.08570  	-261.20915  	-1.09434  	25.91278  	31.40549  	-22538.00290  	-13346.51136  	Inf  	-Inf  	0.00414  	0.00003  	0.00419  	0.00414  	0.00447  	0.00000  	0.00000  
87.78300  	25.03915  	59.75584  	59.53528  	45.69286  	-1.18512  	0.00701  	0.10662  	0.08960  	-3.02442  	0.05846  	-0.08564  	-261.26800  	-1.09330  	26.44565  	31.46911  	-22538.60704  	-13346.99498  	Inf  	-Inf  	0.00414  	0.00003  	0.00419  	0.00413  	0.00447  	0.00000  	0.00000  
88.78357  	25.03984  	59.75789  	59.53848  	45.69682  	-1.18512  	0.00623  	0.10606  	0.09045  	-3.02442  	0.05947  	-0.08568  	-261.30933  	-1.08762  	26.69458  	31.30300  	-22539.65324  	-13347.52093  	Inf  	-Inf  	0.00414  	0.00003  	0.00419  	0.00412  	0.00446  	0.00000  	0.00000  
89.78445  	25.03912  	59.75925  	59.53901  	45.69900  	-1.18512  	0.00721  	0.10612  	0.08116  	-3.02442  	0.05890  	-0.08567  	-261.34613  	-1.09173  	23.95350  	31.32082  	-22539.98098  	-13347.71098  	Inf  	-Inf  	0.00413  	0.00003  	0.00419  	0.00414  	0.00446  	0.00000  	0.00000  
90.78476  	25.03861  	59.76016  	59.53975  	45.70334  	-1.18512  	0.00650  	0.10686  	0.08692  	-3.02442  	0.05876  	-0.08572  	-261.40738  	-1.09257  	25.65377  	31.53795  	-22540.84221  	-13347.87611  	Inf  	-Inf  	0.00414  	0.00003  	0.00419  	0.00412  	0.00447  	0.00000  	0.00000  
91.78478  	25.03844  	59.76374  	59.54206  	45.70637  	-1.18512  	0.00758  	0.10593  	0.08737  	-3.02442  	0.05847  	-0.08569  	-261.44802  	-1.09889  	25.78553  	31.26399  	-22541.48682  	-13348.46637  	Inf  	-Inf  	0.00414  	0.00003  	0.00419  	0.00415  	0.00446  	0.00000  	0.00000  
92.78464  	25.03872  	59.76543  	59.54605  	45.70944  	-1.18512  	0.00729  	0.10665  	0.08842  	-3.02442  	0.05943  	-0.08567  	-261.48335  	-1.08742  	26.09724  	31.47727  	-22542.23824  	-13349.03565  	Inf  	-Inf  	0.00414  	0.00003  	0.00419  	0.00414  	0.00447  	0.00000  	0.00000  
93.78513  	25.03858  	59.76724  	59.54716  	45.71238  	-1.18512  	0.00780  	0.10601  	0.08808  	-3.02442  	0.05991  	-0.08576  	-261.52226  	-1.09095  	25.99652  	31.28776  	-22542.86815  	-13349.32863  	Inf  	-Inf  	0.00414  	0.00002  	0.00419  	0.00415  	0.00446  	0.00000  	0.00000  
94.78537  	25.03833  	59.76917  	59.54674  	45.71488  	-1.18512  	0.00704  	0.10642  	0.08619  	-3.02442  	0.06099  	-0.08569  	-261.55711  	-1.10257  	25.43892  	31.40887  	-22543.37606  	-13349.47942  	Inf  	-Inf  	0.00414  	0.00003  	0.00420  	0.00414  	0.00447  	0.00000  	0.00000  
95.78537  	25.03856  	59.77123  	59.54914  	45.71813  	-1.18512  	0.00752  	0.10673  	0.08778  	-3.02442  	0.05840  	-0.08566  	-261.59525  	-1.10090  	25.90662  	31.50066  	-22544.15724  	-13349.92690  	Inf  	-Inf  	0.00414  	0.00003  	0.00419  	0.00414  	0.00447  	0.00000  	0.00000  
96.78521  	25.03826  	59.77288  	59.55186  	45.72142  	-1.18512  	0.00701  	0.10661  	0.08400  	-3.02442  	0.06013  	-0.08572  	-261.64086  	-1.09558  	24.79092  	31.46457  	-22544.82975  	-13350.36470  	Inf  	-Inf  	0.00413  	0.00003  	0.00419  	0.00413  	0.00447  	0.00000  	0.00000  
97.78538  	25.03804  	59.77447  	59.55345  	45.72390  	-1.18512  	0.00654  	0.10600  	0.08991  	-3.02442  	0.05876  	-0.08568  	-261.67496  	-1.09558  	26.53526  	31.28459  	-22545.33779  	-13350.68232  	Inf  	-Inf  	0.00414  	0.00003  	0.00419  	0.00413  	0.00446  	0.00000  	0.00000  
98.78538  	25.03793  	59.77659  	59.55470  	45.72670  	-1.18512  	0.00790  	0.10532  	0.08786  	-3.02442  	0.06001  	-0.08567  	-261.71170  	-1.09989  	25.93140  	31.08479  	-22545.94279  	-13351.02136  	Inf  	-Inf  	0.00414  	0.00003  	0.00419  	0.00415  	0.00446  	0.00000  	0.00000  
99.78537  	25.03836  	59.77762  	59.55655  	45.72957  	-1.18512  	0.00806  	0.10700  	0.08737  	-3.02442  	0.05873  	-0.08569  	-261.74268  	-1.09582  	25.78675  	31.58062  	-22546.68629  	-13351.30918  	Inf  	-Inf  	0.00414  	0.00003  	0.00419  	0.00415  	0.00447  	0.00000  	0.00000  
100.78538  	25.03735  	59.77936  	59.55939  	45.73171  	-1.18512  	0.00712  	0.10625  	0.08688  	-3.02442  	0.05830  	-0.08563  	-261.78255  	-1.09035  	25.64112  	31.35943  	-22546.93824  	-13351.76833  	Inf  	-Inf  	0.00414  	0.00003  	0.00419  	0.00414  	0.00446  	0.00000  	0.00000  
101.78535  	25.03735  	59.78091  	59.56214  	45.73403  	-1.18512  	0.00741  	0.10632  	0.08746  	-3.02442  	0.05760  	-0.08565  	-261.81193  	-1.08443  	25.81250  	31.37958  	-22547.45998  	-13352.19948  	Inf  	-Inf  	0.00414  	0.00003  	0.00418  	0.00414  	0.00447  	0.00000  	0.00000  
102.78538  	25.03660  	59.78268  	59.56402  	45.73710  	-1.18512  	0.00756  	0.10699  	0.08823  	-3.02442  	0.05740  	-0.08568  	-261.86038  	-1.08388  	26.03988  	31.57597  	-22547.98249  	-13352.56518  	Inf  	-Inf  	0.00414  	0.00003  	0.00418  	0.00415  	0.00447  	0.00000  	0.00000  
103.78535  	25.03686  	59.78507  	59.56582  	45.74055  	-1.18512  	0.00722  	0.10678  	0.08423  	-3.02442  	0.05890  	-0.08571  	-261.90072  	-1.08680  	24.85919  	31.51556  	-22548.81630  	-13352.98519  	Inf  	-Inf  	0.00413  	0.00003  	0.00419  	0.00414  	0.00447  	0.00000  	0.00000  
104.78535  	25.03615  	59.78670  	59.56658  	45.74317  	-1.18512  	0.00714  	0.10635  	0.08741  	-3.02442  	0.05917  	-0.08567  	-261.94277  	-1.09112  	25.79888  	31.38817  	-22549.24534  	-13353.22518  	Inf  	-Inf  	0.00414  	0.00003  	0.00419  	0.00414  	0.00447  	0.00000  	0.00000  
105.78537  	25.03612  	59.78836  	59.56858  	45.74555  	-1.18512  	0.00681  	0.10661  	0.08642  	-3.02442  	0.05842  	-0.08570  	-261.97330  	-1.08943  	25.50492  	31.46434  	-22549.77415  	-13353.59212  	Inf  	-Inf  	0.00414  	0.00003  	0.00419  	0.00413  	0.00447  	0.00000  	0.00000  
106.78539  	25.03577  	59.79024  	59.57037  	45.74782  	-1.18512  	0.00753  	0.10626  	0.08741  	-3.02442  	0.05797  	-0.08568  	-262.00657  	-1.08989  	25.79729  	31.36109  	-22550.20576  	-13353.95976  	Inf  	-Inf  	0.00414  	0.00003  	0.00419  	0.00414  	0.00446  	0.00000  	0.00000  
107.78535  	25.03561  	59.79170  	59.57121  	45.75029  	-1.18512  	0.00645  	0.10582  	0.08769  	-3.02442  	0.05810  	-0.08567  	-262.03980  	-1.09296  	25.87948  	31.23220  	-22550.72702  	-13354.18999  	Inf  	-Inf  	0.00414  	0.00003  	0.00419  	0.00412  	0.00446  	0.00000  	0.00000  
108.78537  	25.03586  	59.79406  	59.57096  	45.75363  	-1.18512  	0.00702  	0.10590  	0.08839  	-3.02442  	0.06042  	-0.08572  	-262.07896  	-1.10590  	26.08781  	31.25556  	-22551.53421  	-13354.40162  	Inf  	-Inf  	0.00414  	0.00003  	0.00419  	0.00413  	0.00446  	0.00000  	0.00000  
109.78537  	25.03489  	59.79520  	59.57254  	45.75560  	-1.18512  	0.00784  	0.10587  	0.08562  	-3.02442  	0.05884  	-0.08559  	-262.11609  	-1.10367  	25.26989  	31.24715  	-22551.75806  	-13354.67418  	Inf  	-Inf  	0.00414  	0.00003  	0.00419  	0.00415  	0.00446  	0.00000  	0.00000  
110.78552  	25.03500  	59.79611  	59.57293  	45.75843  	-1.18512  	0.00665  	0.10608  	0.08741  	-3.02442  	0.05866  	-0.08567  	-262.15053  	-1.10628  	25.79716  	31.30858  	-22552.41851  	-13354.80493  	Inf  	-Inf  	0.00414  	0.00003  	0.00419  	0.00413  	0.00446  	0.00000  	0.00000  
111.78543  	25.03546  	59.79791  	59.57509  	45.76159  	-1.18512  	0.00718  	0.10612  	0.08769  	-3.02442  	0.05950  	-0.08571  	-262.18478  	-1.10452  	25.88062  	31.32135  	-22553.23442  	-13355.20133  	Inf  	-Inf  	0.00414  	0.00003  	0.00419  	0.00414  	0.00446  	0.00000  	0.00000  
112.78577  	25.03460  	59.79932  	59.57759  	45.76548  	-1.18512  	0.00651  	0.10572  	0.08876  	-3.02442  	0.05968  	-0.08569  	-262.24485  	-1.09913  	26.19628  	31.20280  	-22553.91408  	-13355.59380  	Inf  	-Inf  	0.00414  	0.00003  	0.00419  	0.00413  	0.00446  	0.00000  	0.00000  
113.78539  	25.03543  	59.80102  	59.57906  	45.76835  	-1.18512  	0.00708  	0.10639  	0.08557  	-3.02442  	0.05829  	-0.08569  	-262.27074  	-1.10021  	25.25518  	31.40019  	-22554.74746  	-13355.91147  	Inf  	-Inf  	0.00414  	0.00003  	0.00419  	0.00414  	0.00447  	0.00000  	0.00000  
114.78537  	25.03508  	59.80238  	59.58108  	45.77199  	-1.18512  	0.00701  	0.10625  	0.09184  	-3.02442  	0.05807  	-0.08576  	-262.32120  	-1.09698  	27.10558  	31.35822  	-22555.48531  	-13356.25061  	Inf  	-Inf  	0.00415  	0.00002  	0.00419  	0.00413  	0.00446  	0.00000  	0.00000  
115.78537  	25.03480  	59.80321  	59.58352  	45.77497  	-1.18512  	0.00717  	0.10586  	0.08668  	-3.02442  	0.05919  	-0.08571  	-262.36246  	-1.08897  	25.58167  	31.24360  	-22556.09408  	-13356.57744  	Inf  	-Inf  	0.00414  	0.00003  	0.00419  	0.00414  	0.00446  	0.00000  	0.00000  
116.78535  	25.03420  	59.80556  	59.58464  	45.77874  	-1.18512  	0.00749  	0.10528  	0.08708  	-3.02442  	0.05799  	-0.08570  	-262.41781  	-1.09512  	25.70011  	31.07279  	-22556.80754  	-13356.92601  	Inf  	-Inf  	0.00414  	0.00003  	0.00419  	0.00414  	0.00446  	0.00000  	0.00000  
117.78538  	25.03482  	59.80847  	59.58667  	45.78304  	-1.18512  	0.00696  	0.10587  	0.08757  	-3.02442  	0.05861  	-0.08572  	-262.46447  	-1.09945  	25.84638  	31.24630  	-22557.91301  	-13357.42123  	Inf  	-Inf  	0.00414  	0.00003  	0.00419  	0.00413  	0.00446  	0.00000  	0.00000  
118.78539  	25.03478  	59.80898  	59.58849  	45.78626  	-1.18512  	0.00577  	0.10592  	0.08761  	-3.02442  	0.05860  	-0.08570  	-262.50555  	-1.09297  	25.85778  	31.26217  	-22558.62942  	-13357.65480  	Inf  	-Inf  	0.00414  	0.00003  	0.00419  	0.00411  	0.00446  	0.00000  	0.00000  
119.78865  	25.03348  	59.81061  	59.59141  	45.79040  	-1.18512  	0.00669  	0.10653  	0.08576  	-3.02442  	0.05817  	-0.08565  	-262.57452  	-1.08659  	25.31131  	31.44228  	-22559.26751  	-13358.11048  	Inf  	-Inf  	0.00414  	0.00003  	0.00419  	0.00413  	0.00447  	0.00000  	0.00000  
120.78848  	25.03439  	59.81276  	59.59424  	45.79344  	-1.18512  	0.00758  	0.10643  	0.08698  	-3.02442  	0.05862  	-0.08564  	-262.60150  	-1.08320  	25.66989  	31.41109  	-22560.15409  	-13358.60924  	Inf  	-Inf  	0.00414  	0.00003  	0.00419  	0.00415  	0.00447  	0.00000  	0.00000  
121.78926  	25.03420  	59.81422  	59.59459  	45.79697  	-1.18512  	0.00640  	0.10558  	0.08770  	-3.02442  	0.05813  	-0.08567  	-262.64849  	-1.08868  	25.88423  	31.16131  	-22560.90625  	-13358.79148  	Inf  	-Inf  	0.00414  	0.00003  	0.00419  	0.00412  	0.00446  	0.00000  	0.00000  
122.79080  	25.03456  	59.81568  	59.59550  	45.79984  	-1.18512  	0.00766  	0.10643  	0.08826  	-3.02442  	0.05878  	-0.08568  	-262.68040  	-1.09143  	26.05035  	31.41230  	-22561.63298  	-13359.02852  	Inf  	-Inf  	0.00414  	0.00003  	0.00419  	0.00415  	0.00447  	0.00000  	0.00000  
123.79183  	25.03301  	59.81815  	59.59497  	45.80299  	-1.18512  	0.00647  	0.10561  	0.08659  	-3.02442  	0.05834  	-0.08568  	-262.73968  	-1.10629  	25.55568  	31.16896  	-22561.99374  	-13359.22436  	Inf  	-Inf  	0.00414  	0.00003  	0.00419  	0.00412  	0.00446  	0.00000  	0.00000  
124.79235  	25.03346  	59.81918  	59.59757  	45.80742  	-1.18512  	0.00748  	0.10584  	0.08478  	-3.02442  	0.05768  	-0.08572  	-262.79012  	-1.09847  	25.02260  	31.23686  	-22563.09125  	-13359.58728  	Inf  	-Inf  	0.00414  	0.00003  	0.00418  	0.00414  	0.00446  	0.00000  	0.00000  
125.79282  	25.03273  	59.82035  	59.59809  	45.81067  	-1.18512  	0.00797  	0.10541  	0.08425  	-3.02442  	0.06035  	-0.08567  	-262.84050  	-1.10173  	24.86529  	31.10968  	-22563.65929  	-13359.75746  	Inf  	-Inf  	0.00413  	0.00003  	0.00419  	0.00415  	0.00446  	0.00000  	0.00000  
126.79344  	25.03321  	59.82099  	59.60134  	45.81399  	-1.18512  	0.00679  	0.10598  	0.08567  	-3.02442  	0.05729  	-0.08567  	-262.87650  	-1.08880  	25.28511  	31.27772  	-22564.51342  	-13360.14666  	Inf  	-Inf  	0.00414  	0.00003  	0.00418  	0.00413  	0.00446  	0.00000  	0.00000  
127.79329  	25.03268  	59.82225  	59.60245  	45.81757  	-1.18512  	0.00685  	0.10591  	0.08919  	-3.02442  	0.05942  	-0.08565  	-262.92853  	-1.08951  	26.32244  	31.25940  	-22565.19909  	-13360.38395  	Inf  	-Inf  	0.00414  	0.00003  	0.00419  	0.00413  	0.00446  	0.00000  	0.00000  
128.79341  	25.03347  	59.82417  	59.60326  	45.81995  	-1.18512  	0.00826  	0.10633  	0.08606  	-3.02442  	0.05815  	-0.08567  	-262.94853  	-1.09506  	25.39829  	31.38151  	-22565.91147  	-13360.65811  	Inf  	-Inf  	0.00414  	0.00003  	0.00419  	0.00416  	0.00447  	0.00000  	0.00000  
129.79360  	25.03320  	59.82602  	59.60516  	45.82326  	-1.18512  	0.00702  	0.10605  	0.08575  	-3.02442  	0.05875  	-0.08565  	-262.99396  	-1.09481  	25.30746  	31.30075  	-22566.59737  	-13361.03397  	Inf  	-Inf  	0.00414  	0.00003  	0.00419  	0.00413  	0.00446  	0.00000  	0.00000  
130.79392  	25.03325  	59.82735  	59.60708  	45.82692  	-1.18512  	0.00722  	0.10609  	0.08526  	-3.02442  	0.05897  	-0.08563  	-263.03972  	-1.09188  	25.16443  	31.31043  	-22567.42975  	-13361.35965  	Inf  	-Inf  	0.00414  	0.00003  	0.00419  	0.00414  	0.00446  	0.00000  	0.00000  
131.79312  	25.03303  	59.82871  	59.60808  	45.82852  	-1.18512  	0.00688  	0.10671  	0.08507  	-3.02442  	0.05820  	-0.08570  	-263.06269  	-1.09365  	25.10599  	31.49292  	-22567.74004  	-13361.59635  	Inf  	-Inf  	0.00414  	0.00003  	0.00419  	0.00413  	0.00447  	0.00000  	0.00000  
132.79350  	25.03265  	59.83097  	59.60913  	45.83274  	-1.18512  	0.00630  	0.10606  	0.09083  	-3.02442  	0.05964  	-0.08563  	-263.12102  	-1.09962  	26.80619  	31.30333  	-22568.60435  	-13361.92893  	Inf  	-Inf  	0.00415  	0.00003  	0.00419  	0.00412  	0.00446  	0.00000  	0.00000  
133.79384  	25.03259  	59.83199  	59.61052  	45.83556  	-1.18512  	0.00672  	0.10622  	0.08768  	-3.02442  	0.05982  	-0.08565  	-263.15732  	-1.09784  	25.87876  	31.35042  	-22569.22399  	-13362.17028  	Inf  	-Inf  	0.00414  	0.00003  	0.00419  	0.00413  	0.00446  	0.00000  	0.00000  
134.79316  	25.03318  	59.83283  	59.61201  	45.83761  	-1.18512  	0.00679  	0.10570  	0.08345  	-3.02442  	0.05838  	-0.08571  	-263.17586  	-1.09460  	24.62885  	31.19562  	-22569.81694  	-13362.40355  	Inf  	-Inf  	0.00413  	0.00003  	0.00419  	0.00413  	0.00446  	0.00000  	0.00000  
135.79377  	25.03264  	59.83458  	59.61290  	45.84083  	-1.18512  	0.00682  	0.10671  	0.08633  	-3.02442  	0.05966  	-0.08570  	-263.22343  	-1.09885  	25.47976  	31.49535  	-22570.42205  	-13362.66943  	Inf  	-Inf  	0.00414  	0.00003  	0.00419  	0.00413  	0.00447  	0.00000  	0.00000  
136.79343  	25.03224  	59.83702  	59.61487  	45.84329  	-1.18512  	0.00683  	0.10625  	0.08662  	-3.02442  	0.05828  	-0.08566  	-263.25965  	-1.10122  	25.56495  	31.35757  	-22570.88694  	-13363.11093  	Inf  	-Inf  	0.00414  	0.00003  	0.00419  	0.00413  	0.00446  	0.00000  	0.00000  
137.79377  	25.03120  	59.83805  	59.61557  	45.84661  	-1.18512  	0.00699  	0.10635  	0.08555  	-3.02442  	0.05707  	-0.08571  	-263.31491  	-1.10282  	25.24849  	31.38725  	-22571.39728  	-13363.28409  	Inf  	-Inf  	0.00414  	0.00003  	0.00418  	0.00413  	0.00447  	0.00000  	0.00000  
138.79312  	25.03048  	59.83911  	59.61788  	45.84852  	-1.18512  	0.00743  	0.10675  	0.08786  	-3.02442  	0.05818  	-0.08564  	-263.34811  	-1.09659  	25.92967  	31.50615  	-22571.66587  	-13363.62182  	Inf  	-Inf  	0.00414  	0.00003  	0.00419  	0.00414  	0.00447  	0.00000  	0.00000  
139.79361  	25.03049  	59.84124  	59.62014  	45.85071  	-1.18512  	0.00723  	0.10666  	0.08504  	-3.02442  	0.05813  	-0.08569  	-263.37582  	-1.09596  	25.09785  	31.47936  	-22572.15991  	-13364.06247  	Inf  	-Inf  	0.00414  	0.00003  	0.00419  	0.00414  	0.00447  	0.00000  	0.00000  
140.79359  	25.03061  	59.84238  	59.62226  	45.85377  	-1.18512  	0.00684  	0.10518  	0.09064  	-3.02442  	0.05730  	-0.08567  	-263.41294  	-1.09110  	26.75230  	31.04295  	-22572.87720  	-13364.38879  	Inf  	-Inf  	0.00415  	0.00003  	0.00418  	0.00413  	0.00446  	0.00000  	0.00000  
141.79358  	25.03037  	59.84318  	59.62394  	45.85504  	-1.18512  	0.00690  	0.10742  	0.08690  	-3.02442  	0.06063  	-0.08569  	-263.43209  	-1.08673  	25.64814  	31.70457  	-22573.10549  	-13364.63826  	Inf  	-Inf  	0.00414  	0.00003  	0.00419  	0.00413  	0.00447  	0.00000  	0.00000  
142.79374  	25.03042  	59.84465  	59.62422  	45.85836  	-1.18512  	0.00716  	0.10648  	0.08536  	-3.02442  	0.06007  	-0.08572  	-263.47347  	-1.09268  	25.19393  	31.42523  	-22573.86439  	-13364.81320  	Inf  	-Inf  	0.00414  	0.00003  	0.00419  	0.00414  	0.00447  	0.00000  	0.00000  
143.79397  	25.02961  	59.84661  	59.62576  	45.86063  	-1.18512  	0.00772  	0.10585  	0.08689  	-3.02442  	0.05843  	-0.08570  	-263.51249  	-1.09478  	25.64433  	31.24041  	-22574.19531  	-13365.16449  	Inf  	-Inf  	0.00414  	0.00003  	0.00419  	0.00415  	0.00446  	0.00000  	0.00000  
144.79377  	25.03061  	59.84804  	59.62691  	45.86360  	-1.18512  	0.00696  	0.10733  	0.08506  	-3.02442  	0.05827  	-0.08570  	-263.53733  	-1.09613  	25.10363  	31.67836  	-22575.08719  	-13365.42267  	Inf  	-Inf  	0.00414  	0.00003  	0.00419  	0.00413  	0.00447  	0.00000  	0.00000  
145.79326  	25.03037  	59.84878  	59.62860  	45.86579  	-1.18512  	0.00614  	0.10666  	0.08520  	-3.02442  	0.05824  	-0.08573  	-263.56820  	-1.09141  	25.14513  	31.47853  	-22575.52435  	-13365.66626  	Inf  	-Inf  	0.00414  	0.00003  	0.00419  	0.00412  	0.00447  	0.00000  	0.00000  
146.79360  	25.03064  	59.84895  	59.62867  	45.86752  	-1.18512  	0.00693  	0.10620  	0.08725  	-3.02442  	0.05961  	-0.08567  	-263.58670  	-1.09188  	25.74950  	31.34373  	-22575.97439  	-13365.69113  	Inf  	-Inf  	0.00414  	0.00003  	0.00419  	0.00413  	0.00446  	0.00000  	0.00000  
147.79406  	25.02997  	59.85169  	59.62952  	45.86915  	-1.18512  	0.00781  	0.10627  	0.09191  	-3.02442  	0.05933  	-0.08564  	-263.61579  	-1.10125  	27.12639  	31.36314  	-22576.19005  	-13366.05097  	Inf  	-Inf  	0.00415  	0.00003  	0.00419  	0.00415  	0.00446  	0.00000  	0.00000  
148.79337  	25.02889  	59.85295  	59.63184  	45.87160  	-1.18512  	0.00748  	0.10707  	0.08532  	-3.02442  	0.06021  	-0.08573  	-263.66050  	-1.09602  	25.18250  	31.60084  	-22576.49981  	-13366.40963  	Inf  	-Inf  	0.00414  	0.00003  	0.00419  	0.00414  	0.00447  	0.00000  	0.00000  
149.79363  	25.02845  	59.85445  	59.63241  	45.87389  	-1.18512  	0.00730  	0.10624  	0.08576  	-3.02442  	0.05844  	-0.08564  	-263.69505  	-1.10063  	25.31054  	31.35418  	-22576.91619  	-13366.61806  	Inf  	-Inf  	0.00414  	0.00003  	0.00419  	0.00414  	0.00446  	0.00000  	0.00000  
150.79395  	25.02895  	59.85637  	59.63460  	45.87523  	-1.18512  	0.00774  	0.10626  	0.08640  	-3.02442  	0.05809  	-0.08570  	-263.70565  	-1.09926  	25.50054  	31.36165  	-22577.32747  	-13367.03008  	Inf  	-Inf  	0.00414  	0.00003  	0.00419  	0.00415  	0.00446  	0.00000  	0.00000  
151.79371  	25.02822  	59.85766  	59.63660  	45.87809  	-1.18512  	0.00683  	0.10683  	0.08692  	-3.02442  	0.05703  	-0.08568  	-263.75111  	-1.09577  	25.65318  	31.53061  	-22577.80878  	-13367.35917  	Inf  	-Inf  	0.00414  	0.00003  	0.00418  	0.00413  	0.00447  	0.00000  	0.00000  
152.79331  	25.02810  	59.85833  	59.63779  	45.87987  	-1.18512  	0.00759  	0.10681  	0.08840  	-3.02442  	0.05765  	-0.08570  	-263.77518  	-1.09324  	26.09102  	31.52412  	-22578.18129  	-13367.54649  	Inf  	-Inf  	0.00414  	0.00003  	0.00418  	0.00415  	0.00447  	0.00000  	0.00000  
153.79349  	25.02775  	59.85987  	59.63847  	45.88170  	-1.18512  	0.00631  	0.10706  	0.08735  	-3.02442  	0.06050  	-0.08573  	-263.80280  	-1.09746  	25.77970  	31.59646  	-22578.51577  	-13367.76860  	Inf  	-Inf  	0.00414  	0.00003  	0.00419  	0.00412  	0.00447  	0.00000  	0.00000  
154.79397  	25.02772  	59.86012  	59.63934  	45.88388  	-1.18512  	0.00758  	0.10647  	0.08631  	-3.02442  	0.05869  	-0.08569  	-263.83074  	-1.09438  	25.47410  	31.42295  	-22578.99759  	-13367.88166  	Inf  	-Inf  	0.00414  	0.00003  	0.00419  	0.00415  	0.00447  	0.00000  	0.00000  
155.79329  	25.02830  	59.86148  	59.63935  	45.88697  	-1.18512  	0.00707  	0.10649  	0.08867  	-3.02442  	0.05772  	-0.08569  	-263.86238  	-1.10109  	26.17018  	31.42980  	-22579.82374  	-13368.01836  	Inf  	-Inf  	0.00414  	0.00003  	0.00418  	0.00414  	0.00447  	0.00000  	0.00000  
156.79364  	25.02740  	59.86352  	59.64064  	45.88688  	-1.18512  	0.00742  	0.10691  	0.08904  	-3.02442  	0.05969  	-0.08573  	-263.87272  	-1.10478  	26.27820  	31.55439  	-22579.60048  	-13368.35280  	Inf  	-Inf  	0.00414  	0.00003  	0.00419  	0.00414  	0.00447  	0.00000  	0.00000  
157.79394  	25.02707  	59.86415  	59.64203  	45.88890  	-1.18512  	0.00807  	0.10670  	0.08703  	-3.02442  	0.05793  	-0.08563  	-263.90247  	-1.10102  	25.68666  	31.49132  	-22579.97997  	-13368.55546  	Inf  	-Inf  	0.00414  	0.00003  	0.00419  	0.00416  	0.00447  	0.00000  	0.00000  
158.79335  	25.02637  	59.86531  	59.64234  	45.89093  	-1.18512  	0.00793  	0.10545  	0.08651  	-3.02442  	0.05782  	-0.08563  	-263.93704  	-1.10526  	25.53165  	31.12182  	-22580.27938  	-13368.70251  	Inf  	-Inf  	0.00414  	0.00003  	0.00419  	0.00415  	0.00446  	0.00000  	0.00000  
159.79386  	25.02644  	59.86623  	59.64432  	45.89375  	-1.18512  	0.00666  	0.10683  	0.08525  	-3.02442  	0.05897  	-0.08570  	-263.97196  	-1.10001  	25.16146  	31.53007  	-22580.93125  	-13368.99447  	Inf  	-Inf  	0.00414  	0.00003  	0.00419  	0.00413  	0.00447  	0.00000  	0.00000  
160.79335  	25.02671  	59.86730  	59.64599  	45.89583  	-1.18512  	0.00596  	0.10543  	0.08763  	-3.02442  	0.05925  	-0.08566  	-263.99475  	-1.09702  	25.86236  	31.11641  	-22581.46117  	-13369.26918  	Inf  	-Inf  	0.00414  	0.00003  	0.00419  	0.00411  	0.00446  	0.00000  	0.00000  
161.79364  	25.02574  	59.86725  	59.64653  	45.89872  	-1.18512  	0.00744  	0.10612  	0.08332  	-3.02442  	0.05914  	-0.08571  	-264.04361  	-1.09408  	24.59131  	31.31992  	-22581.89283  	-13369.31733  	Inf  	-Inf  	0.00413  	0.00003  	0.00419  	0.00414  	0.00446  	0.00000  	0.00000  
162.79379  	25.02565  	59.86795  	59.64741  	45.90118  	-1.18512  	0.00739  	0.10594  	0.08629  	-3.02442  	0.05852  	-0.08570  	-264.07587  	-1.09320  	25.46836  	31.26831  	-22582.42409  	-13369.47607  	Inf  	-Inf  	0.00414  	0.00003  	0.00419  	0.00414  	0.00446  	0.00000  	0.00000  
163.79373  	25.02610  	59.87025  	59.64882  	45.90316  	-1.18512  	0.00711  	0.10692  	0.08716  	-3.02442  	0.05860  	-0.08572  	-264.09531  	-1.09762  	25.72507  	31.55613  	-22582.97092  	-13369.84837  	Inf  	-Inf  	0.00414  	0.00003  	0.00419  	0.00414  	0.00447  	0.00000  	0.00000  
164.79408  	25.02519  	59.87162  	59.65047  	45.90632  	-1.18512  	0.00697  	0.10639  	0.08610  	-3.02442  	0.05789  	-0.08566  	-264.14681  	-1.09620  	25.41120  	31.40002  	-22583.47848  	-13370.15099  	Inf  	-Inf  	0.00414  	0.00003  	0.00419  	0.00413  	0.00447  	0.00000  	0.00000  
165.79455  	25.02552  	59.87197  	59.65105  	45.90854  	-1.18512  	0.00769  	0.10590  	0.08635  	-3.02442  	0.05938  	-0.08565  	-264.17079  	-1.09512  	25.48566  	31.25618  	-22584.05113  	-13370.24445  	Inf  	-Inf  	0.00414  	0.00003  	0.00419  	0.00415  	0.00446  	0.00000  	0.00000  
166.79486  	25.02554  	59.87170  	59.65192  	45.91140  	-1.18512  	0.00797  	0.10543  	0.08797  	-3.02442  	0.05809  	-0.08568  	-264.20666  	-1.08945  	25.96245  	31.11673  	-22584.69991  	-13370.30480  	Inf  	-Inf  	0.00414  	0.00003  	0.00419  	0.00415  	0.00446  	0.00000  	0.00000  
167.79546  	25.02541  	59.87354  	59.65278  	45.91462  	-1.18512  	0.00740  	0.10551  	0.08622  	-3.02442  	0.05881  	-0.08563  	-264.24900  	-1.09432  	25.44586  	31.13923  	-22585.39482  	-13370.57544  	Inf  	-Inf  	0.00414  	0.00003  	0.00419  	0.00414  	0.00446  	0.00000  	0.00000  
168.79536  	25.02538  	59.87473  	59.65268  	45.91696  	-1.18512  	0.00778  	0.10700  	0.08688  	-3.02442  	0.05951  	-0.08566  	-264.27903  	-1.10070  	25.64268  	31.58063  	-22585.91352  	-13370.68541  	Inf  	-Inf  	0.00414  	0.00003  	0.00419  	0.00415  	0.00447  	0.00000  	0.00000  
169.79551  	25.02514  	59.87572  	59.65353  	45.92022  	-1.18512  	0.00721  	0.10580  	0.08627  	-3.02442  	0.05904  	-0.08567  	-264.32335  	-1.10137  	25.46088  	31.22506  	-22586.59336  	-13370.86896  	Inf  	-Inf  	0.00414  	0.00003  	0.00419  	0.00414  	0.00446  	0.00000  	0.00000  
170.79539  	25.02543  	59.87680  	59.65480  	45.92217  	-1.18512  	0.00754  	0.10584  	0.08771  	-3.02442  	0.05977  	-0.08568  	-264.34431  	-1.10045  	25.88694  	31.23705  	-22587.09779  	-13371.10525  	Inf  	-Inf  	0.00414  	0.00003  	0.00419  	0.00414  	0.00446  	0.00000  	0.00000  
171.79558  	25.02505  	59.87841  	59.65639  	45.92524  	-1.18512  	0.00722  	0.10608  	0.08710  	-3.02442  	0.05657  	-0.08562  	-264.38809  	-1.10050  	25.70745  	31.30802  	-22587.70243  	-13371.42593  	Inf  	-Inf  	0.00414  	0.00003  	0.00418  	0.00414  	0.00446  	0.00000  	0.00000  
172.79532  	25.02539  	59.87856  	59.65751  	45.92866  	-1.18512  	0.00793  	0.10597  	0.08641  	-3.02442  	0.06018  	-0.08563  	-264.42692  	-1.09572  	25.50319  	31.27626  	-22588.54707  	-13371.55335  	Inf  	-Inf  	0.00414  	0.00003  	0.00419  	0.00415  	0.00446  	0.00000  	0.00000  
173.79639  	25.02413  	59.88007  	59.65943  	45.93111  	-1.18512  	0.00729  	0.10588  	0.08756  	-3.02442  	0.05845  	-0.08565  	-264.47391  	-1.09371  	25.84307  	31.24881  	-22588.81414  	-13371.89774  	Inf  	-Inf  	0.00414  	0.00003  	0.00419  	0.00414  	0.00446  	0.00000  	0.00000  
174.79669  	25.02494  	59.88157  	59.65916  	45.93338  	-1.18512  	0.00646  	0.10505  	0.08839  	-3.02442  	0.05931  	-0.08568  	-264.49244  	-1.10249  	26.08845  	31.00453  	-22589.51019  	-13372.02071  	Inf  	-Inf  	0.00414  	0.00003  	0.00419  	0.00412  	0.00446  	0.00000  	0.00000  
175.79706  	25.02388  	59.88184  	59.66033  	45.93612  	-1.18512  	0.00639  	0.10619  	0.09102  	-3.02442  	0.06032  	-0.08567  	-264.54048  	-1.09800  	26.86423  	31.34090  	-22589.88563  	-13372.16513  	Inf  	-Inf  	0.00415  	0.00003  	0.00419  	0.00412  	0.00446  	0.00000  	0.00000  
176.79728  	25.02365  	59.88298  	59.66163  	45.93968  	-1.18512  	0.00706  	0.10650  	0.08519  	-3.02442  	0.05820  	-0.08565  	-264.58845  	-1.09720  	25.14398  	31.43304  	-22590.63602  	-13372.40974  	Inf  	-Inf  	0.00414  	0.00003  	0.00419  	0.00414  	0.00447  	0.00000  	0.00000  
177.79749  	25.02330  	59.88348  	59.66317  	45.94227  	-1.18512  	0.00706  	0.10616  	0.09054  	-3.02442  	0.05985  	-0.08564  	-264.62566  	-1.09207  	26.72144  	31.33325  	-22591.14094  	-13372.61477  	Inf  	-Inf  	0.00414  	0.00003  	0.00419  	0.00414  	0.00446  	0.00000  	0.00000  
178.79749  	25.02313  	59.88441  	59.66500  	45.94415  	-1.18512  	0.00751  	0.10570  	0.08629  	-3.02442  	0.05860  	-0.08564  	-264.65166  	-1.08759  	25.46632  	31.19497  	-22591.52576  	-13372.89241  	Inf  	-Inf  	0.00414  	0.00003  	0.00419  	0.00414  	0.00446  	0.00000  	0.00000  
179.79738  	25.02289  	59.88596  	59.66519  	45.94729  	-1.18512  	0.00785  	0.10553  	0.08840  	-3.02442  	0.05819  	-0.08567  	-264.69434  	-1.09434  	26.09014  	31.14733  	-22592.17735  	-13373.06641  	Inf  	-Inf  	0.00414  	0.00003  	0.00419  	0.00415  	0.00446  	0.00000  	0.00000  
180.79748  	25.02309  	59.88773  	59.66703  	45.94973  	-1.18512  	0.00749  	0.10562  	0.08519  	-3.02442  	0.05840  	-0.08566  	-264.72276  	-1.09398  	25.14413  	31.17324  	-22592.77188  	-13373.42909  	Inf  	-Inf  	0.00414  	0.00003  	0.00419  	0.00414  	0.00446  	0.00000  	0.00000  
181.79848  	25.02415  	59.88829  	59.66842  	45.95169  	-1.18512  	0.00760  	0.10513  	0.08986  	-3.02442  	0.05743  	-0.08570  	-264.73423  	-1.08987  	26.52047  	31.02696  	-22593.45004  	-13373.62447  	Inf  	-Inf  	0.00414  	0.00003  	0.00418  	0.00415  	0.00446  	0.00000  	0.00000  
182.79853  	25.02335  	59.88940  	59.66942  	45.95308  	-1.18512  	0.00694  	0.10530  	0.08795  	-3.02442  	0.05925  	-0.08569  	-264.76184  	-1.09044  	25.95653  	31.07710  	-22593.58323  	-13373.83587  	Inf  	-Inf  	0.00414  	0.00003  	0.00419  	0.00413  	0.00446  	0.00000  	0.00000  
183.79850  	25.02270  	59.88992  	59.66987  	45.95541  	-1.18512  	0.00648  	0.10545  	0.08738  	-3.02442  	0.05744  	-0.08570  	-264.79964  	-1.09075  	25.78825  	31.12361  	-22593.96159  	-13373.93323  	Inf  	-Inf  	0.00414  	0.00003  	0.00418  	0.00412  	0.00446  	0.00000  	0.00000  
184.79978  	25.02298  	59.89106  	59.67053  	45.95847  	-1.18512  	0.00804  	0.10754  	0.08797  	-3.02442  	0.05975  	-0.08568  	-264.83480  	-1.09316  	25.96357  	31.73777  	-22594.71168  	-13374.11366  	Inf  	-Inf  	0.00414  	0.00003  	0.00419  	0.00415  	0.00447  	0.00000  	0.00000  
185.80153  	25.02237  	59.89180  	59.67106  	45.95998  	-1.18512  	0.00677  	0.10630  	0.08765  	-3.02442  	0.05711  	-0.08568  	-264.86155  	-1.09419  	25.86814  	31.37429  	-22594.91434  	-13374.24166  	Inf  	-Inf  	0.00414  	0.00003  	0.00418  	0.00413  	0.00446  	0.00000  	0.00000  
186.80256  	25.02197  	59.89293  	59.66995  	45.96317  	-1.18512  	0.00781  	0.10684  	0.08830  	-3.02442  	0.05931  	-0.08571  	-264.90711  	-1.10528  	26.06043  	31.53139  	-22595.54280  	-13374.24374  	Inf  	-Inf  	0.00414  	0.00003  	0.00419  	0.00415  	0.00447  	0.00000  	0.00000  
187.80343  	25.02210  	59.89352  	59.67062  	45.96404  	-1.18512  	0.00734  	0.10556  	0.08858  	-3.02442  	0.05970  	-0.08566  	-264.91647  	-1.10492  	26.14464  	31.15542  	-22595.76845  	-13374.36907  	Inf  	-Inf  	0.00414  	0.00003  	0.00419  	0.00414  	0.00446  	0.00000  	0.00000  
188.80451  	25.02189  	59.89455  	59.67276  	45.96670  	-1.18512  	0.00675  	0.10607  	0.08903  	-3.02442  	0.05985  	-0.08570  	-264.95270  	-1.09939  	26.27698  	31.30443  	-22596.31897  	-13374.68805  	Inf  	-Inf  	0.00414  	0.00003  	0.00419  	0.00413  	0.00446  	0.00000  	0.00000  
189.80473  	25.02216  	59.89542  	59.67348  	45.96800  	-1.18512  	0.00750  	0.10626  	0.08862  	-3.02442  	0.05965  	-0.08568  	-264.96577  	-1.10014  	26.15539  	31.36235  	-22596.67189  	-13374.84796  	Inf  	-Inf  	0.00414  	0.00003  	0.00419  	0.00414  	0.00446  	0.00000  	0.00000  
190.80662  	25.02117  	59.89580  	59.67375  	45.97030  	-1.18512  	0.00757  	0.10600  	0.08851  	-3.02442  	0.05892  	-0.08565  	-265.00743  	-1.10069  	26.12409  	31.28453  	-22596.96612  	-13374.91157  	Inf  	-Inf  	0.00414  	0.00003  	0.00419  	0.00415  	0.00446  	0.00000  	0.00000  
191.80749  	25.02064  	59.89660  	59.67527  	45.97107  	-1.18512  	0.00725  	0.10631  	0.08903  	-3.02442  	0.05898  	-0.08567  	-265.02388  	-1.09709  	26.27570  	31.37633  	-22597.01987  	-13375.14513  	Inf  	-Inf  	0.00414  	0.00003  	0.00419  	0.00414  	0.00446  	0.00000  	0.00000  
192.80748  	25.01994  	59.89761  	59.67596  	45.97246  	-1.18512  	0.00730  	0.10615  	0.08875  	-3.02442  	0.05826  	-0.08563  	-265.05033  	-1.09869  	26.19480  	31.32775  	-22597.17488  	-13375.31525  	Inf  	-Inf  	0.00414  	0.00003  	0.00419  	0.00414  	0.00446  	0.00000  	0.00000  
193.80745  	25.02014  	59.89852  	59.67728  	45.97497  	-1.18512  	0.00726  	0.10511  	0.08832  	-3.02442  	0.05862  	-0.08569  	-265.07947  	-1.09668  	26.06810  	31.02185  	-22597.78669  	-13375.53971  	Inf  	-Inf  	0.00414  	0.00003  	0.00419  	0.00414  	0.00446  	0.00000  	0.00000  
194.80737  	25.01948  	59.89897  	59.67799  	45.97586  	-1.18512  	0.00723  	0.10630  	0.08694  	-3.02442  	0.05926  	-0.08569  	-265.09914  	-1.09540  	25.65863  	31.37245  	-22597.83678  	-13375.65603  	Inf  	-Inf  	0.00414  	0.00003  	0.00419  	0.00414  	0.00446  	0.00000  	0.00000  
195.80848  	25.01980  	59.90007  	59.67879  	45.97762  	-1.18512  	0.00717  	0.10698  	0.08899  	-3.02442  	0.05758  	-0.08566  	-265.11746  	-1.09690  	26.26516  	31.57336  	-22598.30675  	-13375.84627  	Inf  	-Inf  	0.00414  	0.00003  	0.00418  	0.00414  	0.00447  	0.00000  	0.00000  
196.80860  	25.01911  	59.90066  	59.68006  	45.97907  	-1.18512  	0.00793  	0.10579  	0.09016  	-3.02442  	0.05788  	-0.08567  	-265.14444  	-1.09348  	26.61026  	31.22266  	-22598.47767  	-13376.03332  	Inf  	-Inf  	0.00414  	0.00003  	0.00419  	0.00415  	0.00446  	0.00000  	0.00000  
197.80848  	25.01897  	59.90186  	59.68046  	45.98052  	-1.18512  	0.00623  	0.10650  	0.08615  	-3.02442  	0.05920  	-0.08566  	-265.16467  	-1.09749  	25.42542  	31.43270  	-22598.77144  	-13376.19404  	Inf  	-Inf  	0.00414  	0.00003  	0.00419  	0.00412  	0.00447  	0.00000  	0.00000  
198.80853  	25.01857  	59.90183  	59.68087  	45.98223  	-1.18512  	0.00728  	0.10717  	0.09054  	-3.02442  	0.05994  	-0.08572  	-265.19139  	-1.09527  	26.72135  	31.63022  	-22599.06594  	-13376.23167  	Inf  	-Inf  	0.00414  	0.00003  	0.00419  	0.00414  	0.00447  	0.00000  	0.00000  
199.80864  	25.01903  	59.90209  	59.68015  	45.98379  	-1.18512  	0.00787  	0.10682  	0.08661  	-3.02442  	0.05936  	-0.08568  	-265.20521  	-1.10015  	25.56154  	31.52652  	-22599.52239  	-13376.18566  	Inf  	-Inf  	0.00414  	0.00003  	0.00419  	0.00415  	0.00447  	0.00000  	0.00000  
200.80854  	25.01897  	59.90285  	59.68131  	45.98542  	-1.18512  	0.00704  	0.10631  	0.08925  	-3.02442  	0.05730  	-0.08567  	-265.22662  	-1.09817  	26.34193  	31.37514  	-22599.87408  	-13376.37765  	Inf  	-Inf  	0.00414  	0.00003  	0.00418  	0.00414  	0.00446  	0.00000  	0.00000  
201.80855  	25.01820  	59.90359  	59.68195  	45.98632  	-1.18512  	0.00687  	0.10609  	0.09005  	-3.02442  	0.05924  	-0.08566  	-265.24782  	-1.09869  	26.57710  	31.31212  	-22599.90411  	-13376.51667  	Inf  	-Inf  	0.00414  	0.00003  	0.00419  	0.00413  	0.00446  	0.00000  	0.00000  
202.80848  	25.01780  	59.90423  	59.68235  	45.98744  	-1.18512  	0.00680  	0.10638  	0.08477  	-3.02442  	0.05935  	-0.08568  	-265.26699  	-1.09981  	25.01865  	31.39757  	-22600.06425  	-13376.62117  	Inf  	-Inf  	0.00414  	0.00003  	0.00419  	0.00413  	0.00447  	0.00000  	0.00000  
203.80849  	25.01719  	59.90513  	59.68256  	45.98907  	-1.18512  	0.00770  	0.10714  	0.08778  	-3.02442  	0.06048  	-0.08571  	-265.29542  	-1.10327  	25.90639  	31.62185  	-22600.29534  	-13376.73240  	Inf  	-Inf  	0.00414  	0.00003  	0.00419  	0.00415  	0.00447  	0.00000  	0.00000  
204.80846  	25.01763  	59.90550  	59.68326  	45.99031  	-1.18512  	0.00706  	0.10617  	0.08997  	-3.02442  	0.05832  	-0.08569  	-265.30543  	-1.10162  	26.55449  	31.33366  	-22600.67311  	-13376.83954  	Inf  	-Inf  	0.00414  	0.00003  	0.00419  	0.00414  	0.00446  	0.00000  	0.00000  
205.81010  	25.01671  	59.90561  	59.68344  	45.99174  	-1.18512  	0.00720  	0.10638  	0.08905  	-3.02442  	0.05846  	-0.08568  	-265.33509  	-1.10129  	26.28181  	31.39542  	-22600.78786  	-13376.86923  	Inf  	-Inf  	0.00414  	0.00003  	0.00419  	0.00414  	0.00447  	0.00000  	0.00000  
206.81064  	25.01624  	59.90636  	59.68278  	45.99352  	-1.18512  	0.00785  	0.10695  	0.08714  	-3.02442  	0.05944  	-0.08567  	-265.36361  	-1.10827  	25.71913  	31.56427  	-22601.08380  	-13376.87744  	Inf  	-Inf  	0.00414  	0.00003  	0.00419  	0.00415  	0.00447  	0.00000  	0.00000  
207.81090  	25.01609  	59.90727  	59.68261  	45.99497  	-1.18512  	0.00792  	0.10640  	0.08210  	-3.02442  	0.05933  	-0.08565  	-265.38391  	-1.11362  	24.22974  	31.40151  	-22601.37452  	-13376.95159  	Inf  	-Inf  	0.00413  	0.00003  	0.00419  	0.00415  	0.00447  	0.00000  	0.00000  
208.81067  	25.01621  	59.90736  	59.68465  	45.99628  	-1.18512  	0.00735  	0.10570  	0.08812  	-3.02442  	0.05902  	-0.08574  	-265.39907  	-1.10394  	26.00622  	31.19541  	-22601.69714  	-13377.16625  	Inf  	-Inf  	0.00414  	0.00002  	0.00419  	0.00414  	0.00446  	0.00000  	0.00000  
209.81066  	25.01625  	59.90788  	59.68668  	45.99807  	-1.18512  	0.00744  	0.10502  	0.08364  	-3.02442  	0.05935  	-0.08572  	-265.42109  	-1.09650  	24.68431  	30.99610  	-22602.10931  	-13377.42211  	Inf  	-Inf  	0.00413  	0.00003  	0.00419  	0.00414  	0.00446  	0.00000  	0.00000  
210.81047  	25.01632  	59.90900  	59.68724  	45.99937  	-1.18512  	0.00707  	0.10722  	0.08760  	-3.02442  	0.05988  	-0.08569  	-265.43675  	-1.09925  	25.85426  	31.64340  	-22602.41710  	-13377.58997  	Inf  	-Inf  	0.00414  	0.00003  	0.00419  	0.00414  	0.00447  	0.00000  	0.00000  
211.81088  	25.01585  	59.90923  	59.68726  	46.00028  	-1.18512  	0.00792  	0.10561  	0.08678  	-3.02442  	0.05963  	-0.08568  	-265.45413  	-1.10027  	25.61191  	31.16927  	-22602.51699  	-13377.61530  	Inf  	-Inf  	0.00414  	0.00003  	0.00419  	0.00415  	0.00446  	0.00000  	0.00000  
212.81022  	25.01492  	59.91009  	59.68818  	46.00160  	-1.18512  	0.00764  	0.10542  	0.08655  	-3.02442  	0.05775  	-0.08567  	-265.48263  	-1.10000  	25.54371  	31.11411  	-22602.60198  	-13377.79378  	Inf  	-Inf  	0.00414  	0.00003  	0.00418  	0.00415  	0.00446  	0.00000  	0.00000  
213.81085  	25.01595  	59.91120  	59.68921  	46.00366  	-1.18512  	0.00756  	0.10584  	0.08585  	-3.02442  	0.05960  	-0.08569  	-265.49565  	-1.10035  	25.33653  	31.23818  	-22603.30014  	-13378.00871  	Inf  	-Inf  	0.00414  	0.00003  	0.00419  	0.00415  	0.00446  	0.00000  	0.00000  
214.81043  	25.01494  	59.91123  	59.68835  	46.00563  	-1.18512  	0.00771  	0.10654  	0.08879  	-3.02442  	0.05973  	-0.08569  	-265.53340  	-1.10478  	26.20447  	31.44358  	-22603.51418  	-13377.92607  	Inf  	-Inf  	0.00414  	0.00003  	0.00419  	0.00415  	0.00447  	0.00000  	0.00000  
215.81176  	25.01488  	59.91151  	59.68842  	46.00817  	-1.18512  	0.00632  	0.10638  	0.08771  	-3.02442  	0.05821  	-0.08571  	-265.56635  	-1.10585  	25.88646  	31.39745  	-22604.07184  	-13377.96137  	Inf  	-Inf  	0.00414  	0.00003  	0.00419  	0.00412  	0.00447  	0.00000  	0.00000  
216.81282  	25.01497  	59.91176  	59.68923  	46.00981  	-1.18512  	0.00795  	0.10613  	0.08657  	-3.02442  	0.05781  	-0.08567  	-265.58584  	-1.10305  	25.55025  	31.32220  	-22604.46155  	-13378.06711  	Inf  	-Inf  	0.00414  	0.00003  	0.00418  	0.00415  	0.00446  	0.00000  	0.00000  
217.81234  	25.01467  	59.91231  	59.68941  	46.01144  	-1.18512  	0.00703  	0.10616  	0.08828  	-3.02442  	0.05967  	-0.08570  	-265.61024  	-1.10489  	26.05552  	31.33094  	-22604.76017  	-13378.13991  	Inf  	-Inf  	0.00414  	0.00003  	0.00419  	0.00413  	0.00446  	0.00000  	0.00000  
218.81287  	25.01386  	59.91312  	59.69075  	46.01447  	-1.18512  	0.00739  	0.10572  	0.08767  	-3.02442  	0.05882  	-0.08566  	-265.65897  	-1.10226  	25.87458  	31.20239  	-22605.26165  	-13378.35656  	Inf  	-Inf  	0.00414  	0.00003  	0.00419  	0.00414  	0.00446  	0.00000  	0.00000  
219.81383  	25.01492  	59.91372  	59.69099  	46.01708  	-1.18512  	0.00811  	0.10624  	0.08390  	-3.02442  	0.05889  	-0.08569  	-265.67860  	-1.10406  	24.76107  	31.35561  	-22606.08607  	-13378.43987  	Inf  	-Inf  	0.00413  	0.00003  	0.00419  	0.00416  	0.00446  	0.00000  	0.00000  
220.81427  	25.01436  	59.91455  	59.69130  	46.01949  	-1.18512  	0.00746  	0.10557  	0.08685  	-3.02442  	0.06018  	-0.08570  	-265.71612  	-1.10663  	25.63387  	31.15912  	-22606.50399  	-13378.55434  	Inf  	-Inf  	0.00414  	0.00003  	0.00419  	0.00414  	0.00446  	0.00000  	0.00000  
221.81508  	25.01368  	59.91564  	59.69214  	46.02116  	-1.18512  	0.00700  	0.10506  	0.08532  	-3.02442  	0.05708  	-0.08562  	-265.74577  	-1.10789  	25.18211  	31.00873  	-22606.72566  	-13378.74893  	Inf  	-Inf  	0.00414  	0.00003  	0.00418  	0.00413  	0.00446  	0.00000  	0.00000  
222.81450  	25.01376  	59.91559  	59.69359  	46.02331  	-1.18512  	0.00779  	0.10555  	0.08606  	-3.02442  	0.05875  	-0.08564  	-265.77196  	-1.10043  	25.40016  	31.15207  	-22607.22688  	-13378.88920  	Inf  	-Inf  	0.00414  	0.00003  	0.00419  	0.00415  	0.00446  	0.00000  	0.00000  
223.81498  	25.01377  	59.91533  	59.69373  	46.02602  	-1.18512  	0.00713  	0.10634  	0.08735  	-3.02442  	0.05881  	-0.08567  	-265.80625  	-1.09844  	25.77985  	31.38501  	-22607.83862  	-13378.87758  	Inf  	-Inf  	0.00414  	0.00003  	0.00419  	0.00414  	0.00447  	0.00000  	0.00000  
224.81535  	25.01308  	59.91729  	59.69508  	46.02748  	-1.18512  	0.00752  	0.10529  	0.08652  	-3.02442  	0.05889  	-0.08569  	-265.83347  	-1.10147  	25.53574  	31.07461  	-22608.01317  	-13379.20945  	Inf  	-Inf  	0.00414  	0.00003  	0.00419  	0.00414  	0.00446  	0.00000  	0.00000  
225.81562  	25.01350  	59.91744  	59.69412  	46.02903  	-1.18512  	0.00622  	0.10587  	0.08557  	-3.02442  	0.05831  	-0.08567  	-265.84765  	-1.10698  	25.25406  	31.24561  	-22608.45623  	-13379.12857  	Inf  	-Inf  	0.00414  	0.00003  	0.00419  	0.00412  	0.00446  	0.00000  	0.00000  
226.81537  	25.01326  	59.91773  	59.69567  	46.03100  	-1.18512  	0.00661  	0.10601  	0.08793  	-3.02442  	0.05929  	-0.08564  	-265.87571  	-1.10071  	25.95192  	31.28729  	-22608.84357  	-13379.31220  	Inf  	-Inf  	0.00414  	0.00003  	0.00419  	0.00413  	0.00446  	0.00000  	0.00000  
227.81535  	25.01266  	59.91845  	59.69593  	46.03231  	-1.18512  	0.00650  	0.10539  	0.08951  	-3.02442  	0.05952  	-0.08568  	-265.89993  	-1.10303  	26.41852  	31.10613  	-22609.00542  	-13379.41049  	Inf  	-Inf  	0.00414  	0.00003  	0.00419  	0.00412  	0.00446  	0.00000  	0.00000  
228.81537  	25.01282  	59.91937  	59.69621  	46.03490  	-1.18512  	0.00720  	0.10666  	0.08677  	-3.02442  	0.06008  	-0.08568  	-265.93064  	-1.10615  	25.61005  	31.48053  	-22609.62485  	-13379.53108  	Inf  	-Inf  	0.00414  	0.00003  	0.00419  	0.00414  	0.00447  	0.00000  	0.00000  
229.81538  	25.01284  	59.91943  	59.69667  	46.03707  	-1.18512  	0.00745  	0.10686  	0.08856  	-3.02442  	0.05807  	-0.08568  	-265.95778  	-1.10418  	26.13878  	31.53886  	-22610.11712  	-13379.58325  	Inf  	-Inf  	0.00414  	0.00003  	0.00419  	0.00414  	0.00447  	0.00000  	0.00000  
230.81535  	25.01266  	59.92003  	59.69709  	46.03791  	-1.18512  	0.00723  	0.10604  	0.08634  	-3.02442  	0.05929  	-0.08569  	-265.97073  	-1.10506  	25.48221  	31.29765  	-22610.26446  	-13379.68568  	Inf  	-Inf  	0.00414  	0.00003  	0.00419  	0.00414  	0.00446  	0.00000  	0.00000  
231.81538  	25.01237  	59.92003  	59.69783  	46.04013  	-1.18512  	0.00669  	0.10475  	0.09019  	-3.02442  	0.06117  	-0.08574  	-266.00238  	-1.10139  	26.61850  	30.91679  	-22610.69936  	-13379.76006  	Inf  	-Inf  	0.00414  	0.00003  	0.00420  	0.00413  	0.00446  	0.00000  	0.00000  
232.81552  	25.01175  	59.92087  	59.69922  	46.04181  	-1.18512  	0.00758  	0.10605  	0.08709  	-3.02442  	0.05885  	-0.08562  	-266.03168  	-1.09868  	25.70321  	31.30084  	-22610.93747  	-13379.98339  	Inf  	-Inf  	0.00414  	0.00003  	0.00419  	0.00415  	0.00446  	0.00000  	0.00000  
233.81524  	25.01185  	59.92122  	59.69944  	46.04324  	-1.18512  	0.00680  	0.10659  	0.08826  	-3.02442  	0.05879  	-0.08567  	-266.04839  	-1.09933  	26.05031  	31.45767  	-22611.28108  	-13380.04080  	Inf  	-Inf  	0.00414  	0.00003  	0.00419  	0.00413  	0.00447  	0.00000  	0.00000  
234.81551  	25.01218  	59.92155  	59.69896  	46.04412  	-1.18512  	0.00588  	0.10656  	0.08868  	-3.02442  	0.05829  	-0.08569  	-266.05536  	-1.10334  	26.17348  	31.44986  	-22611.55656  	-13380.02620  	Inf  	-Inf  	0.00414  	0.00003  	0.00419  	0.00411  	0.00447  	0.00000  	0.00000  
235.81538  	25.01170  	59.92174  	59.70028  	46.04517  	-1.18512  	0.00621  	0.10619  	0.08427  	-3.02442  	0.05821  	-0.08568  	-266.07479  	-1.09777  	24.87166  	31.33971  	-22611.68255  	-13380.17686  	Inf  	-Inf  	0.00413  	0.00003  	0.00419  	0.00412  	0.00446  	0.00000  	0.00000  
236.81535  	25.01118  	59.92133  	59.70103  	46.04681  	-1.18512  	0.00780  	0.10567  	0.08273  	-3.02442  	0.05819  	-0.08569  	-266.10204  	-1.09199  	24.41689  	31.18670  	-22611.93627  	-13380.21155  	Inf  	-Inf  	0.00413  	0.00003  	0.00419  	0.00415  	0.00446  	0.00000  	0.00000  
237.81682  	25.01085  	59.92229  	59.70082  	46.04834  	-1.18512  	0.00731  	0.10605  	0.08547  	-3.02442  	0.05738  	-0.08566  	-266.12554  	-1.09779  	25.22619  	31.30008  	-22612.20576  	-13380.28635  	Inf  	-Inf  	0.00414  	0.00003  	0.00418  	0.00414  	0.00446  	0.00000  	0.00000  
238.81635  	25.01048  	59.92278  	59.70107  	46.05024  	-1.18512  	0.00731  	0.10620  	0.08765  	-3.02442  	0.05872  	-0.08570  	-266.15441  	-1.09899  	25.86897  	31.34412  	-22612.54953  	-13380.36117  	Inf  	-Inf  	0.00414  	0.00003  	0.00419  	0.00414  	0.00446  	0.00000  	0.00000  
239.81736  	25.00999  	59.92305  	59.70185  	46.05093  	-1.18512  	0.00777  	0.10592  	0.08619  	-3.02442  	0.05880  	-0.08565  	-266.16929  	-1.09645  	25.43814  	31.26224  	-22612.59268  	-13380.46693  	Inf  	-Inf  	0.00414  	0.00003  	0.00419  	0.00415  	0.00446  	0.00000  	0.00000  
240.81866  	25.00965  	59.92320  	59.70232  	46.05202  	-1.18512  	0.00655  	0.10651  	0.08742  	-3.02442  	0.05764  	-0.08567  	-266.18743  	-1.09485  	25.80153  	31.43428  	-22612.76263  	-13380.52875  	Inf  	-Inf  	0.00414  	0.00003  	0.00418  	0.00413  	0.00447  	0.00000  	0.00000  
241.81859  	25.00971  	59.92318  	59.70181  	46.05299  	-1.18512  	0.00735  	0.10619  	0.08733  	-3.02442  	0.05875  	-0.08560  	-266.19891  	-1.09731  	25.77336  	31.33967  	-22612.99450  	-13380.47454  	Inf  	-Inf  	0.00414  	0.00003  	0.00419  	0.00414  	0.00446  	0.00000  	0.00000  
242.81849  	25.00996  	59.92395  	59.70226  	46.05470  	-1.18512  	0.00777  	0.10690  	0.08890  	-3.02442  	0.05949  	-0.08573  	-266.21734  	-1.09890  	26.23921  	31.55164  	-22613.43740  	-13380.59822  	Inf  	-Inf  	0.00414  	0.00003  	0.00419  	0.00415  	0.00447  	0.00000  	0.00000  
243.81854  	25.00953  	59.92461  	59.70346  	46.05567  	-1.18512  	0.00701  	0.10636  	0.08759  	-3.02442  	0.05972  	-0.08570  	-266.23505  	-1.09624  	25.85098  	31.39099  	-22613.55861  	-13380.78525  	Inf  	-Inf  	0.00414  	0.00003  	0.00419  	0.00413  	0.00447  	0.00000  	0.00000  
244.82052  	25.00980  	59.92558  	59.70357  	46.05625  	-1.18512  	0.00776  	0.10600  	0.08673  	-3.02442  	0.05896  	-0.08569  	-266.23900  	-1.10050  	25.59749  	31.28541  	-22613.74846  	-13380.89221  	Inf  	-Inf  	0.00414  	0.00003  	0.00419  	0.00415  	0.00446  	0.00000  	0.00000  
245.82120  	25.00900  	59.92618  	59.70369  	46.05817  	-1.18512  	0.00739  	0.10583  	0.08874  	-3.02442  	0.05788  	-0.08569  	-266.27337  	-1.10285  	26.18927  	31.23332  	-22614.00019  	-13380.96494  	Inf  	-Inf  	0.00414  	0.00003  	0.00419  	0.00414  	0.00446  	0.00000  	0.00000  
246.82236  	25.00859  	59.92557  	59.70398  	46.05890  	-1.18512  	0.00821  	0.10659  	0.08812  	-3.02442  	0.05801  	-0.08572  	-266.28781  	-1.09839  	26.00682  	31.45780  	-22614.07263  	-13380.93264  	Inf  	-Inf  	0.00414  	0.00003  	0.00419  	0.00416  	0.00447  	0.00000  	0.00000  
