10/10/2024 14:26:19Time	T_hot_in(C)	T_cold_in(C)	T_cold_out(C)	T_hot_out(C)	mdot_cold(kg/s)	ASFASIFUAS(kg/s)	Diferencial_cold(bar)	Diferencial_hot(bar)	mdot_hot(kg/s)	ABS_cold(bar)	ABS_hot(bar)	q_cold(kW)	q_hot(kW)	ASFASYFY	Tau_cold_haste	Re_hot	Re_cold	U_global	PSIG_cold(bar)	R_fouling	PSIG_hot(bar)	PSID_hot(bar)	m_dot_hot	PSID_cold(bar)	m_dot_cold
1.75496  	0.00000  	0.00000  	0.00000  	0.00000  	-1.18512  	-0.20833  	-0.86278  	-2.50000  	-3.02442  	-1.25000  	-0.08628  	-0.00000  	-0.00000  	-737.84722  	-254.63905  	-9234.48090  	-3618.55272  	NaN  	NaN  	0.00000  	0.00000  	0.00000  	0.00000  	0.00000  	0.00000  	0.00000  
2.75591  	22.18620  	59.42737  	59.10779  	37.10059  	-1.18512  	0.01708  	0.35198  	0.33901  	-3.02442  	0.05869  	-0.08493  	-188.66156  	-1.58429  	100.05540  	103.88420  	-20002.36422  	-13271.37687  	Inf  	-Inf  	0.00454  	0.00006  	0.00419  	0.00433  	0.00560  	0.00000  	0.00000  
3.75733  	22.18294  	59.42343  	59.10376  	37.09970  	-1.18512  	0.01728  	0.35462  	0.34376  	-3.02442  	0.05924  	-0.08503  	-188.69140  	-1.58474  	101.45836  	104.66260  	-20001.45890  	-13270.58049  	Inf  	-Inf  	0.00455  	0.00006  	0.00419  	0.00433  	0.00561  	0.00000  	0.00000  
4.75853  	22.18039  	59.41918  	59.10017  	37.09656  	-1.18512  	0.01683  	0.35571  	0.33604  	-3.02442  	0.06014  	-0.08497  	-188.68391  	-1.58141  	99.17714  	104.98399  	-20000.21991  	-13269.79825  	Inf  	-Inf  	0.00454  	0.00006  	0.00419  	0.00432  	0.00561  	0.00000  	0.00000  
5.75951  	22.17853  	59.41536  	59.09574  	37.09455  	-1.18512  	0.01754  	0.35641  	0.34355  	-3.02442  	0.05978  	-0.08500  	-188.68199  	-1.58447  	101.39639  	105.18920  	-19999.37729  	-13268.97495  	Inf  	-Inf  	0.00455  	0.00006  	0.00419  	0.00434  	0.00562  	0.00000  	0.00000  
6.76029  	22.17658  	59.41232  	59.09201  	37.09094  	-1.18512  	0.01759  	0.35552  	0.34220  	-3.02442  	0.06115  	-0.08500  	-188.66090  	-1.58787  	100.99695  	104.92864  	-19998.16561  	-13268.29827  	Inf  	-Inf  	0.00455  	0.00006  	0.00420  	0.00434  	0.00561  	0.00000  	0.00000  
7.76146  	22.17447  	59.40859  	59.08812  	37.08804  	-1.18512  	0.01784  	0.35570  	0.33965  	-3.02442  	0.06260  	-0.08504  	-188.65103  	-1.58869  	100.24431  	104.98118  	-19997.07422  	-13267.53850  	Inf  	-Inf  	0.00454  	0.00006  	0.00420  	0.00434  	0.00561  	0.00000  	0.00000  
8.76066  	22.17311  	59.40393  	59.08368  	37.08395  	-1.18512  	0.01704  	0.35766  	0.34497  	-3.02442  	0.05973  	-0.08507  	-188.61628  	-1.58756  	101.81536  	105.55944  	-19995.88606  	-13266.62924  	Inf  	-Inf  	0.00455  	0.00006  	0.00419  	0.00433  	0.00562  	0.00000  	0.00000  
9.76068  	22.17081  	59.40019  	59.08056  	37.08112  	-1.18512  	0.01722  	0.35593  	0.33811  	-3.02442  	0.06066  	-0.08492  	-188.60960  	-1.58453  	99.79032  	105.04942  	-19994.76855  	-13265.94417  	Inf  	-Inf  	0.00454  	0.00006  	0.00419  	0.00433  	0.00562  	0.00000  	0.00000  
10.76124  	22.16921  	59.39735  	59.07731  	37.07797  	-1.18512  	0.01640  	0.35740  	0.34260  	-3.02442  	0.06190  	-0.08503  	-188.58996  	-1.58658  	101.11603  	105.48276  	-19993.73561  	-13265.33673  	Inf  	-Inf  	0.00455  	0.00006  	0.00420  	0.00431  	0.00562  	0.00000  	0.00000  
11.76058  	22.16749  	59.39445  	59.07328  	37.07355  	-1.18512  	0.01722  	0.35640  	0.34416  	-3.02442  	0.05569  	-0.08511  	-188.55574  	-1.59213  	101.57616  	105.18669  	-19992.39761  	-13264.64426  	Inf  	-Inf  	0.00455  	0.00005  	0.00418  	0.00433  	0.00562  	0.00000  	0.00000  
12.76056  	22.16532  	59.39055  	59.06943  	37.07045  	-1.18512  	0.01803  	0.35603  	0.34231  	-3.02442  	0.06065  	-0.08496  	-188.54385  	-1.59192  	101.02770  	105.07776  	-19991.24866  	-13263.87135  	Inf  	-Inf  	0.00455  	0.00006  	0.00419  	0.00435  	0.00562  	0.00000  	0.00000  
13.76214  	22.16439  	59.38805  	59.06691  	37.06746  	-1.18512  	0.01870  	0.35980  	0.33637  	-3.02442  	0.05773  	-0.08507  	-188.51790  	-1.59202  	99.27700  	106.18974  	-19990.39607  	-13263.36930  	Inf  	-Inf  	0.00454  	0.00006  	0.00418  	0.00436  	0.00563  	0.00000  	0.00000  
14.76162  	22.16302  	59.38540  	59.06484  	37.06440  	-1.18512  	0.01705  	0.35659  	0.34171  	-3.02442  	0.06062  	-0.08493  	-188.49646  	-1.58915  	100.85228  	105.24447  	-19989.43043  	-13262.89836  	Inf  	-Inf  	0.00455  	0.00006  	0.00419  	0.00433  	0.00562  	0.00000  	0.00000  
15.76192  	22.16221  	59.38283  	59.06153  	37.06178  	-1.18512  	0.01695  	0.35566  	0.34137  	-3.02442  	0.06115  	-0.08502  	-188.47347  	-1.59279  	100.75133  	104.96880  	-19988.68168  	-13262.31192  	Inf  	-Inf  	0.00455  	0.00006  	0.00420  	0.00433  	0.00561  	0.00000  	0.00000  
16.76307  	22.16021  	59.38010  	59.05775  	37.05799  	-1.18512  	0.01648  	0.35684  	0.33772  	-3.02442  	0.05988  	-0.08506  	-188.45095  	-1.59803  	99.67488  	105.31853  	-19987.42154  	-13261.66118  	Inf  	-Inf  	0.00454  	0.00006  	0.00419  	0.00432  	0.00562  	0.00000  	0.00000  
17.76303  	22.15964  	59.37775  	59.05525  	37.05505  	-1.18512  	0.01783  	0.35486  	0.34474  	-3.02442  	0.06075  	-0.08489  	-188.42079  	-1.59873  	101.74738  	104.73265  	-19986.65782  	-13261.17788  	Inf  	-Inf  	0.00455  	0.00006  	0.00419  	0.00434  	0.00561  	0.00000  	0.00000  
18.76290  	22.15780  	59.37676  	59.05459  	37.05242  	-1.18512  	0.01827  	0.35694  	0.34343  	-3.02442  	0.05960  	-0.08506  	-188.41090  	-1.59710  	101.35887  	105.34601  	-19985.68249  	-13261.01284  	Inf  	-Inf  	0.00455  	0.00006  	0.00419  	0.00435  	0.00562  	0.00000  	0.00000  
19.76427  	22.15739  	59.37311  	59.05190  	37.04977  	-1.18512  	0.01687  	0.35641  	0.33731  	-3.02442  	0.05810  	-0.08500  	-188.38242  	-1.59237  	99.55278  	105.19110  	-19985.01578  	-13260.38106  	Inf  	-Inf  	0.00454  	0.00006  	0.00419  	0.00432  	0.00562  	0.00000  	0.00000  
20.76545  	22.15510  	59.37202  	59.05002  	37.04919  	-1.18512  	0.01911  	0.35500  	0.34022  	-3.02442  	0.06072  	-0.08504  	-188.40408  	-1.59629  	100.41094  	104.77447  	-19984.39045  	-13260.08369  	Inf  	-Inf  	0.00454  	0.00006  	0.00419  	0.00437  	0.00561  	0.00000  	0.00000  
21.76564  	22.15414  	59.37004  	59.04750  	37.04652  	-1.18512  	0.01867  	0.35569  	0.33998  	-3.02442  	0.06061  	-0.08504  	-188.38241  	-1.59893  	100.34170  	104.97669  	-19983.59911  	-13259.63426  	Inf  	-Inf  	0.00454  	0.00006  	0.00419  	0.00436  	0.00561  	0.00000  	0.00000  
22.76726  	22.15381  	59.36863  	59.04730  	37.04512  	-1.18512  	0.01737  	0.35599  	0.33611  	-3.02442  	0.06095  	-0.08504  	-188.36888  	-1.59296  	99.20019  	105.06549  	-19983.22470  	-13259.47344  	Inf  	-Inf  	0.00454  	0.00006  	0.00420  	0.00433  	0.00562  	0.00000  	0.00000  
23.76730  	22.15117  	59.36796  	59.04571  	37.04392  	-1.18512  	0.01704  	0.35459  	0.33571  	-3.02442  	0.05922  	-0.08497  	-188.38710  	-1.59752  	99.08002  	104.65418  	-19982.38800  	-13259.24802  	Inf  	-Inf  	0.00454  	0.00006  	0.00419  	0.00433  	0.00561  	0.00000  	0.00000  
24.76824  	22.15095  	59.36644  	59.04427  	37.04307  	-1.18512  	0.01699  	0.35429  	0.34713  	-3.02442  	0.06031  	-0.08503  	-188.37907  	-1.59714  	102.45225  	104.56388  	-19982.15415  	-13258.95257  	Inf  	-Inf  	0.00456  	0.00006  	0.00419  	0.00433  	0.00561  	0.00000  	0.00000  
25.76985  	22.14977  	59.36578  	59.04344  	37.04241  	-1.18512  	0.01754  	0.35311  	0.33825  	-3.02442  	0.05765  	-0.08508  	-188.38565  	-1.59800  	99.83122  	104.21727  	-19981.75449  	-13258.80434  	Inf  	-Inf  	0.00454  	0.00006  	0.00418  	0.00434  	0.00560  	0.00000  	0.00000  
26.77111  	22.14848  	59.36428  	59.04226  	37.04126  	-1.18512  	0.01683  	0.35303  	0.33920  	-3.02442  	0.05677  	-0.08513  	-188.38744  	-1.59636  	100.11170  	104.19222  	-19981.22377  	-13258.53706  	Inf  	-Inf  	0.00454  	0.00005  	0.00418  	0.00432  	0.00560  	0.00000  	0.00000  
27.77315  	22.14641  	59.36371  	59.03916  	37.04065  	-1.18512  	0.01783  	0.35445  	0.33608  	-3.02442  	0.06175  	-0.08503  	-188.40584  	-1.60892  	99.19012  	104.61144  	-19980.63756  	-13258.16994  	Inf  	-Inf  	0.00454  	0.00006  	0.00420  	0.00434  	0.00561  	0.00000  	0.00000  
28.77547  	22.14589  	59.36305  	59.03988  	37.04036  	-1.18512  	0.01654  	0.35360  	0.33923  	-3.02442  	0.05903  	-0.08500  	-188.40879  	-1.60209  	100.11930  	104.36157  	-19980.46226  	-13258.17661  	Inf  	-Inf  	0.00454  	0.00006  	0.00419  	0.00432  	0.00560  	0.00000  	0.00000  
29.77565  	22.14335  	59.36227  	59.03966  	37.04036  	-1.18512  	0.01797  	0.35487  	0.34240  	-3.02442  	0.05816  	-0.08500  	-188.44094  	-1.59932  	101.05694  	104.73675  	-19979.90794  	-13258.07654  	Inf  	-Inf  	0.00455  	0.00006  	0.00419  	0.00434  	0.00561  	0.00000  	0.00000  
30.77932  	22.14246  	59.36123  	59.03801  	37.03966  	-1.18512  	0.01859  	0.35485  	0.34230  	-3.02442  	0.05776  	-0.08510  	-188.44326  	-1.60230  	101.02710  	104.73091  	-19979.56170  	-13257.80790  	Inf  	-Inf  	0.00455  	0.00005  	0.00418  	0.00436  	0.00561  	0.00000  	0.00000  
31.77910  	22.14142  	59.36084  	59.03743  	37.03958  	-1.18512  	0.01731  	0.35550  	0.34353  	-3.02442  	0.05910  	-0.08509  	-188.45543  	-1.60327  	101.38996  	104.92129  	-19979.31946  	-13257.71065  	Inf  	-Inf  	0.00455  	0.00006  	0.00419  	0.00433  	0.00561  	0.00000  	0.00000  
32.77916  	22.13971  	59.35994  	59.03704  	37.03899  	-1.18512  	0.01788  	0.35492  	0.34157  	-3.02442  	0.06093  	-0.08504  	-188.46958  	-1.60075  	100.81121  	104.75061  	-19978.81932  	-13257.58342  	Inf  	-Inf  	0.00455  	0.00006  	0.00419  	0.00434  	0.00561  	0.00000  	0.00000  
33.77909  	22.13780  	59.36061  	59.03738  	37.03792  	-1.18512  	0.01836  	0.35461  	0.34018  	-3.02442  	0.06413  	-0.08508  	-188.48023  	-1.60238  	100.39927  	104.65871  	-19978.16753  	-13257.68357  	Inf  	-Inf  	0.00454  	0.00006  	0.00421  	0.00435  	0.00561  	0.00000  	0.00000  
34.77910  	22.13672  	59.36029  	59.03794  	37.03768  	-1.18512  	0.01679  	0.35425  	0.34181  	-3.02442  	0.05857  	-0.08502  	-188.49087  	-1.59803  	100.88209  	104.55187  	-19977.88029  	-13257.70751  	Inf  	-Inf  	0.00455  	0.00006  	0.00419  	0.00432  	0.00561  	0.00000  	0.00000  
35.77986  	22.13506  	59.36139  	59.03637  	37.03767  	-1.18512  	0.01781  	0.35624  	0.34573  	-3.02442  	0.05832  	-0.08503  	-188.51177  	-1.61130  	102.03700  	105.13928  	-19977.51874  	-13257.66057  	Inf  	-Inf  	0.00455  	0.00006  	0.00419  	0.00434  	0.00562  	0.00000  	0.00000  
36.78079  	22.13342  	59.36143  	59.03698  	37.03703  	-1.18512  	0.01706  	0.35482  	0.34267  	-3.02442  	0.05655  	-0.08514  	-188.52441  	-1.60845  	101.13434  	104.72047  	-19977.02071  	-13257.72521  	Inf  	-Inf  	0.00455  	0.00005  	0.00418  	0.00433  	0.00561  	0.00000  	0.00000  
37.78141  	22.13103  	59.36046  	59.03761  	37.03574  	-1.18512  	0.01710  	0.35572  	0.33735  	-3.02442  	0.05514  	-0.08506  	-188.53832  	-1.60050  	99.56647  	104.98541  	-19976.22085  	-13257.69201  	Inf  	-Inf  	0.00454  	0.00006  	0.00418  	0.00433  	0.00561  	0.00000  	0.00000  
38.78140  	22.13038  	59.36036  	59.03676  	37.03545  	-1.18512  	0.01780  	0.35998  	0.34285  	-3.02442  	0.05807  	-0.08500  	-188.54294  	-1.60422  	101.18838  	106.24294  	-19976.01439  	-13257.59617  	Inf  	-Inf  	0.00455  	0.00006  	0.00419  	0.00434  	0.00563  	0.00000  	0.00000  
39.78181  	22.12874  	59.36061  	59.03537  	37.03485  	-1.18512  	0.01747  	0.35472  	0.34159  	-3.02442  	0.06019  	-0.08496  	-188.55607  	-1.61233  	100.81527  	104.69229  	-19975.52631  	-13257.48249  	Inf  	-Inf  	0.00455  	0.00006  	0.00419  	0.00434  	0.00561  	0.00000  	0.00000  
40.78376  	22.12703  	59.36103  	59.03565  	37.03373  	-1.18512  	0.01747  	0.35766  	0.34261  	-3.02442  	0.05846  	-0.08505  	-188.56334  	-1.61305  	101.11618  	105.55795  	-19974.91065  	-13257.55321  	Inf  	-Inf  	0.00455  	0.00006  	0.00419  	0.00434  	0.00562  	0.00000  	0.00000  
41.78508  	22.12557  	59.36132  	59.03754  	37.03230  	-1.18512  	0.01778  	0.35702  	0.34332  	-3.02442  	0.06159  	-0.08501  	-188.56383  	-1.60511  	101.32618  	105.36927  	-19974.28198  	-13257.76985  	Inf  	-Inf  	0.00455  	0.00006  	0.00420  	0.00434  	0.00562  	0.00000  	0.00000  
42.78576  	22.12489  	59.36146  	59.03810  	37.03083  	-1.18512  	0.01847  	0.35738  	0.34177  	-3.02442  	0.05809  	-0.08503  	-188.55385  	-1.60302  	100.86914  	105.47617  	-19973.81133  	-13257.83940  	Inf  	-Inf  	0.00455  	0.00006  	0.00419  	0.00435  	0.00562  	0.00000  	0.00000  
43.78620  	22.12418  	59.36199  	59.03809  	37.02867  	-1.18512  	0.01879  	0.35594  	0.34311  	-3.02442  	0.06057  	-0.08504  	-188.53546  	-1.60568  	101.26429  	105.05189  	-19973.18773  	-13257.89213  	Inf  	-Inf  	0.00455  	0.00006  	0.00419  	0.00436  	0.00562  	0.00000  	0.00000  
44.78622  	22.12317  	59.36212  	59.03883  	37.02667  	-1.18512  	0.01714  	0.35651  	0.34406  	-3.02442  	0.05649  	-0.08507  	-188.52298  	-1.60267  	101.54440  	105.22120  	-19972.53209  	-13257.97857  	Inf  	-Inf  	0.00455  	0.00006  	0.00418  	0.00433  	0.00562  	0.00000  	0.00000  
45.78816  	22.12159  	59.36231  	59.03739  	37.02504  	-1.18512  	0.01671  	0.35738  	0.34366  	-3.02442  	0.05971  	-0.08509  	-188.52234  	-1.61077  	101.42790  	105.47578  	-19971.83205  	-13257.85458  	Inf  	-Inf  	0.00455  	0.00005  	0.00419  	0.00432  	0.00562  	0.00000  	0.00000  
46.78830  	22.12096  	59.36413  	59.03866  	37.02340  	-1.18512  	0.01704  	0.35724  	0.34281  	-3.02442  	0.06146  	-0.08499  	-188.50953  	-1.61351  	101.17735  	105.43673  	-19971.33961  	-13258.16284  	Inf  	-Inf  	0.00455  	0.00006  	0.00420  	0.00433  	0.00562  	0.00000  	0.00000  
47.78759  	22.12011  	59.36471  	59.03992  	37.02150  	-1.18512  	0.01837  	0.35527  	0.34237  	-3.02442  	0.05867  	-0.08505  	-188.49626  	-1.61014  	101.04538  	104.85426  	-19970.73997  	-13258.34651  	Inf  	-Inf  	0.00455  	0.00006  	0.00419  	0.00435  	0.00561  	0.00000  	0.00000  
48.78899  	22.11942  	59.36633  	59.03947  	37.01966  	-1.18512  	0.01713  	0.35509  	0.34144  	-3.02442  	0.05745  	-0.08511  	-188.48182  	-1.62034  	100.77360  	104.79978  	-19970.18968  	-13258.46308  	Inf  	-Inf  	0.00455  	0.00005  	0.00418  	0.00433  	0.00561  	0.00000  	0.00000  
49.78978  	22.11805  	59.36635  	59.04118  	37.01779  	-1.18512  	0.01676  	0.35499  	0.34352  	-3.02442  	0.06015  	-0.08502  	-188.47541  	-1.61198  	101.38646  	104.77175  	-19969.48452  	-13258.63592  	Inf  	-Inf  	0.00455  	0.00006  	0.00419  	0.00432  	0.00561  	0.00000  	0.00000  
50.79001  	22.11786  	59.36833  	59.04213  	37.01708  	-1.18512  	0.01969  	0.35683  	0.33866  	-3.02442  	0.05863  	-0.08509  	-188.46888  	-1.61708  	99.95103  	105.31469  	-19969.28717  	-13258.92857  	Inf  	-Inf  	0.00454  	0.00006  	0.00419  	0.00438  	0.00562  	0.00000  	0.00000  
51.78956  	22.11702  	59.36933  	59.04341  	37.01572  	-1.18512  	0.01788  	0.35483  	0.33938  	-3.02442  	0.05926  	-0.08498  	-188.46232  	-1.61571  	100.16494  	104.72413  	-19968.80868  	-13259.15526  	Inf  	-Inf  	0.00454  	0.00006  	0.00419  	0.00434  	0.00561  	0.00000  	0.00000  
52.79021  	22.11722  	59.37131  	59.04285  	37.01475  	-1.18512  	0.01887  	0.35600  	0.34206  	-3.02442  	0.05882  	-0.08508  	-188.44757  	-1.62830  	100.95392  	105.06930  	-19968.64244  	-13259.29655  	Inf  	-Inf  	0.00455  	0.00006  	0.00419  	0.00436  	0.00562  	0.00000  	0.00000  
53.79249  	22.11598  	59.37156  	59.04437  	37.01408  	-1.18512  	0.01815  	0.35383  	0.34599  	-3.02442  	0.05959  	-0.08502  	-188.45477  	-1.62200  	102.11611  	104.43039  	-19968.22410  	-13259.47349  	Inf  	-Inf  	0.00455  	0.00006  	0.00419  	0.00435  	0.00561  	0.00000  	0.00000  
54.79339  	22.11506  	59.37213  	59.04492  	37.01393  	-1.18512  	0.01883  	0.35375  	0.33701  	-3.02442  	0.06171  	-0.08503  	-188.46461  	-1.62211  	99.46588  	104.40651  	-19967.99224  	-13259.58505  	Inf  	-Inf  	0.00454  	0.00006  	0.00420  	0.00436  	0.00561  	0.00000  	0.00000  
55.79343  	22.11452  	59.37383  	59.04762  	37.01386  	-1.18512  	0.01658  	0.35422  	0.34245  	-3.02442  	0.05986  	-0.08498  	-188.47051  	-1.61715  	101.07006  	104.54456  	-19967.85867  	-13260.02556  	Inf  	-Inf  	0.00455  	0.00006  	0.00419  	0.00432  	0.00561  	0.00000  	0.00000  
56.79333  	22.11370  	59.37556  	59.04877  	37.01310  	-1.18512  	0.01716  	0.35385  	0.33855  	-3.02442  	0.05885  	-0.08510  	-188.47125  	-1.62006  	99.92040  	104.43475  	-19967.51662  	-13260.31207  	Inf  	-Inf  	0.00454  	0.00005  	0.00419  	0.00433  	0.00561  	0.00000  	0.00000  
57.79424  	22.11268  	59.37637  	59.04996  	37.01369  	-1.18512  	0.01821  	0.35514  	0.33541  	-3.02442  	0.05985  	-0.08505  	-188.49169  	-1.61813  	98.99399  	104.81451  	-19967.42004  	-13260.51188  	Inf  	-Inf  	0.00454  	0.00006  	0.00419  	0.00435  	0.00561  	0.00000  	0.00000  
58.79626  	22.11165  	59.37870  	59.05137  	37.01384  	-1.18512  	0.01935  	0.35448  	0.33604  	-3.02442  	0.06131  	-0.08503  	-188.50667  	-1.62267  	99.17830  	104.62100  	-19967.22995  	-13260.88534  	Inf  	-Inf  	0.00454  	0.00006  	0.00420  	0.00437  	0.00561  	0.00000  	0.00000  
59.79730  	22.11116  	59.37971  	59.05349  	37.01465  	-1.18512  	0.01870  	0.35561  	0.34496  	-3.02442  	0.05805  	-0.08497  	-188.52306  	-1.61721  	101.81249  	104.95335  	-19967.29784  	-13261.19728  	Inf  	-Inf  	0.00455  	0.00006  	0.00419  	0.00436  	0.00561  	0.00000  	0.00000  
60.79742  	22.11060  	59.38154  	59.05489  	37.01536  	-1.18512  	0.01706  	0.35561  	0.35091  	-3.02442  	0.05613  	-0.08501  	-188.53911  	-1.61935  	103.56682  	104.95574  	-19967.33037  	-13261.52004  	Inf  	-Inf  	0.00456  	0.00006  	0.00418  	0.00433  	0.00561  	0.00000  	0.00000  
61.79725  	22.10891  	59.38227  	59.05679  	37.01608  	-1.18512  	0.01629  	0.35358  	0.33901  	-3.02442  	0.05828  	-0.08506  	-188.56963  	-1.61351  	100.05521  	104.35569  	-19967.12264  	-13261.78295  	Inf  	-Inf  	0.00454  	0.00006  	0.00419  	0.00431  	0.00560  	0.00000  	0.00000  
62.79699  	22.10819  	59.38431  	59.05794  	37.01681  	-1.18512  	0.01781  	0.35444  	0.34173  	-3.02442  	0.05760  	-0.08492  	-188.58793  	-1.61793  	100.85686  	104.60774  	-19967.12194  	-13262.10172  	Inf  	-Inf  	0.00455  	0.00006  	0.00418  	0.00434  	0.00561  	0.00000  	0.00000  
63.79824  	22.10737  	59.38709  	59.06045  	37.01723  	-1.18512  	0.01720  	0.35275  	0.33841  	-3.02442  	0.06224  	-0.08499  	-188.60361  	-1.61929  	99.87870  	104.11127  	-19967.03572  	-13262.62956  	Inf  	-Inf  	0.00454  	0.00006  	0.00420  	0.00433  	0.00560  	0.00000  	0.00000  
64.79816  	22.10623  	59.38883  	59.06180  	37.01799  	-1.18512  	0.01830  	0.35370  	0.33628  	-3.02442  	0.05826  	-0.08507  	-188.62779  	-1.62122  	99.24996  	104.39051  	-19966.95302  	-13262.93678  	Inf  	-Inf  	0.00454  	0.00006  	0.00419  	0.00435  	0.00560  	0.00000  	0.00000  
65.79917  	22.10530  	59.39019  	59.06340  	37.01863  	-1.18512  	0.01792  	0.35410  	0.34426  	-3.02442  	0.05977  	-0.08495  	-188.64768  	-1.62005  	101.60479  	104.50811  	-19966.89030  	-13263.23252  	Inf  	-Inf  	0.00455  	0.00006  	0.00419  	0.00434  	0.00561  	0.00000  	0.00000  
66.80024  	22.10547  	59.39178  	59.06565  	37.01969  	-1.18512  	0.01703  	0.35196  	0.34907  	-3.02442  	0.05835  	-0.08491  	-188.65893  	-1.61674  	103.02269  	103.87838  	-19967.15761  	-13263.61638  	Inf  	-Inf  	0.00456  	0.00006  	0.00419  	0.00433  	0.00560  	0.00000  	0.00000  
67.80028  	22.10355  	59.39437  	59.06789  	37.02027  	-1.18512  	0.01732  	0.35512  	0.33857  	-3.02442  	0.05646  	-0.08495  	-188.69051  	-1.61850  	99.92658  	104.81071  	-19966.86518  	-13264.09768  	Inf  	-Inf  	0.00454  	0.00006  	0.00418  	0.00433  	0.00561  	0.00000  	0.00000  
68.80094  	22.10199  	59.39597  	59.07057  	37.02100  	-1.18512  	0.01830  	0.35334  	0.34362  	-3.02442  	0.05874  	-0.08500  	-188.71959  	-1.61316  	101.41425  	104.28313  	-19966.68588  	-13264.52543  	Inf  	-Inf  	0.00455  	0.00006  	0.00419  	0.00435  	0.00560  	0.00000  	0.00000  
69.80114  	22.10069  	59.39859  	59.07218  	37.02093  	-1.18512  	0.01840  	0.35549  	0.33899  	-3.02442  	0.05845  	-0.08499  	-188.73520  	-1.61817  	100.05040  	104.91754  	-19966.38682  	-13264.94815  	Inf  	-Inf  	0.00454  	0.00006  	0.00419  	0.00435  	0.00561  	0.00000  	0.00000  
70.80219  	22.09985  	59.40108  	59.07519  	37.02110  	-1.18512  	0.01820  	0.35257  	0.33797  	-3.02442  	0.05930  	-0.08505  	-188.74798  	-1.61555  	99.74678  	104.05749  	-19966.23969  	-13265.49728  	Inf  	-Inf  	0.00454  	0.00006  	0.00419  	0.00435  	0.00560  	0.00000  	0.00000  
71.80349  	22.09907  	59.40305  	59.07702  	37.02237  	-1.18512  	0.01813  	0.35434  	0.33851  	-3.02442  	0.05959  	-0.08499  	-188.77385  	-1.61628  	99.90708  	104.57852  	-19966.34846  	-13265.87634  	Inf  	-Inf  	0.00454  	0.00006  	0.00419  	0.00435  	0.00561  	0.00000  	0.00000  
72.80389  	22.09721  	59.40539  	59.07834  	37.02269  	-1.18512  	0.01857  	0.35588  	0.34241  	-3.02442  	0.06107  	-0.08502  	-188.80150  	-1.62128  	101.05853  	105.03463  	-19966.01098  	-13266.24156  	Inf  	-Inf  	0.00455  	0.00006  	0.00420  	0.00436  	0.00561  	0.00000  	0.00000  
73.80449  	22.09633  	59.40752  	59.08032  	37.02194  	-1.18512  	0.01704  	0.35488  	0.34676  	-3.02442  	0.06213  	-0.08508  	-188.80317  	-1.62204  	102.34251  	104.73765  	-19965.65749  	-13266.65166  	Inf  	-Inf  	0.00455  	0.00006  	0.00420  	0.00433  	0.00561  	0.00000  	0.00000  
74.80742  	22.09499  	59.41008  	59.08144  	37.02139  	-1.18512  	0.01830  	0.35655  	0.34234  	-3.02442  	0.05549  	-0.08494  	-188.81324  	-1.62922  	101.03670  	105.23253  	-19965.24594  	-13267.01971  	Inf  	-Inf  	0.00455  	0.00006  	0.00418  	0.00435  	0.00562  	0.00000  	0.00000  
75.80731  	22.09487  	59.41293  	59.08383  	37.02140  	-1.18512  	0.01740  	0.35685  	0.33613  	-3.02442  	0.05949  	-0.08506  	-188.81489  	-1.63150  	99.20420  	105.32117  	-19965.22058  	-13267.54227  	Inf  	-Inf  	0.00454  	0.00006  	0.00419  	0.00433  	0.00562  	0.00000  	0.00000  
76.80731  	22.09406  	59.41483  	59.08704  	37.02019  	-1.18512  	0.01781  	0.35763  	0.33894  	-3.02442  	0.06111  	-0.08504  	-188.80993  	-1.62502  	100.03487  	105.54925  	-19964.78164  	-13268.05302  	Inf  	-Inf  	0.00454  	0.00006  	0.00420  	0.00434  	0.00562  	0.00000  	0.00000  
77.80719  	22.09324  	59.41670  	59.08909  	37.01911  	-1.18512  	0.01831  	0.35615  	0.34206  	-3.02442  	0.05892  	-0.08501  	-188.80652  	-1.62408  	100.95438  	105.11234  	-19964.36747  	-13268.44377  	Inf  	-Inf  	0.00455  	0.00006  	0.00419  	0.00435  	0.00562  	0.00000  	0.00000  
78.80831  	22.09213  	59.41916  	59.09109  	37.01824  	-1.18512  	0.01877  	0.35645  	0.34592  	-3.02442  	0.06169  	-0.08498  	-188.80963  	-1.62640  	102.09511  	105.20157  	-19963.93716  	-13268.88972  	Inf  	-Inf  	0.00455  	0.00006  	0.00420  	0.00436  	0.00562  	0.00000  	0.00000  
79.80918  	22.09199  	59.42229  	59.09274  	37.01767  	-1.18512  	0.01751  	0.35710  	0.34646  	-3.02442  	0.05624  	-0.08496  	-188.80428  	-1.63369  	102.25511  	105.39400  	-19963.78331  	-13269.36640  	Inf  	-Inf  	0.00455  	0.00006  	0.00418  	0.00434  	0.00562  	0.00000  	0.00000  
80.80866  	22.09109  	59.42432  	59.09562  	37.01622  	-1.18512  	0.01676  	0.35571  	0.34198  	-3.02442  	0.05869  	-0.08502  	-188.79726  	-1.62949  	100.93235  	104.98381  	-19963.27035  	-13269.85761  	Inf  	-Inf  	0.00455  	0.00006  	0.00419  	0.00432  	0.00561  	0.00000  	0.00000  
81.80861  	22.09041  	59.42709  	59.09801  	37.01677  	-1.18512  	0.01672  	0.35498  	0.34734  	-3.02442  	0.05863  	-0.08509  	-188.81296  	-1.63136  	102.51492  	104.76981  	-19963.24175  	-13270.37265  	Inf  	-Inf  	0.00456  	0.00006  	0.00419  	0.00432  	0.00561  	0.00000  	0.00000  
82.80900  	22.09007  	59.42988  	59.10050  	37.01515  	-1.18512  	0.01682  	0.35366  	0.34027  	-3.02442  	0.05975  	-0.08503  	-188.79676  	-1.63288  	100.42739  	104.37801  	-19962.81604  	-13270.89908  	Inf  	-Inf  	0.00454  	0.00006  	0.00419  	0.00432  	0.00560  	0.00000  	0.00000  
83.80909  	22.09008  	59.43173  	59.10345  	37.01611  	-1.18512  	0.01807  	0.35535  	0.33939  	-3.02442  	0.06021  	-0.08505  	-188.80875  	-1.62743  	100.16854  	104.87873  	-19963.02547  	-13271.37949  	Inf  	-Inf  	0.00454  	0.00006  	0.00419  	0.00435  	0.00561  	0.00000  	0.00000  
84.80978  	22.08961  	59.43521  	59.10691  	37.01438  	-1.18512  	0.01604  	0.35546  	0.34457  	-3.02442  	0.05921  	-0.08497  	-188.79278  	-1.62752  	101.69483  	104.91120  	-19962.54727  	-13272.07281  	Inf  	-Inf  	0.00455  	0.00006  	0.00419  	0.00431  	0.00561  	0.00000  	0.00000  
85.81143  	22.08959  	59.43735  	59.10920  	37.01445  	-1.18512  	0.01795  	0.35413  	0.34015  	-3.02442  	0.05767  	-0.08505  	-188.79409  	-1.62675  	100.39208  	104.51769  	-19962.55898  	-13272.51419  	Inf  	-Inf  	0.00454  	0.00006  	0.00418  	0.00434  	0.00561  	0.00000  	0.00000  
86.81243  	22.08952  	59.44055  	59.11132  	37.01522  	-1.18512  	0.01657  	0.35345  	0.33975  	-3.02442  	0.05633  	-0.08500  	-188.80475  	-1.63213  	100.27276  	104.31604  	-19962.71188  	-13273.04590  	Inf  	-Inf  	0.00454  	0.00006  	0.00418  	0.00432  	0.00560  	0.00000  	0.00000  
87.81247  	22.08896  	59.44351  	59.11460  	37.01574  	-1.18512  	0.01707  	0.35586  	0.34838  	-3.02442  	0.06000  	-0.08499  	-188.81839  	-1.63056  	102.81988  	105.02686  	-19962.70243  	-13273.66938  	Inf  	-Inf  	0.00456  	0.00006  	0.00419  	0.00433  	0.00561  	0.00000  	0.00000  
88.81305  	22.08860  	59.44473  	59.11697  	37.01601  	-1.18512  	0.01651  	0.35813  	0.33406  	-3.02442  	0.05861  	-0.08504  	-188.82631  	-1.62481  	98.59485  	105.69814  	-19962.68401  	-13274.02688  	Inf  	-Inf  	0.00453  	0.00006  	0.00419  	0.00432  	0.00563  	0.00000  	0.00000  
89.81316  	22.08791  	59.44841  	59.11931  	37.01661  	-1.18512  	0.01848  	0.35542  	0.34030  	-3.02442  	0.06166  	-0.08501  	-188.84277  	-1.63145  	100.43693  	104.89875  	-19962.66293  	-13274.62856  	Inf  	-Inf  	0.00454  	0.00006  	0.00420  	0.00435  	0.00561  	0.00000  	0.00000  
90.81292  	22.08699  	59.45102  	59.12188  	37.01705  	-1.18512  	0.01873  	0.35536  	0.34469  	-3.02442  	0.06187  	-0.08512  	-188.86003  	-1.63165  	101.73268  	104.87957  	-19962.55933  	-13275.14622  	Inf  	-Inf  	0.00455  	0.00005  	0.00420  	0.00436  	0.00561  	0.00000  	0.00000  
91.81304  	22.08721  	59.45424  	59.12241  	37.01894  	-1.18512  	0.01926  	0.35472  	0.34604  	-3.02442  	0.05909  	-0.08504  	-188.88107  	-1.64501  	102.13115  	104.69044  	-19963.01694  	-13275.51968  	Inf  	-Inf  	0.00455  	0.00006  	0.00419  	0.00437  	0.00561  	0.00000  	0.00000  
92.81299  	22.08776  	59.45719  	59.12570  	37.02065  	-1.18512  	0.01656  	0.35545  	0.34460  	-3.02442  	0.05962  	-0.08509  	-188.89581  	-1.64335  	101.70563  	104.90647  	-19963.51076  	-13276.14360  	Inf  	-Inf  	0.00455  	0.00006  	0.00419  	0.00432  	0.00561  	0.00000  	0.00000  
93.81285  	22.08678  	59.45968  	59.12909  	37.02094  	-1.18512  	0.01662  	0.35360  	0.34565  	-3.02442  	0.05752  	-0.08503  	-188.91194  	-1.63886  	102.01472  	104.36070  	-19963.36000  	-13276.73174  	Inf  	-Inf  	0.00455  	0.00006  	0.00418  	0.00432  	0.00560  	0.00000  	0.00000  
94.81444  	22.08542  	59.46270  	59.13044  	37.02124  	-1.18512  	0.01847  	0.35419  	0.34039  	-3.02442  	0.06139  	-0.08497  	-188.93295  	-1.64717  	100.46170  	104.53559  	-19963.12769  	-13277.16718  	Inf  	-Inf  	0.00454  	0.00006  	0.00420  	0.00435  	0.00561  	0.00000  	0.00000  
95.81435  	22.08458  	59.46694  	59.13487  	37.02425  	-1.18512  	0.01635  	0.35387  	0.33938  	-3.02442  	0.05672  	-0.08502  	-188.98171  	-1.64622  	100.16377  	104.44139  	-19963.60248  	-13278.03365  	Inf  	-Inf  	0.00454  	0.00006  	0.00418  	0.00431  	0.00561  	0.00000  	0.00000  
96.81481  	22.08413  	59.46918  	59.13793  	37.02543  	-1.18512  	0.01716  	0.35617  	0.33747  	-3.02442  	0.05937  	-0.08510  	-189.00233  	-1.64215  	99.60004  	105.12055  	-19963.75912  	-13278.56252  	Inf  	-Inf  	0.00454  	0.00005  	0.00419  	0.00433  	0.00562  	0.00000  	0.00000  
97.81554  	22.08333  	59.47106  	59.14123  	37.02691  	-1.18512  	0.01756  	0.35276  	0.33812  	-3.02442  	0.05991  	-0.08502  	-189.03129  	-1.63507  	99.79107  	104.11221  	-19963.90897  	-13279.08015  	Inf  	-Inf  	0.00454  	0.00006  	0.00419  	0.00434  	0.00560  	0.00000  	0.00000  
98.81578  	22.08303  	59.47419  	59.14418  	37.02880  	-1.18512  	0.01747  	0.35427  	0.33697  	-3.02442  	0.05894  	-0.08516  	-189.05891  	-1.63600  	99.45363  	104.56013  	-19964.25644  	-13279.68704  	Inf  	-Inf  	0.00454  	0.00005  	0.00419  	0.00434  	0.00561  	0.00000  	0.00000  
99.81611  	22.08227  	59.47816  	59.14698  	37.03052  	-1.18512  	0.01807  	0.35528  	0.33930  	-3.02442  	0.06035  	-0.08510  	-189.09028  	-1.64176  	100.13988  	104.85664  	-19964.46354  	-13280.36355  	Inf  	-Inf  	0.00454  	0.00005  	0.00419  	0.00435  	0.00561  	0.00000  	0.00000  
100.81604  	22.08089  	59.48117  	59.15071  	37.03177  	-1.18512  	0.01881  	0.35543  	0.33900  	-3.02442  	0.05846  	-0.08509  	-189.12356  	-1.63819  	100.05251  	104.90205  	-19964.43545  	-13281.03701  	Inf  	-Inf  	0.00454  	0.00006  	0.00419  	0.00436  	0.00561  	0.00000  	0.00000  
101.81641  	22.08096  	59.48393  	59.15339  	37.03248  	-1.18512  	0.01772  	0.35430  	0.34064  	-3.02442  	0.06043  	-0.08513  	-189.13180  	-1.63859  	100.53611  	104.56748  	-19964.60378  	-13281.58077  	Inf  	-Inf  	0.00455  	0.00005  	0.00419  	0.00434  	0.00561  	0.00000  	0.00000  
102.81725  	22.07922  	59.48684  	59.15668  	37.03406  	-1.18512  	0.01857  	0.35523  	0.34425  	-3.02442  	0.05777  	-0.08498  	-189.17384  	-1.63673  	101.60227  	104.84219  	-19964.57210  	-13282.19948  	Inf  	-Inf  	0.00455  	0.00006  	0.00418  	0.00436  	0.00561  	0.00000  	0.00000  
103.81846  	22.07816  	59.49085  	59.16018  	37.03584  	-1.18512  	0.01799  	0.35605  	0.33484  	-3.02442  	0.05753  	-0.08510  	-189.20985  	-1.63925  	98.82348  	105.08441  	-19964.72773  	-13282.95113  	Inf  	-Inf  	0.00454  	0.00005  	0.00418  	0.00435  	0.00562  	0.00000  	0.00000  
104.81888  	22.07701  	59.49485  	59.16319  	37.03652  	-1.18512  	0.01649  	0.35497  	0.33825  	-3.02442  	0.05821  	-0.08503  	-189.23302  	-1.64420  	99.83110  	104.76657  	-19964.62673  	-13283.65107  	Inf  	-Inf  	0.00454  	0.00006  	0.00419  	0.00432  	0.00561  	0.00000  	0.00000  
105.81917  	22.07714  	59.49678  	59.16630  	37.03816  	-1.18512  	0.01819  	0.35517  	0.34207  	-3.02442  	0.05989  	-0.08498  	-189.25208  	-1.63831  	100.95869  	104.82325  	-19965.00957  	-13284.15385  	Inf  	-Inf  	0.00455  	0.00006  	0.00419  	0.00435  	0.00561  	0.00000  	0.00000  
106.81929  	22.07629  	59.49945  	59.16999  	37.03871  	-1.18512  	0.01805  	0.35765  	0.33904  	-3.02442  	0.05649  	-0.08503  	-189.26987  	-1.63325  	100.06466  	105.55761  	-19964.94400  	-13284.79037  	Inf  	-Inf  	0.00454  	0.00006  	0.00418  	0.00435  	0.00562  	0.00000  	0.00000  
107.81858  	22.07561  	59.50376  	59.17275  	37.03913  	-1.18512  	0.01752  	0.35722  	0.34409  	-3.02442  	0.06187  	-0.08499  	-189.28383  	-1.64093  	101.55436  	105.42948  	-19964.88938  	-13285.49707  	Inf  	-Inf  	0.00455  	0.00006  	0.00420  	0.00434  	0.00562  	0.00000  	0.00000  
108.81913  	22.07492  	59.50685  	59.17701  	37.03958  	-1.18512  	0.01784  	0.35679  	0.34355  	-3.02442  	0.06208  	-0.08505  	-189.29829  	-1.63512  	101.39350  	105.30288  	-19964.83536  	-13286.23063  	Inf  	-Inf  	0.00455  	0.00006  	0.00420  	0.00434  	0.00562  	0.00000  	0.00000  
109.81915  	22.07451  	59.50923  	59.17989  	37.03979  	-1.18512  	0.01802  	0.35675  	0.33873  	-3.02442  	0.05948  	-0.08498  	-189.30609  	-1.63269  	99.97274  	105.29102  	-19964.79325  	-13286.75646  	Inf  	-Inf  	0.00454  	0.00006  	0.00419  	0.00435  	0.00562  	0.00000  	0.00000  
110.81901  	22.07437  	59.51155  	59.18152  	37.03989  	-1.18512  	0.01918  	0.35771  	0.34079  	-3.02442  	0.06012  	-0.08507  	-189.30914  	-1.63609  	100.58122  	105.57320  	-19964.78398  	-13287.15033  	Inf  	-Inf  	0.00455  	0.00006  	0.00419  	0.00437  	0.00562  	0.00000  	0.00000  
111.81939  	22.07334  	59.51456  	59.18571  	37.04075  	-1.18512  	0.01846  	0.35801  	0.34910  	-3.02442  	0.06106  	-0.08509  	-189.33313  	-1.63023  	103.03162  	105.66213  	-19964.74637  	-13287.87142  	Inf  	-Inf  	0.00456  	0.00006  	0.00420  	0.00435  	0.00562  	0.00000  	0.00000  
112.81991  	22.07318  	59.51869  	59.18891  	37.03962  	-1.18512  	0.01658  	0.35723  	0.33889  	-3.02442  	0.05444  	-0.08494  	-189.32088  	-1.63484  	100.01860  	105.43304  	-19964.46627  	-13288.60316  	Inf  	-Inf  	0.00454  	0.00006  	0.00417  	0.00432  	0.00562  	0.00000  	0.00000  
113.82235  	22.07261  	59.52238  	59.19175  	37.03998  	-1.18512  	0.01863  	0.35789  	0.34216  	-3.02442  	0.06091  	-0.08506  	-189.33272  	-1.63906  	100.98594  	105.62647  	-19964.41883  	-13289.25614  	Inf  	-Inf  	0.00455  	0.00006  	0.00419  	0.00436  	0.00562  	0.00000  	0.00000  
114.82257  	22.07235  	59.52578  	59.19440  	37.03983  	-1.18512  	0.01641  	0.35643  	0.34609  	-3.02442  	0.06138  	-0.08510  	-189.33416  	-1.64276  	102.14431  	105.19727  	-19964.33103  	-13289.86039  	Inf  	-Inf  	0.00455  	0.00005  	0.00420  	0.00432  	0.00562  	0.00000  	0.00000  
115.82268  	22.07245  	59.52862  	59.19763  	37.03963  	-1.18512  	0.01732  	0.35660  	0.34575  	-3.02442  	0.06046  	-0.08510  	-189.33030  	-1.64085  	102.04553  	105.24623  	-19964.30958  	-13290.46649  	Inf  	-Inf  	0.00455  	0.00005  	0.00419  	0.00433  	0.00562  	0.00000  	0.00000  
116.82272  	22.07119  	59.53076  	59.20077  	37.03936  	-1.18512  	0.01806  	0.35591  	0.34606  	-3.02442  	0.06017  	-0.08492  	-189.34307  	-1.63591  	102.13684  	105.04359  	-19963.97657  	-13290.99508  	Inf  	-Inf  	0.00455  	0.00006  	0.00419  	0.00435  	0.00561  	0.00000  	0.00000  
117.82339  	22.07112  	59.53428  	59.20452  	37.03927  	-1.18512  	0.01736  	0.35532  	0.34115  	-3.02442  	0.05947  	-0.08498  	-189.34275  	-1.63477  	100.68681  	104.86901  	-19963.93996  	-13291.72142  	Inf  	-Inf  	0.00455  	0.00006  	0.00419  	0.00433  	0.00561  	0.00000  	0.00000  
118.82290  	22.07046  	59.53858  	59.20636  	37.03958  	-1.18512  	0.01767  	0.35600  	0.33433  	-3.02442  	0.06196  	-0.08503  	-189.35503  	-1.64693  	98.67440  	105.07054  	-19963.86545  	-13292.33447  	Inf  	-Inf  	0.00453  	0.00006  	0.00420  	0.00434  	0.00562  	0.00000  	0.00000  
119.82261  	22.07076  	59.54079  	59.21095  	37.03954  	-1.18512  	0.01763  	0.35598  	0.33927  	-3.02442  	0.05862  	-0.08501  	-189.35079  	-1.63513  	100.13071  	105.06447  	-19963.92141  	-13293.01548  	Inf  	-Inf  	0.00454  	0.00006  	0.00419  	0.00434  	0.00562  	0.00000  	0.00000  
120.82330  	22.07078  	59.54391  	59.21397  	37.04065  	-1.18512  	0.01694  	0.35609  	0.34110  	-3.02442  	0.05944  	-0.08500  	-189.36466  	-1.63565  	100.67107  	105.09621  	-19964.16702  	-13293.62802  	Inf  	-Inf  	0.00455  	0.00006  	0.00419  	0.00433  	0.00562  	0.00000  	0.00000  
121.82429  	22.07073  	59.54739  	59.21804  	37.04139  	-1.18512  	0.01839  	0.35465  	0.34135  	-3.02442  	0.05923  	-0.08500  	-189.37468  	-1.63269  	100.74448  	104.66980  	-19964.31780  	-13294.38342  	Inf  	-Inf  	0.00455  	0.00006  	0.00419  	0.00435  	0.00561  	0.00000  	0.00000  
122.82528  	22.07146  	59.55090  	59.22052  	37.04224  	-1.18512  	0.01739  	0.35586  	0.34207  	-3.02442  	0.06050  	-0.08504  	-189.37628  	-1.63783  	100.95738  	105.02755  	-19964.66230  	-13294.98117  	Inf  	-Inf  	0.00455  	0.00006  	0.00419  	0.00433  	0.00561  	0.00000  	0.00000  
123.82524  	22.07068  	59.55326  	59.22368  	37.04411  	-1.18512  	0.01753  	0.35370  	0.33592  	-3.02442  	0.06004  	-0.08506  	-189.40972  	-1.63388  	99.14356  	104.38982  	-19964.90034  	-13295.53369  	Inf  	-Inf  	0.00454  	0.00006  	0.00419  	0.00434  	0.00560  	0.00000  	0.00000  
124.82520  	22.07021  	59.55494  	59.22577  	37.04605  	-1.18512  	0.01828  	0.35506  	0.34044  	-3.02442  	0.05812  	-0.08498  	-189.44023  	-1.63181  	100.47784  	104.79239  	-19965.21962  	-13295.91099  	Inf  	-Inf  	0.00454  	0.00006  	0.00419  	0.00435  	0.00561  	0.00000  	0.00000  
125.82516  	22.06980  	59.55891  	59.22902  	37.04775  	-1.18512  	0.01774  	0.35399  	0.34514  	-3.02442  	0.05771  	-0.08501  	-189.46706  	-1.63539  	101.86415  	104.47534  	-19965.50145  	-13296.63334  	Inf  	-Inf  	0.00455  	0.00006  	0.00418  	0.00434  	0.00561  	0.00000  	0.00000  
126.82512  	22.06937  	59.56206  	59.23213  	37.04873  	-1.18512  	0.01729  	0.35501  	0.34056  	-3.02442  	0.05854  	-0.08505  	-189.48488  	-1.63561  	100.51138  	104.77613  	-19965.62142  	-13297.25841  	Inf  	-Inf  	0.00454  	0.00006  	0.00419  	0.00433  	0.00561  	0.00000  	0.00000  
127.82607  	22.06866  	59.56572  	59.23612  	37.05114  	-1.18512  	0.01782  	0.35405  	0.33941  	-3.02442  	0.05999  	-0.08503  	-189.52439  	-1.63398  	100.17344  	104.49358  	-19965.98849  	-13298.02336  	Inf  	-Inf  	0.00454  	0.00006  	0.00419  	0.00434  	0.00561  	0.00000  	0.00000  
128.82803  	22.06852  	59.56871  	59.24058  	37.05227  	-1.18512  	0.01778  	0.35311  	0.33246  	-3.02442  	0.06018  	-0.08509  	-189.54044  	-1.62667  	98.12152  	104.21697  	-19966.20606  	-13298.76718  	Inf  	-Inf  	0.00453  	0.00006  	0.00419  	0.00434  	0.00560  	0.00000  	0.00000  
129.82758  	22.06864  	59.57237  	59.24246  	37.05439  	-1.18512  	0.01745  	0.35531  	0.34383  	-3.02442  	0.05697  	-0.08502  	-189.56574  	-1.63551  	101.47743  	104.86710  	-19966.69423  	-13299.32236  	Inf  	-Inf  	0.00455  	0.00006  	0.00418  	0.00434  	0.00561  	0.00000  	0.00000  
130.82830  	22.06859  	59.57571  	59.24678  	37.05604  	-1.18512  	0.01835  	0.35513  	0.33604  	-3.02442  	0.05788  	-0.08506  	-189.58739  	-1.63063  	99.17719  	104.81303  	-19967.04380  	-13300.08808  	Inf  	-Inf  	0.00454  	0.00006  	0.00419  	0.00435  	0.00561  	0.00000  	0.00000  
131.82840  	22.06728  	59.57836  	59.25001  	37.05757  	-1.18512  	0.01851  	0.35468  	0.34075  	-3.02442  	0.05731  	-0.08502  	-189.62327  	-1.62776  	100.56808  	104.68014  	-19967.09013  	-13300.67626  	Inf  	-Inf  	0.00455  	0.00006  	0.00418  	0.00436  	0.00561  	0.00000  	0.00000  
132.82855  	22.06770  	59.58165  	59.25264  	37.05896  	-1.18512  	0.01624  	0.35559  	0.34250  	-3.02442  	0.06211  	-0.08505  	-189.63556  	-1.63106  	101.08437  	104.94824  	-19967.48395  	-13301.26779  	Inf  	-Inf  	0.00455  	0.00006  	0.00420  	0.00431  	0.00561  	0.00000  	0.00000  
133.82944  	22.06723  	59.58513  	59.25604  	37.06124  	-1.18512  	0.01731  	0.35494  	0.34576  	-3.02442  	0.05931  	-0.08505  	-189.67041  	-1.63145  	102.04751  	104.75568  	-19967.87830  	-13301.95544  	Inf  	-Inf  	0.00455  	0.00006  	0.00419  	0.00433  	0.00561  	0.00000  	0.00000  
134.82898  	22.06596  	59.58853  	59.26020  	37.06324  	-1.18512  	0.01635  	0.35506  	0.34176  	-3.02442  	0.05606  	-0.08498  	-189.71192  	-1.62766  	100.86718  	104.79281  	-19968.03833  	-13302.71117  	Inf  	-Inf  	0.00455  	0.00006  	0.00418  	0.00431  	0.00561  	0.00000  	0.00000  
135.82896  	22.06596  	59.59189  	59.26449  	37.06491  	-1.18512  	0.01976  	0.35378  	0.33933  	-3.02442  	0.05937  	-0.08503  	-189.73304  	-1.62305  	100.14963  	104.41421  	-19968.40188  	-13303.47665  	Inf  	-Inf  	0.00454  	0.00006  	0.00419  	0.00438  	0.00561  	0.00000  	0.00000  
136.82999  	22.06473  	59.59527  	59.26671  	37.06651  	-1.18512  	0.01682  	0.35359  	0.34074  	-3.02442  	0.05743  	-0.08500  	-189.76887  	-1.62876  	100.56500  	104.35945  	-19968.48321  	-13304.03660  	Inf  	-Inf  	0.00455  	0.00006  	0.00418  	0.00432  	0.00560  	0.00000  	0.00000  
137.83063  	22.06457  	59.59802  	59.26831  	37.06785  	-1.18512  	0.01695  	0.35389  	0.33686  	-3.02442  	0.05674  	-0.08504  	-189.78782  	-1.63450  	99.42069  	104.44551  	-19968.73903  	-13304.47212  	Inf  	-Inf  	0.00454  	0.00006  	0.00418  	0.00433  	0.00561  	0.00000  	0.00000  
138.83218  	22.06445  	59.60108  	59.27074  	37.06866  	-1.18512  	0.01844  	0.35466  	0.34024  	-3.02442  	0.05734  	-0.08501  	-189.79972  	-1.63763  	100.41832  	104.67373  	-19968.88845  	-13305.02010  	Inf  	-Inf  	0.00454  	0.00006  	0.00418  	0.00435  	0.00561  	0.00000  	0.00000  
139.83433  	22.06344  	59.60430  	59.27342  	37.07052  	-1.18512  	0.01709  	0.35375  	0.33711  	-3.02442  	0.05990  	-0.08501  	-189.83610  	-1.64030  	99.49552  	104.40422  	-19969.07340  	-13305.61056  	Inf  	-Inf  	0.00454  	0.00006  	0.00419  	0.00433  	0.00560  	0.00000  	0.00000  
140.83434  	22.06217  	59.60703  	59.27583  	37.07129  	-1.18512  	0.01752  	0.35630  	0.34180  	-3.02442  	0.05910  	-0.08505  	-189.86179  	-1.64187  	100.87861  	105.15917  	-19968.96618  	-13306.12491  	Inf  	-Inf  	0.00455  	0.00006  	0.00419  	0.00434  	0.00562  	0.00000  	0.00000  
141.83731  	22.06212  	59.60977  	59.27901  	37.07221  	-1.18512  	0.01698  	0.35483  	0.34610  	-3.02442  	0.05655  	-0.08507  	-189.87413  	-1.63970  	102.14648  	104.72467  	-19969.15376  	-13306.71708  	Inf  	-Inf  	0.00455  	0.00006  	0.00418  	0.00433  	0.00561  	0.00000  	0.00000  
142.83737  	22.06142  	59.61269  	59.28265  	37.07253  	-1.18512  	0.01870  	0.35704  	0.34309  	-3.02442  	0.05663  	-0.08508  	-189.88709  	-1.63611  	101.25888  	105.37662  	-19969.07160  	-13307.37334  	Inf  	-Inf  	0.00455  	0.00006  	0.00418  	0.00436  	0.00562  	0.00000  	0.00000  
143.83852  	22.06038  	59.61667  	59.28607  	37.07340  	-1.18512  	0.01687  	0.35904  	0.34761  	-3.02442  	0.05962  	-0.08511  	-189.91130  	-1.63889  	102.59323  	105.96734  	-19969.03454  	-13308.11394  	Inf  	-Inf  	0.00456  	0.00005  	0.00419  	0.00432  	0.00563  	0.00000  	0.00000  
144.83906  	22.06028  	59.61848  	59.28877  	37.07278  	-1.18512  	0.01779  	0.35741  	0.33803  	-3.02442  	0.06002  	-0.08503  	-189.90477  	-1.63452  	99.76524  	105.48584  	-19968.87955  	-13308.56499  	Inf  	-Inf  	0.00454  	0.00006  	0.00419  	0.00434  	0.00562  	0.00000  	0.00000  
145.83927  	22.06068  	59.62210  	59.29128  	37.07290  	-1.18512  	0.01702  	0.35793  	0.34759  	-3.02442  	0.05562  	-0.08496  	-189.90123  	-1.64000  	102.58732  	105.63995  	-19968.99263  	-13309.17687  	Inf  	-Inf  	0.00456  	0.00006  	0.00418  	0.00433  	0.00562  	0.00000  	0.00000  
146.83878  	22.06145  	59.62559  	59.29408  	37.07237  	-1.18512  	0.01639  	0.35680  	0.34078  	-3.02442  	0.05878  	-0.08517  	-189.88491  	-1.64342  	100.57666  	105.30638  	-19969.04324  	-13309.80664  	Inf  	-Inf  	0.00455  	0.00005  	0.00419  	0.00431  	0.00562  	0.00000  	0.00000  
147.84131  	22.05987  	59.62842  	59.29825  	37.07229  	-1.18512  	0.01658  	0.35621  	0.34861  	-3.02442  	0.06087  	-0.08502  	-189.90396  	-1.63678  	102.88796  	105.13056  	-19968.68187  	-13310.50709  	Inf  	-Inf  	0.00456  	0.00006  	0.00419  	0.00432  	0.00562  	0.00000  	0.00000  
148.84241  	22.06029  	59.63190  	59.30105  	37.07212  	-1.18512  	0.01919  	0.35654  	0.34713  	-3.02442  	0.06063  	-0.08496  	-189.89638  	-1.64012  	102.45253  	105.22919  	-19968.73781  	-13311.13512  	Inf  	-Inf  	0.00456  	0.00006  	0.00419  	0.00437  	0.00562  	0.00000  	0.00000  
149.84219  	22.06088  	59.63530  	59.30358  	37.07176  	-1.18512  	0.01859  	0.35535  	0.34514  	-3.02442  	0.05430  	-0.08496  	-189.88448  	-1.64449  	101.86416  	104.87834  	-19968.78723  	-13311.72850  	Inf  	-Inf  	0.00455  	0.00006  	0.00417  	0.00436  	0.00561  	0.00000  	0.00000  
150.84157  	22.06003  	59.63787  	59.30542  	37.07171  	-1.18512  	0.01863  	0.35553  	0.34630  	-3.02442  	0.05920  	-0.08497  	-189.89464  	-1.64807  	102.20618  	104.93041  	-19968.59127  	-13312.16933  	Inf  	-Inf  	0.00455  	0.00006  	0.00419  	0.00436  	0.00561  	0.00000  	0.00000  
151.84226  	22.06038  	59.64127  	59.30822  	37.07248  	-1.18512  	0.01760  	0.35478  	0.34630  	-3.02442  	0.05763  	-0.08500  	-189.89998  	-1.65107  	102.20795  	104.70986  	-19968.83553  	-13312.78983  	Inf  	-Inf  	0.00455  	0.00006  	0.00418  	0.00434  	0.00561  	0.00000  	0.00000  
152.84171  	22.06067  	59.64408  	59.31084  	37.07313  	-1.18512  	0.01778  	0.35601  	0.34353  	-3.02442  	0.05949  	-0.08502  	-189.90455  	-1.65200  	101.38932  	105.07374  	-19969.04030  	-13313.33427  	Inf  	-Inf  	0.00455  	0.00006  	0.00419  	0.00434  	0.00562  	0.00000  	0.00000  
153.84351  	22.06120  	59.64600  	59.31384  	37.07419  	-1.18512  	0.01679  	0.35320  	0.34083  	-3.02442  	0.05822  	-0.08501  	-189.91128  	-1.64665  	100.59275  	104.24328  	-19969.38405  	-13313.82591  	Inf  	-Inf  	0.00455  	0.00006  	0.00419  	0.00432  	0.00560  	0.00000  	0.00000  
154.84844  	22.06145  	59.64889  	59.31745  	37.07542  	-1.18512  	0.01586  	0.35649  	0.34538  	-3.02442  	0.05741  	-0.08500  	-189.92367  	-1.64307  	101.93507  	105.21378  	-19969.70625  	-13314.47602  	Inf  	-Inf  	0.00455  	0.00006  	0.00418  	0.00430  	0.00562  	0.00000  	0.00000  
155.84822  	22.06118  	59.65303  	59.32051  	37.07518  	-1.18512  	0.01632  	0.35440  	0.33979  	-3.02442  	0.05793  	-0.08502  	-189.92417  	-1.64846  	100.28513  	104.59800  	-19969.59577  	-13315.19667  	Inf  	-Inf  	0.00454  	0.00006  	0.00419  	0.00431  	0.00561  	0.00000  	0.00000  
156.84960  	22.06163  	59.65524  	59.32279  	37.07640  	-1.18512  	0.01840  	0.35410  	0.34247  	-3.02442  	0.05650  	-0.08499  	-189.93385  	-1.64805  	101.07526  	104.50752  	-19969.96077  	-13315.64562  	Inf  	-Inf  	0.00455  	0.00006  	0.00418  	0.00435  	0.00561  	0.00000  	0.00000  
157.85223  	22.06133  	59.65766  	59.32562  	37.07794  	-1.18512  	0.01669  	0.35436  	0.34017  	-3.02442  	0.05784  	-0.08500  	-189.95725  	-1.64605  	100.39789  	104.58521  	-19970.22925  	-13316.17119  	Inf  	-Inf  	0.00454  	0.00006  	0.00419  	0.00432  	0.00561  	0.00000  	0.00000  
158.85498  	22.06094  	59.66114  	59.32912  	37.07939  	-1.18512  	0.01804  	0.35320  	0.33616  	-3.02442  	0.06316  	-0.08504  	-189.98054  	-1.64599  	99.21515  	104.24233  	-19970.46209  	-13316.86925  	Inf  	-Inf  	0.00454  	0.00006  	0.00420  	0.00435  	0.00560  	0.00000  	0.00000  
159.85608  	22.06106  	59.66326  	59.33267  	37.08050  	-1.18512  	0.01653  	0.35537  	0.34285  	-3.02442  	0.05768  	-0.08499  	-189.99313  	-1.63887  	101.18913  	104.88421  	-19970.72993  	-13317.43708  	Inf  	-Inf  	0.00455  	0.00006  	0.00418  	0.00432  	0.00561  	0.00000  	0.00000  
160.85612  	22.06106  	59.66573  	59.33555  	37.08248  	-1.18512  	0.01852  	0.35461  	0.34029  	-3.02442  	0.05735  	-0.08508  	-190.01809  	-1.63680  	100.43211  	104.66027  	-19971.15962  	-13317.97198  	Inf  	-Inf  	0.00454  	0.00006  	0.00418  	0.00436  	0.00561  	0.00000  	0.00000  
161.85711  	22.06152  	59.66851  	59.33769  	37.08421  	-1.18512  	0.01705  	0.35578  	0.33993  	-3.02442  	0.06114  	-0.08510  	-190.03427  	-1.64001  	100.32775  	105.00394  	-19971.63589  	-13318.46398  	Inf  	-Inf  	0.00454  	0.00005  	0.00420  	0.00433  	0.00561  	0.00000  	0.00000  
162.85729  	22.06137  	59.67139  	59.33982  	37.08608  	-1.18512  	0.01707  	0.35718  	0.34479  	-3.02442  	0.06089  	-0.08494  	-190.05983  	-1.64370  	101.76154  	105.41737  	-19972.00981  	-13318.96577  	Inf  	-Inf  	0.00455  	0.00006  	0.00419  	0.00433  	0.00562  	0.00000  	0.00000  
163.85717  	22.06000  	59.67496  	59.34411  	37.08923  	-1.18512  	0.01693  	0.35470  	0.34315  	-3.02442  	0.05895  	-0.08490  	-190.11709  	-1.64013  	101.27721  	104.68698  	-19972.40068  	-13319.75275  	Inf  	-Inf  	0.00455  	0.00006  	0.00419  	0.00432  	0.00561  	0.00000  	0.00000  
164.85828  	22.06039  	59.67856  	59.34673  	37.09099  	-1.18512  	0.01693  	0.35330  	0.34212  	-3.02442  	0.05694  	-0.08495  	-190.13438  	-1.64499  	100.97230  	104.27330  	-19972.86765  	-13320.37540  	Inf  	-Inf  	0.00455  	0.00006  	0.00418  	0.00433  	0.00560  	0.00000  	0.00000  
165.85826  	22.06023  	59.68154  	59.34943  	37.09301  	-1.18512  	0.01802  	0.35473  	0.34266  	-3.02442  	0.06001  	-0.08509  	-190.16207  	-1.64641  	101.13250  	104.69421  	-19973.27311  	-13320.94350  	Inf  	-Inf  	0.00455  	0.00006  	0.00419  	0.00435  	0.00561  	0.00000  	0.00000  
166.85831  	22.06038  	59.68357  	59.35211  	37.09525  	-1.18512  	0.01650  	0.35251  	0.33587  	-3.02442  	0.05756  	-0.08500  	-190.18847  	-1.64321  	99.12866  	104.03961  	-19973.79301  	-13321.41465  	Inf  	-Inf  	0.00454  	0.00006  	0.00418  	0.00432  	0.00560  	0.00000  	0.00000  
167.85884  	22.06026  	59.68745  	59.35483  	37.09685  	-1.18512  	0.01759  	0.35566  	0.33947  	-3.02442  	0.05988  	-0.08491  	-190.21019  	-1.64894  	100.19126  	104.96801  	-19974.11578  	-13322.07490  	Inf  	-Inf  	0.00454  	0.00006  	0.00419  	0.00434  	0.00561  	0.00000  	0.00000  
168.85933  	22.05926  	59.69039  	59.35719  	37.09806  	-1.18512  	0.01818  	0.35452  	0.33621  	-3.02442  	0.05799  	-0.08503  	-190.23827  	-1.65180  	99.22735  	104.63172  	-19974.16000  	-13322.60604  	Inf  	-Inf  	0.00454  	0.00006  	0.00419  	0.00435  	0.00561  	0.00000  	0.00000  
169.85967  	22.05880  	59.69253  	59.35882  	37.10040  	-1.18512  	0.01773  	0.35516  	0.34349  	-3.02442  	0.05872  	-0.08496  	-190.27379  	-1.65434  	101.37861  	104.82130  	-19974.56973  	-13322.98269  	Inf  	-Inf  	0.00455  	0.00006  	0.00419  	0.00434  	0.00561  	0.00000  	0.00000  
170.86128  	22.05797  	59.69429  	59.36178  	37.10262  	-1.18512  	0.01554  	0.35438  	0.34116  	-3.02442  	0.05903  	-0.08495  	-190.31234  	-1.64836  	100.68837  	104.59181  	-19974.87212  	-13323.45587  	Inf  	-Inf  	0.00455  	0.00006  	0.00419  	0.00430  	0.00561  	0.00000  	0.00000  
171.86229  	22.05779  	59.69812  	59.36509  	37.10416  	-1.18512  	0.01898  	0.35433  	0.34311  	-3.02442  	0.05902  	-0.08499  	-190.33411  	-1.65096  	101.26591  	104.57627  	-19975.17040  	-13324.17059  	Inf  	-Inf  	0.00455  	0.00006  	0.00419  	0.00436  	0.00561  	0.00000  	0.00000  
172.86349  	22.05759  	59.70051  	59.36845  	37.10593  	-1.18512  	0.01834  	0.35416  	0.34371  	-3.02442  	0.05805  	-0.08493  	-190.35914  	-1.64614  	101.44201  	104.52556  	-19975.51192  	-13324.74638  	Inf  	-Inf  	0.00455  	0.00006  	0.00419  	0.00435  	0.00561  	0.00000  	0.00000  
173.86428  	22.05779  	59.70340  	59.37191  	37.10689  	-1.18512  	0.01709  	0.35422  	0.33890  	-3.02442  	0.05743  	-0.08500  	-190.36869  	-1.64333  	100.02288  	104.54348  	-19975.76439  	-13325.38098  	Inf  	-Inf  	0.00454  	0.00006  	0.00418  	0.00433  	0.00561  	0.00000  	0.00000  
174.86362  	22.05761  	59.70585  	59.37407  	37.10780  	-1.18512  	0.01715  	0.35644  	0.33512  	-3.02442  	0.05811  	-0.08501  	-190.38264  	-1.64480  	98.90833  	105.19912  	-19975.92380  	-13325.84320  	Inf  	-Inf  	0.00454  	0.00006  	0.00419  	0.00433  	0.00562  	0.00000  	0.00000  
175.86435  	22.05796  	59.70828  	59.37745  	37.10951  	-1.18512  	0.01653  	0.35349  	0.34655  	-3.02442  	0.06017  	-0.08497  	-190.39987  	-1.64005  	102.28175  	104.33012  	-19976.37242  	-13326.42433  	Inf  	-Inf  	0.00455  	0.00006  	0.00419  	0.00432  	0.00560  	0.00000  	0.00000  
176.86536  	22.05690  	59.71084  	59.37890  	37.10946  	-1.18512  	0.01756  	0.35438  	0.35353  	-3.02442  	0.05795  	-0.08503  	-190.41259  	-1.64552  	104.33988  	104.58991  	-19976.13085  	-13326.82634  	Inf  	-Inf  	0.00457  	0.00006  	0.00419  	0.00434  	0.00561  	0.00000  	0.00000  
177.86526  	22.05637  	59.71297  	59.38145  	37.11022  	-1.18512  	0.01632  	0.35607  	0.34282  	-3.02442  	0.05706  	-0.08498  	-190.42898  	-1.64346  	101.17918  	105.08914  	-19976.17944  	-13327.29445  	Inf  	-Inf  	0.00455  	0.00006  	0.00418  	0.00431  	0.00562  	0.00000  	0.00000  
178.86710  	22.05651  	59.71503  	59.38451  	37.11108  	-1.18512  	0.01831  	0.35677  	0.34344  	-3.02442  	0.05950  	-0.08502  	-190.43804  	-1.63851  	101.36391  	105.29763  	-19976.39814  	-13327.80765  	Inf  	-Inf  	0.00455  	0.00006  	0.00419  	0.00435  	0.00562  	0.00000  	0.00000  
179.86925  	22.05663  	59.71795  	59.38741  	37.11120  	-1.18512  	0.01912  	0.35759  	0.34278  	-3.02442  	0.05952  	-0.08491  	-190.43814  	-1.63860  	101.16902  	105.53978  	-19976.45078  	-13328.38987  	Inf  	-Inf  	0.00455  	0.00006  	0.00419  	0.00437  	0.00562  	0.00000  	0.00000  
180.86940  	22.05546  	59.72030  	59.39019  	37.11090  	-1.18512  	0.01896  	0.35651  	0.34033  	-3.02442  	0.05858  	-0.08500  	-190.44918  	-1.63647  	100.44325  	105.21888  	-19976.13183  	-13328.90332  	Inf  	-Inf  	0.00454  	0.00006  	0.00419  	0.00436  	0.00562  	0.00000  	0.00000  
181.86871  	22.05630  	59.72265  	59.39237  	37.11124  	-1.18512  	0.01668  	0.35726  	0.34735  	-3.02442  	0.05904  	-0.08494  	-190.44279  	-1.63732  	102.51588  	105.44247  	-19976.38760  	-13329.35658  	Inf  	-Inf  	0.00456  	0.00006  	0.00419  	0.00432  	0.00562  	0.00000  	0.00000  
182.86925  	22.05650  	59.72608  	59.39247  	37.11217  	-1.18512  	0.01682  	0.35639  	0.35027  	-3.02442  	0.06442  	-0.08494  	-190.45219  	-1.65384  	103.37818  	105.18440  	-19976.63389  	-13329.70992  	Inf  	-Inf  	0.00456  	0.00006  	0.00421  	0.00432  	0.00562  	0.00000  	0.00000  
183.86926  	22.05702  	59.72820  	59.39428  	37.11192  	-1.18512  	0.01797  	0.35495  	0.34282  	-3.02442  	0.05813  	-0.08503  	-190.44241  	-1.65537  	101.17920  	104.76003  	-19976.69021  	-13330.10328  	Inf  	-Inf  	0.00455  	0.00006  	0.00419  	0.00434  	0.00561  	0.00000  	0.00000  
184.87036  	22.05786  	59.73084  	59.39804  	37.11094  	-1.18512  	0.01705  	0.35623  	0.34534  	-3.02442  	0.05669  	-0.08499  	-190.41947  	-1.64983  	101.92198  	105.13684  	-19976.66248  	-13330.74412  	Inf  	-Inf  	0.00455  	0.00006  	0.00418  	0.00433  	0.00562  	0.00000  	0.00000  
185.87091  	22.05722  	59.73334  	59.40042  	37.11052  	-1.18512  	0.01739  	0.35415  	0.34622  	-3.02442  	0.05708  	-0.08499  	-190.42226  	-1.65044  	102.18383  	104.52476  	-19976.43063  	-13331.23349  	Inf  	-Inf  	0.00455  	0.00006  	0.00418  	0.00433  	0.00561  	0.00000  	0.00000  
186.87177  	22.05672  	59.73578  	59.40304  	37.11108  	-1.18512  	0.01685  	0.35673  	0.34052  	-3.02442  	0.06155  	-0.08492  	-190.43563  	-1.64951  	100.50191  	105.28360  	-19976.44336  	-13331.73967  	Inf  	-Inf  	0.00454  	0.00006  	0.00420  	0.00432  	0.00562  	0.00000  	0.00000  
187.87263  	22.05736  	59.73742  	59.40424  	37.11115  	-1.18512  	0.01839  	0.35585  	0.34014  	-3.02442  	0.05952  	-0.08503  	-190.42852  	-1.65173  	100.38821  	105.02404  	-19976.59965  	-13332.02441  	Inf  	-Inf  	0.00454  	0.00006  	0.00419  	0.00435  	0.00561  	0.00000  	0.00000  
188.87261  	22.05685  	59.74043  	59.40644  	37.11222  	-1.18512  	0.01796  	0.35496  	0.34624  	-3.02442  	0.06266  	-0.08506  	-190.44847  	-1.65574  	102.18944  	104.76332  	-19976.71927  	-13332.54630  	Inf  	-Inf  	0.00455  	0.00006  	0.00420  	0.00434  	0.00561  	0.00000  	0.00000  
189.87343  	22.05795  	59.74259  	59.40829  	37.11204  	-1.18512  	0.01601  	0.35478  	0.33970  	-3.02442  	0.05889  	-0.08492  	-190.43231  	-1.65730  	100.25762  	104.71031  	-19976.92243  	-13332.94741  	Inf  	-Inf  	0.00454  	0.00006  	0.00419  	0.00431  	0.00561  	0.00000  	0.00000  
190.87251  	22.05882  	59.74330  	59.41071  	37.11293  	-1.18512  	0.01774  	0.35467  	0.33991  	-3.02442  	0.06204  	-0.08500  	-190.43264  	-1.64879  	100.32180  	104.67610  	-19977.30472  	-13333.26077  	Inf  	-Inf  	0.00454  	0.00006  	0.00420  	0.00434  	0.00561  	0.00000  	0.00000  
191.87410  	22.05853  	59.74619  	59.41375  	37.11457  	-1.18512  	0.01971  	0.35573  	0.33927  	-3.02442  	0.05818  	-0.08499  	-190.45700  	-1.64802  	100.13054  	104.98924  	-19977.59900  	-13333.85501  	Inf  	-Inf  	0.00454  	0.00006  	0.00419  	0.00438  	0.00561  	0.00000  	0.00000  
192.87642  	22.05979  	59.74874  	59.41551  	37.11488  	-1.18512  	0.01838  	0.35651  	0.33844  	-3.02442  	0.05687  	-0.08494  	-190.44502  	-1.65194  	99.88535  	105.21904  	-19977.94162  	-13334.28650  	Inf  	-Inf  	0.00454  	0.00006  	0.00418  	0.00435  	0.00562  	0.00000  	0.00000  
193.87553  	22.06004  	59.75142  	59.41895  	37.11672  	-1.18512  	0.01778  	0.35478  	0.33829  	-3.02442  	0.06068  	-0.08491  	-190.46517  	-1.64819  	99.84141  	104.71046  	-19978.39471  	-13334.89877  	Inf  	-Inf  	0.00454  	0.00006  	0.00419  	0.00434  	0.00561  	0.00000  	0.00000  
194.87725  	22.05953  	59.75411  	59.42116  	37.11864  	-1.18512  	0.01844  	0.35524  	0.33993  	-3.02442  	0.06004  	-0.08502  	-190.49604  	-1.65056  	100.32713  	104.84425  	-19978.70238  	-13335.39016  	Inf  	-Inf  	0.00454  	0.00006  	0.00419  	0.00435  	0.00561  	0.00000  	0.00000  
195.87725  	22.05978  	59.75614  	59.42408  	37.12058  	-1.18512  	0.01728  	0.35473  	0.34224  	-3.02442  	0.06258  	-0.08496  	-190.51743  	-1.64614  	101.00867  	104.69394  	-19979.18018  	-13335.88553  	Inf  	-Inf  	0.00455  	0.00006  	0.00420  	0.00433  	0.00561  	0.00000  	0.00000  
196.87730  	22.05977  	59.75853  	59.42706  	37.12161  	-1.18512  	0.01698  	0.35601  	0.34444  	-3.02442  	0.05948  	-0.08503  	-190.53063  	-1.64322  	101.65725  	105.07297  	-19979.40220  	-13336.42323  	Inf  	-Inf  	0.00455  	0.00006  	0.00419  	0.00433  	0.00562  	0.00000  	0.00000  
197.87923  	22.06025  	59.76021  	59.42783  	37.12378  	-1.18512  	0.01810  	0.35335  	0.34230  	-3.02442  	0.06290  	-0.08504  	-190.55198  	-1.64775  	101.02565  	104.28761  	-19979.97710  	-13336.66862  	Inf  	-Inf  	0.00455  	0.00006  	0.00420  	0.00435  	0.00560  	0.00000  	0.00000  
198.88124  	22.06006  	59.76219  	59.43069  	37.12536  	-1.18512  	0.01749  	0.35358  	0.33620  	-3.02442  	0.06090  	-0.08490  	-190.57442  	-1.64338  	99.22504  	104.35513  	-19980.28275  	-13337.15317  	Inf  	-Inf  	0.00454  	0.00006  	0.00419  	0.00434  	0.00560  	0.00000  	0.00000  
199.88118  	22.05957  	59.76525  	59.43334  	37.12814  	-1.18512  	0.01738  	0.35463  	0.34566  	-3.02442  	0.06203  	-0.08505  	-190.61587  	-1.64541  	102.01846  	104.66564  	-19980.78044  	-13337.72496  	Inf  	-Inf  	0.00455  	0.00006  	0.00420  	0.00433  	0.00561  	0.00000  	0.00000  
200.88226  	22.06024  	59.76596  	59.43553  	37.12961  	-1.18512  	0.01945  	0.35533  	0.34357  	-3.02442  	0.05888  	-0.08505  	-190.62590  	-1.63806  	101.39997  	104.87156  	-19981.24674  	-13338.01638  	Inf  	-Inf  	0.00455  	0.00006  	0.00419  	0.00437  	0.00561  	0.00000  	0.00000  
201.88367  	22.06034  	59.76818  	59.43768  	37.13071  	-1.18512  	0.01756  	0.35544  	0.34332  	-3.02442  	0.05822  	-0.08499  	-190.63867  	-1.63841  	101.32640  	104.90523  	-19981.50704  	-13338.45418  	Inf  	-Inf  	0.00455  	0.00006  	0.00419  	0.00434  	0.00561  	0.00000  	0.00000  
202.88497  	22.06034  	59.77160  	59.43942  	37.13262  	-1.18512  	0.01925  	0.35478  	0.34637  	-3.02442  	0.05914  	-0.08492  	-190.66287  	-1.64671  	102.22738  	104.70924  	-19981.92324  	-13338.97081  	Inf  	-Inf  	0.00455  	0.00006  	0.00419  	0.00437  	0.00561  	0.00000  	0.00000  
203.88550  	22.06079  	59.77384  	59.44226  	37.13441  	-1.18512  	0.01742  	0.35517  	0.34192  	-3.02442  	0.05888  	-0.08501  	-190.67984  	-1.64377  	100.91497  	104.82578  	-19982.41178  	-13339.47869  	Inf  	-Inf  	0.00455  	0.00006  	0.00419  	0.00433  	0.00561  	0.00000  	0.00000  
204.88742  	22.06093  	59.77657  	59.44490  	37.13564  	-1.18512  	0.01785  	0.35325  	0.34362  	-3.02442  	0.05760  	-0.08500  	-190.69367  	-1.64426  	101.41682  	104.25686  	-19982.71033  	-13340.01751  	Inf  	-Inf  	0.00455  	0.00006  	0.00418  	0.00434  	0.00560  	0.00000  	0.00000  
205.88945  	22.05909  	59.77910  	59.44647  	37.13714  	-1.18512  	0.01648  	0.35464  	0.34261  	-3.02442  	0.05907  	-0.08499  	-190.73590  	-1.64895  	101.11801  	104.66847  	-19982.63623  	-13340.42863  	Inf  	-Inf  	0.00455  	0.00006  	0.00419  	0.00432  	0.00561  	0.00000  	0.00000  
206.89109  	22.05944  	59.78078  	59.44803  	37.13763  	-1.18512  	0.01567  	0.35443  	0.34279  	-3.02442  	0.05902  	-0.08500  	-190.73771  	-1.64955  	101.17068  	104.60745  	-19982.81868  	-13340.75278  	Inf  	-Inf  	0.00455  	0.00006  	0.00419  	0.00430  	0.00561  	0.00000  	0.00000  
207.89179  	22.05896  	59.78276  	59.45104  	37.13905  	-1.18512  	0.01830  	0.35363  	0.33726  	-3.02442  	0.05865  	-0.08502  	-190.76170  	-1.64451  	99.53966  	104.36948  	-19983.02251  	-13341.25272  	Inf  	-Inf  	0.00454  	0.00006  	0.00419  	0.00435  	0.00560  	0.00000  	0.00000  
208.89357  	22.05877  	59.78464  	59.45335  	37.14047  	-1.18512  	0.01785  	0.35430  	0.34271  	-3.02442  	0.06020  	-0.08498  	-190.78216  	-1.64232  	101.14629  	104.56676  	-19983.29212  	-13341.67177  	Inf  	-Inf  	0.00455  	0.00006  	0.00419  	0.00434  	0.00561  	0.00000  	0.00000  
209.89496  	22.05997  	59.78753  	59.45512  	37.14158  	-1.18512  	0.01623  	0.35553  	0.34139  	-3.02442  	0.06054  	-0.08507  	-190.78109  	-1.64787  	100.75754  	104.92988  	-19983.79510  	-13342.13875  	Inf  	-Inf  	0.00455  	0.00006  	0.00419  	0.00431  	0.00561  	0.00000  	0.00000  
210.89621  	22.05997  	59.78834  	59.45674  	37.14350  	-1.18512  	0.01853  	0.35597  	0.34209  	-3.02442  	0.05945  	-0.08506  	-190.80533  	-1.64389  	100.96400  	105.06044  	-19984.21171  	-13342.38231  	Inf  	-Inf  	0.00455  	0.00006  	0.00419  	0.00436  	0.00562  	0.00000  	0.00000  
211.89885  	22.05978  	59.79188  	59.45808  	37.14408  	-1.18512  	0.01889  	0.35727  	0.34632  	-3.02442  	0.05995  	-0.08497  	-190.81505  	-1.65477  	102.21291  	105.44518  	-19984.29920  	-13342.87104  	Inf  	-Inf  	0.00455  	0.00006  	0.00419  	0.00436  	0.00562  	0.00000  	0.00000  
212.89952  	22.05959  	59.79362  	59.46056  	37.14433  	-1.18512  	0.01835  	0.35627  	0.34570  	-3.02442  	0.05924  	-0.08501  	-190.82065  	-1.65112  	102.02853  	105.15021  	-19984.31205  	-13343.29440  	Inf  	-Inf  	0.00455  	0.00006  	0.00419  	0.00435  	0.00562  	0.00000  	0.00000  
213.90005  	22.05933  	59.79577  	59.46262  	37.14461  	-1.18512  	0.01970  	0.35619  	0.34363  	-3.02442  	0.05999  	-0.08505  	-190.82751  	-1.65155  	101.41900  	105.12489  	-19984.31352  	-13343.71529  	Inf  	-Inf  	0.00455  	0.00006  	0.00419  	0.00438  	0.00562  	0.00000  	0.00000  
