10/10/2024 14:06:22Time	T_hot_in(C)	T_cold_in(C)	T_cold_out(C)	T_hot_out(C)	mdot_cold(kg/s)	ASFASIFUAS(kg/s)	Diferencial_cold(bar)	Diferencial_hot(bar)	mdot_hot(kg/s)	ABS_cold(bar)	ABS_hot(bar)	q_cold(kW)	q_hot(kW)	ASFASYFY	Tau_cold_haste	Re_hot	Re_cold	U_global	PSIG_cold(bar)	R_fouling	PSIG_hot(bar)	PSID_hot(bar)	m_dot_hot	PSID_cold(bar)	m_dot_cold
1.74635  	0.00000  	0.00000  	0.00000  	0.00000  	-1.18512  	-0.20833  	-0.86278  	-2.50000  	-3.02442  	-1.25000  	-0.08628  	-0.00000  	-0.00000  	-737.84722  	-254.63905  	-9234.48090  	-3618.55272  	NaN  	NaN  	0.00000  	0.00000  	0.00000  	0.00000  	0.00000  	0.00000  	0.00000  
2.74738  	22.14982  	59.42132  	59.11648  	39.23986  	-1.18512  	0.01335  	0.22467  	0.21218  	-3.02442  	0.05977  	-0.08508  	-216.18266  	-1.51116  	62.62209  	66.30921  	-20462.13520  	-13271.64037  	Inf  	-Inf  	0.00434  	0.00006  	0.00419  	0.00426  	0.00501  	0.00000  	0.00000  
3.74871  	22.14822  	59.42343  	59.11928  	39.24156  	-1.18512  	0.01554  	0.22784  	0.21391  	-3.02442  	0.05572  	-0.08506  	-216.22451  	-1.50781  	63.13314  	67.24575  	-20462.15922  	-13272.13074  	Inf  	-Inf  	0.00434  	0.00006  	0.00418  	0.00430  	0.00502  	0.00000  	0.00000  
4.74865  	22.14712  	59.42544  	59.12097  	39.24436  	-1.18512  	0.01118  	0.22493  	0.21263  	-3.02442  	0.05992  	-0.08502  	-216.27392  	-1.50938  	62.75393  	66.38583  	-20462.53019  	-13272.50015  	Inf  	-Inf  	0.00434  	0.00006  	0.00419  	0.00421  	0.00501  	0.00000  	0.00000  
5.74969  	22.14591  	59.42627  	59.12330  	39.24668  	-1.18512  	0.01332  	0.22655  	0.20131  	-3.02442  	0.06015  	-0.08514  	-216.31854  	-1.50191  	59.41528  	66.86304  	-20462.77554  	-13272.81665  	Inf  	-Inf  	0.00432  	0.00005  	0.00419  	0.00426  	0.00502  	0.00000  	0.00000  
6.75007  	22.14471  	59.42809  	59.12425  	39.24808  	-1.18512  	0.01329  	0.22567  	0.20905  	-3.02442  	0.06204  	-0.08503  	-216.35147  	-1.50624  	61.70009  	66.60256  	-20462.81865  	-13273.09192  	Inf  	-Inf  	0.00433  	0.00006  	0.00420  	0.00426  	0.00501  	0.00000  	0.00000  
7.75081  	22.14303  	59.43003  	59.12556  	39.25069  	-1.18512  	0.01205  	0.22392  	0.21021  	-3.02442  	0.05693  	-0.08505  	-216.40571  	-1.50934  	62.04173  	66.08832  	-20463.02260  	-13273.41774  	Inf  	-Inf  	0.00434  	0.00006  	0.00418  	0.00423  	0.00501  	0.00000  	0.00000  
8.75110  	22.14190  	59.43318  	59.12658  	39.25218  	-1.18512  	0.01287  	0.22489  	0.20843  	-3.02442  	0.06052  	-0.08500  	-216.43882  	-1.51995  	61.51469  	66.37515  	-20463.10142  	-13273.83328  	Inf  	-Inf  	0.00433  	0.00006  	0.00419  	0.00425  	0.00501  	0.00000  	0.00000  
9.75094  	22.14073  	59.43488  	59.12961  	39.25426  	-1.18512  	0.01227  	0.22551  	0.21143  	-3.02442  	0.05778  	-0.08513  	-216.48013  	-1.51333  	62.40036  	66.55543  	-20463.30074  	-13274.30661  	Inf  	-Inf  	0.00434  	0.00005  	0.00418  	0.00424  	0.00501  	0.00000  	0.00000  
10.75082  	22.13923  	59.43720  	59.13185  	39.25750  	-1.18512  	0.01204  	0.22310  	0.20794  	-3.02442  	0.05762  	-0.08508  	-216.53996  	-1.51372  	61.37206  	65.84403  	-20463.68209  	-13274.76123  	Inf  	-Inf  	0.00433  	0.00006  	0.00418  	0.00423  	0.00500  	0.00000  	0.00000  
11.75265  	22.13780  	59.43913  	59.13361  	39.26062  	-1.18512  	0.01292  	0.22691  	0.20660  	-3.02442  	0.05980  	-0.08509  	-216.59761  	-1.51455  	60.97487  	66.96934  	-20464.05341  	-13275.12921  	Inf  	-Inf  	0.00433  	0.00006  	0.00419  	0.00425  	0.00502  	0.00000  	0.00000  
12.75417  	22.13655  	59.44095  	59.13547  	39.26295  	-1.18512  	0.01338  	0.22620  	0.20573  	-3.02442  	0.05907  	-0.08508  	-216.64291  	-1.51435  	60.71936  	66.76179  	-20464.29064  	-13275.49738  	Inf  	-Inf  	0.00433  	0.00006  	0.00419  	0.00426  	0.00502  	0.00000  	0.00000  
13.75429  	22.13480  	59.44337  	59.13790  	39.26545  	-1.18512  	0.01323  	0.22572  	0.20636  	-3.02442  	0.05922  	-0.08507  	-216.69675  	-1.51435  	60.90342  	66.61901  	-20464.45505  	-13275.98170  	Inf  	-Inf  	0.00433  	0.00006  	0.00419  	0.00425  	0.00502  	0.00000  	0.00000  
14.75422  	22.13437  	59.44538  	59.13889  	39.26805  	-1.18512  	0.01310  	0.22351  	0.21025  	-3.02442  	0.06180  	-0.08513  	-216.73503  	-1.51938  	62.05371  	65.96682  	-20464.92988  	-13276.28178  	Inf  	-Inf  	0.00434  	0.00005  	0.00420  	0.00425  	0.00500  	0.00000  	0.00000  
15.75519  	22.13333  	59.44815  	59.14006  	39.27031  	-1.18512  	0.01310  	0.22472  	0.21178  	-3.02442  	0.05582  	-0.08503  	-216.77676  	-1.52730  	62.50459  	66.32497  	-20465.19725  	-13276.67546  	Inf  	-Inf  	0.00434  	0.00006  	0.00418  	0.00425  	0.00501  	0.00000  	0.00000  
16.75569  	22.13055  	59.45105  	59.14186  	39.27317  	-1.18512  	0.01327  	0.22410  	0.20778  	-3.02442  	0.05973  	-0.08508  	-216.84812  	-1.53272  	61.32319  	66.13976  	-20465.21530  	-13277.14470  	Inf  	-Inf  	0.00433  	0.00006  	0.00419  	0.00425  	0.00501  	0.00000  	0.00000  
17.75576  	22.12939  	59.45281  	59.14458  	39.27585  	-1.18512  	0.01430  	0.22490  	0.21248  	-3.02442  	0.05751  	-0.08507  	-216.89678  	-1.52802  	62.71218  	66.37612  	-20465.54901  	-13277.59237  	Inf  	-Inf  	0.00434  	0.00006  	0.00418  	0.00427  	0.00501  	0.00000  	0.00000  
18.75615  	22.12854  	59.45398  	59.14660  	39.27927  	-1.18512  	0.01420  	0.22718  	0.20588  	-3.02442  	0.06083  	-0.08513  	-216.95091  	-1.52375  	60.76195  	67.04886  	-20466.11348  	-13277.91055  	Inf  	-Inf  	0.00433  	0.00005  	0.00419  	0.00427  	0.00502  	0.00000  	0.00000  
19.75691  	22.12734  	59.45617  	59.14924  	39.28139  	-1.18512  	0.01450  	0.22420  	0.20844  	-3.02442  	0.06074  	-0.08506  	-216.99285  	-1.52158  	61.52019  	66.17029  	-20466.31450  	-13278.39286  	Inf  	-Inf  	0.00433  	0.00006  	0.00419  	0.00428  	0.00501  	0.00000  	0.00000  
20.75912  	22.12554  	59.45900  	59.15210  	39.28374  	-1.18512  	0.01315  	0.22651  	0.20827  	-3.02442  	0.05926  	-0.08510  	-217.04529  	-1.52139  	61.46771  	66.85319  	-20466.43538  	-13278.96144  	Inf  	-Inf  	0.00433  	0.00005  	0.00419  	0.00425  	0.00502  	0.00000  	0.00000  
21.76195  	22.12414  	59.46101  	59.15444  	39.28648  	-1.18512  	0.01315  	0.22170  	0.20839  	-3.02442  	0.05961  	-0.08508  	-217.09781  	-1.51977  	61.50393  	65.43282  	-20466.73040  	-13279.39583  	Inf  	-Inf  	0.00433  	0.00006  	0.00419  	0.00425  	0.00500  	0.00000  	0.00000  
22.76414  	22.12223  	59.46398  	59.15759  	39.28869  	-1.18512  	0.01258  	0.22537  	0.20933  	-3.02442  	0.05797  	-0.08509  	-217.14989  	-1.51889  	61.78140  	66.51688  	-20466.79436  	-13280.00706  	Inf  	-Inf  	0.00433  	0.00006  	0.00419  	0.00424  	0.00501  	0.00000  	0.00000  
23.76511  	22.12138  	59.46667  	59.16017  	39.29230  	-1.18512  	0.01329  	0.22444  	0.21026  	-3.02442  	0.05657  	-0.08504  	-217.20632  	-1.51940  	62.05449  	66.23964  	-20467.40153  	-13280.53415  	Inf  	-Inf  	0.00434  	0.00006  	0.00418  	0.00426  	0.00501  	0.00000  	0.00000  
24.76705  	22.12023  	59.46878  	59.16256  	39.29294  	-1.18512  	0.01388  	0.22274  	0.20640  	-3.02442  	0.05817  	-0.08501  	-217.22913  	-1.51806  	60.91780  	65.73926  	-20467.29014  	-13280.98337  	Inf  	-Inf  	0.00433  	0.00006  	0.00419  	0.00427  	0.00500  	0.00000  	0.00000  
25.76696  	22.11861  	59.47121  	59.16465  	39.29554  	-1.18512  	0.01343  	0.22535  	0.21209  	-3.02442  	0.05808  	-0.08504  	-217.28254  	-1.51974  	62.59723  	66.51073  	-20467.50378  	-13281.43435  	Inf  	-Inf  	0.00434  	0.00006  	0.00419  	0.00426  	0.00501  	0.00000  	0.00000  
26.76821  	22.11700  	59.47357  	59.16718  	39.29755  	-1.18512  	0.01296  	0.22541  	0.20517  	-3.02442  	0.05913  	-0.08505  	-217.32827  	-1.51891  	60.55414  	66.52821  	-20467.59245  	-13281.92314  	Inf  	-Inf  	0.00433  	0.00006  	0.00419  	0.00425  	0.00501  	0.00000  	0.00000  
27.76878  	22.11452  	59.47731  	59.16955  	39.29984  	-1.18512  	0.01346  	0.22484  	0.20915  	-3.02442  	0.05665  	-0.08501  	-217.38870  	-1.52568  	61.72922  	66.36008  	-20467.54938  	-13282.53459  	Inf  	-Inf  	0.00433  	0.00006  	0.00418  	0.00426  	0.00501  	0.00000  	0.00000  
28.76993  	22.11309  	59.47869  	59.17228  	39.30205  	-1.18512  	0.01417  	0.22650  	0.20954  	-3.02442  	0.06057  	-0.08507  	-217.43467  	-1.51898  	61.84431  	66.84966  	-20467.72081  	-13282.94396  	Inf  	-Inf  	0.00434  	0.00006  	0.00419  	0.00427  	0.00502  	0.00000  	0.00000  
29.77117  	22.11232  	59.48099  	59.17444  	39.30394  	-1.18512  	0.01351  	0.22563  	0.20450  	-3.02442  	0.05852  	-0.08511  	-217.46849  	-1.51970  	60.35545  	66.59233  	-20467.96563  	-13283.39044  	Inf  	-Inf  	0.00433  	0.00005  	0.00419  	0.00426  	0.00501  	0.00000  	0.00000  
30.77095  	22.11076  	59.48336  	59.17798  	39.30619  	-1.18512  	0.01329  	0.22419  	0.20942  	-3.02442  	0.05627  	-0.08508  	-217.51667  	-1.51390  	61.80712  	66.16711  	-20468.11878  	-13283.98048  	Inf  	-Inf  	0.00434  	0.00006  	0.00418  	0.00426  	0.00501  	0.00000  	0.00000  
31.77130  	22.10886  	59.48657  	59.18004  	39.30889  	-1.18512  	0.01217  	0.22637  	0.20796  	-3.02442  	0.05935  	-0.08508  	-217.57495  	-1.51954  	61.37774  	66.81062  	-20468.29341  	-13284.50734  	Inf  	-Inf  	0.00433  	0.00006  	0.00419  	0.00423  	0.00502  	0.00000  	0.00000  
32.77166  	22.10704  	59.48949  	59.18426  	39.30985  	-1.18512  	0.01420  	0.22677  	0.20468  	-3.02442  	0.05909  	-0.08506  	-217.61013  	-1.51317  	60.40945  	66.92936  	-20468.10569  	-13285.22075  	Inf  	-Inf  	0.00433  	0.00006  	0.00419  	0.00427  	0.00502  	0.00000  	0.00000  
33.77202  	22.10648  	59.49247  	59.18764  	39.31174  	-1.18512  	0.01371  	0.22595  	0.21126  	-3.02442  	0.05956  	-0.08504  	-217.64120  	-1.51116  	62.35001  	66.68516  	-20468.39771  	-13285.85622  	Inf  	-Inf  	0.00434  	0.00006  	0.00419  	0.00426  	0.00502  	0.00000  	0.00000  
34.77321  	22.10577  	59.49415  	59.19107  	39.31439  	-1.18512  	0.01355  	0.22729  	0.20589  	-3.02442  	0.05958  	-0.08509  	-217.68371  	-1.50245  	60.76668  	67.08152  	-20468.82251  	-13286.36710  	Inf  	-Inf  	0.00433  	0.00006  	0.00419  	0.00426  	0.00502  	0.00000  	0.00000  
35.77519  	22.10341  	59.49703  	59.19268  	39.31542  	-1.18512  	0.01255  	0.22583  	0.20920  	-3.02442  	0.05823  	-0.08512  	-217.72659  	-1.50875  	61.74413  	66.65197  	-20468.53288  	-13286.81533  	Inf  	-Inf  	0.00433  	0.00005  	0.00419  	0.00424  	0.00502  	0.00000  	0.00000  
36.77533  	22.10265  	59.50023  	59.19473  	39.31689  	-1.18512  	0.01396  	0.22523  	0.21272  	-3.02442  	0.05783  	-0.08504  	-217.75474  	-1.51449  	62.78273  	66.47474  	-20468.68688  	-13287.34031  	Inf  	-Inf  	0.00434  	0.00006  	0.00419  	0.00427  	0.00501  	0.00000  	0.00000  
37.77914  	22.10232  	59.50195  	59.19687  	39.31801  	-1.18512  	0.01362  	0.22586  	0.20914  	-3.02442  	0.05906  	-0.08511  	-217.77315  	-1.51240  	61.72470  	66.66070  	-20468.85901  	-13287.72619  	Inf  	-Inf  	0.00433  	0.00005  	0.00419  	0.00426  	0.00502  	0.00000  	0.00000  
38.78110  	22.09975  	59.50540  	59.19894  	39.31904  	-1.18512  	0.01392  	0.22601  	0.20790  	-3.02442  	0.06003  	-0.08511  	-217.81871  	-1.51923  	61.36007  	66.70413  	-20468.52130  	-13288.27771  	Inf  	-Inf  	0.00433  	0.00005  	0.00419  	0.00427  	0.00502  	0.00000  	0.00000  
39.78130  	22.09877  	59.50859  	59.20165  	39.32089  	-1.18512  	0.01317  	0.22741  	0.20912  	-3.02442  	0.05851  	-0.08510  	-217.85457  	-1.52163  	61.71845  	67.11615  	-20468.71310  	-13288.86741  	Inf  	-Inf  	0.00433  	0.00005  	0.00419  	0.00425  	0.00502  	0.00000  	0.00000  
40.78104  	22.09764  	59.51068  	59.20416  	39.32233  	-1.18512  	0.01362  	0.22329  	0.20408  	-3.02442  	0.05865  	-0.08506  	-217.88717  	-1.51954  	60.23105  	65.90055  	-20468.78135  	-13289.32736  	Inf  	-Inf  	0.00433  	0.00006  	0.00419  	0.00426  	0.00500  	0.00000  	0.00000  
41.78298  	22.09565  	59.51330  	59.20605  	39.32427  	-1.18512  	0.01293  	0.22496  	0.20798  	-3.02442  	0.05946  	-0.08511  	-217.93693  	-1.52316  	61.38303  	66.39413  	-20468.76881  	-13289.77755  	Inf  	-Inf  	0.00433  	0.00005  	0.00419  	0.00425  	0.00501  	0.00000  	0.00000  
42.78524  	22.09482  	59.51709  	59.20860  	39.32630  	-1.18512  	0.01437  	0.22468  	0.21379  	-3.02442  	0.06046  	-0.08512  	-217.97304  	-1.52930  	63.09682  	66.31309  	-20469.03351  	-13290.41092  	Inf  	-Inf  	0.00434  	0.00005  	0.00419  	0.00428  	0.00501  	0.00000  	0.00000  
43.78700  	22.09394  	59.52041  	59.21331  	39.32822  	-1.18512  	0.01451  	0.22627  	0.20530  	-3.02442  	0.06013  	-0.08514  	-218.00858  	-1.52240  	60.59157  	66.78188  	-20469.26033  	-13291.21349  	Inf  	-Inf  	0.00433  	0.00005  	0.00419  	0.00428  	0.00502  	0.00000  	0.00000  
44.78701  	22.09278  	59.52331  	59.21812  	39.33041  	-1.18512  	0.01495  	0.22351  	0.20799  	-3.02442  	0.06077  	-0.08506  	-218.05103  	-1.51289  	61.38651  	65.96752  	-20469.48879  	-13291.98412  	Inf  	-Inf  	0.00433  	0.00006  	0.00419  	0.00429  	0.00500  	0.00000  	0.00000  
45.78807  	22.09226  	59.52604  	59.22166  	39.33176  	-1.18512  	0.01239  	0.22722  	0.20680  	-3.02442  	0.06120  	-0.08503  	-218.07467  	-1.50889  	61.03329  	67.06207  	-20469.66898  	-13292.61142  	Inf  	-Inf  	0.00433  	0.00006  	0.00420  	0.00424  	0.00502  	0.00000  	0.00000  
46.78914  	22.09185  	59.52954  	59.22444  	39.33440  	-1.18512  	0.01250  	0.22547  	0.21060  	-3.02442  	0.05957  	-0.08503  	-218.11337  	-1.51244  	62.15573  	66.54411  	-20470.15770  	-13293.23870  	Inf  	-Inf  	0.00434  	0.00006  	0.00419  	0.00424  	0.00501  	0.00000  	0.00000  
47.79001  	22.08992  	59.53274  	59.22715  	39.33724  	-1.18512  	0.01359  	0.22604  	0.20708  	-3.02442  	0.05523  	-0.08509  	-218.17376  	-1.51492  	61.11881  	66.71198  	-20470.35992  	-13293.82935  	Inf  	-Inf  	0.00433  	0.00006  	0.00418  	0.00426  	0.00502  	0.00000  	0.00000  
48.79217  	22.08918  	59.53516  	59.22813  	39.33980  	-1.18512  	0.01393  	0.22527  	0.21030  	-3.02442  	0.06063  	-0.08518  	-218.21557  	-1.52208  	62.06684  	66.48710  	-20470.75815  	-13294.16901  	Inf  	-Inf  	0.00434  	0.00005  	0.00419  	0.00427  	0.00501  	0.00000  	0.00000  
49.79187  	22.08849  	59.53761  	59.23014  	39.34164  	-1.18512  	0.01286  	0.22719  	0.20830  	-3.02442  	0.06009  	-0.08513  	-218.24748  	-1.52427  	61.47683  	67.05251  	-20471.00985  	-13294.61512  	Inf  	-Inf  	0.00433  	0.00005  	0.00419  	0.00425  	0.00502  	0.00000  	0.00000  
50.79198  	22.08653  	59.54106  	59.23345  	39.34446  	-1.18512  	0.01371  	0.22568  	0.20574  	-3.02442  	0.05723  	-0.08514  	-218.30804  	-1.52492  	60.72264  	66.60672  	-20471.19817  	-13295.29015  	Inf  	-Inf  	0.00433  	0.00005  	0.00418  	0.00426  	0.00501  	0.00000  	0.00000  
51.79206  	22.08539  	59.54404  	59.23830  	39.34676  	-1.18512  	0.01396  	0.22697  	0.21432  	-3.02442  	0.05772  	-0.08514  	-218.35161  	-1.51566  	63.25490  	66.98656  	-20471.45482  	-13296.07324  	Inf  	-Inf  	0.00434  	0.00005  	0.00418  	0.00427  	0.00502  	0.00000  	0.00000  
52.79301  	22.08462  	59.54772  	59.24098  	39.34947  	-1.18512  	0.01394  	0.22515  	0.20504  	-3.02442  	0.05895  	-0.08508  	-218.39566  	-1.52063  	60.51542  	66.44951  	-20471.88007  	-13296.70939  	Inf  	-Inf  	0.00433  	0.00006  	0.00419  	0.00427  	0.00501  	0.00000  	0.00000  
53.79315  	22.08343  	59.54981  	59.24357  	39.35183  	-1.18512  	0.01289  	0.22744  	0.20934  	-3.02442  	0.05536  	-0.08508  	-218.44059  	-1.51817  	61.78476  	67.12663  	-20472.13625  	-13297.17728  	Inf  	-Inf  	0.00433  	0.00006  	0.00418  	0.00425  	0.00502  	0.00000  	0.00000  
54.79298  	22.08234  	59.55298  	59.24605  	39.35452  	-1.18512  	0.01466  	0.22550  	0.20997  	-3.02442  	0.05955  	-0.08510  	-218.48856  	-1.52154  	61.97067  	66.55257  	-20472.48669  	-13297.74293  	Inf  	-Inf  	0.00434  	0.00005  	0.00419  	0.00428  	0.00501  	0.00000  	0.00000  
55.79319  	22.08146  	59.55716  	59.24971  	39.35803  	-1.18512  	0.01421  	0.22458  	0.20380  	-3.02442  	0.05923  	-0.08505  	-218.54403  	-1.52412  	60.14826  	66.28146  	-20473.06344  	-13298.52677  	Inf  	-Inf  	0.00433  	0.00006  	0.00419  	0.00427  	0.00501  	0.00000  	0.00000  
56.79297  	22.08008  	59.55950  	59.25281  	39.36050  	-1.18512  	0.01266  	0.22510  	0.20986  	-3.02442  	0.05776  	-0.08506  	-218.59285  	-1.52033  	61.93832  	66.43643  	-20473.30251  	-13299.07017  	Inf  	-Inf  	0.00434  	0.00006  	0.00418  	0.00424  	0.00501  	0.00000  	0.00000  
57.79298  	22.07844  	59.56192  	59.25530  	39.36303  	-1.18512  	0.01343  	0.22773  	0.21015  	-3.02442  	0.05626  	-0.08506  	-218.64558  	-1.52001  	62.02255  	67.21308  	-20473.49831  	-13299.56099  	Inf  	-Inf  	0.00434  	0.00006  	0.00418  	0.00426  	0.00502  	0.00000  	0.00000  
58.79298  	22.07701  	59.56467  	59.25830  	39.36597  	-1.18512  	0.01252  	0.22624  	0.20359  	-3.02442  	0.06082  	-0.08508  	-218.70090  	-1.51878  	60.08866  	66.77346  	-20473.82921  	-13300.13607  	Inf  	-Inf  	0.00433  	0.00006  	0.00419  	0.00424  	0.00502  	0.00000  	0.00000  
59.79509  	22.07614  	59.56916  	59.26051  	39.36757  	-1.18512  	0.01220  	0.22705  	0.20944  	-3.02442  	0.05818  	-0.08512  	-218.73215  	-1.53010  	61.81455  	67.01272  	-20473.99124  	-13300.80585  	Inf  	-Inf  	0.00434  	0.00005  	0.00419  	0.00423  	0.00502  	0.00000  	0.00000  
60.79519  	22.07423  	59.57118  	59.26534  	39.37092  	-1.18512  	0.01274  	0.22342  	0.20674  	-3.02442  	0.05741  	-0.08500  	-218.79880  	-1.51613  	61.01727  	65.94114  	-20474.30712  	-13301.49075  	Inf  	-Inf  	0.00433  	0.00006  	0.00418  	0.00424  	0.00500  	0.00000  	0.00000  
61.79623  	22.07315  	59.57387  	59.26717  	39.37328  	-1.18512  	0.01392  	0.22151  	0.20740  	-3.02442  	0.06384  	-0.08509  	-218.84238  	-1.52043  	61.21238  	65.37760  	-20474.58682  	-13301.94322  	Inf  	-Inf  	0.00433  	0.00006  	0.00420  	0.00427  	0.00500  	0.00000  	0.00000  
62.79619  	22.07259  	59.57692  	59.27008  	39.37543  	-1.18512  	0.01415  	0.22629  	0.21410  	-3.02442  	0.06175  	-0.08510  	-218.87660  	-1.52110  	63.19061  	66.78570  	-20474.93694  	-13302.53834  	Inf  	-Inf  	0.00434  	0.00005  	0.00420  	0.00427  	0.00502  	0.00000  	0.00000  
63.79816  	22.07052  	59.58068  	59.27334  	39.37807  	-1.18512  	0.01393  	0.22498  	0.21085  	-3.02442  	0.05868  	-0.08509  	-218.93625  	-1.52359  	62.22952  	66.40072  	-20475.06059  	-13303.24012  	Inf  	-Inf  	0.00434  	0.00006  	0.00419  	0.00427  	0.00501  	0.00000  	0.00000  
64.79854  	22.07008  	59.58309  	59.27693  	39.38083  	-1.18512  	0.01342  	0.22628  	0.21545  	-3.02442  	0.06088  	-0.08511  	-218.97672  	-1.51777  	63.58737  	66.78276  	-20475.57016  	-13303.84080  	Inf  	-Inf  	0.00434  	0.00005  	0.00419  	0.00426  	0.00502  	0.00000  	0.00000  
65.80008  	22.06853  	59.58648  	59.28037  	39.38215  	-1.18512  	0.01383  	0.22450  	0.20772  	-3.02442  	0.05973  	-0.08505  	-219.01319  	-1.51748  	61.30641  	66.25787  	-20475.51994  	-13304.52339  	Inf  	-Inf  	0.00433  	0.00006  	0.00419  	0.00427  	0.00501  	0.00000  	0.00000  
66.80043  	22.06687  	59.58973  	59.28176  	39.38393  	-1.18512  	0.01305  	0.22454  	0.20804  	-3.02442  	0.05854  	-0.08505  	-219.05666  	-1.52673  	61.40149  	66.26927  	-20475.54498  	-13304.98736  	Inf  	-Inf  	0.00433  	0.00006  	0.00419  	0.00425  	0.00501  	0.00000  	0.00000  
67.80227  	22.06495  	59.59223  	59.28328  	39.38679  	-1.18512  	0.01381  	0.22591  	0.20281  	-3.02442  	0.05799  	-0.08506  	-219.11721  	-1.53156  	59.85856  	66.67495  	-20475.75135  	-13305.39016  	Inf  	-Inf  	0.00432  	0.00006  	0.00419  	0.00427  	0.00502  	0.00000  	0.00000  
68.80149  	22.06426  	59.59635  	59.28881  	39.38926  	-1.18512  	0.01358  	0.22566  	0.21297  	-3.02442  	0.05872  	-0.08510  	-219.15722  	-1.52460  	62.85448  	66.60194  	-20476.14206  	-13306.35564  	Inf  	-Inf  	0.00434  	0.00005  	0.00419  	0.00426  	0.00501  	0.00000  	0.00000  
69.80202  	22.06263  	59.59952  	59.29139  	39.39079  	-1.18512  	0.01409  	0.22544  	0.20809  	-3.02442  	0.05918  	-0.08507  	-219.19719  	-1.52752  	61.41555  	66.53699  	-20476.12088  	-13306.93018  	Inf  	-Inf  	0.00433  	0.00006  	0.00419  	0.00427  	0.00501  	0.00000  	0.00000  
70.80302  	22.06083  	59.60358  	59.29380  	39.39326  	-1.18512  	0.01352  	0.22819  	0.21285  	-3.02442  	0.05830  	-0.08504  	-219.25124  	-1.53565  	62.82033  	67.34752  	-20476.26860  	-13307.57760  	Inf  	-Inf  	0.00434  	0.00006  	0.00419  	0.00426  	0.00503  	0.00000  	0.00000  
71.80302  	22.06000  	59.60595  	59.29777  	39.39502  	-1.18512  	0.01329  	0.22544  	0.20204  	-3.02442  	0.05934  	-0.08504  	-219.28401  	-1.52776  	59.63060  	66.53655  	-20476.47045  	-13308.21055  	Inf  	-Inf  	0.00432  	0.00006  	0.00419  	0.00426  	0.00501  	0.00000  	0.00000  
72.80402  	22.05831  	59.60785  	59.30091  	39.39667  	-1.18512  	0.01302  	0.22390  	0.20906  	-3.02442  	0.05839  	-0.08507  	-219.32643  	-1.52159  	61.70075  	66.08091  	-20476.46157  	-13308.71544  	Inf  	-Inf  	0.00433  	0.00006  	0.00419  	0.00425  	0.00501  	0.00000  	0.00000  
73.80411  	22.05741  	59.61069  	59.30260  	39.39844  	-1.18512  	0.01261  	0.22660  	0.20613  	-3.02442  	0.05865  	-0.08500  	-219.36011  	-1.52734  	60.83791  	66.87815  	-20476.65382  	-13309.16857  	Inf  	-Inf  	0.00433  	0.00006  	0.00419  	0.00424  	0.00502  	0.00000  	0.00000  
74.80436  	22.05627  	59.61323  	59.30710  	39.40047  	-1.18512  	0.01361  	0.22597  	0.21578  	-3.02442  	0.06016  	-0.08515  	-219.40032  	-1.51757  	63.68425  	66.69195  	-20476.85008  	-13309.87281  	Inf  	-Inf  	0.00435  	0.00005  	0.00419  	0.00426  	0.00502  	0.00000  	0.00000  
75.80564  	22.05456  	59.61673  	59.31125  	39.40129  	-1.18512  	0.01408  	0.22458  	0.20831  	-3.02442  	0.05777  	-0.08498  	-219.43234  	-1.51435  	61.48155  	66.28195  	-20476.65221  	-13310.63786  	Inf  	-Inf  	0.00433  	0.00006  	0.00418  	0.00427  	0.00501  	0.00000  	0.00000  
76.80669  	22.05389  	59.62002  	59.31341  	39.40188  	-1.18512  	0.01440  	0.22802  	0.21451  	-3.02442  	0.05705  	-0.08497  	-219.44828  	-1.51995  	63.30973  	67.29826  	-20476.63666  	-13311.18382  	Inf  	-Inf  	0.00434  	0.00006  	0.00418  	0.00428  	0.00503  	0.00000  	0.00000  
77.80712  	22.05294  	59.62257  	59.31610  	39.40322  	-1.18512  	0.01324  	0.22586  	0.20655  	-3.02442  	0.06127  	-0.08512  	-219.47739  	-1.51927  	60.96238  	66.66128  	-20476.72298  	-13311.70829  	Inf  	-Inf  	0.00433  	0.00005  	0.00420  	0.00425  	0.00502  	0.00000  	0.00000  
78.80911  	22.05158  	59.62526  	59.31901  	39.40371  	-1.18512  	0.01287  	0.22769  	0.20906  	-3.02442  	0.05718  	-0.08509  	-219.50076  	-1.51817  	61.70201  	67.19969  	-20476.52938  	-13312.26781  	Inf  	-Inf  	0.00433  	0.00005  	0.00418  	0.00425  	0.00502  	0.00000  	0.00000  
79.81128  	22.05105  	59.62813  	59.32180  	39.40461  	-1.18512  	0.01296  	0.22692  	0.20864  	-3.02442  	0.06229  	-0.08515  	-219.51889  	-1.51860  	61.57775  	66.97405  	-20476.61292  	-13312.83472  	Inf  	-Inf  	0.00433  	0.00005  	0.00420  	0.00425  	0.00502  	0.00000  	0.00000  
80.81215  	22.04974  	59.63132  	59.32437  	39.40621  	-1.18512  	0.01293  	0.22556  	0.20890  	-3.02442  	0.05787  	-0.08506  	-219.55577  	-1.52163  	61.65329  	66.57260  	-20476.67389  	-13313.40980  	Inf  	-Inf  	0.00433  	0.00006  	0.00419  	0.00425  	0.00501  	0.00000  	0.00000  
81.81211  	22.04939  	59.63425  	59.32489  	39.40804  	-1.18512  	0.01345  	0.22469  	0.20780  	-3.02442  	0.05763  	-0.08505  	-219.58337  	-1.53365  	61.32889  	66.31502  	-20476.99935  	-13313.75550  	Inf  	-Inf  	0.00433  	0.00006  	0.00418  	0.00426  	0.00501  	0.00000  	0.00000  
82.81303  	22.04729  	59.63738  	59.32840  	39.40974  	-1.18512  	0.01452  	0.22536  	0.20528  	-3.02442  	0.05706  	-0.08504  	-219.63150  	-1.53175  	60.58577  	66.51396  	-20476.91196  	-13314.42004  	Inf  	-Inf  	0.00433  	0.00006  	0.00418  	0.00428  	0.00501  	0.00000  	0.00000  
83.81239  	22.04657  	59.64036  	59.33209  	39.41097  	-1.18512  	0.01390  	0.22652  	0.21123  	-3.02442  	0.05735  	-0.08510  	-219.65622  	-1.52818  	62.34135  	66.85407  	-20477.02371  	-13315.08772  	Inf  	-Inf  	0.00434  	0.00005  	0.00418  	0.00427  	0.00502  	0.00000  	0.00000  
84.81275  	22.04535  	59.64239  	59.33486  	39.41254  	-1.18512  	0.01407  	0.22555  	0.20555  	-3.02442  	0.05883  	-0.08507  	-219.69152  	-1.52455  	60.66564  	66.56789  	-20477.10140  	-13315.56797  	Inf  	-Inf  	0.00433  	0.00006  	0.00419  	0.00427  	0.00501  	0.00000  	0.00000  
85.81300  	22.04469  	59.64468  	59.33676  	39.41487  	-1.18512  	0.01372  	0.22486  	0.20941  	-3.02442  	0.05776  	-0.08509  	-219.72945  	-1.52647  	61.80365  	66.36365  	-20477.46778  	-13315.98700  	Inf  	-Inf  	0.00434  	0.00005  	0.00418  	0.00426  	0.00501  	0.00000  	0.00000  
86.81246  	22.04360  	59.64720  	59.33952  	39.41685  	-1.18512  	0.01301  	0.22659  	0.21001  	-3.02442  	0.05866  	-0.08499  	-219.76824  	-1.52524  	61.98314  	66.87500  	-20477.66435  	-13316.51474  	Inf  	-Inf  	0.00434  	0.00006  	0.00419  	0.00425  	0.00502  	0.00000  	0.00000  
87.81424  	22.04207  	59.65029  	59.34233  	39.41904  	-1.18512  	0.01345  	0.22608  	0.20971  	-3.02442  	0.05878  	-0.08511  	-219.81530  	-1.52669  	61.89211  	66.72550  	-20477.80864  	-13317.10561  	Inf  	-Inf  	0.00434  	0.00005  	0.00419  	0.00426  	0.00502  	0.00000  	0.00000  
88.81411  	22.04099  	59.65286  	59.34495  	39.42087  	-1.18512  	0.01314  	0.22617  	0.20645  	-3.02442  	0.05824  	-0.08507  	-219.85222  	-1.52640  	60.93285  	66.75023  	-20477.97204  	-13317.62427  	Inf  	-Inf  	0.00433  	0.00006  	0.00419  	0.00425  	0.00502  	0.00000  	0.00000  
89.81398  	22.04135  	59.65571  	59.34822  	39.42277  	-1.18512  	0.01387  	0.22428  	0.21124  	-3.02442  	0.05609  	-0.08511  	-219.87171  	-1.52434  	62.34462  	66.19319  	-20478.46703  	-13318.23641  	Inf  	-Inf  	0.00434  	0.00005  	0.00418  	0.00427  	0.00501  	0.00000  	0.00000  
90.81399  	22.04084  	59.65856  	59.35073  	39.42470  	-1.18512  	0.01410  	0.22437  	0.21186  	-3.02442  	0.05938  	-0.08512  	-219.90259  	-1.52602  	62.52747  	66.22004  	-20478.77999  	-13318.77360  	Inf  	-Inf  	0.00434  	0.00005  	0.00419  	0.00427  	0.00501  	0.00000  	0.00000  
91.81336  	22.03936  	59.66068  	59.35215  	39.42788  	-1.18512  	0.01408  	0.22586  	0.20808  	-3.02442  	0.05896  	-0.08509  	-219.96158  	-1.52949  	61.41279  	66.66049  	-20479.15228  	-13319.12841  	Inf  	-Inf  	0.00433  	0.00006  	0.00419  	0.00427  	0.00502  	0.00000  	0.00000  
92.81400  	22.03777  	59.66403  	59.35498  	39.42993  	-1.18512  	0.01340  	0.22722  	0.20976  	-3.02442  	0.06047  	-0.08501  	-220.00763  	-1.53207  	61.90916  	67.06262  	-20479.25458  	-13319.74692  	Inf  	-Inf  	0.00434  	0.00006  	0.00419  	0.00426  	0.00502  	0.00000  	0.00000  
93.81413  	22.03730  	59.66644  	59.35906  	39.43126  	-1.18512  	0.01397  	0.22428  	0.20925  	-3.02442  	0.05640  	-0.08498  	-220.03052  	-1.52375  	61.75924  	66.19382  	-20479.44394  	-13320.39625  	Inf  	-Inf  	0.00433  	0.00006  	0.00418  	0.00427  	0.00501  	0.00000  	0.00000  
94.81405  	22.03626  	59.66902  	59.36185  	39.43357  	-1.18512  	0.01470  	0.22505  	0.20706  	-3.02442  	0.05714  	-0.08509  	-220.07283  	-1.52274  	61.11289  	66.42144  	-20479.72092  	-13320.93372  	Inf  	-Inf  	0.00433  	0.00006  	0.00418  	0.00428  	0.00501  	0.00000  	0.00000  
95.81524  	22.03481  	59.67266  	59.36469  	39.43556  	-1.18512  	0.01313  	0.22579  	0.21529  	-3.02442  	0.05965  	-0.08501  	-220.11642  	-1.52670  	63.54185  	66.63818  	-20479.83982  	-13321.58114  	Inf  	-Inf  	0.00434  	0.00006  	0.00419  	0.00425  	0.00502  	0.00000  	0.00000  
96.81579  	22.03399  	59.67583  	59.36575  	39.43846  	-1.18512  	0.01243  	0.22531  	0.21307  	-3.02442  	0.05984  	-0.08508  	-220.16361  	-1.53719  	62.88633  	66.49732  	-20480.29500  	-13322.00566  	Inf  	-Inf  	0.00434  	0.00006  	0.00419  	0.00424  	0.00501  	0.00000  	0.00000  
97.81684  	22.03271  	59.67824  	59.36981  	39.44096  	-1.18512  	0.01441  	0.22489  	0.20216  	-3.02442  	0.05834  	-0.08508  	-220.21148  	-1.52900  	59.66586  	66.37487  	-20480.56280  	-13322.65265  	Inf  	-Inf  	0.00432  	0.00006  	0.00419  	0.00428  	0.00501  	0.00000  	0.00000  
98.81923  	22.03182  	59.68173  	59.37292  	39.44317  	-1.18512  	0.01213  	0.22687  	0.21329  	-3.02442  	0.05795  	-0.08508  	-220.25071  	-1.53089  	62.94914  	66.95750  	-20480.85203  	-13323.31393  	Inf  	-Inf  	0.00434  	0.00006  	0.00419  	0.00423  	0.00502  	0.00000  	0.00000  
99.81899  	22.03088  	59.68362  	59.37476  	39.44615  	-1.18512  	0.01536  	0.22595  	0.20256  	-3.02442  	0.05472  	-0.08503  	-220.30034  	-1.53112  	59.78415  	66.68701  	-20481.30133  	-13323.68755  	Inf  	-Inf  	0.00432  	0.00006  	0.00418  	0.00429  	0.00502  	0.00000  	0.00000  
100.82011  	22.02892  	59.68708  	59.37679  	39.44763  	-1.18512  	0.01517  	0.22431  	0.21162  	-3.02442  	0.05737  	-0.08513  	-220.34385  	-1.53820  	62.45876  	66.20388  	-20481.19580  	-13324.23557  	Inf  	-Inf  	0.00434  	0.00005  	0.00418  	0.00429  	0.00501  	0.00000  	0.00000  
101.82097  	22.02812  	59.68944  	59.37981  	39.44956  	-1.18512  	0.01354  	0.22445  	0.21039  	-3.02442  	0.06226  	-0.08500  	-220.37844  	-1.53492  	62.09391  	66.24252  	-20481.44552  	-13324.77451  	Inf  	-Inf  	0.00434  	0.00006  	0.00420  	0.00426  	0.00501  	0.00000  	0.00000  
102.82314  	22.02728  	59.69183  	59.38289  	39.45115  	-1.18512  	0.01297  	0.22413  	0.20959  	-3.02442  	0.05870  	-0.08500  	-220.40915  	-1.53148  	61.85752  	66.14989  	-20481.60860  	-13325.32264  	Inf  	-Inf  	0.00434  	0.00006  	0.00419  	0.00425  	0.00501  	0.00000  	0.00000  
103.82303  	22.02566  	59.69536  	59.38467  	39.45342  	-1.18512  	0.01368  	0.22448  	0.21206  	-3.02442  	0.05642  	-0.08515  	-220.45839  	-1.54020  	62.58734  	66.25247  	-20481.75121  	-13325.85316  	Inf  	-Inf  	0.00434  	0.00005  	0.00418  	0.00426  	0.00501  	0.00000  	0.00000  
104.82271  	22.02498  	59.69754  	59.38755  	39.45474  	-1.18512  	0.01189  	0.22578  	0.21109  	-3.02442  	0.05854  	-0.08501  	-220.48374  	-1.53671  	62.30216  	66.63695  	-20481.89010  	-13326.36077  	Inf  	-Inf  	0.00434  	0.00006  	0.00419  	0.00423  	0.00502  	0.00000  	0.00000  
105.82304  	22.02350  	59.69942  	59.38911  	39.45750  	-1.18512  	0.01416  	0.22448  	0.21141  	-3.02442  	0.06002  	-0.08507  	-220.53748  	-1.53827  	62.39515  	66.25198  	-20482.17222  	-13326.70495  	Inf  	-Inf  	0.00434  	0.00006  	0.00419  	0.00427  	0.00501  	0.00000  	0.00000  
106.82244  	22.02314  	59.70200  	59.39145  	39.45957  	-1.18512  	0.01265  	0.22676  	0.21032  	-3.02442  	0.05694  	-0.08509  	-220.56814  	-1.53948  	62.07216  	66.92552  	-20482.54775  	-13327.19700  	Inf  	-Inf  	0.00434  	0.00006  	0.00418  	0.00424  	0.00502  	0.00000  	0.00000  
107.82241  	22.02091  	59.70513  	59.39502  	39.46186  	-1.18512  	0.01466  	0.22657  	0.20625  	-3.02442  	0.05724  	-0.08507  	-220.62540  	-1.53728  	60.87142  	66.86860  	-20482.56154  	-13327.86831  	Inf  	-Inf  	0.00433  	0.00006  	0.00418  	0.00428  	0.00502  	0.00000  	0.00000  
108.82269  	22.01966  	59.70774  	59.39724  	39.46312  	-1.18512  	0.01430  	0.22662  	0.21004  	-3.02442  	0.06233  	-0.08498  	-220.65731  	-1.53924  	61.98976  	66.88406  	-20482.56286  	-13328.35103  	Inf  	-Inf  	0.00434  	0.00006  	0.00420  	0.00427  	0.00502  	0.00000  	0.00000  
109.82436  	22.01888  	59.70959  	59.40024  	39.46505  	-1.18512  	0.01416  	0.22728  	0.20619  	-3.02442  	0.06087  	-0.08501  	-220.69154  	-1.53354  	60.85521  	67.07841  	-20482.81602  	-13328.83789  	Inf  	-Inf  	0.00433  	0.00006  	0.00419  	0.00427  	0.00502  	0.00000  	0.00000  
110.82560  	22.01840  	59.71179  	59.40260  	39.46673  	-1.18512  	0.01367  	0.22562  	0.20813  	-3.02442  	0.05797  	-0.08512  	-220.71894  	-1.53276  	61.42583  	66.58822  	-20483.07931  	-13329.29305  	Inf  	-Inf  	0.00433  	0.00005  	0.00419  	0.00426  	0.00501  	0.00000  	0.00000  
111.82640  	22.01629  	59.71495  	59.40517  	39.46877  	-1.18512  	0.01387  	0.22596  	0.21080  	-3.02442  	0.05759  	-0.08516  	-220.77143  	-1.53571  	62.21588  	66.68920  	-20483.06511  	-13329.86795  	Inf  	-Inf  	0.00434  	0.00005  	0.00418  	0.00427  	0.00502  	0.00000  	0.00000  
112.82676  	22.01588  	59.71789  	59.40838  	39.46914  	-1.18512  	0.01426  	0.22532  	0.20913  	-3.02442  	0.06045  	-0.08508  	-220.78128  	-1.53435  	61.72183  	66.50091  	-20483.05480  	-13330.48287  	Inf  	-Inf  	0.00433  	0.00006  	0.00419  	0.00427  	0.00501  	0.00000  	0.00000  
113.82718  	22.01576  	59.71993  	59.41106  	39.47040  	-1.18512  	0.01337  	0.22592  	0.21691  	-3.02442  	0.05772  	-0.08504  	-220.79882  	-1.53116  	64.01850  	66.67636  	-20483.30432  	-13330.95553  	Inf  	-Inf  	0.00435  	0.00006  	0.00418  	0.00426  	0.00502  	0.00000  	0.00000  
114.82755  	22.01380  	59.72254  	59.41338  	39.47127  	-1.18512  	0.01336  	0.22412  	0.20996  	-3.02442  	0.06204  	-0.08511  	-220.83455  	-1.53261  	61.96722  	66.14778  	-20483.06507  	-13331.45010  	Inf  	-Inf  	0.00434  	0.00005  	0.00420  	0.00426  	0.00501  	0.00000  	0.00000  
115.82846  	22.01181  	59.72566  	59.41532  	39.47191  	-1.18512  	0.01384  	0.22689  	0.21067  	-3.02442  	0.05750  	-0.08502  	-220.86797  	-1.53846  	62.17676  	66.96310  	-20482.77035  	-13331.95665  	Inf  	-Inf  	0.00434  	0.00006  	0.00418  	0.00427  	0.00502  	0.00000  	0.00000  
116.82905  	22.01107  	59.72787  	59.41805  	39.47279  	-1.18512  	0.01339  	0.22724  	0.21077  	-3.02442  	0.05909  	-0.08497  	-220.88851  	-1.53586  	62.20683  	67.06614  	-20482.79809  	-13332.45028  	Inf  	-Inf  	0.00434  	0.00006  	0.00419  	0.00426  	0.00502  	0.00000  	0.00000  
117.82957  	22.01098  	59.72962  	59.42025  	39.47331  	-1.18512  	0.01184  	0.22678  	0.20542  	-3.02442  	0.06158  	-0.08501  	-220.89618  	-1.53367  	60.62771  	66.93241  	-20482.89411  	-13332.84686  	Inf  	-Inf  	0.00433  	0.00006  	0.00420  	0.00423  	0.00502  	0.00000  	0.00000  
118.83125  	22.01000  	59.73249  	59.42274  	39.47435  	-1.18512  	0.01255  	0.22417  	0.21101  	-3.02442  	0.05536  	-0.08497  	-220.92183  	-1.53552  	62.27862  	66.16031  	-20482.90668  	-13333.38357  	Inf  	-Inf  	0.00434  	0.00006  	0.00418  	0.00424  	0.00501  	0.00000  	0.00000  
119.83109  	22.00971  	59.73478  	59.42595  	39.47546  	-1.18512  	0.01355  	0.22529  	0.20600  	-3.02442  	0.05800  	-0.08501  	-220.93965  	-1.53098  	60.79780  	66.49315  	-20483.08620  	-13333.93393  	Inf  	-Inf  	0.00433  	0.00006  	0.00419  	0.00426  	0.00501  	0.00000  	0.00000  
120.83058  	22.00799  	59.73738  	59.42978  	39.47631  	-1.18512  	0.01292  	0.22559  	0.21316  	-3.02442  	0.05954  	-0.08505  	-220.97218  	-1.52485  	62.91169  	66.58113  	-20482.89716  	-13334.57753  	Inf  	-Inf  	0.00434  	0.00006  	0.00419  	0.00425  	0.00501  	0.00000  	0.00000  
121.83402  	22.00719  	59.74037  	59.43122  	39.47800  	-1.18512  	0.01284  	0.22562  	0.20698  	-3.02442  	0.05584  	-0.08510  	-221.00366  	-1.53255  	61.08856  	66.58987  	-20483.08962  	-13335.02207  	Inf  	-Inf  	0.00433  	0.00005  	0.00418  	0.00425  	0.00501  	0.00000  	0.00000  
122.83552  	22.00711  	59.74240  	59.43277  	39.47940  	-1.18512  	0.01457  	0.22651  	0.20695  	-3.02442  	0.06016  	-0.08508  	-221.02242  	-1.53493  	61.08006  	66.85125  	-20483.38245  	-13335.37956  	Inf  	-Inf  	0.00433  	0.00006  	0.00419  	0.00428  	0.00502  	0.00000  	0.00000  
123.83735  	22.00549  	59.74501  	59.43505  	39.48075  	-1.18512  	0.01291  	0.22695  	0.21502  	-3.02442  	0.05633  	-0.08503  	-221.05999  	-1.53657  	63.46217  	66.98318  	-20483.32198  	-13335.86898  	Inf  	-Inf  	0.00434  	0.00006  	0.00418  	0.00425  	0.00502  	0.00000  	0.00000  
124.83928  	22.00489  	59.74754  	59.43777  	39.48200  	-1.18512  	0.01337  	0.22517  	0.20900  	-3.02442  	0.05724  	-0.08507  	-221.08349  	-1.53565  	61.68403  	66.45765  	-20483.46490  	-13336.39601  	Inf  	-Inf  	0.00433  	0.00006  	0.00418  	0.00426  	0.00501  	0.00000  	0.00000  
125.83926  	22.00428  	59.74952  	59.43985  	39.48299  	-1.18512  	0.01367  	0.22499  	0.20969  	-3.02442  	0.05967  	-0.08515  	-221.10362  	-1.53515  	61.88783  	66.40287  	-20483.54766  	-13336.80233  	Inf  	-Inf  	0.00434  	0.00005  	0.00419  	0.00426  	0.00501  	0.00000  	0.00000  
126.83897  	22.00374  	59.75157  	59.44108  	39.48598  	-1.18512  	0.01399  	0.22615  	0.21303  	-3.02442  	0.05916  	-0.08505  	-221.14842  	-1.53921  	62.87387  	66.74488  	-20484.08550  	-13337.13025  	Inf  	-Inf  	0.00434  	0.00006  	0.00419  	0.00427  	0.00502  	0.00000  	0.00000  
127.84030  	22.00320  	59.75470  	59.44565  	39.48669  	-1.18512  	0.01326  	0.22633  	0.20970  	-3.02442  	0.05760  	-0.08500  	-221.16436  	-1.53206  	61.89104  	66.79908  	-20484.12253  	-13337.90267  	Inf  	-Inf  	0.00434  	0.00006  	0.00418  	0.00425  	0.00502  	0.00000  	0.00000  
128.84322  	22.00261  	59.75763  	59.44727  	39.48934  	-1.18512  	0.01427  	0.22564  	0.20448  	-3.02442  	0.05987  	-0.08504  	-221.20524  	-1.53855  	60.34934  	66.59430  	-20484.57617  	-13338.35837  	Inf  	-Inf  	0.00433  	0.00006  	0.00419  	0.00427  	0.00501  	0.00000  	0.00000  
129.84244  	22.00146  	59.75990  	59.44983  	39.49089  	-1.18512  	0.01259  	0.22521  	0.20275  	-3.02442  	0.05738  	-0.08501  	-221.23947  	-1.53712  	59.84022  	66.46708  	-20484.66440  	-13338.84089  	Inf  	-Inf  	0.00432  	0.00006  	0.00418  	0.00424  	0.00501  	0.00000  	0.00000  
130.84505  	22.00055  	59.76234  	59.45200  	39.49274  	-1.18512  	0.01301  	0.22622  	0.20733  	-3.02442  	0.05891  	-0.08505  	-221.27438  	-1.53847  	61.19065  	66.76610  	-20484.86831  	-13339.30301  	Inf  	-Inf  	0.00433  	0.00006  	0.00419  	0.00425  	0.00502  	0.00000  	0.00000  
131.84512  	21.99888  	59.76551  	59.45401  	39.49383  	-1.18512  	0.01306  	0.22475  	0.20784  	-3.02442  	0.05823  	-0.08509  	-221.30930  	-1.54421  	61.34129  	66.33173  	-20484.74127  	-13339.82210  	Inf  	-Inf  	0.00433  	0.00006  	0.00419  	0.00425  	0.00501  	0.00000  	0.00000  
132.84491  	21.99801  	59.76723  	59.45803  	39.49643  	-1.18512  	0.01365  	0.22622  	0.21242  	-3.02442  	0.05844  	-0.08502  	-221.35330  	-1.53282  	62.69291  	66.76669  	-20485.12014  	-13340.39653  	Inf  	-Inf  	0.00434  	0.00006  	0.00419  	0.00426  	0.00502  	0.00000  	0.00000  
133.84438  	21.99763  	59.76855  	59.46047  	39.49798  	-1.18512  	0.01363  	0.22578  	0.20223  	-3.02442  	0.05639  	-0.08497  	-221.37783  	-1.52722  	59.68501  	66.63567  	-20485.37818  	-13340.77352  	Inf  	-Inf  	0.00432  	0.00006  	0.00418  	0.00426  	0.00502  	0.00000  	0.00000  
134.84604  	21.99756  	59.77049  	59.46174  	39.50066  	-1.18512  	0.01170  	0.22546  	0.21512  	-3.02442  	0.05706  	-0.08509  	-221.41253  	-1.53057  	63.48924  	66.54221  	-20485.95018  	-13341.09534  	Inf  	-Inf  	0.00434  	0.00006  	0.00418  	0.00422  	0.00501  	0.00000  	0.00000  
135.84602  	21.99552  	59.77324  	59.46531  	39.50188  	-1.18512  	0.01335  	0.22451  	0.20656  	-3.02442  	0.06014  	-0.08506  	-221.45386  	-1.52650  	60.96290  	66.26152  	-20485.77084  	-13341.72800  	Inf  	-Inf  	0.00433  	0.00006  	0.00419  	0.00426  	0.00501  	0.00000  	0.00000  
136.84612  	21.99469  	59.77523  	59.46896  	39.50422  	-1.18512  	0.01396  	0.22371  	0.20533  	-3.02442  	0.05867  	-0.08506  	-221.49400  	-1.51831  	60.60176  	66.02582  	-20486.10081  	-13342.29366  	Inf  	-Inf  	0.00433  	0.00006  	0.00419  	0.00427  	0.00501  	0.00000  	0.00000  
137.84606  	21.99363  	59.77668  	59.47119  	39.50595  	-1.18512  	0.01395  	0.22820  	0.21063  	-3.02442  	0.05678  	-0.08506  	-221.52933  	-1.51438  	62.16648  	67.35190  	-20486.24897  	-13342.66226  	Inf  	-Inf  	0.00434  	0.00006  	0.00418  	0.00427  	0.00503  	0.00000  	0.00000  
138.84599  	21.99319  	59.77903  	59.47213  	39.50813  	-1.18512  	0.01330  	0.22560  	0.21008  	-3.02442  	0.05635  	-0.08502  	-221.56244  	-1.52142  	62.00311  	66.58427  	-20486.63023  	-13342.99187  	Inf  	-Inf  	0.00434  	0.00006  	0.00418  	0.00426  	0.00501  	0.00000  	0.00000  
139.84699  	21.99191  	59.78208  	59.47386  	39.50980  	-1.18512  	0.01327  	0.22500  	0.21078  	-3.02442  	0.05673  	-0.08510  	-221.59984  	-1.52794  	62.21054  	66.40500  	-20486.71605  	-13343.47044  	Inf  	-Inf  	0.00434  	0.00005  	0.00418  	0.00425  	0.00501  	0.00000  	0.00000  
140.84910  	21.99074  	59.78403  	59.47614  	39.51282  	-1.18512  	0.01221  	0.22519  	0.20397  	-3.02442  	0.05872  	-0.08514  	-221.65288  	-1.52630  	60.19824  	66.46364  	-20487.12207  	-13343.89457  	Inf  	-Inf  	0.00433  	0.00005  	0.00419  	0.00423  	0.00501  	0.00000  	0.00000  
141.84899  	21.99017  	59.78599  	59.47840  	39.51341  	-1.18512  	0.01343  	0.22686  	0.21411  	-3.02442  	0.06006  	-0.08510  	-221.66754  	-1.52483  	63.19122  	66.95481  	-20487.12812  	-13344.31665  	Inf  	-Inf  	0.00434  	0.00005  	0.00419  	0.00426  	0.00502  	0.00000  	0.00000  
142.84916  	21.98933  	59.78953  	59.47877  	39.51491  	-1.18512  	0.01252  	0.22572  	0.21165  	-3.02442  	0.06025  	-0.08494  	-221.69714  	-1.54055  	62.46688  	66.61749  	-20487.27340  	-13344.70893  	Inf  	-Inf  	0.00434  	0.00006  	0.00419  	0.00424  	0.00502  	0.00000  	0.00000  
143.84911  	21.98739  	59.79145  	59.48237  	39.51741  	-1.18512  	0.01404  	0.22662  	0.21199  	-3.02442  	0.05956  	-0.08510  	-221.75331  	-1.53225  	62.56646  	66.88343  	-20487.39429  	-13345.26208  	Inf  	-Inf  	0.00434  	0.00005  	0.00419  	0.00427  	0.00502  	0.00000  	0.00000  
144.84911  	21.98714  	59.79274  	59.48439  	39.51837  	-1.18512  	0.01448  	0.22592  	0.20791  	-3.02442  	0.05872  	-0.08506  	-221.76882  	-1.52859  	61.36362  	66.67642  	-20487.55063  	-13345.59373  	Inf  	-Inf  	0.00433  	0.00006  	0.00419  	0.00428  	0.00502  	0.00000  	0.00000  
145.84944  	21.98549  	59.79517  	59.48629  	39.51953  	-1.18512  	0.01312  	0.22535  	0.21006  	-3.02442  	0.05569  	-0.08506  	-221.80430  	-1.53125  	61.99792  	66.50836  	-20487.44255  	-13346.02759  	Inf  	-Inf  	0.00434  	0.00006  	0.00418  	0.00425  	0.00501  	0.00000  	0.00000  
146.85113  	21.98494  	59.79766  	59.48736  	39.52121  	-1.18512  	0.01439  	0.22622  	0.20866  	-3.02442  	0.06111  	-0.08511  	-221.83259  	-1.53830  	61.58274  	66.76670  	-20487.69122  	-13346.38396  	Inf  	-Inf  	0.00433  	0.00005  	0.00420  	0.00428  	0.00502  	0.00000  	0.00000  
147.85308  	21.98324  	59.79775  	59.48950  	39.52142  	-1.18512  	0.01507  	0.22677  	0.20575  	-3.02442  	0.05901  	-0.08515  	-221.85666  	-1.52806  	60.72482  	66.92900  	-20487.36377  	-13346.60765  	Inf  	-Inf  	0.00433  	0.00005  	0.00419  	0.00429  	0.00502  	0.00000  	0.00000  
148.85303  	21.98267  	59.79951  	59.49295  	39.52403  	-1.18512  	0.01268  	0.22581  	0.20887  	-3.02442  	0.05810  	-0.08504  	-221.89693  	-1.51972  	61.64713  	66.64506  	-20487.81180  	-13347.12879  	Inf  	-Inf  	0.00433  	0.00006  	0.00419  	0.00424  	0.00502  	0.00000  	0.00000  
149.85515  	21.98180  	59.80184  	59.49485  	39.52509  	-1.18512  	0.01313  	0.22582  	0.20701  	-3.02442  	0.05679  	-0.08511  	-221.92140  	-1.52188  	61.09698  	66.64860  	-20487.85355  	-13347.55353  	Inf  	-Inf  	0.00433  	0.00005  	0.00418  	0.00425  	0.00502  	0.00000  	0.00000  
150.85495  	21.98090  	59.80528  	59.49604  	39.52523  	-1.18512  	0.01427  	0.22627  	0.20937  	-3.02442  	0.05985  	-0.08507  	-221.93460  	-1.53298  	61.79403  	66.78015  	-20487.68695  	-13348.01720  	Inf  	-Inf  	0.00433  	0.00006  	0.00419  	0.00427  	0.00502  	0.00000  	0.00000  
151.85632  	21.97945  	59.80707  	59.49674  	39.52573  	-1.18512  	0.01359  	0.22489  	0.21377  	-3.02442  	0.06179  	-0.08509  	-221.95923  	-1.53843  	63.09154  	66.37456  	-20487.47939  	-13348.26757  	Inf  	-Inf  	0.00434  	0.00006  	0.00420  	0.00426  	0.00501  	0.00000  	0.00000  
152.85667  	21.97836  	59.80854  	59.49842  	39.52642  	-1.18512  	0.01485  	0.22560  	0.20869  	-3.02442  	0.05772  	-0.08507  	-221.98187  	-1.53738  	61.59300  	66.58481  	-20487.38950  	-13348.58270  	Inf  	-Inf  	0.00433  	0.00006  	0.00418  	0.00429  	0.00501  	0.00000  	0.00000  
153.85672  	21.97763  	59.80984  	59.50038  	39.52690  	-1.18512  	0.01270  	0.22598  	0.21220  	-3.02442  	0.06077  	-0.08505  	-221.99724  	-1.53407  	62.62772  	66.69491  	-20487.33604  	-13348.90901  	Inf  	-Inf  	0.00434  	0.00006  	0.00419  	0.00424  	0.00502  	0.00000  	0.00000  
154.85804  	21.97754  	59.81024  	59.50284  	39.52714  	-1.18512  	0.01307  	0.22437  	0.20072  	-3.02442  	0.05978  	-0.08498  	-222.00143  	-1.52384  	59.23884  	66.21895  	-20487.36839  	-13349.19604  	Inf  	-Inf  	0.00432  	0.00006  	0.00419  	0.00425  	0.00501  	0.00000  	0.00000  
155.85779  	21.97637  	59.81295  	59.50438  	39.52776  	-1.18512  	0.01423  	0.22663  	0.21086  	-3.02442  	0.05706  	-0.08508  	-222.02404  	-1.52966  	62.23352  	66.88586  	-20487.24761  	-13349.62187  	Inf  	-Inf  	0.00434  	0.00006  	0.00418  	0.00427  	0.00502  	0.00000  	0.00000  
156.85844  	21.97632  	59.81470  	59.50731  	39.52793  	-1.18512  	0.01306  	0.22583  	0.21176  	-3.02442  	0.05960  	-0.08507  	-222.02675  	-1.52383  	62.49730  	66.65266  	-20487.27373  	-13350.09105  	Inf  	-Inf  	0.00434  	0.00006  	0.00419  	0.00425  	0.00502  	0.00000  	0.00000  
157.86105  	21.97546  	59.81618  	59.50950  	39.52922  	-1.18512  	0.01498  	0.22509  	0.20959  	-3.02442  	0.05816  	-0.08506  	-222.05412  	-1.52034  	61.85709  	66.43312  	-20487.36839  	-13350.45880  	Inf  	-Inf  	0.00434  	0.00006  	0.00419  	0.00429  	0.00501  	0.00000  	0.00000  
158.86232  	21.97391  	59.81738  	59.51074  	39.52920  	-1.18512  	0.01291  	0.22565  	0.20780  	-3.02442  	0.06052  	-0.08500  	-222.07345  	-1.52013  	61.32862  	66.59769  	-20487.02584  	-13350.70277  	Inf  	-Inf  	0.00433  	0.00006  	0.00419  	0.00425  	0.00501  	0.00000  	0.00000  
159.86408  	21.97425  	59.81976  	59.51050  	39.53031  	-1.18512  	0.01450  	0.22464  	0.21100  	-3.02442  	0.05942  	-0.08506  	-222.08316  	-1.53309  	62.27531  	66.29947  	-20487.34233  	-13350.91724  	Inf  	-Inf  	0.00434  	0.00006  	0.00419  	0.00428  	0.00501  	0.00000  	0.00000  
160.86570  	21.97359  	59.82200  	59.51264  	39.53146  	-1.18512  	0.01184  	0.22348  	0.21531  	-3.02442  	0.06004  	-0.08505  	-222.10605  	-1.53362  	63.54615  	65.95861  	-20487.45067  	-13351.35712  	Inf  	-Inf  	0.00434  	0.00006  	0.00419  	0.00423  	0.00500  	0.00000  	0.00000  
161.86620  	21.97304  	59.82358  	59.51535  	39.53247  	-1.18512  	0.01379  	0.22599  	0.21271  	-3.02442  	0.05691  	-0.08509  	-222.12586  	-1.52801  	62.77917  	66.69926  	-20487.55094  	-13351.78635  	Inf  	-Inf  	0.00434  	0.00006  	0.00418  	0.00426  	0.00502  	0.00000  	0.00000  
162.86810  	21.97249  	59.82569  	59.51772  	39.53377  	-1.18512  	0.01367  	0.22581  	0.20359  	-3.02442  	0.05885  	-0.08513  	-222.14929  	-1.52672  	60.08766  	66.64631  	-20487.71426  	-13352.23474  	Inf  	-Inf  	0.00433  	0.00005  	0.00419  	0.00426  	0.00502  	0.00000  	0.00000  
163.86757  	21.97223  	59.82714  	59.51868  	39.53457  	-1.18512  	0.01418  	0.22676  	0.20659  	-3.02442  	0.06018  	-0.08502  	-222.16275  	-1.52912  	60.97201  	66.92558  	-20487.83414  	-13352.47763  	Inf  	-Inf  	0.00433  	0.00006  	0.00419  	0.00427  	0.00502  	0.00000  	0.00000  
164.86919  	21.97068  	59.82866  	59.52043  	39.53538  	-1.18512  	0.01328  	0.22562  	0.20712  	-3.02442  	0.06091  	-0.08513  	-222.19266  	-1.52803  	61.13007  	66.59067  	-20487.67056  	-13352.80487  	Inf  	-Inf  	0.00433  	0.00005  	0.00419  	0.00425  	0.00501  	0.00000  	0.00000  
165.86900  	21.97039  	59.83013  	59.52247  	39.53694  	-1.18512  	0.01335  	0.22475  	0.20852  	-3.02442  	0.05724  	-0.08517  	-222.21598  	-1.52518  	61.54291  	66.33331  	-20487.95006  	-13353.15738  	Inf  	-Inf  	0.00433  	0.00005  	0.00418  	0.00426  	0.00501  	0.00000  	0.00000  
166.86860  	21.96955  	59.83261  	59.52398  	39.53843  	-1.18512  	0.01346  	0.22524  	0.20567  	-3.02442  	0.05967  	-0.08507  	-222.24561  	-1.53001  	60.70051  	66.47733  	-20488.09358  	-13353.55690  	Inf  	-Inf  	0.00433  	0.00006  	0.00419  	0.00426  	0.00501  	0.00000  	0.00000  
167.86900  	21.96853  	59.83597  	59.52675  	39.54069  	-1.18512  	0.01390  	0.22571  	0.21531  	-3.02442  	0.05977  	-0.08506  	-222.28709  	-1.53289  	63.54680  	66.61452  	-20488.36679  	-13354.17085  	Inf  	-Inf  	0.00434  	0.00006  	0.00419  	0.00427  	0.00502  	0.00000  	0.00000  
168.87005  	21.96822  	59.83592  	59.52898  	39.54188  	-1.18512  	0.01255  	0.22381  	0.21592  	-3.02442  	0.05862  	-0.08501  	-222.30603  	-1.52157  	63.72646  	66.05366  	-20488.55708  	-13354.38916  	Inf  	-Inf  	0.00435  	0.00006  	0.00419  	0.00424  	0.00501  	0.00000  	0.00000  
169.87012  	21.96758  	59.83787  	59.52982  	39.54329  	-1.18512  	0.01443  	0.22733  	0.20736  	-3.02442  	0.05634  	-0.08501  	-222.33206  	-1.52711  	61.19886  	67.09507  	-20488.72644  	-13354.66970  	Inf  	-Inf  	0.00433  	0.00006  	0.00418  	0.00428  	0.00502  	0.00000  	0.00000  
170.87219  	21.96708  	59.84022  	59.53154  	39.54560  	-1.18512  	0.01406  	0.22587  	0.20972  	-3.02442  	0.06109  	-0.08508  	-222.36756  	-1.53024  	61.89515  	66.66400  	-20489.12431  	-13355.07778  	Inf  	-Inf  	0.00434  	0.00006  	0.00420  	0.00427  	0.00502  	0.00000  	0.00000  
171.87426  	21.96519  	59.83977  	59.53110  	39.54737  	-1.18512  	0.01288  	0.22415  	0.21115  	-3.02442  	0.05881  	-0.08503  	-222.41387  	-1.53020  	62.31789  	66.15613  	-20489.09801  	-13354.98747  	Inf  	-Inf  	0.00434  	0.00006  	0.00419  	0.00425  	0.00501  	0.00000  	0.00000  
172.87516  	21.96531  	59.84282  	59.53338  	39.54863  	-1.18512  	0.01223  	0.22745  	0.21257  	-3.02442  	0.05861  	-0.08512  	-222.42835  	-1.53399  	62.73913  	67.12912  	-20489.40121  	-13355.52259  	Inf  	-Inf  	0.00434  	0.00005  	0.00419  	0.00423  	0.00502  	0.00000  	0.00000  
173.87447  	21.96375  	59.84495  	59.53589  	39.54955  	-1.18512  	0.01394  	0.22667  	0.21122  	-3.02442  	0.05773  	-0.08513  	-222.45978  	-1.53211  	62.33879  	66.89945  	-20489.25882  	-13355.98750  	Inf  	-Inf  	0.00434  	0.00005  	0.00418  	0.00427  	0.00502  	0.00000  	0.00000  
174.87517  	21.96318  	59.84695  	59.53703  	39.55054  	-1.18512  	0.01370  	0.22343  	0.21235  	-3.02442  	0.05840  	-0.08505  	-222.47956  	-1.53637  	62.67406  	65.94201  	-20489.35266  	-13356.30277  	Inf  	-Inf  	0.00434  	0.00006  	0.00419  	0.00426  	0.00500  	0.00000  	0.00000  
175.87447  	21.96251  	59.84781  	59.53894  	39.55274  	-1.18512  	0.01366  	0.22540  	0.20547  	-3.02442  	0.06186  	-0.08505  	-222.51586  	-1.53119  	60.64257  	66.52321  	-20489.68677  	-13356.57968  	Inf  	-Inf  	0.00433  	0.00006  	0.00420  	0.00426  	0.00501  	0.00000  	0.00000  
176.87443  	21.96215  	59.84982  	59.54055  	39.55462  	-1.18512  	0.01273  	0.22584  	0.20822  	-3.02442  	0.05825  	-0.08509  	-222.54413  	-1.53313  	61.45494  	66.65434  	-20490.02169  	-13356.94304  	Inf  	-Inf  	0.00433  	0.00006  	0.00419  	0.00424  	0.00502  	0.00000  	0.00000  
177.87439  	21.96040  	59.85092  	59.54270  	39.55600  	-1.18512  	0.01280  	0.22645  	0.20705  	-3.02442  	0.06068  	-0.08500  	-222.58382  	-1.52795  	61.10833  	66.83467  	-20489.93862  	-13357.26942  	Inf  	-Inf  	0.00433  	0.00006  	0.00419  	0.00425  	0.00502  	0.00000  	0.00000  
178.87735  	21.95898  	59.85230  	59.54315  	39.55706  	-1.18512  	0.01368  	0.22426  	0.20284  	-3.02442  	0.06115  	-0.08507  	-222.61510  	-1.53252  	59.86659  	66.18852  	-20489.86199  	-13357.45212  	Inf  	-Inf  	0.00432  	0.00006  	0.00420  	0.00426  	0.00501  	0.00000  	0.00000  
179.87832  	21.95791  	59.85432  	59.54598  	39.55905  	-1.18512  	0.01400  	0.22444  	0.20894  	-3.02442  	0.05785  	-0.08511  	-222.65393  	-1.52854  	61.66578  	66.24240  	-20490.06263  	-13357.93882  	Inf  	-Inf  	0.00433  	0.00005  	0.00419  	0.00427  	0.00501  	0.00000  	0.00000  
180.87834  	21.95783  	59.85652  	59.54674  	39.56004  	-1.18512  	0.01151  	0.22479  	0.21072  	-3.02442  	0.05749  	-0.08515  	-222.66748  	-1.53572  	62.19092  	66.34286  	-20490.26463  	-13358.23509  	Inf  	-Inf  	0.00434  	0.00005  	0.00418  	0.00422  	0.00501  	0.00000  	0.00000  
181.88129  	21.95738  	59.85810  	59.54852  	39.56117  	-1.18512  	0.01289  	0.22639  	0.21201  	-3.02442  	0.05855  	-0.08511  	-222.68742  	-1.53469  	62.57385  	66.81567  	-20490.41264  	-13358.57225  	Inf  	-Inf  	0.00434  	0.00005  	0.00419  	0.00425  	0.00502  	0.00000  	0.00000  
182.88164  	21.95567  	59.85935  	59.55007  	39.56203  	-1.18512  	0.01400  	0.22655  	0.20884  	-3.02442  	0.06050  	-0.08507  	-222.72004  	-1.53322  	61.63683  	66.86232  	-20490.22396  	-13358.85263  	Inf  	-Inf  	0.00433  	0.00006  	0.00419  	0.00427  	0.00502  	0.00000  	0.00000  
183.88199  	21.95483  	59.86004  	59.55122  	39.56357  	-1.18512  	0.01279  	0.22501  	0.20637  	-3.02442  	0.05805  	-0.08506  	-222.75011  	-1.53090  	60.90802  	66.40980  	-20490.38060  	-13359.03707  	Inf  	-Inf  	0.00433  	0.00006  	0.00419  	0.00425  	0.00501  	0.00000  	0.00000  
184.88225  	21.95293  	59.86053  	59.55172  	39.56376  	-1.18512  	0.01421  	0.22726  	0.20903  	-3.02442  	0.06004  	-0.08505  	-222.77659  	-1.53088  	61.69315  	67.07469  	-20490.00322  	-13359.13650  	Inf  	-Inf  	0.00433  	0.00006  	0.00419  	0.00427  	0.00502  	0.00000  	0.00000  
185.88239  	21.95283  	59.86342  	59.55284  	39.56505  	-1.18512  	0.01348  	0.22608  	0.21061  	-3.02442  	0.05605  	-0.08511  	-222.79425  	-1.53964  	62.16065  	66.72543  	-20490.26666  	-13359.53804  	Inf  	-Inf  	0.00434  	0.00005  	0.00418  	0.00426  	0.00502  	0.00000  	0.00000  
186.88522  	21.95222  	59.86398  	59.55495  	39.56524  	-1.18512  	0.01334  	0.22748  	0.21401  	-3.02442  	0.06031  	-0.08504  	-222.80436  	-1.53199  	63.16396  	67.13924  	-20490.17404  	-13359.80630  	Inf  	-Inf  	0.00434  	0.00006  	0.00419  	0.00426  	0.00502  	0.00000  	0.00000  
187.88564  	21.95136  	59.86457  	59.55623  	39.56650  	-1.18512  	0.01365  	0.22625  	0.21332  	-3.02442  	0.06083  	-0.08503  	-222.83122  	-1.52857  	62.95961  	66.77657  	-20490.26184  	-13359.99327  	Inf  	-Inf  	0.00434  	0.00006  	0.00419  	0.00426  	0.00502  	0.00000  	0.00000  
188.88630  	21.95038  	59.86576  	59.55797  	39.56620  	-1.18512  	0.01304  	0.22538  	0.20914  	-3.02442  	0.05843  	-0.08516  	-222.83983  	-1.52582  	61.72679  	66.51945  	-20489.97884  	-13360.28641  	Inf  	-Inf  	0.00433  	0.00005  	0.00419  	0.00425  	0.00501  	0.00000  	0.00000  
189.88600  	21.94899  	59.86697  	59.55955  	39.56648  	-1.18512  	0.01306  	0.22595  	0.21130  	-3.02442  	0.05939  	-0.08506  	-222.86087  	-1.52395  	62.36375  	66.68646  	-20489.73672  	-13360.56669  	Inf  	-Inf  	0.00434  	0.00006  	0.00419  	0.00425  	0.00502  	0.00000  	0.00000  
190.88577  	21.94894  	59.86896  	59.56135  	39.56697  	-1.18512  	0.01275  	0.22567  	0.20927  	-3.02442  	0.05864  	-0.08509  	-222.86790  	-1.52489  	61.76464  	66.60492  	-20489.83281  	-13360.94693  	Inf  	-Inf  	0.00433  	0.00006  	0.00419  	0.00424  	0.00501  	0.00000  	0.00000  
191.88573  	21.94862  	59.86958  	59.56194  	39.56774  	-1.18512  	0.01374  	0.22717  	0.20481  	-3.02442  	0.05847  	-0.08505  	-222.88154  	-1.52507  	60.44788  	67.04701  	-20489.93263  	-13361.06816  	Inf  	-Inf  	0.00433  	0.00006  	0.00419  	0.00426  	0.00502  	0.00000  	0.00000  
192.88618  	21.94752  	59.87187  	59.56213  	39.56688  	-1.18512  	0.01405  	0.22375  	0.20747  	-3.02442  	0.05780  	-0.08512  	-222.88459  	-1.53552  	61.23110  	66.03827  	-20489.50173  	-13361.31691  	Inf  	-Inf  	0.00433  	0.00005  	0.00418  	0.00427  	0.00501  	0.00000  	0.00000  
193.88542  	21.94641  	59.87308  	59.56269  	39.56651  	-1.18512  	0.01395  	0.22466  	0.20361  	-3.02442  	0.06077  	-0.08505  	-222.89393  	-1.53874  	60.09440  	66.30619  	-20489.17697  	-13361.49446  	Inf  	-Inf  	0.00433  	0.00006  	0.00419  	0.00427  	0.00501  	0.00000  	0.00000  
194.88704  	21.94568  	59.87433  	59.56437  	39.56775  	-1.18512  	0.01266  	0.22705  	0.20940  	-3.02442  	0.05763  	-0.08508  	-222.91893  	-1.53656  	61.80168  	67.01029  	-20489.28837  	-13361.78781  	Inf  	-Inf  	0.00434  	0.00006  	0.00418  	0.00424  	0.00502  	0.00000  	0.00000  
195.88728  	21.94562  	59.87460  	59.56619  	39.56898  	-1.18512  	0.01486  	0.22423  	0.20872  	-3.02442  	0.06133  	-0.08506  	-222.93531  	-1.52890  	61.60011  	66.17956  	-20489.54508  	-13361.99859  	Inf  	-Inf  	0.00433  	0.00006  	0.00420  	0.00429  	0.00501  	0.00000  	0.00000  
196.88766  	21.94525  	59.87567  	59.56613  	39.56959  	-1.18512  	0.01355  	0.22505  	0.20095  	-3.02442  	0.05925  	-0.08502  	-222.94772  	-1.53445  	59.30742  	66.42078  	-20489.59859  	-13362.09892  	Inf  	-Inf  	0.00432  	0.00006  	0.00419  	0.00426  	0.00501  	0.00000  	0.00000  
197.88827  	21.94442  	59.87725  	59.56688  	39.56950  	-1.18512  	0.01330  	0.22597  	0.20999  	-3.02442  	0.05645  	-0.08508  	-222.95716  	-1.53859  	61.97714  	66.69258  	-20489.39689  	-13362.33226  	Inf  	-Inf  	0.00434  	0.00006  	0.00418  	0.00426  	0.00502  	0.00000  	0.00000  
198.88925  	21.94387  	59.87725  	59.56756  	39.56994  	-1.18512  	0.01408  	0.22355  	0.20801  	-3.02442  	0.05890  	-0.08508  	-222.96956  	-1.53522  	61.39305  	65.97728  	-20489.37197  	-13362.40086  	Inf  	-Inf  	0.00433  	0.00006  	0.00419  	0.00427  	0.00501  	0.00000  	0.00000  
199.88977  	21.94423  	59.87868  	59.56826  	39.57083  	-1.18512  	0.01386  	0.22640  	0.21073  	-3.02442  	0.06042  	-0.08509  	-222.97632  	-1.53885  	62.19321  	66.81908  	-20489.64727  	-13362.61427  	Inf  	-Inf  	0.00434  	0.00006  	0.00419  	0.00427  	0.00502  	0.00000  	0.00000  
200.89022  	21.94332  	59.87992  	59.57041  	39.57201  	-1.18512  	0.01306  	0.22594  	0.21399  	-3.02442  	0.05902  	-0.08500  	-223.00288  	-1.53431  	63.15617  	66.68237  	-20489.70563  	-13362.95465  	Inf  	-Inf  	0.00434  	0.00006  	0.00419  	0.00425  	0.00502  	0.00000  	0.00000  
201.89009  	21.94230  	59.88095  	59.57098  	39.57339  	-1.18512  	0.01353  	0.22607  	0.21074  	-3.02442  	0.06154  	-0.08503  	-223.03326  	-1.53658  	62.19824  	66.72167  	-20489.78422  	-13363.11486  	Inf  	-Inf  	0.00434  	0.00006  	0.00420  	0.00426  	0.00502  	0.00000  	0.00000  
202.89027  	21.94132  	59.88088  	59.57266  	39.57402  	-1.18512  	0.01250  	0.22645  	0.20958  	-3.02442  	0.06037  	-0.08500  	-223.05351  	-1.52798  	61.85538  	66.83320  	-20489.70724  	-13363.27658  	Inf  	-Inf  	0.00434  	0.00006  	0.00419  	0.00424  	0.00502  	0.00000  	0.00000  
203.89035  	21.94129  	59.88262  	59.57272  	39.57541  	-1.18512  	0.01364  	0.22554  	0.20836  	-3.02442  	0.06003  	-0.08514  	-223.07156  	-1.53627  	61.49656  	66.56469  	-20490.00637  	-13363.45709  	Inf  	-Inf  	0.00433  	0.00005  	0.00419  	0.00426  	0.00501  	0.00000  	0.00000  
204.89109  	21.94036  	59.88343  	59.57396  	39.57731  	-1.18512  	0.01419  	0.22587  	0.20959  	-3.02442  	0.05553  	-0.08508  	-223.10731  	-1.53412  	61.85742  	66.66243  	-20490.21980  	-13363.66207  	Inf  	-Inf  	0.00434  	0.00006  	0.00418  	0.00427  	0.00502  	0.00000  	0.00000  
205.89120  	21.93926  	59.88427  	59.57546  	39.57815  	-1.18512  	0.01254  	0.22536  	0.20933  	-3.02442  	0.05955  	-0.08499  	-223.13191  	-1.53087  	61.78246  	66.51392  	-20490.16360  	-13363.89676  	Inf  	-Inf  	0.00433  	0.00006  	0.00419  	0.00424  	0.00501  	0.00000  	0.00000  
206.89069  	21.93920  	59.88603  	59.57695  	39.57915  	-1.18512  	0.01296  	0.22274  	0.20840  	-3.02442  	0.06152  	-0.08503  	-223.14534  	-1.53220  	61.50833  	65.74038  	-20490.36738  	-13364.22213  	Inf  	-Inf  	0.00433  	0.00006  	0.00420  	0.00425  	0.00500  	0.00000  	0.00000  
207.89130  	21.93832  	59.88799  	59.57785  	39.58108  	-1.18512  	0.01258  	0.22502  	0.20241  	-3.02442  	0.05724  	-0.08502  	-223.18093  	-1.53747  	59.73875  	66.41336  	-20490.59911  	-13364.51019  	Inf  	-Inf  	0.00432  	0.00006  	0.00418  	0.00424  	0.00501  	0.00000  	0.00000  
208.89057  	21.93830  	59.88899  	59.57990  	39.58213  	-1.18512  	0.01316  	0.22385  	0.21507  	-3.02442  	0.05925  	-0.08501  	-223.19446  	-1.53230  	63.47575  	66.06673  	-20490.82645  	-13364.81554  	Inf  	-Inf  	0.00434  	0.00006  	0.00419  	0.00425  	0.00501  	0.00000  	0.00000  
209.89157  	21.93730  	59.89020  	59.58139  	39.58324  	-1.18512  	0.01375  	0.22592  	0.20789  	-3.02442  	0.05740  	-0.08508  	-223.22120  	-1.53087  	61.35788  	66.67649  	-20490.84965  	-13365.08594  	Inf  	-Inf  	0.00433  	0.00006  	0.00418  	0.00426  	0.00502  	0.00000  	0.00000  
210.89269  	21.93625  	59.89151  	59.58294  	39.58466  	-1.18512  	0.01413  	0.22627  	0.20856  	-3.02442  	0.05472  	-0.08501  	-223.25256  	-1.52968  	61.55317  	66.78197  	-20490.93043  	-13365.37309  	Inf  	-Inf  	0.00433  	0.00006  	0.00418  	0.00427  	0.00502  	0.00000  	0.00000  
