11/19/2024 09:50:19Time	T_hot_in(C)	T_cold_in(C)	T_cold_out(C)	T_hot_out(C)	mdot_cold(kg/s)	ASFASIFUAS(kg/s)	Diferencial_cold(bar)	Diferencial_hot(bar)	mdot_hot(kg/s)	ABS_cold(bar)	ABS_hot(bar)	q_cold(kW)	q_hot(kW)	ASFASYFY	Tau_cold_haste	Re_hot	Re_cold	U_global	PSIG_cold(bar)	R_fouling	PSIG_hot(bar)	PSID_hot(bar)	m_dot_hot	PSID_cold(bar)	m_dot_cold
2,02138  	0,00000  	0,00000  	0,00000  	0,00000  	-1,18512  	-0,20833  	-0,25900  	-0,86180  	-3,02442  	-1,72343  	-1,72415  	-0,00000  	-0,00000  	-254,35069  	-76,44127  	-9234,48090  	-3618,55272  	NaN  	NaN  	0,00000  	0,00000  	0,00000  	0,00000  	0,00000  	0,00000  	0,00000  
3,02228  	-244,98909  	-244,98909  	-244,98909  	25,95063  	0,05205  	0,00023  	-15815,93170  	0,00032  	0,00337  	-0,08232  	-0,08423  	1445,59254  	0,00000  	0,09419  	-4667896,50935  	0,56916  	1,00712  	Inf  	-Inf  	0,00385  	0,00400  	0,00394  	0,00381  	-244,98909  	0,00401  	0,00400  
4,02234  	883,87667  	-244,98909  	-244,98909  	25,95380  	0,04645  	0,00050  	57050,63949  	0,00906  	0,00733  	-0,03952  	-0,04146  	9963,10721  	0,00000  	2,67313  	16837862,34922  	0,06490  	0,89871  	Inf  	-Inf  	0,00385  	0,00404  	0,00394  	0,00391  	883,73400  	0,00399  	0,00401  
5,02228  	308,32532  	774,46330  	-244,98909  	25,95811  	0,04808  	0,00771  	85706,53851  	0,04799  	0,11195  	0,22932  	0,22719  	5002,94847  	350,17196  	14,16316  	25295332,54600  	214,52869  	6,34623  	NaN  	NaN  	0,00385  	0,00422  	0,00394  	0,00453  	1327,62170  	0,00399  	0,00415  
6,02233  	775,98506  	1327,75450  	775,98509  	25,96858  	0,04539  	0,01516  	85706,53851  	0,09121  	0,22010  	0,55921  	0,55683  	334988145,21403  	83961,49225  	26,92065  	25295332,54600  	3,55415  	0,00957  	-Inf  	-Inf  	0,00385  	0,00442  	0,00395  	0,00530  	1327,62170  	0,00399  	0,00429  
7,02236  	1327,82048  	305,15662  	1327,82053  	25,97805  	0,04651  	0,01397  	85706,53851  	0,14701  	0,20286  	0,68801  	0,68555  	105628960,96591  	5599423,10811  	43,38715  	25295332,54600  	0,29235  	0,02933  	-Inf  	-Inf  	0,00385  	0,00468  	0,00394  	0,00560  	1327,62170  	0,00399  	0,00427  
8,02322  	304,03125  	778,75719  	304,03127  	25,97956  	0,05106  	0,00837  	85706,53851  	0,14003  	0,12146  	0,67895  	0,67649  	897972,80018  	164,88829  	41,32778  	25295332,54600  	252,32907  	0,20162  	-Inf  	-Inf  	0,00385  	0,00465  	0,00394  	0,00558  	1327,62170  	0,00400  	0,00416  
9,02482  	-244,98909  	1327,75450  	779,96323  	25,97788  	0,05155  	0,00721  	85706,53851  	0,14322  	0,10464  	0,67863  	0,67617  	58232534,26842  	1290,03629  	42,27094  	25295332,54600  	17,69381  	0,01078  	-Inf  	-Inf  	0,00385  	0,00466  	0,00394  	0,00558  	1327,62170  	0,00401  	0,00414  
10,02409  	781,86320  	300,94528  	1327,82053  	25,97717  	0,04605  	0,00704  	19424,78188  	0,14031  	0,10226  	0,68240  	0,67994  	30403592,90968  	166948,94903  	41,41177  	5733008,54044  	1,59416  	0,02936  	-Inf  	-Inf  	0,00385  	0,00465  	0,00395  	0,00559  	300,89919  	0,00399  	0,00414  
11,02478  	298,23659  	-244,98909  	298,23661  	25,97825  	0,04911  	0,00707  	50642,14558  	0,14138  	0,10261  	0,67977  	0,67731  	116,85764  	170,55587  	41,72656  	14946466,57782  	238,30286  	303,66827  	NaN  	NaN  	0,00385  	0,00466  	0,00394  	0,00558  	784,46468  	0,00400  	0,00414  
12,02434  	787,30476  	787,26145  	787,30479  	25,98071  	0,04461  	0,00708  	85706,53851  	0,17518  	0,10285  	0,67911  	0,67665  	24732358,72891  	7,15670  	51,70173  	25295332,54600  	1,55236  	0,03298  	-Inf  	-Inf  	0,00385  	0,00481  	0,00395  	0,00558  	1327,62170  	0,00398  	0,00414  
13,02429  	293,96326  	1327,75450  	1327,82053  	25,98273  	0,05327  	0,00708  	85706,53851  	0,47792  	0,10282  	0,67790  	0,67545  	243493809,56111  	0,02156  	141,05354  	25295332,54600  	259,58142  	0,00417  	-Inf  	-Inf  	0,00385  	0,00622  	0,00394  	0,00558  	1327,62170  	0,00401  	0,00414  
14,02412  	-244,98909  	293,10445  	293,12705  	25,98358  	0,04762  	0,00717  	85706,53851  	0,47489  	0,10411  	0,68090  	0,67844  	9657,22366  	0,04914  	140,15730  	25295332,54600  	17,60478  	3,67451  	-Inf  	-Inf  	0,00385  	0,00620  	0,00394  	0,00558  	1327,62170  	0,00399  	0,00414  
15,02422  	790,54873  	-244,98909  	790,54877  	25,98561  	0,04945  	0,00718  	18864,14412  	0,26196  	0,10418  	0,68062  	0,67817  	15833,85844  	194942,89840  	77,31352  	5567542,53596  	1,54260  	5,56478  	NaN  	NaN  	0,00385  	0,00522  	0,00394  	0,00558  	292,21476  	0,00400  	0,00414  
16,02444  	290,81009  	791,97779  	290,81011  	25,98772  	0,04536  	0,00711  	-15815,93170  	0,14201  	0,10327  	0,67948  	0,67702  	727136,42457  	135,24153  	41,91136  	-4667896,50935  	277,48473  	0,17912  	-Inf  	-Inf  	0,00385  	0,00466  	0,00394  	0,00558  	-244,98909  	0,00399  	0,00414  
17,02636  	793,48062  	289,32836  	793,48065  	25,98862  	0,04791  	0,00715  	51215,71129  	-0,20172  	0,10374  	0,67944  	0,67698  	2117195,53553  	94315,21767  	-59,53673  	15115748,12504  	1,50987  	0,18919  	-Inf  	-Inf  	0,00385  	0,00306  	0,00394  	0,00558  	793,34937  	0,00399  	0,00414  
18,02767  	287,65569  	-244,98909  	287,65570  	25,98826  	0,04481  	0,00735  	18565,47993  	-0,31926  	0,10673  	0,68003  	0,67758  	116,83128  	138,07258  	-94,22538  	5479395,11962  	305,46518  	244,50598  	NaN  	NaN  	0,00385  	0,00252  	0,00394  	0,00558  	287,58837  	0,00398  	0,00414  
19,02770  	798,52166  	798,47788  	798,52169  	25,98883  	0,04268  	0,00738  	51541,10289  	-0,31629  	0,10708  	0,68123  	0,67877  	28640646,79904  	7,62372  	-93,34972  	15211783,83912  	1,51339  	0,02967  	-Inf  	-Inf  	0,00385  	0,00253  	0,00394  	0,00558  	798,38977  	0,00398  	0,00414  
20,02738  	281,58479  	1327,75450  	281,58481  	25,98852  	0,04304  	0,00724  	18173,61286  	0,09016  	0,10515  	0,68167  	0,67921  	9780993,55733  	247,93130  	26,60887  	5363739,90631  	340,30850  	0,02892  	-Inf  	-Inf  	0,00385  	0,00442  	0,00394  	0,00559  	281,51824  	0,00398  	0,00414  
21,02770  	803,86512  	1327,75450  	803,86516  	25,98941  	0,05322  	0,00706  	51886,01554  	0,14120  	0,10250  	0,68014  	0,67768  	175914158,71311  	118948,35951  	41,67349  	15313580,97507  	1,40450  	0,01061  	-Inf  	-Inf  	0,00385  	0,00466  	0,00395  	0,00558  	803,73256  	0,00401  	0,00414  
22,02769  	1327,82048  	1327,75450  	277,81195  	25,98962  	0,04696  	0,00709  	17930,08051  	0,14115  	0,10289  	0,68349  	0,68103  	48013183,04100  	5804871,17416  	41,65924  	5291864,03917  	0,14827  	0,03188  	NaN  	NaN  	0,00385  	0,00465  	0,00395  	0,00559  	277,74586  	0,00399  	0,00414  
23,02768  	1327,82048  	276,95300  	-244,98909  	25,99047  	0,04638  	0,00711  	-15815,93170  	0,14028  	0,10323  	0,68280  	0,68034  	562,25439  	2849576,06462  	41,40326  	-4667896,50935  	0,14876  	221,05513  	NaN  	NaN  	0,00385  	0,00465  	0,00394  	0,00559  	-244,98909  	0,00399  	0,00414  
24,02763  	1327,82048  	-244,98909  	807,63915  	25,98983  	0,05208  	0,00708  	52129,62075  	0,14058  	0,10278  	0,68042  	0,67796  	33611,97452  	6454115,63939  	41,49064  	15385478,34533  	0,14811  	4,98037  	Inf  	-Inf  	0,00385  	0,00465  	0,00394  	0,00558  	807,50607  	0,00401  	0,00414  
25,02763  	273,72351  	-244,98909  	1327,82053  	25,98915  	0,04688  	0,00706  	17666,17897  	0,13883  	0,10245  	0,68230  	0,67984  	675014,59132  	383,95999  	40,97444  	5213976,43311  	389,92657  	0,18510  	NaN  	NaN  	0,00385  	0,00464  	0,00394  	0,00559  	273,65795  	0,00399  	0,00414  
26,02747  	-244,98909  	810,11480  	1327,82053  	25,98825  	0,04907  	0,00705  	-15815,93170  	0,13934  	0,10228  	0,67923  	0,67678  	62311276,07835  	1160,19459  	41,12483  	-4667896,50935  	17,29706  	0,00966  	-Inf  	-Inf  	0,00385  	0,00465  	0,00394  	0,00558  	-244,98909  	0,00400  	0,00414  
27,02768  	-244,98909  	1327,75450  	1327,82053  	25,98688  	0,04919  	0,00710  	52359,59358  	0,14058  	0,10302  	0,68015  	0,67769  	246704655,59978  	0,14838  	41,49021  	15453352,27052  	17,42160  	0,00386  	-Inf  	-Inf  	0,00385  	0,00465  	0,00394  	0,00558  	811,06842  	0,00400  	0,00414  
28,02773  	-244,98909  	1327,75450  	270,15484  	25,98642  	0,05162  	0,00715  	85706,53851  	0,13921  	0,10382  	0,67839  	0,67594  	9775848,13967  	2493,56872  	41,08639  	25295332,54600  	17,55621  	0,03579  	-Inf  	-Inf  	0,00385  	0,00465  	0,00395  	0,00558  	1327,62170  	0,00401  	0,00414  
29,02872  	-244,98909  	1327,75450  	813,30598  	25,98546  	0,05366  	0,00707  	85706,53851  	0,14001  	0,10262  	0,67603  	0,67358  	63100058,81591  	1260,88151  	41,32313  	25295332,54600  	17,35395  	0,01050  	-Inf  	-Inf  	0,00385  	0,00465  	0,00395  	0,00557  	1327,62170  	0,00401  	0,00414  
30,03127  	814,85902  	1327,75450  	1327,82053  	25,98521  	0,04853  	0,00704  	85706,53851  	0,13953  	0,10221  	0,67783  	0,67538  	712564281,89984  	14,99144  	41,18065  	25295332,54600  	1,31519  	0,00380  	-Inf  	-Inf  	0,00385  	0,00465  	0,00395  	0,00558  	1327,62170  	0,00400  	0,00414  
31,03380  	1327,82048  	264,49565  	264,51704  	25,98308  	0,04919  	0,00711  	85706,53851  	0,14067  	0,10317  	0,68090  	0,67844  	21114,84900  	123,88250  	41,51723  	25295332,54600  	0,14867  	6,52434  	NaN  	NaN  	0,00385  	0,00465  	0,00395  	0,00558  	1327,62170  	0,00400  	0,00414  
32,03382  	1327,82048  	822,22977  	822,27458  	25,98254  	0,05217  	0,00711  	85706,53851  	0,14040  	0,10317  	0,67905  	0,67659  	56222524,95383  	275,19470  	41,43774  	25295332,54600  	0,14868  	0,03190  	NaN  	NaN  	0,00385  	0,00465  	0,00395  	0,00558  	1327,62170  	0,00401  	0,00414  
33,03475  	1327,82048  	1327,75450  	1327,82053  	25,98140  	0,05037  	0,00711  	85706,53851  	0,14019  	0,10322  	0,68010  	0,67765  	1187504274,43204  	391,58416  	41,37549  	25295332,54600  	0,14874  	0,00395  	-Inf  	-Inf  	0,00385  	0,00465  	0,00394  	0,00558  	1327,62170  	0,00400  	0,00414  
34,03531  	1327,82048  	252,54350  	1327,82053  	25,98236  	0,05158  	0,00706  	16300,38931  	0,13999  	0,10250  	0,67777  	0,67532  	43164903,97983  	6528769,95191  	41,31532  	4810878,78934  	0,14771  	0,03753  	-Inf  	-Inf  	0,00385  	0,00465  	0,00395  	0,00558  	252,50149  	0,00401  	0,00414  
35,03659  	1327,82048  	-244,98909  	1327,82053  	25,98332  	0,04932  	0,00710  	53758,90802  	0,13982  	0,10300  	0,67871  	0,67625  	3566411,80924  	9131670,13861  	41,26596  	15866344,38173  	0,14844  	0,19473  	NaN  	NaN  	0,00385  	0,00465  	0,00394  	0,00558  	832,74418  	0,00400  	0,00414  
36,03743  	1327,82048  	835,26970  	1327,82053  	25,98364  	0,04303  	0,00705  	85706,53851  	0,13937  	0,10240  	0,67709  	0,67463  	322806074,49857  	2494765,42863  	41,13364  	25295332,54600  	0,14756  	0,00806  	-Inf  	-Inf  	0,00385  	0,00465  	0,00394  	0,00557  	1327,62170  	0,00398  	0,00414  
37,03731  	245,84572  	1327,75450  	245,84574  	25,98374  	0,04895  	0,00709  	85706,53851  	0,13977  	0,10299  	0,68058  	0,67812  	7123985,77304  	242,02423  	41,25183  	25295332,54600  	705,81271  	0,03629  	-Inf  	-Inf  	0,00385  	0,00465  	0,00395  	0,00558  	1327,62170  	0,00400  	0,00414  
38,03830  	839,36055  	1327,75450  	-244,98909  	25,98526  	0,04966  	0,00706  	85706,53851  	0,13914  	0,10252  	0,67781  	0,67536  	2216890,53618  	446663,59742  	41,06512  	25295332,54600  	1,15061  	0,19614  	NaN  	NaN  	0,00385  	0,00465  	0,00395  	0,00558  	1327,62170  	0,00400  	0,00414  
39,04019  	1327,82048  	240,18895  	842,62212  	25,98573  	0,04799  	0,00709  	15502,88828  	0,13979  	0,10286  	0,68078  	0,67832  	3560864,36838  	3403668,40952  	41,25649  	4575505,22122  	0,14822  	0,18951  	NaN  	NaN  	0,00385  	0,00465  	0,00394  	0,00558  	240,14799  	0,00399  	0,00414  
40,04109  	237,57391  	-244,98909  	1327,82053  	25,98661  	0,04630  	0,00705  	54557,82938  	0,14071  	0,10229  	0,68065  	0,67819  	575637,90679  	325,40646  	41,52858  	16102137,14325  	831,64383  	0,18281  	NaN  	NaN  	0,00385  	0,00465  	0,00394  	0,00558  	845,11969  	0,00399  	0,00414  
41,04121  	848,12926  	-244,98909  	234,70215  	25,98650  	0,04480  	0,00706  	85706,53851  	0,13880  	0,10251  	0,68138  	0,67892  	356,74497  	131825,97046  	40,96390  	25295332,54600  	1,09676  	117,48286  	Inf  	-Inf  	0,00385  	0,00464  	0,00394  	0,00558  	1327,62170  	0,00398  	0,00414  
42,04089  	1327,82048  	851,71815  	851,76420  	25,98681  	0,04643  	0,00708  	85706,53851  	0,14017  	0,10284  	0,67925  	0,67679  	70362409,53176  	251,67552  	41,37107  	25295332,54600  	0,14820  	0,02434  	NaN  	NaN  	0,00385  	0,00465  	0,00394  	0,00558  	1327,62170  	0,00399  	0,00414  
43,04226  	229,18061  	1327,75450  	229,18062  	25,98595  	0,04151  	0,00707  	85706,53851  	0,13968  	0,10261  	0,68095  	0,67849  	6121093,47912  	200,27916  	41,22521  	25295332,54600  	984,97261  	0,03225  	-Inf  	-Inf  	0,00385  	0,00465  	0,00394  	0,00558  	1327,62170  	0,00397  	0,00414  
44,04205  	855,15942  	1327,75450  	855,15946  	25,98547  	0,04628  	0,00704  	14693,62217  	0,13969  	0,10213  	0,67976  	0,67730  	217292576,05582  	141854,03584  	41,22922  	4336659,32121  	1,05206  	0,00833  	-Inf  	-Inf  	0,00385  	0,00465  	0,00394  	0,00558  	227,61223  	0,00399  	0,00414  
45,04197  	1327,82048  	226,55106  	226,57086  	25,98503  	0,04882  	0,00702  	55268,06053  	0,14046  	0,10198  	0,67924  	0,67679  	6389,96656  	113,79274  	41,45376  	16311753,97654  	0,14696  	15,17520  	NaN  	NaN  	0,00385  	0,00465  	0,00394  	0,00558  	856,12136  	0,00400  	0,00413  
46,04468  	224,37023  	858,41487  	858,46119  	25,98462  	0,04465  	0,00706  	85706,53851  	0,13994  	0,10252  	0,67985  	0,67740  	11242911,91678  	0,00901  	41,30279  	25295332,54600  	1077,12278  	0,02263  	-Inf  	-Inf  	0,00385  	0,00465  	0,00395  	0,00558  	1327,62170  	0,00398  	0,00414  
47,04384  	860,94173  	1327,75450  	1327,82053  	25,98342  	0,03960  	0,00701  	14320,38287  	0,14010  	0,10175  	0,68082  	0,67836  	750804710,92498  	17,74979  	41,35035  	4226501,88783  	1,01619  	0,00310  	-Inf  	-Inf  	0,00385  	0,00465  	0,00395  	0,00558  	221,83065  	0,00397  	0,00413  
48,04595  	1327,82048  	1327,75450  	1327,82053  	25,98406  	0,04688  	0,00705  	55749,08828  	0,14018  	0,10237  	0,67858  	0,67613  	1177773054,67930  	364,44672  	41,37386  	16453723,97229  	0,14752  	0,00367  	-Inf  	-Inf  	0,00385  	0,00465  	0,00395  	0,00558  	863,57261  	0,00399  	0,00414  
49,04623  	1327,82048  	216,65889  	216,67827  	25,98375  	0,04713  	0,00709  	13983,99466  	0,14029  	0,10298  	0,67954  	0,67708  	4616,54488  	107,54406  	41,40592  	4127220,64548  	0,14840  	18,89374  	NaN  	NaN  	0,00385  	0,00465  	0,00394  	0,00558  	216,61991  	0,00399  	0,00414  
50,04615  	1327,82048  	869,41747  	-244,98909  	25,98376  	0,04667  	0,00704  	-15815,93170  	0,14043  	0,10222  	0,67998  	0,67752  	72974,37082  	6121877,39218  	41,44655  	-4667896,50935  	0,14730  	2,60175  	NaN  	NaN  	0,00385  	0,00465  	0,00395  	0,00558  	-244,98909  	0,00399  	0,00414  
51,04627  	1327,82048  	1327,75450  	871,57368  	25,98569  	0,05000  	0,00701  	56256,49767  	0,14001  	0,10182  	0,67739  	0,67493  	356648535,51214  	2685300,18196  	41,32355  	16603480,21507  	0,14673  	0,00872  	NaN  	NaN  	0,00385  	0,00465  	0,00395  	0,00558  	871,43252  	0,00400  	0,00413  
52,04736  	1327,82048  	209,89772  	1327,82053  	25,98675  	0,05270  	0,00711  	13547,55298  	0,14054  	0,10317  	0,68017  	0,67771  	36376326,55457  	6935227,09132  	41,47857  	3998409,73264  	0,14868  	0,04323  	-Inf  	-Inf  	0,00385  	0,00465  	0,00395  	0,00558  	209,85931  	0,00401  	0,00414  
53,04819  	1327,82048  	-244,98909  	209,37115  	25,98790  	0,04123  	0,00706  	56378,27592  	0,14037  	0,10245  	0,67991  	0,67745  	585,87604  	2205160,91089  	41,42913  	16639421,71334  	0,14764  	73,89763  	Inf  	-Inf  	0,00385  	0,00465  	0,00394  	0,00558  	873,31890  	0,00397  	0,00414  
54,06377  	1327,82048  	876,11251  	876,15958  	25,98932  	0,04999  	0,00705  	85706,53851  	0,13933  	0,10233  	0,67560  	0,67314  	83981999,65539  	277,03973  	41,12281  	25295332,54600  	0,14746  	0,02319  	NaN  	NaN  	0,00385  	0,00465  	0,00394  	0,00557  	1327,62170  	0,00400  	0,00414  
55,06455  	197,63558  	1327,75450  	197,63559  	25,99063  	0,04613  	0,00706  	85706,53851  	0,14106  	0,10249  	0,68180  	0,67934  	4521181,30845  	221,60494  	41,63119  	25295332,54600  	1586,46134  	0,03921  	-Inf  	-Inf  	0,00385  	0,00465  	0,00395  	0,00559  	1327,62170  	0,00399  	0,00414  
56,06640  	901,21079  	1327,75450  	901,21082  	25,99260  	0,04922  	0,00709  	11721,07657  	0,13986  	0,10294  	0,68345  	0,68099  	263892003,15022  	193794,73754  	41,27923  	3459345,51604  	0,83411  	0,00811  	-Inf  	-Inf  	0,00385  	0,00465  	0,00394  	0,00559  	181,56669  	0,00400  	0,00414  
57,06843  	1327,82048  	1327,75450  	1327,82053  	25,99400  	0,04581  	0,00709  	-15815,93170  	0,13917  	0,10300  	0,67931  	0,67686  	1184961445,54091  	356,10846  	41,07543  	-4667896,50935  	0,14842  	0,00359  	-Inf  	-Inf  	0,00385  	0,00465  	0,00394  	0,00558  	-244,98909  	0,00399  	0,00414  
58,06940  	173,38139  	1327,75450  	173,38141  	25,99442  	0,04667  	0,00705  	58701,35900  	0,13955  	0,10234  	0,67967  	0,67721  	3492393,74763  	227,18827  	41,18810  	17325053,87006  	1790,97839  	0,04257  	-Inf  	-Inf  	0,00385  	0,00465  	0,00394  	0,00558  	909,30409  	0,00399  	0,00414  
59,06902  	914,91479  	167,89927  	914,91483  	25,99504  	0,04055  	0,00707  	10836,50358  	0,13951  	0,10259  	0,67996  	0,67750  	2425084,01816  	309330,27152  	41,17462  	3198273,62597  	0,77599  	0,16011  	-Inf  	-Inf  	0,00385  	0,00465  	0,00394  	0,00558  	167,86441  	0,00397  	0,00414  
60,07092  	164,40676  	-244,98909  	1327,82053  	25,99595  	0,04943  	0,00710  	59280,65762  	0,13947  	0,10309  	0,67872  	0,67626  	379501,28214  	327,34278  	41,16404  	17496027,42204  	1791,32983  	0,19518  	NaN  	NaN  	0,00385  	0,00465  	0,00395  	0,00558  	918,27759  	0,00400  	0,00414  
61,07267  	-244,98909  	920,42522  	1327,82053  	25,99654  	0,05268  	0,00703  	10477,65770  	0,13989  	0,10200  	0,68005  	0,67759  	85497461,29258  	980,06731  	41,28683  	3092364,25319  	17,25118  	0,00836  	-Inf  	-Inf  	0,00385  	0,00465  	0,00394  	0,00558  	162,30579  	0,00401  	0,00413  
62,07341  	923,71541  	1327,75450  	1327,82053  	25,99819  	0,04502  	0,00710  	59622,16954  	0,14091  	0,10302  	0,67971  	0,67725  	817323582,50340  	32,36681  	41,58701  	17596820,87170  	0,74607  	0,00353  	-Inf  	-Inf  	0,00385  	0,00465  	0,00395  	0,00558  	923,56770  	0,00398  	0,00414  
63,07337  	1327,82048  	1327,75450  	155,05915  	26,00001  	0,04255  	0,00706  	85706,53851  	0,13991  	0,10254  	0,68035  	0,67789  	28528550,67588  	5873952,78258  	41,29426  	25295332,54600  	0,14776  	0,04096  	NaN  	NaN  	0,00385  	0,00465  	0,00394  	0,00558  	1327,62170  	0,00398  	0,00414  
64,07594  	1327,82048  	1327,75450  	-244,98909  	26,00021  	0,05032  	0,00710  	9939,86877  	0,14009  	0,10302  	0,68081  	0,67835  	3565466,77314  	9316795,53785  	41,34565  	2933641,82471  	0,14845  	0,19873  	NaN  	NaN  	0,00385  	0,00465  	0,00394  	0,00558  	153,97529  	0,00400  	0,00414  
65,07705  	151,12126  	1327,75450  	931,71017  	26,00013  	0,04887  	0,00711  	60138,21701  	0,13948  	0,10317  	0,67789  	0,67543  	41207177,35076  	81,34406  	41,16576  	17749126,54765  	1711,22259  	0,00760  	-Inf  	-Inf  	0,00385  	0,00465  	0,00395  	0,00558  	931,56142  	0,00400  	0,00414  
66,07991  	934,69653  	148,11837  	1327,82053  	26,00132  	0,04670  	0,00708  	85706,53851  	0,13974  	0,10279  	0,67842  	0,67597  	19365849,09448  	649059,61490  	41,24216  	25295332,54600  	0,70549  	0,04589  	-Inf  	-Inf  	0,00385  	0,00465  	0,00395  	0,00558  	1327,62170  	0,00399  	0,00414  
67,08147  	1327,82048  	-244,98909  	143,49866  	26,00361  	0,04789  	0,00711  	85706,53851  	0,13997  	0,10327  	0,68087  	0,67841  	912,41371  	2190434,02842  	41,30953  	25295332,54600  	0,14881  	33,05946  	Inf  	-Inf  	0,00385  	0,00465  	0,00394  	0,00558  	1327,62170  	0,00399  	0,00414  
68,08475  	140,21437  	942,56720  	942,61706  	26,00530  	0,04710  	0,00715  	9048,36695  	0,13991  	0,10383  	0,68165  	0,67919  	11952404,54199  	0,00986  	41,29151  	2670524,96652  	1623,20494  	0,01592  	-Inf  	-Inf  	0,00385  	0,00465  	0,00394  	0,00559  	140,16569  	0,00399  	0,00414  
69,08483  	-244,98909  	135,00686  	135,02282  	26,00589  	0,04743  	0,00704  	61177,34742  	0,13974  	0,10224  	0,67878  	0,67632  	125,94362  	0,03455  	41,24242  	18055814,34373  	17,29336  	337,52241  	-Inf  	-Inf  	0,00385  	0,00465  	0,00394  	0,00558  	947,65783  	0,00399  	0,00414  
70,08639  	951,95256  	-244,98909  	-244,98909  	26,00705  	0,04024  	0,00709  	85706,53851  	0,14058  	0,10297  	0,68132  	0,67886  	151097,72846  	0,00000  	41,49077  	25295332,54600  	0,65051  	0,77856  	Inf  	-Inf  	0,00385  	0,00465  	0,00394  	0,00558  	1327,62170  	0,00397  	0,00414  
71,08708  	1327,82048  	-244,98909  	957,06441  	26,00823  	0,05132  	0,00714  	85706,53851  	0,13982  	0,10366  	0,67953  	0,67707  	193555,89807  	7263394,97667  	41,26487  	25295332,54600  	0,14936  	1,47988  	Inf  	-Inf  	0,00385  	0,00465  	0,00394  	0,00558  	1327,62170  	0,00400  	0,00414  
72,08813  	1327,82048  	960,96957  	1327,82053  	26,00982  	0,04971  	0,00707  	85706,53851  	0,13964  	0,10263  	0,67800  	0,67555  	462741056,95755  	2146941,32780  	41,21252  	25295332,54600  	0,14788  	0,00731  	-Inf  	-Inf  	0,00385  	0,00465  	0,00394  	0,00558  	1327,62170  	0,00400  	0,00414  
73,09031  	1327,82048  	1327,75450  	1327,82053  	26,01083  	0,04635  	0,00708  	7679,38439  	0,14045  	0,10273  	0,67948  	0,67702  	1181865482,48535  	360,34899  	41,45259  	2266484,97531  	0,14803  	0,00363  	-Inf  	-Inf  	0,00385  	0,00465  	0,00394  	0,00558  	118,95977  	0,00399  	0,00414  
74,09198  	115,74128  	115,72615  	1327,82053  	26,01125  	0,04720  	0,00710  	-15815,93170  	0,13986  	0,10306  	0,68183  	0,67938  	1658497,19600  	239,58542  	41,27835  	-4667896,50935  	1367,60365  	0,05116  	-Inf  	-Inf  	0,00385  	0,00465  	0,00394  	0,00559  	-244,98909  	0,00399  	0,00414  
75,09438  	-244,98909  	-244,98909  	1327,82053  	26,01218  	0,04228  	0,00706  	62560,46924  	0,13932  	0,10254  	0,68154  	0,67908  	739096,82540  	3036,04558  	41,11895  	18464027,37906  	17,34574  	0,16694  	NaN  	NaN  	0,00385  	0,00465  	0,00394  	0,00559  	969,08277  	0,00398  	0,00414  
76,09453  	973,67170  	-244,98909  	109,15971  	26,01243  	0,04573  	0,00719  	85706,53851  	0,14031  	0,10441  	0,68212  	0,67966  	1085,85087  	250511,34979  	41,41162  	25295332,54600  	0,59561  	20,09100  	Inf  	-Inf  	0,00385  	0,00465  	0,00394  	0,00559  	1327,62170  	0,00399  	0,00414  
77,09639  	1327,82048  	978,70973  	978,76111  	26,01280  	0,04889  	0,00709  	85706,53851  	0,14092  	0,10287  	0,68009  	0,67763  	171696839,04266  	295,74428  	41,59104  	25295332,54600  	0,14823  	0,01405  	NaN  	NaN  	0,00385  	0,00465  	0,00394  	0,00558  	1327,62170  	0,00400  	0,00414  
78,09698  	1327,82048  	1327,75450  	1327,82053  	26,01315  	0,04721  	0,00700  	85706,53851  	0,14033  	0,10167  	0,67839  	0,67593  	1169634704,57414  	367,03488  	41,41718  	25295332,54600  	0,14649  	0,00370  	-Inf  	-Inf  	0,00385  	0,00465  	0,00395  	0,00558  	1327,62170  	0,00399  	0,00413  
79,09935  	1327,82048  	99,34311  	1327,82053  	26,01519  	0,04708  	0,00710  	6411,12130  	0,14095  	0,10303  	0,68002  	0,67756  	22323863,38791  	6809538,55520  	41,60046  	1892171,21831  	0,14845  	0,05368  	-Inf  	-Inf  	0,00385  	0,00465  	0,00395  	0,00558  	99,31403  	0,00399  	0,00414  
80,10228  	1327,82048  	-244,98909  	1327,82053  	26,01475  	0,04099  	0,00705  	-15815,93170  	0,13972  	0,10229  	0,67851  	0,67605  	3541680,50521  	7590999,55639  	41,23712  	-4667896,50935  	0,14740  	0,16185  	NaN  	NaN  	0,00385  	0,00465  	0,00394  	0,00558  	-244,98909  	0,00397  	0,00414  
81,10219  	90,35941  	992,42007  	1327,82053  	26,01597  	0,04716  	0,00704  	64060,30210  	0,13955  	0,10220  	0,67932  	0,67686  	24829842,69253  	66,15797  	41,18610  	18906686,38287  	1125,97441  	0,00655  	-Inf  	-Inf  	0,00385  	0,00465  	0,00395  	0,00558  	992,31559  	0,00399  	0,00414  
82,10455  	996,55394  	1327,75450  	1327,82053  	26,01662  	0,04859  	0,00703  	5566,82056  	0,13921  	0,10207  	0,67671  	0,67425  	875454863,76559  	57,89718  	41,08700  	1642985,23419  	0,52439  	0,00381  	-Inf  	-Inf  	0,00385  	0,00465  	0,00394  	0,00557  	86,23558  	0,00400  	0,00413  
83,10541  	1327,82048  	1327,75450  	1327,82053  	26,01793  	0,04854  	0,00708  	64570,39186  	0,14117  	0,10275  	0,68153  	0,67907  	1182044645,11525  	377,38681  	41,66483  	19057233,70970  	0,14805  	0,00380  	-Inf  	-Inf  	0,00385  	0,00466  	0,00394  	0,00558  	1000,21702  	0,00400  	0,00414  
84,10560  	1327,82048  	79,29117  	1327,82053  	26,01776  	0,03823  	0,00718  	5116,74529  	0,14072  	0,10417  	0,68359  	0,68113  	20572186,44849  	5619642,95184  	41,53124  	1510150,51943  	0,15009  	0,04640  	-Inf  	-Inf  	0,00385  	0,00465  	0,00394  	0,00559  	79,26379  	0,00396  	0,00414  
85,10670  	1327,82048  	-244,98909  	75,54951  	26,01901  	0,04652  	0,00710  	-15815,93170  	0,13923  	0,10304  	0,67710  	0,67465  	2592,49039  	1755633,69856  	41,09188  	-4667896,50935  	0,14848  	13,58212  	Inf  	-Inf  	0,00385  	0,00465  	0,00394  	0,00557  	-244,98909  	0,00399  	0,00414  
86,10748  	74,35512  	1008,42368  	-244,98909  	26,01736  	0,04890  	0,00708  	65093,35442  	0,13916  	0,10273  	0,67880  	0,67634  	11739,99957  	256,28380  	41,07029  	19211580,29731  	998,58041  	1,00212  	NaN  	NaN  	0,00385  	0,00465  	0,00395  	0,00558  	1008,31785  	0,00400  	0,00414  
87,10729  	1009,86537  	1327,75450  	-244,98909  	26,01697  	0,05242  	0,00706  	4707,58804  	0,14007  	0,10243  	0,67954  	0,67708  	2679213,89688  	1624360,65386  	41,33946  	1389392,30488  	0,49578  	0,20703  	NaN  	NaN  	0,00385  	0,00465  	0,00394  	0,00558  	72,92584  	0,00401  	0,00414  
88,11040  	69,95000  	69,93678  	-244,98909  	26,01662  	0,05025  	0,00704  	-15815,93170  	0,14073  	0,10216  	0,68209  	0,67963  	95,67673  	66,17660  	41,53551  	-4667896,50935  	957,76996  	13,74787  	NaN  	NaN  	0,00385  	0,00465  	0,00395  	0,00559  	-244,98909  	0,00400  	0,00414  
89,11182  	1015,77004  	1015,71715  	-244,98909  	26,01804  	0,04796  	0,00714  	65564,15620  	0,14049  	0,10363  	0,68171  	0,67925  	259492,94457  	1238134,14585  	41,46341  	19350532,21047  	0,48860  	0,93845  	NaN  	NaN  	0,00385  	0,00465  	0,00394  	0,00559  	1015,61070  	0,00399  	0,00414  
90,11351  	1327,82048  	1327,75450  	1019,91933  	26,01943  	0,04718  	0,00709  	85706,53851  	0,13989  	0,10292  	0,67940  	0,67695  	544916328,74100  	1709958,14553  	41,28708  	25295332,54600  	0,14830  	0,00623  	NaN  	NaN  	0,00385  	0,00465  	0,00394  	0,00558  	1327,62170  	0,00399  	0,00414  
91,11478  	59,58773  	59,57495  	1327,82053  	26,01955  	0,04647  	0,00702  	85706,53851  	0,13999  	0,10193  	0,68239  	0,67993  	473173,08095  	246,45627  	41,31695  	25295332,54600  	873,97759  	0,06005  	-Inf  	-Inf  	0,00385  	0,00465  	0,00394  	0,00559  	1327,62170  	0,00399  	0,00413  
92,11390  	-244,98909  	1026,91188  	1327,82053  	26,01978  	0,04896  	0,00705  	85706,53851  	0,14035  	0,10239  	0,68213  	0,67967  	115018171,88029  	672,45901  	41,42400  	25295332,54600  	17,32169  	0,00638  	-Inf  	-Inf  	0,00385  	0,00465  	0,00395  	0,00559  	1327,62170  	0,00400  	0,00414  
93,11414  	1029,28520  	53,53367  	1327,82053  	26,01920  	0,04856  	0,00710  	3454,06764  	0,13913  	0,10313  	0,68121  	0,67875  	13904784,85441  	1382921,78697  	41,06237  	1019429,68498  	0,45825  	0,06399  	-Inf  	-Inf  	0,00385  	0,00465  	0,00394  	0,00558  	53,50846  	0,00400  	0,00414  
94,11442  	1327,82048  	1031,70494  	51,07289  	26,02007  	0,04562  	0,00708  	66596,18754  	0,14009  	0,10284  	0,68044  	0,67798  	3559449,61988  	5266914,15459  	41,34728  	19655124,79623  	0,14818  	0,18015  	NaN  	NaN  	0,00385  	0,00465  	0,00394  	0,00558  	1031,59714  	0,00399  	0,00414  
95,11487  	1327,82048  	49,99861  	1032,82045  	26,02159  	0,05143  	0,00710  	3225,87535  	0,13989  	0,10304  	0,67625  	0,67379  	3567397,00264  	5951830,32970  	41,28693  	952081,26588  	0,14847  	0,20309  	NaN  	NaN  	0,00385  	0,00465  	0,00395  	0,00557  	49,97370  	0,00400  	0,00414  
96,11669  	1327,82048  	1034,63229  	48,14542  	26,02227  	0,05090  	0,00705  	-15815,93170  	0,13917  	0,10237  	0,67746  	0,67500  	3543000,92397  	5912328,05081  	41,07530  	-4667896,50935  	0,14750  	0,20102  	NaN  	NaN  	0,00385  	0,00465  	0,00393  	0,00558  	-244,98909  	0,00400  	0,00414  
97,11691  	1327,82048  	1327,75450  	-244,98909  	26,02223  	0,04977  	0,00705  	-15815,93170  	0,13982  	0,10240  	0,67958  	0,67712  	3543828,82774  	9216904,12618  	41,26657  	-4667896,50935  	0,14754  	0,19658  	NaN  	NaN  	0,00385  	0,00465  	0,00394  	0,00558  	-244,98909  	0,00400  	0,00414  
98,11748  	1327,82048  	1327,75450  	1039,22584  	26,02323  	0,05069  	0,00715  	67078,18999  	0,13925  	0,10373  	0,67825  	0,67580  	578355725,57343  	1722067,75254  	41,09790  	19797382,46149  	0,14947  	0,00647  	NaN  	NaN  	0,00385  	0,00465  	0,00394  	0,00558  	1039,06349  	0,00400  	0,00414  
99,11716  	41,17618  	1327,75450  	41,17619  	26,02359  	0,04589  	0,00706  	2655,60222  	0,14057  	0,10245  	0,67790  	0,67544  	196606,28818  	246,94558  	41,48743  	783771,48934  	736,70792  	0,06294  	-Inf  	-Inf  	0,00385  	0,00465  	0,00393  	0,00558  	41,14002  	0,00399  	0,00414  
100,11859  	1044,65813  	1327,75450  	1044,65817  	26,02453  	0,04530  	0,00702  	67428,83833  	0,13901  	0,10197  	0,67832  	0,67587  	451365029,90548  	316025,36031  	41,02624  	19900872,42401  	0,42399  	0,00572  	-Inf  	-Inf  	0,00385  	0,00464  	0,00394  	0,00558  	1044,49513  	0,00399  	0,00413  
101,11894  	37,22939  	37,21755  	37,22940  	26,02343  	0,04819  	0,00714  	2400,84281  	0,14018  	0,10360  	0,68423  	0,68177  	4,85533  	0,00239  	41,37275  	708582,07890  	714,92874  	372,50999  	-Inf  	-Inf  	0,00385  	0,00465  	0,00394  	0,00559  	37,19372  	0,00399  	0,00414  
102,12152  	-244,98909  	-244,98909  	1046,99533  	26,02289  	0,04379  	0,00705  	67579,69841  	0,14110  	0,10234  	0,68256  	0,68010  	93037,34500  	2582,46445  	41,64495  	19945397,10053  	17,31379  	0,70689  	NaN  	NaN  	0,00385  	0,00465  	0,00395  	0,00559  	1046,83200  	0,00398  	0,00414  
103,12130  	1050,67204  	1050,61768  	1327,82053  	26,02452  	0,05038  	0,00709  	2073,57961  	0,13916  	0,10287  	0,67706  	0,67461  	465403463,69518  	357478,24329  	41,07291  	611993,98275  	0,41686  	0,00630  	-Inf  	-Inf  	0,00385  	0,00465  	0,00394  	0,00557  	32,12433  	0,00400  	0,00414  
104,12119  	1327,82048  	27,93003  	27,94149  	26,02593  	0,04792  	0,00707  	68089,28458  	0,13959  	0,10270  	0,68010  	0,67764  	559,22399  	64,65843  	41,19709  	20095795,79669  	0,14797  	305,21889  	NaN  	NaN  	0,00385  	0,00465  	0,00395  	0,00558  	1054,72563  	0,00399  	0,00414  
105,12184  	1327,82048  	1056,83024  	-244,98909  	26,02549  	0,04774  	0,00703  	1672,55138  	0,13869  	0,10211  	0,67843  	0,67598  	485927,98097  	7318006,74455  	40,93381  	493634,95463  	0,14713  	0,72680  	NaN  	NaN  	0,00385  	0,00464  	0,00395  	0,00558  	25,91229  	0,00399  	0,00414  
106,12186  	1327,82048  	1327,75450  	-244,98909  	26,02601  	0,04245  	0,00708  	68359,56181  	0,14082  	0,10276  	0,68193  	0,67947  	3556522,64131  	7861138,49155  	41,56059  	20175565,11637  	0,14807  	0,16766  	NaN  	NaN  	0,00385  	0,00465  	0,00394  	0,00559  	1058,91229  	0,00398  	0,00414  
107,12285  	1327,82048  	1327,75450  	-244,98909  	26,02588  	0,04759  	0,00711  	85706,53851  	0,14035  	0,10319  	0,67860  	0,67614  	3571231,30108  	8812896,32959  	41,42160  	25295332,54600  	0,14868  	0,18796  	NaN  	NaN  	0,00385  	0,00465  	0,00395  	0,00558  	1327,62170  	0,00399  	0,00414  
108,12392  	20,29272  	1327,75450  	1062,53872  	26,02557  	0,04619  	0,00707  	85706,53851  	0,13986  	0,10268  	0,67807  	0,67562  	2682092,00455  	51,24328  	41,27737  	25295332,54600  	585,60050  	0,00565  	-Inf  	-Inf  	0,00385  	0,00465  	0,00394  	0,00558  	1327,62170  	0,00399  	0,00414  
109,12672  	1063,69651  	19,12380  	1327,82053  	26,02499  	0,04538  	0,00711  	1232,86970  	0,14125  	0,10322  	0,67819  	0,67574  	12194452,17480  	1648592,04805  	41,68832  	363867,79488  	0,39589  	0,06689  	NaN  	NaN  	0,00385  	0,00466  	0,00394  	0,00558  	19,10150  	0,00399  	0,00414  
110,12638  	15,26223  	1067,51409  	1327,82053  	26,02528  	0,04062  	0,00709  	68907,71060  	0,14055  	0,10291  	0,67730  	0,67484  	5114399,96024  	44,23235  	41,48140  	20337345,14343  	552,14044  	0,00493  	-Inf  	-Inf  	0,00385  	0,00465  	0,00395  	0,00558  	1067,40327  	0,00397  	0,00414  
111,12966  	1071,60625  	11,21439  	1327,82053  	26,02654  	0,05565  	0,00710  	85706,53851  	0,14001  	0,10303  	0,67690  	0,67444  	11798045,56880  	2135323,92494  	41,32323  	25295332,54600  	0,38230  	0,08421  	NaN  	NaN  	0,00385  	0,00465  	0,00395  	0,00557  	1327,62170  	0,00402  	0,00414  
112,13139  	8,56840  	-244,98909  	1327,82053  	26,02796  	0,04315  	0,00707  	85706,53851  	0,14049  	0,10266  	0,68062  	0,67817  	47671,16880  	283,92716  	41,46300  	25295332,54600  	506,28012  	0,17037  	NaN  	NaN  	0,00385  	0,00465  	0,00394  	0,00558  	1327,62170  	0,00398  	0,00414  
113,13357  	-244,98909  	1078,88079  	1327,82053  	26,02833  	0,04654  	0,00710  	85706,53851  	0,14132  	0,10305  	0,67970  	0,67724  	132861740,90819  	528,76936  	41,70965  	25295332,54600  	17,43404  	0,00553  	-Inf  	-Inf  	0,00385  	0,00466  	0,00394  	0,00558  	1327,62170  	0,00399  	0,00414  
114,13445  	-244,98909  	0,81096  	1327,82053  	26,02569  	0,04686  	0,00713  	50,75376  	0,14108  	0,10352  	0,68095  	0,67850  	2918747,73974  	2838,01499  	41,63707  	14979,40889  	17,51399  	0,07341  	NaN  	NaN  	0,00385  	0,00465  	0,00394  	0,00558  	0,79020  	0,00399  	0,00414  
115,13615  	1086,54967  	-244,98909  	1327,82053  	26,02653  	0,04922  	0,00709  	70132,87412  	0,13976  	0,10290  	0,68030  	0,67784  	2902339,83563  	2471274,20347  	41,24897  	20698938,54170  	0,35895  	0,19433  	NaN  	NaN  	0,00385  	0,00465  	0,00394  	0,00558  	1086,38139  	0,00400  	0,00414  
116,13749  	-8,95780  	-244,98909  	1327,82053  	26,02677  	0,04981  	0,00713  	85706,53851  	0,13938  	0,10344  	0,67673  	0,67428  	96246,08869  	328,08054  	41,13657  	25295332,54600  	403,26347  	0,19665  	NaN  	NaN  	0,00385  	0,00465  	0,00394  	0,00557  	1327,62170  	0,00400  	0,00414  
117,13723  	-244,98909  	-244,98909  	-13,29597  	26,02651  	0,05276  	0,00710  	85706,53851  	0,13998  	0,10309  	0,67802  	0,67556  	2427,49045  	557,92230  	41,31340  	25295332,54600  	17,44085  	6,03568  	NaN  	NaN  	0,00385  	0,00465  	0,00394  	0,00558  	1327,62170  	0,00401  	0,00414  
118,13918  	1098,32798  	-244,98909  	1098,32802  	26,02821  	0,04725  	0,00704  	-1002,53909  	0,14156  	0,10221  	0,67818  	0,67572  	568516,95446  	2174996,48178  	41,77929  	-295888,27221  	0,33984  	0,56675  	NaN  	NaN  	0,00385  	0,00466  	0,00394  	0,00558  	-15,52559  	0,00399  	0,00414  
119,14174  	-17,83341  	1100,60835  	-17,83341  	26,02703  	0,04879  	0,00709  	71043,98438  	0,14092  	0,10293  	0,67947  	0,67702  	120030,43827  	228,90610  	41,59051  	20967842,61252  	353,93721  	0,19267  	-Inf  	-Inf  	0,00385  	0,00465  	0,00394  	0,00558  	1100,49473  	0,00400  	0,00414  
120,14215  	1103,89612  	1327,75450  	-244,98909  	26,02732  	0,04718  	0,00711  	-1361,95381  	0,13939  	0,10316  	0,68133  	0,67887  	2956184,44491  	2628361,61454  	41,13928  	-401965,53561  	0,33537  	0,18634  	NaN  	NaN  	0,00385  	0,00465  	0,00394  	0,00558  	-21,09302  	0,00399  	0,00414  
121,14546  	1327,82048  	-24,75472  	1107,57692  	26,02808  	0,04907  	0,00710  	-15815,93170  	0,14046  	0,10308  	0,68048  	0,67802  	3568652,49824  	6541970,23619  	41,45541  	-4667896,50935  	0,14852  	0,19374  	Inf  	-Inf  	0,00385  	0,00465  	0,00394  	0,00558  	-244,98909  	0,00400  	0,00414  
122,14878  	-28,40650  	-244,98909  	1327,82053  	26,02833  	0,05115  	0,00714  	-15815,93170  	0,14101  	0,10368  	0,68056  	0,67810  	150096,13644  	338,82114  	41,61846  	-4667896,50935  	305,69288  	0,20195  	NaN  	NaN  	0,00385  	0,00465  	0,00395  	0,00558  	-244,98909  	0,00400  	0,00414  
123,15014  	1117,63079  	-244,98909  	1327,82053  	26,02931  	0,04731  	0,00714  	72139,11291  	0,14026  	0,10360  	0,68290  	0,68044  	3007726,08388  	2857987,98935  	41,39632  	21291057,62829  	0,31878  	0,18678  	NaN  	NaN  	0,00385  	0,00465  	0,00394  	0,00559  	1117,45857  	0,00399  	0,00414  
124,15268  	1327,82048  	-244,98909  	1327,82053  	26,03014  	0,04822  	0,00700  	-2480,61022  	0,14003  	0,10169  	0,68026  	0,67780  	3520812,24958  	8930223,09289  	41,32788  	-732124,54453  	0,14652  	0,19039  	NaN  	NaN  	0,00385  	0,00465  	0,00394  	0,00558  	-38,42132  	0,00399  	0,00413  
125,15295  	1327,82048  	1127,47298  	1327,82053  	26,03024  	0,04690  	0,00707  	-15815,93170  	0,14112  	0,10266  	0,68004  	0,67758  	721204537,52668  	1106455,13836  	41,65084  	-4667896,50935  	0,14792  	0,00512  	-Inf  	-Inf  	0,00385  	0,00465  	0,00394  	0,00558  	-244,98909  	0,00399  	0,00414  
126,15493  	-48,82016  	-48,82839  	-48,82015  	26,03011  	0,04696  	0,00702  	73044,13167  	0,13986  	0,10196  	0,67931  	0,67685  	49,57549  	0,00166  	41,27827  	21558163,86110  	221,70585  	34,16802  	NaN  	NaN  	0,00385  	0,00465  	0,00395  	0,00558  	1131,47756  	0,00399  	0,00413  
127,15727  	-244,98909  	-244,98909  	-244,98909  	26,02967  	0,05181  	0,00703  	85706,53851  	0,14003  	0,10210  	0,67878  	0,67632  	43849,73312  	0,00000  	41,32963  	25295332,54600  	17,27364  	1,00259  	Inf  	-Inf  	0,00385  	0,00465  	0,00395  	0,00558  	1327,62170  	0,00401  	0,00414  
128,15797  	1139,09587  	-244,98909  	-244,98909  	26,02947  	0,04665  	0,00705  	-3634,04470  	0,14129  	0,10234  	0,68004  	0,67759  	180512,68884  	0,00000  	41,69992  	-1072547,91630  	0,28941  	0,90259  	Inf  	-Inf  	0,00385  	0,00466  	0,00394  	0,00558  	-56,28833  	0,00399  	0,00414  
129,16006  	1327,82048  	-244,98909  	-244,98909  	26,02959  	0,04351  	0,00707  	73916,70137  	0,13983  	0,10267  	0,68291  	0,68045  	211799,00035  	0,00000  	41,26994  	21815693,11343  	0,14793  	0,84184  	Inf  	-Inf  	0,00385  	0,00465  	0,00394  	0,00559  	1144,99390  	0,00398  	0,00414  
130,16165  	1327,82048  	-244,98909  	1147,73022  	26,03003  	0,04432  	0,00705  	85706,53851  	0,14097  	0,10231  	0,68093  	0,67847  	1021906,39421  	7267454,37608  	41,60566  	25295332,54600  	0,14741  	0,40718  	Inf  	-Inf  	0,00385  	0,00465  	0,00394  	0,00558  	1327,62170  	0,00398  	0,00414  
131,16425  	1327,82048  	1152,55086  	1327,82053  	26,02910  	0,05326  	0,00706  	-4506,32852  	0,13915  	0,10253  	0,67869  	0,67623  	767875587,72366  	1099129,22696  	41,06964  	-1329992,79258  	0,14773  	0,00557  	-Inf  	-Inf  	0,00385  	0,00465  	0,00394  	0,00558  	-69,80025  	0,00401  	0,00414  
132,16743  	-71,21013  	1327,75450  	1327,82053  	26,02982  	0,04340  	0,00704  	74489,37047  	0,14041  	0,10226  	0,67867  	0,67621  	87875284,47843  	0,01293  	41,44138  	21984710,03499  	158,78068  	0,00340  	-Inf  	-Inf  	0,00385  	0,00465  	0,00394  	0,00558  	1153,86470  	0,00398  	0,00414  
133,17054  	1157,24464  	-74,42041  	-74,41325  	26,03021  	0,04740  	0,00709  	85706,53851  	0,13923  	0,10294  	0,67619  	0,67374  	1580,51952  	16,37625  	41,09144  	25295332,54600  	0,27143  	17,71133  	Inf  	-Inf  	0,00385  	0,00465  	0,00394  	0,00557  	1327,62170  	0,00399  	0,00414  
134,17058  	-80,61888  	-244,98909  	-244,98909  	26,03194  	0,03959  	0,00711  	85706,53851  	0,13920  	0,10326  	0,67667  	0,67422  	17451,03599  	0,00000  	41,08287  	25295332,54600  	139,36007  	0,76607  	Inf  	-Inf  	0,00385  	0,00465  	0,00395  	0,00557  	1327,62170  	0,00397  	0,00414  
135,17264  	-244,98909  	1168,97392  	1169,03329  	26,03199  	0,04629  	0,00709  	-5566,45646  	0,14147  	0,10298  	0,68066  	0,67820  	110586449,68831  	0,12541  	41,75230  	-1642877,77391  	17,42286  	0,00622  	-Inf  	-Inf  	0,00385  	0,00466  	0,00395  	0,00558  	-86,22192  	0,00399  	0,00414  
136,17468  	-244,98909  	-90,82939  	-90,82291  	26,03098  	0,04129  	0,00711  	75755,34619  	0,14052  	0,10317  	0,68102  	0,67857  	669,07070  	0,01220  	41,47268  	22358348,70181  	17,45526  	10,47465  	NaN  	NaN  	0,00385  	0,00465  	0,00395  	0,00558  	1173,47501  	0,00397  	0,00414  
137,17558  	-244,98909  	1174,93604  	-244,98909  	26,02959  	0,05039  	0,00705  	85706,53851  	0,14013  	0,10230  	0,68089  	0,67843  	261175,12592  	3265,32955  	41,35779  	25295332,54600  	17,30694  	0,40263  	-Inf  	-Inf  	0,00385  	0,00465  	0,00394  	0,00558  	1327,62170  	0,00400  	0,00414  
138,17595  	-244,98909  	1327,75450  	1179,95759  	26,03045  	0,04434  	0,00713  	85706,53851  	0,14068  	0,10352  	0,68232  	0,67986  	172949789,19485  	299,09875  	41,51985  	25295332,54600  	17,51412  	0,00443  	-Inf  	-Inf  	0,00385  	0,00465  	0,00394  	0,00559  	1327,62170  	0,00398  	0,00414  
139,17922  	-244,98909  	1327,75450  	1327,82053  	26,03170  	0,05466  	0,00713  	-6546,04781  	0,14026  	0,10357  	0,67980  	0,67734  	248068182,78370  	0,16473  	41,39493  	-1931993,27692  	17,52315  	0,00428  	-Inf  	-Inf  	0,00385  	0,00465  	0,00394  	0,00558  	-101,39606  	0,00402  	0,00414  
140,18254  	-244,98909  	-104,52076  	-104,51486  	26,03225  	0,04828  	0,00712  	76639,14085  	0,13931  	0,10333  	0,67731  	0,67485  	1079,06269  	0,01300  	41,11557  	22619190,87598  	17,48262  	9,06753  	NaN  	NaN  	0,00385  	0,00465  	0,00395  	0,00558  	1187,16523  	0,00399  	0,00414  
141,18286  	-244,98909  	-244,98909  	1193,34939  	26,03099  	0,04429  	0,00710  	85706,53851  	0,14135  	0,10308  	0,68185  	0,67939  	301196,00434  	2907,72801  	41,71688  	25295332,54600  	17,43916  	0,32292  	NaN  	NaN  	0,00385  	0,00466  	0,00394  	0,00559  	1327,62170  	0,00398  	0,00414  
142,18419  	1196,67458  	1196,61410  	-113,84318  	26,03087  	0,04531  	0,00709  	85706,53851  	0,14048  	0,10294  	0,67958  	0,67712  	3203875,60116  	3563688,09220  	41,46096  	25295332,54600  	0,23409  	0,17896  	NaN  	NaN  	0,00385  	0,00465  	0,00394  	0,00558  	1327,62170  	0,00399  	0,00414  
143,18755  	1327,82048  	1327,75450  	-244,98909  	26,03044  	0,04577  	0,00709  	85706,53851  	0,13935  	0,10287  	0,68316  	0,68070  	3560316,05982  	8475566,68899  	41,12693  	25295332,54600  	0,14823  	0,18076  	NaN  	NaN  	0,00385  	0,00465  	0,00394  	0,00559  	1327,62170  	0,00399  	0,00414  
144,18786  	1327,82048  	1327,75450  	1205,28842  	26,03069  	0,04670  	0,00711  	-7906,67014  	0,14162  	0,10320  	0,68123  	0,67878  	882206599,98482  	673454,76339  	41,79798  	-2333565,83983  	0,14869  	0,00447  	NaN  	NaN  	0,00385  	0,00466  	0,00395  	0,00558  	-122,47247  	0,00399  	0,00414  
145,18917  	1327,82048  	-125,72296  	1327,82053  	26,03013  	0,04501  	0,00709  	78007,76807  	0,14041  	0,10294  	0,68068  	0,67822  	7181712,47204  	7703106,53450  	41,44116  	23023125,99221  	0,14832  	0,11050  	NaN  	NaN  	0,00385  	0,00465  	0,00395  	0,00558  	1208,36564  	0,00398  	0,00414  
146,19097  	-130,42603  	1213,19624  	1327,82053  	26,03096  	0,04712  	0,00710  	-8421,06009  	0,13955  	0,10302  	0,68025  	0,67779  	107961705,06911  	37,94681  	41,18805  	-2485382,31952  	68,35333  	0,00445  	-Inf  	-Inf  	0,00385  	0,00465  	0,00394  	0,00558  	-130,44051  	0,00399  	0,00414  
147,19439  	1217,92163  	-135,09485  	1327,82053  	26,03279  	0,04628  	0,00707  	78612,73444  	0,14100  	0,10261  	0,67919  	0,67674  	6221028,70360  	4555998,53323  	41,61389  	23201675,09554  	0,21592  	0,11772  	NaN  	NaN  	0,00385  	0,00465  	0,00394  	0,00558  	1217,73674  	0,00399  	0,00414  
148,19488  	1327,82048  	-244,98909  	1327,82053  	26,03410  	0,03860  	0,00711  	85706,53851  	0,13997  	0,10316  	0,68262  	0,68016  	3571601,09450  	7148514,92854  	41,30926  	25295332,54600  	0,14863  	0,15240  	NaN  	NaN  	0,00386  	0,00465  	0,00394  	0,00559  	1327,62170  	0,00396  	0,00414  
149,19505  	1327,82048  	1228,08242  	1327,82053  	26,03345  	0,04397  	0,00712  	85706,53851  	0,14055  	0,10330  	0,67840  	0,67594  	934487524,73358  	516410,32722  	41,48313  	25295332,54600  	0,14884  	0,00405  	-Inf  	-Inf  	0,00385  	0,00465  	0,00395  	0,00558  	1327,62170  	0,00398  	0,00414  
150,19527  	1327,82048  	1327,75450  	-147,19945  	26,03399  	0,04550  	0,00711  	-9503,75892  	0,13921  	0,10326  	0,68112  	0,67866  	6385360,56943  	7901458,64929  	41,08729  	-2804928,84917  	0,14878  	0,12122  	NaN  	NaN  	0,00385  	0,00465  	0,00394  	0,00558  	-147,21181  	0,00399  	0,00414  
151,19630  	1327,82048  	-149,10926  	-244,98909  	26,03314  	0,04268  	0,00712  	79517,38132  	0,14114  	0,10343  	0,68295  	0,68049  	75167,82893  	481804,68358  	41,65684  	23468671,57021  	0,14903  	1,57661  	Inf  	-Inf  	0,00385  	0,00465  	0,00395  	0,00559  	1231,74997  	0,00398  	0,00414  
152,19780  	-151,19336  	-244,98909  	1234,02480  	26,03353  	0,04691  	0,00709  	85706,53851  	0,14002  	0,10287  	0,67783  	0,67537  	262114,78624  	646,13338  	41,32492  	25295332,54600  	51,80980  	0,28122  	NaN  	NaN  	0,00385  	0,00465  	0,00394  	0,00558  	1327,62170  	0,00399  	0,00414  
153,19960  	-244,98909  	-244,98909  	-151,78788  	26,03281  	0,05091  	0,00714  	-9799,93536  	0,14058  	0,10370  	0,67872  	0,67626  	16195,97609  	216,56988  	41,48945  	-2892342,03420  	17,54577  	1,84461  	NaN  	NaN  	0,00385  	0,00465  	0,00393  	0,00558  	-151,79966  	0,00400  	0,00414  
154,19908  	1239,44626  	1239,38398  	-244,98909  	26,03351  	0,04080  	0,00708  	80002,11657  	0,13958  	0,10277  	0,68258  	0,68012  	1860216,02241  	4566548,74161  	41,19629  	23611735,79244  	0,20022  	0,23855  	NaN  	NaN  	0,00385  	0,00465  	0,00394  	0,00559  	1239,25865  	0,00397  	0,00414  
155,20020  	1327,82048  	1327,75450  	-244,98909  	26,03385  	0,05272  	0,00711  	85706,53851  	0,14062  	0,10322  	0,67754  	0,67509  	3572311,98188  	9762528,68696  	41,50141  	25295332,54600  	0,14872  	0,20820  	NaN  	NaN  	0,00385  	0,00465  	0,00395  	0,00558  	1327,62170  	0,00401  	0,00414  
156,20237  	-162,82270  	1327,75450  	1245,65414  	26,03387  	0,04681  	0,00709  	85706,53851  	0,14041  	0,10300  	0,67923  	0,67677  	141097555,95805  	42,82296  	41,44189  	25295332,54600  	44,70321  	0,00419  	-Inf  	-Inf  	0,00385  	0,00465  	0,00394  	0,00558  	1327,62170  	0,00399  	0,00414  
157,20421  	1245,90005  	-163,07209  	-163,06865  	26,03357  	0,04605  	0,00711  	-10528,09200  	0,13963  	0,10315  	0,68145  	0,67899  	29592,08087  	12,35323  	41,21040  	-3107249,37635  	0,19642  	2,88509  	Inf  	-Inf  	0,00385  	0,00465  	0,00395  	0,00558  	-163,07901  	0,00399  	0,00414  
158,20449  	1327,82048  	1250,54537  	-244,98909  	26,03565  	0,05031  	0,00713  	80722,59764  	0,13915  	0,10346  	0,67999  	0,67753  	2167996,04523  	8859937,16500  	41,06856  	23824377,77697  	0,14906  	0,27934  	NaN  	NaN  	0,00385  	0,00465  	0,00394  	0,00558  	1250,41910  	0,00400  	0,00414  
159,20486  	1327,82048  	-172,42992  	-244,98909  	26,03576  	0,04389  	0,00711  	85706,53851  	0,14004  	0,10319  	0,68030  	0,67784  	98307,78026  	375022,72087  	41,33098  	25295332,54600  	0,14867  	1,37238  	Inf  	-Inf  	0,00385  	0,00465  	0,00394  	0,00558  	1327,62170  	0,00398  	0,00414  
160,20663  	-175,77162  	1258,53994  	-244,98909  	26,03486  	0,05793  	0,00708  	85706,53851  	0,13996  	0,10272  	0,67749  	0,67503  	352205,10547  	1200,12699  	41,30846  	25295332,54600  	37,95801  	0,31003  	NaN  	NaN  	0,00385  	0,00465  	0,00395  	0,00558  	1327,62170  	0,00403  	0,00414  
161,20772  	1259,66959  	1327,75450  	-244,98909  	26,03225  	0,04608  	0,00708  	85706,53851  	0,14085  	0,10275  	0,68067  	0,67821  	3369817,03434  	6068845,88775  	41,57090  	25295332,54600  	0,18645  	0,18198  	NaN  	NaN  	0,00385  	0,00465  	0,00395  	0,00558  	1327,62170  	0,00399  	0,00414  
162,20866  	-180,52968  	-180,53239  	1263,36112  	26,03289  	0,04606  	0,00707  	-11655,17473  	0,13957  	0,10267  	0,67739  	0,67493  	564056,63331  	993,25790  	41,19275  	-3439895,31855  	35,80425  	0,18187  	NaN  	NaN  	0,00385  	0,00465  	0,00394  	0,00558  	-180,53783  	0,00399  	0,00414  
163,21024  	-244,98909  	1265,20934  	1327,82053  	26,03338  	0,04537  	0,00707  	-15815,93170  	0,14106  	0,10263  	0,68171  	0,67925  	211627515,54529  	129,65408  	41,63192  	-4667896,50935  	17,36378  	0,00393  	-Inf  	-Inf  	0,00385  	0,00465  	0,00395  	0,00559  	-244,98909  	0,00399  	0,00414  
164,21071  	-244,98909  	1327,75450  	1327,82053  	26,03506  	0,05079  	0,00710  	-15815,93170  	0,14113  	0,10304  	0,67935  	0,67689  	246789082,66621  	0,15306  	41,65197  	-4667896,50935  	17,43319  	0,00398  	-Inf  	-Inf  	0,00385  	0,00465  	0,00394  	0,00558  	-244,98909  	0,00400  	0,00414  
165,21096  	1270,09119  	1327,75450  	1327,82053  	26,03483  	0,04357  	0,00708  	-15815,93170  	0,13970  	0,10272  	0,67842  	0,67596  	1129322420,25783  	254,13556  	41,23152  	-4667896,50935  	0,17978  	0,00341  	-Inf  	-Inf  	0,00385  	0,00465  	0,00394  	0,00558  	-244,98909  	0,00398  	0,00414  
166,21208  	1327,82048  	1327,75450  	-192,50973  	26,03405  	0,05352  	0,00706  	82319,07547  	0,14060  	0,10255  	0,68112  	0,67866  	4880179,18344  	9580292,57554  	41,49764  	24295560,46763  	0,14776  	0,17030  	NaN  	NaN  	0,00385  	0,00465  	0,00394  	0,00558  	1275,14897  	0,00401  	0,00414  
167,21299  	-195,30818  	1327,75450  	1278,13962  	26,03326  	0,04709  	0,00707  	85706,53851  	0,13920  	0,10259  	0,67637  	0,67392  	178233779,17296  	45,02687  	41,08327  	25295332,54600  	30,01183  	0,00400  	-Inf  	-Inf  	0,00385  	0,00465  	0,00395  	0,00557  	1327,62170  	0,00399  	0,00414  
168,21305  	1280,02619  	-197,19680  	1327,82053  	26,03324  	0,04757  	0,00711  	-12730,88263  	0,14016  	0,10318  	0,67878  	0,67632  	4601910,60704  	6740188,84016  	41,36549  	-3757378,55325  	0,17452  	0,15421  	NaN  	NaN  	0,00385  	0,00465  	0,00394  	0,00558  	-197,20084  	0,00399  	0,00414  
169,21416  	1327,82048  	1281,84875  	1327,82053  	26,03232  	0,04699  	0,00707  	82743,26769  	0,14036  	0,10264  	0,68235  	0,67989  	1058336051,84818  	254359,35993  	41,42492  	24420756,08817  	0,14789  	0,00396  	-Inf  	-Inf  	0,00385  	0,00465  	0,00394  	0,00559  	1281,71983  	0,00399  	0,00414  
170,21519  	-200,98562  	-200,98747  	1327,82053  	26,03367  	0,04658  	0,00707  	85706,53851  	0,14004  	0,10266  	0,67998  	0,67752  	810479,23785  	1515,49838  	41,33269  	25295332,54600  	28,11777  	0,15334  	NaN  	NaN  	0,00385  	0,00465  	0,00395  	0,00558  	1327,62170  	0,00399  	0,00414  
171,21750  	1286,35636  	-244,98909  	1327,82053  	26,03417  	0,04928  	0,00706  	85706,53851  	0,14000  	0,10244  	0,67779  	0,67534  	3433685,58813  	7435348,94664  	41,31912  	25295332,54600  	0,16956  	0,19459  	NaN  	NaN  	0,00385  	0,00465  	0,00394  	0,00558  	1327,62170  	0,00400  	0,00414  
172,21727  	1327,82048  	1289,80794  	-207,04094  	26,03526  	0,04573  	0,00706  	85706,53851  	0,14044  	0,10246  	0,67871  	0,67626  	3546091,12505  	8059763,86428  	41,44982  	25295332,54600  	0,14763  	0,18060  	NaN  	NaN  	0,00385  	0,00465  	0,00394  	0,00558  	1327,62170  	0,00399  	0,00414  
173,22146  	-212,89094  	-212,89228  	-244,98909  	26,03482  	0,04800  	0,00712  	85706,53851  	0,13988  	0,10341  	0,68021  	0,67775  	28159,55748  	40,37881  	41,28308  	25295332,54600  	24,73942  	1,14046  	Inf  	-Inf  	0,00385  	0,00465  	0,00394  	0,00558  	1327,62170  	0,00399  	0,00414  
174,22260  	1296,45212  	1296,38745  	1296,45217  	26,03528  	0,05243  	0,00710  	-13791,15168  	0,14026  	0,10312  	0,68112  	0,67866  	996248328,32540  	342,37527  	41,39477  	-4070305,18395  	0,16494  	0,00455  	-Inf  	-Inf  	0,00386  	0,00465  	0,00394  	0,00558  	-213,62469  	0,00401  	0,00414  
175,22200  	-219,24136  	1327,75450  	1327,82053  	26,03436  	0,04978  	0,00709  	84044,56156  	0,14016  	0,10294  	0,67883  	0,67637  	223134803,42005  	0,09627  	41,36777  	24804818,51475  	22,94803  	0,00390  	-Inf  	-Inf  	0,00385  	0,00465  	0,00394  	0,00558  	1301,87722  	0,00400  	0,00414  
176,22420  	-244,98909  	1327,75450  	1327,82053  	26,03341  	0,04627  	0,00711  	-14415,20176  	0,14016  	0,10318  	0,68050  	0,67804  	247141643,30564  	0,13945  	41,36605  	-4254486,63036  	17,45790  	0,00363  	-Inf  	-Inf  	0,00385  	0,00465  	0,00394  	0,00558  	-223,29140  	0,00399  	0,00414  
177,22532  	1307,74473  	1327,75450  	-224,91334  	26,03371  	0,04730  	0,00708  	-15815,93170  	0,14038  	0,10276  	0,67891  	0,67645  	3963146,68755  	7837076,70860  	41,43298  	-4667896,50935  	0,15825  	0,17175  	NaN  	NaN  	0,00385  	0,00465  	0,00395  	0,00558  	-244,98909  	0,00399  	0,00414  
178,22557  	1327,82048  	-230,51406  	1313,34489  	26,03496  	0,04452  	0,00707  	-15815,93170  	0,14016  	0,10267  	0,67990  	0,67744  	3554677,63640  	8092650,51951  	41,36552  	-4667896,50935  	0,14793  	0,17577  	Inf  	-Inf  	0,00385  	0,00465  	0,00394  	0,00558  	-244,98909  	0,00398  	0,00414  
179,22643  	1327,82048  	1313,92265  	1327,82053  	26,03466  	0,04173  	0,00703  	84813,67649  	0,14144  	0,10205  	0,67847  	0,67601  	1136189518,44787  	68289,02836  	41,74445  	25031814,24129  	0,14704  	0,00334  	-Inf  	-Inf  	0,00385  	0,00466  	0,00395  	0,00558  	1313,79102  	0,00397  	0,00413  
180,22635  	1327,82048  	-233,36706  	1327,82053  	26,03544  	0,04188  	0,00705  	85706,53851  	0,14079  	0,10232  	0,67828  	0,67582  	3807005,99406  	7698297,03147  	41,55252  	25295332,54600  	0,14742  	0,15746  	NaN  	NaN  	0,00386  	0,00465  	0,00395  	0,00558  	1327,62170  	0,00397  	0,00414  
181,22830  	1327,82048  	-244,98909  	1327,82053  	26,03623  	0,04560  	0,00702  	85706,53851  	0,13968  	0,10196  	0,67948  	0,67702  	3530047,71641  	8444282,86961  	41,22444  	25295332,54600  	0,14690  	0,18003  	NaN  	NaN  	0,00386  	0,00465  	0,00395  	0,00558  	1327,62170  	0,00399  	0,00413  
182,23155  	1327,82048  	1320,21588  	-237,45016  	26,03561  	0,04931  	0,00699  	85706,53851  	0,14079  	0,10153  	0,67904  	0,67658  	3513633,73856  	9043592,06234  	41,55313  	25295332,54600  	0,14628  	0,19473  	NaN  	NaN  	0,00385  	0,00465  	0,00394  	0,00558  	1327,62170  	0,00400  	0,00413  
183,23278  	-240,91120  	1327,75450  	1323,74265  	26,03513  	0,04343  	0,00709  	-15451,47130  	0,14050  	0,10298  	0,67803  	0,67558  	240605961,75470  	7,41926  	41,46795  	-4560330,07077  	18,18150  	0,00343  	-Inf  	-Inf  	0,00385  	0,00465  	0,00395  	0,00558  	-239,34350  	0,00398  	0,00414  
184,23435  	-239,65008  	1322,41571  	1327,82053  	26,03576  	0,04882  	0,00709  	85706,53851  	0,14029  	0,10293  	0,67781  	0,67536  	238639865,13067  	10,99687  	41,40611  	25295332,54600  	18,41525  	0,00386  	-Inf  	-Inf  	0,00385  	0,00465  	0,00394  	0,00558  	1327,62170  	0,00400  	0,00414  
185,23439  	1318,08853  	-235,25754  	1318,08858  	26,03513  	0,05065  	0,00706  	85706,53851  	0,14015  	0,10249  	0,67979  	0,67734  	3521939,98636  	8833839,37114  	41,36240  	25295332,54600  	0,15249  	0,19997  	NaN  	NaN  	0,00386  	0,00465  	0,00395  	0,00558  	1327,62170  	0,00400  	0,00414  
186,23577  	-232,41918  	1315,18512  	-232,41918  	26,03545  	0,04348  	0,00715  	85706,53851  	0,14055  	0,10380  	0,68093  	0,67847  	713237,61107  	2477,01323  	41,48219  	25295332,54600  	20,05281  	0,17172  	-Inf  	-Inf  	0,00386  	0,00465  	0,00395  	0,00558  	1327,62170  	0,00398  	0,00414  
187,23681  	1327,82048  	-231,46079  	1327,82053  	26,03576  	0,04863  	0,00711  	85706,53851  	0,14091  	0,10317  	0,67850  	0,67604  	3883920,97419  	8928673,93749  	41,58852  	25295332,54600  	0,14865  	0,18140  	NaN  	NaN  	0,00385  	0,00465  	0,00394  	0,00558  	1327,62170  	0,00400  	0,00414  
188,23768  	1309,92624  	1309,86101  	1309,92629  	26,03561  	0,04794  	0,00705  	85706,53851  	0,14021  	0,10236  	0,68122  	0,67876  	1066535322,85230  	337,61873  	41,38180  	25295332,54600  	0,15649  	0,00398  	-Inf  	-Inf  	0,00385  	0,00465  	0,00394  	0,00558  	1327,62170  	0,00399  	0,00414  
189,23943  	-244,98909  	-225,49097  	-244,98909  	26,03591  	0,05175  	0,00705  	85706,53851  	0,14042  	0,10241  	0,68251  	0,68005  	36081,18976  	46,05075  	41,44317  	25295332,54600  	17,32743  	1,13309  	Inf  	-Inf  	0,00385  	0,00465  	0,00395  	0,00559  	1327,62170  	0,00401  	0,00414  
190,24409  	-222,05817  	1327,75450  	-244,98909  	26,03498  	0,04288  	0,00702  	84226,38266  	0,13974  	0,10191  	0,67672  	0,67427  	672135,27910  	2074,51528  	41,24218  	24858480,99396  	22,02454  	0,16935  	NaN  	NaN  	0,00385  	0,00465  	0,00394  	0,00557  	1304,69368  	0,00398  	0,00413  
191,24549  	1302,36133  	1302,29642  	-219,52994  	26,03575  	0,05187  	0,00712  	-14172,58236  	0,14074  	0,10334  	0,67894  	0,67648  	3506428,71368  	8202541,00127  	41,53740  	-4182880,21169  	0,16204  	0,20486  	NaN  	NaN  	0,00385  	0,00465  	0,00394  	0,00558  	-219,53316  	0,00401  	0,00414  
192,24567  	-208,11416  	-208,11571  	1290,94560  	26,03499  	0,04671  	0,00712  	85706,53851  	0,14091  	0,10335  	0,68166  	0,67921  	643628,55568  	1688,10498  	41,58768  	25295332,54600  	26,09326  	0,18443  	NaN  	NaN  	0,00386  	0,00465  	0,00394  	0,00559  	1327,62170  	0,00399  	0,00414  
193,24529  	1327,82048  	1290,30073  	-244,98909  	26,03573  	0,04307  	0,00714  	85706,53851  	0,14071  	0,10358  	0,68212  	0,67966  	2825155,01883  	7785270,52439  	41,52808  	25295332,54600  	0,14924  	0,19991  	NaN  	NaN  	0,00386  	0,00465  	0,00395  	0,00559  	1327,62170  	0,00398  	0,00414  
194,24757  	1287,59678  	-204,76708  	-244,98909  	26,03469  	0,04860  	0,00708  	85706,53851  	0,14037  	0,10275  	0,67613  	0,67367  	135517,01049  	188674,39634  	41,42790  	25295332,54600  	0,16937  	1,21843  	Inf  	-Inf  	0,00385  	0,00465  	0,00394  	0,00557  	1327,62170  	0,00400  	0,00414  
195,24829  	-244,98909  	1285,31588  	-244,98909  	26,03590  	0,04450  	0,00709  	82967,07549  	0,14008  	0,10294  	0,68038  	0,67792  	565875,72536  	3108,06631  	41,34253  	24486810,47475  	17,41616  	0,21119  	-Inf  	-Inf  	0,00385  	0,00465  	0,00394  	0,00558  	1285,18667  	0,00398  	0,00414  
196,25031  	-198,51757  	-198,51952  	-198,51757  	26,03513  	0,04801  	0,00713  	-12816,26598  	0,14035  	0,10346  	0,68107  	0,67861  	13428,34147  	0,00191  	41,42353  	-3782578,50172  	29,15607  	1,73625  	NaN  	NaN  	0,00386  	0,00465  	0,00395  	0,00558  	-198,52345  	0,00399  	0,00414  
197,25191  	1327,82048  	1327,75450  	1327,82053  	26,03527  	0,04591  	0,00705  	85706,53851  	0,14020  	0,10234  	0,68039  	0,67793  	1177365218,01919  	357,00885  	41,37719  	25295332,54600  	0,14745  	0,00360  	-Inf  	-Inf  	0,00386  	0,00465  	0,00394  	0,00558  	1327,62170  	0,00399  	0,00414  
198,25390  	1274,10560  	1327,75450  	1327,82053  	26,03467  	0,04912  	0,00709  	85706,53851  	0,14092  	0,10296  	0,68105  	0,67859  	1135625697,19264  	292,45553  	41,59001  	25295332,54600  	0,17772  	0,00385  	-Inf  	-Inf  	0,00385  	0,00465  	0,00395  	0,00558  	1327,62170  	0,00400  	0,00414  
199,25561  	-244,98909  	1327,75450  	1327,82053  	26,03512  	0,04699  	0,00709  	81977,22437  	0,14062  	0,10287  	0,68201  	0,67955  	246398420,56273  	0,14161  	41,50181  	24194666,91490  	17,40560  	0,00368  	-Inf  	-Inf  	0,00386  	0,00465  	0,00394  	0,00559  	1269,85361  	0,00399  	0,00414  
200,25710  	-244,98909  	1327,75450  	1327,82053  	26,03482  	0,04521  	0,00709  	-11901,07920  	0,14032  	0,10298  	0,68007  	0,67761  	246640638,22377  	0,13625  	41,41451  	-3512471,29303  	17,42268  	0,00354  	-Inf  	-Inf  	0,00386  	0,00465  	0,00394  	0,00558  	-184,34696  	0,00398  	0,00414  
201,25737  	-244,98909  	1327,75450  	1262,23450  	26,03508  	0,04506  	0,00709  	81473,05960  	0,14016  	0,10286  	0,68114  	0,67869  	210539956,11508  	134,74106  	41,36700  	24045868,28571  	17,40264  	0,00392  	-Inf  	-Inf  	0,00386  	0,00465  	0,00395  	0,00558  	1262,04396  	0,00398  	0,00414  
202,25972  	-176,48310  	1259,25138  	-244,98909  	26,03757  	0,04815  	0,00709  	-11393,97396  	0,14006  	0,10291  	0,67788  	0,67542  	355792,44612  	1010,12801  	41,33616  	-3362804,81423  	37,69919  	0,25690  	NaN  	NaN  	0,00386  	0,00465  	0,00394  	0,00558  	-176,49176  	0,00399  	0,00414  
203,26095  	1327,82048  	-244,98909  	-244,98909  	26,03582  	0,04663  	0,00708  	85706,53851  	0,14058  	0,10284  	0,67821  	0,67575  	212148,60311  	0,00000  	41,48949  	25295332,54600  	0,14817  	0,90230  	Inf  	-Inf  	0,00386  	0,00465  	0,00394  	0,00558  	1327,62170  	0,00399  	0,00414  
204,26404  	1251,35793  	-244,98909  	-168,52654  	26,03716  	0,04577  	0,00705  	80770,99702  	0,14012  	0,10240  	0,67877  	0,67631  	87828,95021  	280809,21816  	41,35388  	23838662,31498  	0,19128  	1,47103  	Inf  	-Inf  	0,00385  	0,00465  	0,00394  	0,00558  	1251,16882  	0,00399  	0,00414  
205,26393  	-244,98909  	-244,98909  	1327,82053  	26,03675  	0,04979  	0,00710  	-10645,52429  	0,14084  	0,10305  	0,68075  	0,67830  	742820,26921  	3573,59914  	41,56700  	-3141908,21114  	17,43599  	0,19658  	NaN  	NaN  	0,00386  	0,00465  	0,00395  	0,00558  	-164,89807  	0,00400  	0,00414  
206,26781  	-244,98909  	-160,24737  	1243,07525  	26,03744  	0,04708  	0,00708  	85706,53851  	0,14068  	0,10274  	0,68072  	0,67826  	740524,65015  	3014,84235  	41,51906  	25295332,54600  	17,38258  	0,18588  	NaN  	NaN  	0,00386  	0,00465  	0,00395  	0,00558  	1327,62170  	0,00399  	0,00414  
207,26840  	-157,90769  	1327,75450  	-157,90769  	26,03645  	0,04998  	0,00705  	80085,56624  	0,14063  	0,10239  	0,68083  	0,67837  	841790,98602  	765,75287  	41,50586  	23636365,03684  	47,30074  	0,13876  	-Inf  	-Inf  	0,00386  	0,00465  	0,00394  	0,00558  	1240,55131  	0,00400  	0,00414  
208,26835  	1327,82048  	1327,75450  	1236,76148  	26,03493  	0,04605  	0,00708  	-9938,20833  	0,14045  	0,10279  	0,67963  	0,67718  	949754329,99399  	493365,16114  	41,45303  	-2933151,76468  	0,14811  	0,00418  	NaN  	NaN  	0,00385  	0,00465  	0,00394  	0,00558  	-153,94155  	0,00399  	0,00414  
209,27067  	1233,26972  	1233,20770  	-150,43832  	26,03685  	0,04694  	0,00705  	85706,53851  	0,14051  	0,10240  	0,67908  	0,67663  	3286537,46994  	4741060,12633  	41,46851  	25295332,54600  	0,20393  	0,18538  	NaN  	NaN  	0,00386  	0,00465  	0,00395  	0,00558  	1327,62170  	0,00399  	0,00414  
210,27104  	-150,23015  	-244,98909  	1233,06159  	26,03669  	0,04723  	0,00714  	85706,53851  	0,14036  	0,10367  	0,68231  	0,67985  	260977,62821  	640,90965  	41,42607  	25295332,54600  	52,87149  	0,28443  	NaN  	NaN  	0,00386  	0,00465  	0,00394  	0,00559  	1327,62170  	0,00399  	0,00414  
211,27199  	1327,82048  	-244,98909  	-143,45685  	26,03638  	0,04636  	0,00710  	79152,78670  	0,14102  	0,10303  	0,68167  	0,67921  	69987,57573  	554221,57218  	41,62116  	23361065,51792  	0,14845  	1,78510  	Inf  	-Inf  	0,00386  	0,00465  	0,00395  	0,00559  	1226,10230  	0,00399  	0,00414  
212,27338  	1327,82048  	-244,98909  	1224,93821  	26,03619  	0,04965  	0,00708  	-15815,93170  	0,13971  	0,10271  	0,67557  	0,67312  	1804725,27614  	8594264,33575  	41,23461  	-4667896,50935  	0,14798  	0,31072  	Inf  	-Inf  	0,00385  	0,00465  	0,00394  	0,00557  	-244,98909  	0,00400  	0,00414  
213,27517  	1220,18407  	-244,98909  	-137,35268  	26,03571  	0,04509  	0,00709  	-15815,93170  	0,14020  	0,10295  	0,67911  	0,67665  	59590,72956  	330541,23350  	41,37718  	-4667896,50935  	0,21487  	1,81658  	Inf  	-Inf  	0,00386  	0,00465  	0,00394  	0,00558  	-244,98909  	0,00398  	0,00414  
214,27719  	-135,25088  	-135,25548  	1218,08232  	26,03711  	0,05024  	0,00706  	-8732,49666  	0,14006  	0,10252  	0,67753  	0,67507  	439764,17943  	507,35078  	41,33848  	-2577299,36014  	63,73448  	0,19836  	NaN  	NaN  	0,00386  	0,00465  	0,00394  	0,00558  	-135,26475  	0,00400  	0,00414  
215,27834  	1327,82048  	1213,80122  	-131,03103  	26,03619  	0,05009  	0,00708  	85706,53851  	0,13997  	0,10282  	0,67826  	0,67580  	3558636,11927  	7931144,16709  	41,30965  	25295332,54600  	0,14815  	0,19780  	NaN  	NaN  	0,00386  	0,00465  	0,00395  	0,00558  	1327,62170  	0,00400  	0,00414  
216,28121  	1327,82048  	-244,98909  	1208,59698  	26,03572  	0,04796  	0,00709  	85706,53851  	0,14022  	0,10292  	0,67971  	0,67725  	1611726,16854  	8208638,67108  	41,38492  	25295332,54600  	0,14829  	0,32455  	Inf  	-Inf  	0,00386  	0,00465  	0,00394  	0,00558  	1327,62170  	0,00399  	0,00414  
217,28278  	1327,82048  	-122,75188  	-122,74674  	26,03706  	0,04720  	0,00708  	85706,53851  	0,14000  	0,10283  	0,67723  	0,67478  	9483,00559  	28,52598  	41,31960  	25295332,54600  	0,14815  	6,10979  	Inf  	-Inf  	0,00386  	0,00465  	0,00395  	0,00558  	1327,62170  	0,00399  	0,00414  
218,28231  	1200,43953  	1327,75450  	1200,43958  	26,03558  	0,04478  	0,00700  	85706,53851  	0,13964  	0,10169  	0,68120  	0,67874  	774835813,39555  	349179,65577  	41,21411  	25295332,54600  	0,22805  	0,00432  	-Inf  	-Inf  	0,00386  	0,00465  	0,00394  	0,00558  	1327,62170  	0,00398  	0,00413  
219,28232  	-115,72999  	1198,50082  	-244,98909  	26,03543  	0,04460  	0,00713  	85706,53851  	0,14095  	0,10357  	0,68150  	0,67905  	164312,26784  	384,88611  	41,59922  	25295332,54600  	84,17393  	0,31705  	NaN  	NaN  	0,00386  	0,00465  	0,00394  	0,00558  	1327,62170  	0,00398  	0,00414  
220,28224  	1197,27729  	-114,45137  	-114,44589  	26,03705  	0,05546  	0,00713  	85706,53851  	0,14062  	0,10351  	0,68068  	0,67822  	6539,56841  	18,30183  	41,50253  	25295332,54600  	0,23486  	8,47142  	Inf  	-Inf  	0,00386  	0,00465  	0,00395  	0,00558  	1327,62170  	0,00402  	0,00414  
221,28331  	-244,98909  	1327,75450  	1327,82053  	26,03738  	0,05004  	0,00708  	85706,53851  	0,14108  	0,10276  	0,68057  	0,67811  	246136648,37645  	0,15080  	41,63779  	25295332,54600  	17,38737  	0,00392  	-Inf  	-Inf  	0,00386  	0,00465  	0,00395  	0,00558  	1327,62170  	0,00400  	0,00414  
