11/19/2024 10:02:57Time	T_hot_in(C)	T_cold_in(C)	T_cold_out(C)	T_hot_out(C)	mdot_cold(kg/s)	ASFASIFUAS(kg/s)	Diferencial_cold(bar)	Diferencial_hot(bar)	mdot_hot(kg/s)	ABS_cold(bar)	ABS_hot(bar)	q_cold(kW)	q_hot(kW)	ASFASYFY	Tau_cold_haste	Re_hot	Re_cold	U_global	PSIG_cold(bar)	R_fouling	PSIG_hot(bar)	PSID_hot(bar)	m_dot_hot	PSID_cold(bar)	m_dot_cold
2,04946  	0,00000  	0,00000  	0,00000  	0,00000  	-1,18512  	-0,20833  	-0,25900  	-0,86180  	-3,02442  	-1,72343  	-1,72415  	-0,00000  	-0,00000  	-254,35069  	-76,44127  	-9234,48090  	-3618,55272  	NaN  	NaN  	0,00000  	0,00000  	0,00000  	0,00000  	0,00000  	0,00000  	0,00000  
3,04902  	-244,98909  	1327,75450  	1327,82053  	26,12877  	0,04486  	0,00025  	85706,53851  	-0,00042  	0,00358  	-0,08332  	-0,08522  	8575215,64466  	0,13498  	-0,12325  	25295332,54600  	0,60613  	0,00352  	-Inf  	-Inf  	0,00385  	0,00400  	0,00395  	0,00381  	1327,62170  	0,00398  	0,00400  
4,04914  	-244,98909  	1327,75450  	1327,82053  	26,12628  	0,04600  	0,00039  	12839,96732  	0,00939  	0,00565  	-0,03374  	-0,03569  	13534722,27659  	0,13842  	2,77100  	3789573,68743  	0,95668  	0,00360  	-Inf  	-Inf  	0,00385  	0,00404  	0,00394  	0,00392  	198,89861  	0,00399  	0,00401  
5,05064  	-244,98909  	308,41278  	308,43602  	26,12694  	0,04676  	0,00623  	49983,78894  	0,06333  	0,09041  	0,24746  	0,24532  	12276,12070  	0,04951  	18,69087  	14752159,92981  	15,31131  	2,77526  	-Inf  	-Inf  	0,00385  	0,00429  	0,00394  	0,00458  	774,26655  	0,00399  	0,00412  
6,05168  	776,11181  	776,06897  	-244,98909  	26,12854  	0,05327  	0,01114  	85706,53851  	0,13559  	0,16174  	0,78418  	0,78164  	19645,94371  	182836,82873  	40,01861  	25295332,54600  	2,60720  	6,91936  	NaN  	NaN  	0,00385  	0,00463  	0,00394  	0,00582  	1327,62170  	0,00401  	0,00421  
7,05272  	1327,82048  	1327,75450  	778,81501  	26,13150  	0,05019  	0,01332  	85706,53851  	0,24542  	0,19339  	1,16772  	1,16491  	515228582,55212  	3245570,57073  	72,43226  	25295332,54600  	0,27856  	0,01052  	NaN  	NaN  	0,00385  	0,00514  	0,00394  	0,00671  	1327,62170  	0,00400  	0,00426  
8,05238  	1327,82048  	1327,75450  	302,02045  	26,13719  	0,04600  	0,01053  	85706,53851  	0,24454  	0,15288  	1,15946  	1,15666  	78590225,05018  	5558212,67441  	72,17413  	25295332,54600  	0,22020  	0,02925  	NaN  	NaN  	0,00385  	0,00513  	0,00395  	0,00669  	1327,62170  	0,00399  	0,00420  
9,05238  	1327,82048  	1327,75450  	-244,98909  	26,14114  	0,04602  	0,00978  	19329,58186  	0,24683  	0,14197  	1,16051  	1,15770  	4912966,83770  	8527542,44046  	72,84907  	5704911,31185  	0,20448  	0,18177  	NaN  	NaN  	0,00385  	0,00515  	0,00394  	0,00670  	299,42451  	0,00399  	0,00419  
10,05193  	1327,82048  	1327,75450  	-244,98909  	26,14356  	0,04520  	0,00969  	50707,89582  	0,30114  	0,14063  	1,15991  	1,15711  	4866390,25134  	8374485,28405  	88,87931  	14965872,02932  	0,20254  	0,17850  	NaN  	NaN  	0,00385  	0,00540  	0,00394  	0,00670  	785,48317  	0,00398  	0,00419  
11,05411  	1327,82048  	296,13280  	786,67592  	26,14572  	0,04774  	0,00967  	19114,13052  	0,75699  	0,14036  	1,15923  	1,15643  	4858397,40181  	2759025,62818  	223,41731  	5641323,24360  	0,20216  	0,18851  	NaN  	NaN  	0,00385  	0,00751  	0,00394  	0,00669  	296,08711  	0,00399  	0,00419  
12,05398  	1327,82048  	788,95001  	1327,82053  	26,14829  	0,04345  	0,00973  	-15815,93170  	0,67812  	0,14128  	1,15908  	1,15627  	388129789,05674  	2758697,88966  	200,13998  	-4667896,50935  	0,20349  	0,00893  	-Inf  	-Inf  	0,00385  	0,00715  	0,00394  	0,00669  	-244,98909  	0,00398  	0,00419  
13,05438  	290,80318  	1327,75450  	1327,82053  	26,15155  	0,04390  	0,00972  	51121,96074  	0,24796  	0,14112  	1,16128  	1,15848  	330061283,87171  	0,01727  	73,18192  	15088078,69198  	378,02239  	0,00344  	-Inf  	-Inf  	0,00385  	0,00515  	0,00394  	0,00670  	791,89715  	0,00398  	0,00419  
14,05385  	794,32348  	1327,75450  	1327,82053  	26,15419  	0,04676  	0,00968  	18620,49019  	0,25033  	0,14046  	1,16249  	1,15969  	953556840,47134  	12,16234  	73,88186  	5495630,78623  	2,03241  	0,00366  	-Inf  	-Inf  	0,00385  	0,00516  	0,00394  	0,00670  	288,44049  	0,00399  	0,00419  
15,05463  	1327,82048  	1327,75450  	287,24969  	26,15526  	0,04628  	0,00972  	51351,33459  	0,24850  	0,14110  	1,15890  	1,15610  	68381351,20472  	5673493,19084  	73,34230  	15155775,83367  	0,20322  	0,03063  	NaN  	NaN  	0,00385  	0,00515  	0,00394  	0,00669  	795,45021  	0,00399  	0,00419  
16,05507  	286,41655  	1327,75450  	-244,98909  	26,15625  	0,04644  	0,00978  	85706,53851  	-0,23152  	0,14198  	1,15877  	1,15596  	982392,02461  	418,66421  	-68,32998  	25295332,54600  	415,19301  	0,18340  	NaN  	NaN  	0,00385  	0,00293  	0,00395  	0,00669  	1327,62170  	0,00399  	0,00419  
17,05509  	797,26442  	285,54472  	-244,98909  	26,15709  	0,04668  	0,00999  	85706,53851  	-0,29475  	0,14499  	1,15900  	1,15619  	467,69765  	100029,09913  	-86,99114  	25295332,54600  	2,06221  	248,19212  	NaN  	NaN  	0,00385  	0,00263  	0,00394  	0,00669  	1327,62170  	0,00399  	0,00419  
18,05531  	1327,82048  	-244,98909  	-244,98909  	26,15794  	0,04953  	0,00983  	85706,53851  	0,24693  	0,14273  	1,15588  	1,15308  	294405,30424  	0,00000  	72,87910  	25295332,54600  	0,20556  	0,95832  	Inf  	-Inf  	0,00385  	0,00515  	0,00394  	0,00669  	1327,62170  	0,00400  	0,00419  
19,05523  	1327,82048  	801,30523  	801,34917  	26,15794  	0,04745  	0,00974  	85706,53851  	0,24865  	0,14146  	1,16382  	1,16102  	65230133,62506  	245,61105  	73,38615  	25295332,54600  	0,20374  	0,03247  	NaN  	NaN  	0,00386  	0,00515  	0,00394  	0,00671  	1327,62170  	0,00399  	0,00419  
20,05726  	1327,82048  	1327,75450  	280,01476  	26,15799  	0,04767  	0,00966  	85706,53851  	0,24842  	0,14020  	1,15833  	1,15553  	65994120,21618  	5884251,62588  	73,31953  	25295332,54600  	0,20192  	0,03217  	NaN  	NaN  	0,00386  	0,00515  	0,00394  	0,00669  	1327,62170  	0,00399  	0,00419  
21,05931  	1327,82048  	1327,75450  	804,07493  	26,15652  	0,04740  	0,00965  	85706,53851  	0,24938  	0,14011  	1,16288  	1,16007  	402647367,50088  	2924707,60651  	73,60267  	25295332,54600  	0,20180  	0,00945  	NaN  	NaN  	0,00386  	0,00516  	0,00394  	0,00670  	1327,62170  	0,00399  	0,00419  
22,06057  	1327,82048  	275,91362  	1327,82053  	26,15552  	0,04802  	0,00976  	85706,53851  	0,25074  	0,14172  	1,15908  	1,15628  	65636349,12331  	5951775,69189  	74,00308  	25295332,54600  	0,20412  	0,03277  	-Inf  	-Inf  	0,00386  	0,00516  	0,00394  	0,00669  	1327,62170  	0,00399  	0,00419  
23,06064  	270,69648  	-244,98909  	1327,82053  	26,15552  	0,05019  	0,00975  	85706,53851  	0,24958  	0,14152  	1,15777  	1,15497  	920443,58508  	403,75092  	73,66104  	25295332,54600  	571,77911  	0,19818  	NaN  	NaN  	0,00386  	0,00516  	0,00395  	0,00669  	1327,62170  	0,00400  	0,00419  
24,06029  	815,28957  	815,24509  	267,54183  	26,15547  	0,04747  	0,00971  	85706,53851  	0,24964  	0,14099  	1,16370  	1,16089  	2958346,37249  	122252,11129  	73,67923  	25295332,54600  	1,80808  	0,18747  	NaN  	NaN  	0,00385  	0,00516  	0,00394  	0,00670  	1327,62170  	0,00399  	0,00419  
25,06213  	1327,82048  	1327,75450  	817,27829  	26,15488  	0,05292  	0,00976  	17138,79379  	0,24910  	0,14164  	1,16031  	1,15750  	423304244,61099  	3182910,07615  	73,51823  	5058324,55519  	0,20399  	0,01027  	NaN  	NaN  	0,00386  	0,00516  	0,00394  	0,00670  	265,48861  	0,00401  	0,00419  
26,06447  	1327,82048  	263,43282  	1327,82053  	26,15473  	0,04558  	0,00971  	52887,29934  	0,25068  	0,14093  	1,16087  	1,15806  	62044917,33566  	5716485,27279  	73,98592  	15609098,76301  	0,20297  	0,03219  	-Inf  	-Inf  	0,00386  	0,00516  	0,00394  	0,00670  	819,24272  	0,00399  	0,00419  
27,06509  	1327,82048  	-244,98909  	1327,82053  	26,15468  	0,04857  	0,00964  	85706,53851  	0,24986  	0,14001  	1,15903  	1,15623  	4847188,47926  	8999557,11572  	73,74253  	25295332,54600  	0,20166  	0,19175  	NaN  	NaN  	0,00386  	0,00516  	0,00394  	0,00669  	1327,62170  	0,00400  	0,00419  
28,06510  	1327,82048  	827,70753  	1327,82053  	26,15463  	0,05266  	0,00969  	85706,53851  	0,24972  	0,14072  	1,15612  	1,15331  	433787364,10907  	3103004,47736  	73,70215  	25295332,54600  	0,20267  	0,01001  	-Inf  	-Inf  	0,00385  	0,00516  	0,00395  	0,00669  	1327,62170  	0,00401  	0,00419  
29,06531  	1327,82048  	1327,75450  	1327,82053  	26,15538  	0,03847  	0,00968  	85706,53851  	0,24974  	0,14046  	1,15912  	1,15632  	1615716992,28322  	299,33786  	73,70906  	25295332,54600  	0,20229  	0,00302  	-Inf  	-Inf  	0,00385  	0,00516  	0,00394  	0,00669  	1327,62170  	0,00396  	0,00419  
30,06495  	251,70417  	1327,75450  	1327,82053  	26,15595  	0,04870  	0,00969  	85706,53851  	0,24896  	0,14070  	1,15921  	1,15640  	280448189,54500  	0,01500  	73,47831  	25295332,54600  	849,19209  	0,00382  	-Inf  	-Inf  	0,00386  	0,00516  	0,00394  	0,00669  	1327,62170  	0,00400  	0,00419  
31,06491  	832,28636  	250,52424  	1327,82053  	26,15583  	0,04445  	0,00970  	16170,04361  	0,24950  	0,14089  	1,15710  	1,15430  	36436015,12613  	258929,25768  	73,63819  	4772408,70413  	1,64252  	0,03252  	-Inf  	-Inf  	0,00386  	0,00516  	0,00394  	0,00669  	250,48240  	0,00398  	0,00419  
32,06507  	1327,82048  	833,18500  	1327,82053  	26,15562  	0,04484  	0,00967  	-15815,93170  	0,24871  	0,14040  	1,15839  	1,15558  	439851019,41996  	2613384,29290  	73,40508  	-4667896,50935  	0,20222  	0,00843  	-Inf  	-Inf  	0,00386  	0,00515  	0,00394  	0,00669  	-244,98909  	0,00398  	0,00419  
33,06800  	1327,82048  	1327,75450  	1327,82053  	26,15536  	0,05064  	0,00973  	-15815,93170  	0,25002  	0,14125  	1,16007  	1,15727  	1624823603,71463  	393,97900  	73,78928  	-4667896,50935  	0,20343  	0,00397  	-Inf  	-Inf  	0,00386  	0,00516  	0,00394  	0,00670  	-244,98909  	0,00400  	0,00419  
34,07057  	1327,82048  	1327,75450  	1327,82053  	26,15537  	0,04346  	0,00973  	54017,56110  	0,24958  	0,14126  	1,16152  	1,15871  	1624952246,11339  	338,16075  	73,66068  	15942682,96484  	0,20345  	0,00341  	-Inf  	-Inf  	0,00386  	0,00516  	0,00394  	0,00670  	836,75079  	0,00398  	0,00419  
35,07150  	1327,82048  	1327,75450  	241,64678  	26,15520  	0,04930  	0,00974  	85706,53851  	0,24984  	0,14139  	1,16293  	1,16013  	56906753,66636  	6308838,17293  	73,73719  	25295332,54600  	0,20364  	0,03699  	NaN  	NaN  	0,00385  	0,00516  	0,00395  	0,00670  	1327,62170  	0,00400  	0,00419  
36,07303  	234,76036  	1327,75450  	848,07107  	26,15499  	0,04741  	0,00967  	15151,16666  	0,24931  	0,14038  	1,15985  	1,15704  	73604666,99768  	101,01701  	73,58248  	4471698,49392  	1203,86994  	0,00866  	-Inf  	-Inf  	0,00386  	0,00516  	0,00395  	0,00670  	234,69972  	0,00399  	0,00419  
37,07510  	848,94829  	233,86301  	1327,82053  	26,15571  	0,04515  	0,00969  	54796,06574  	0,24946  	0,14061  	1,16252  	1,15971  	34644450,10364  	305382,48543  	73,62467  	16172449,95652  	1,49631  	0,03461  	-Inf  	-Inf  	0,00386  	0,00516  	0,00394  	0,00670  	848,81004  	0,00398  	0,00419  
38,07743  	229,43010  	853,35521  	229,43011  	26,15627  	0,04318  	0,00968  	14807,10666  	0,24937  	0,14051  	1,16444  	1,16163  	759404,18611  	118,42228  	73,59800  	4370153,00595  	1337,97936  	0,17053  	-Inf  	-Inf  	0,00386  	0,00516  	0,00394  	0,00671  	229,37014  	0,00398  	0,00419  
39,07906  	857,10732  	1327,75450  	857,10736  	26,15780  	0,05270  	0,00972  	55322,71861  	0,24828  	0,14110  	1,15932  	1,15651  	302544584,20195  	163591,29470  	73,27627  	16327885,70182  	1,43701  	0,00945  	-Inf  	-Inf  	0,00386  	0,00515  	0,00394  	0,00669  	856,96803  	0,00401  	0,00419  
40,08427  	1327,82048  	1327,75450  	1327,82053  	26,15974  	0,04714  	0,00973  	85706,53851  	0,24980  	0,14131  	1,16210  	1,15930  	1625514967,67384  	366,78070  	73,72684  	25295332,54600  	0,20352  	0,00369  	-Inf  	-Inf  	0,00386  	0,00516  	0,00394  	0,00670  	1327,62170  	0,00399  	0,00419  
41,08638  	1327,82048  	216,51217  	216,53155  	26,16197  	0,05217  	0,00972  	85706,53851  	0,24836  	0,14112  	1,15723  	1,15443  	6293,96145  	119,11488  	73,29941  	25295332,54600  	0,20325  	20,99666  	NaN  	NaN  	0,00386  	0,00515  	0,00394  	0,00669  	1327,62170  	0,00401  	0,00419  
42,08748  	210,38031  	872,40420  	-244,98909  	26,16491  	0,05417  	0,00968  	85706,53851  	0,24684  	0,14058  	1,15884  	1,15603  	14712,58635  	259,60732  	72,85199  	25295332,54600  	1856,56170  	2,94774  	NaN  	NaN  	0,00385  	0,00515  	0,00394  	0,00669  	1327,62170  	0,00401  	0,00419  
43,08832  	-244,98909  	1327,75450  	-244,98909  	26,16616  	0,05214  	0,00975  	85706,53851  	0,24811  	0,14147  	1,15937  	1,15657  	1019849,32812  	3734,06407  	73,22784  	25295332,54600  	23,96927  	0,20592  	-Inf  	-Inf  	0,00386  	0,00515  	0,00395  	0,00669  	1327,62170  	0,00401  	0,00419  
44,08835  	882,66200  	200,15071  	882,66204  	26,16833  	0,05109  	0,00969  	12918,37224  	0,24888  	0,14070  	1,16195  	1,15914  	3204659,88795  	280289,47559  	73,45556  	3812714,02967  	1,25242  	0,20173  	-Inf  	-Inf  	0,00386  	0,00515  	0,00394  	0,00670  	200,11313  	0,00400  	0,00419  
45,09076  	1327,82048  	-244,98909  	1327,82053  	26,17038  	0,04397  	0,00969  	57181,91410  	0,24780  	0,14070  	1,16227  	1,15947  	4871025,14658  	8149263,75760  	73,13592  	16876606,59169  	0,20264  	0,17362  	NaN  	NaN  	0,00386  	0,00515  	0,00394  	0,00670  	885,76748  	0,00398  	0,00419  
46,09111  	1327,82048  	-244,98909  	1327,82053  	26,17257  	0,04920  	0,00972  	12659,88311  	0,24822  	0,14113  	1,15632  	1,15352  	4885806,79226  	9117642,59999  	73,26030  	3736423,83545  	0,20325  	0,19425  	NaN  	NaN  	0,00386  	0,00515  	0,00395  	0,00669  	196,10906  	0,00400  	0,00419  
47,09270  	193,57677  	889,20703  	1327,82053  	26,17346  	0,05284  	0,00973  	-15815,93170  	0,24947  	0,14119  	1,15805  	1,15525  	66911841,97154  	98,34527  	73,62746  	-4667896,50935  	2263,81763  	0,00891  	-Inf  	-Inf  	0,00386  	0,00516  	0,00394  	0,00669  	-244,98909  	0,00401  	0,00419  
48,09668  	893,73634  	1327,75450  	1327,82053  	26,17549  	0,05415  	0,00970  	-15815,93170  	0,24818  	0,14076  	1,15698  	1,15418  	1079188208,29550  	31,25563  	73,24648  	-4667896,50935  	1,18354  	0,00424  	-Inf  	-Inf  	0,00386  	0,00515  	0,00394  	0,00669  	-244,98909  	0,00401  	0,00419  
49,09717  	1327,82048  	184,62617  	1327,82053  	26,17840  	0,04772  	0,00974  	57974,36214  	0,24889  	0,14146  	1,15952  	1,15671  	44769476,00602  	6428593,38877  	73,45610  	17110488,82641  	0,20372  	0,04211  	-Inf  	-Inf  	0,00386  	0,00515  	0,00395  	0,00670  	898,04271  	0,00399  	0,00419  
50,09852  	1327,82048  	902,24765  	1327,82053  	26,18026  	0,04444  	0,00973  	85706,53851  	0,24944  	0,14131  	1,16195  	1,15914  	540420291,97106  	2228716,68198  	73,61820  	25295332,54600  	0,20351  	0,00731  	-Inf  	-Inf  	0,00386  	0,00516  	0,00394  	0,00670  	1327,62170  	0,00398  	0,00419  
51,09792  	176,18693  	176,16926  	1327,82053  	26,18110  	0,05297  	0,00974  	85706,53851  	0,24846  	0,14143  	1,16042  	1,15762  	4973328,46122  	257,41717  	73,32940  	25295332,54600  	2467,20006  	0,04791  	-Inf  	-Inf  	0,00386  	0,00515  	0,00394  	0,00670  	1327,62170  	0,00401  	0,00419  
52,09946  	-244,98909  	909,27778  	173,50520  	26,18231  	0,03717  	0,00975  	85706,53851  	0,25053  	0,14155  	1,16152  	1,15872  	1020596,86978  	1245,03108  	73,94012  	25295332,54600  	23,98681  	0,14679  	-Inf  	-Inf  	0,00386  	0,00516  	0,00395  	0,00670  	1327,62170  	0,00396  	0,00419  
53,10121  	912,38507  	1327,75450  	912,38510  	26,18431  	0,04826  	0,00978  	85706,53851  	0,24905  	0,14201  	1,16348  	1,16067  	380455017,29109  	201219,46934  	73,50554  	25295332,54600  	1,08675  	0,00778  	-Inf  	-Inf  	0,00386  	0,00516  	0,00394  	0,00670  	1327,62170  	0,00399  	0,00419  
54,10483  	1327,82048  	1327,75450  	1327,82053  	26,18664  	0,04781  	0,00972  	10811,91556  	0,24886  	0,14112  	1,15801  	1,15521  	1623347848,84957  	372,05547  	73,44788  	3191016,74468  	0,20323  	0,00375  	-Inf  	-Inf  	0,00386  	0,00515  	0,00395  	0,00669  	167,48354  	0,00399  	0,00419  
55,10774  	1327,82048  	163,56053  	1327,82053  	26,18796  	0,05087  	0,00973  	59334,17434  	0,24960  	0,14129  	1,15931  	1,15651  	40808036,41688  	6979282,75558  	73,66618  	17511822,28701  	0,20347  	0,04775  	-Inf  	-Inf  	0,00386  	0,00516  	0,00395  	0,00669  	919,10658  	0,00400  	0,00419  
56,10911  	1327,82048  	-244,98909  	157,46698  	26,18891  	0,05068  	0,00973  	85706,53851  	0,24993  	0,14126  	1,15914  	1,15634  	1076,40452  	2403377,15013  	73,76368  	25295332,54600  	0,20343  	42,46153  	Inf  	-Inf  	0,00386  	0,00516  	0,00394  	0,00669  	1327,62170  	0,00400  	0,00419  
57,11065  	152,05823  	930,72384  	930,77320  	26,18880  	0,05672  	0,00969  	85706,53851  	0,24973  	0,14074  	1,15840  	1,15559  	16466610,76235  	0,01177  	73,70629  	25295332,54600  	2346,60614  	0,02024  	-Inf  	-Inf  	0,00386  	0,00516  	0,00395  	0,00669  	1327,62170  	0,00402  	0,00419  
58,11183  	935,40292  	1327,75450  	147,42848  	26,18915  	0,04803  	0,00968  	85706,53851  	0,25029  	0,14047  	1,15579  	1,15299  	26392556,27898  	672183,87088  	73,87113  	25295332,54600  	0,95996  	0,04730  	NaN  	NaN  	0,00385  	0,00516  	0,00394  	0,00669  	1327,62170  	0,00399  	0,00419  
59,11317  	1327,82048  	143,79313  	939,02199  	26,19085  	0,04952  	0,00970  	85706,53851  	0,24908  	0,14088  	1,16085  	1,15805  	4876395,47802  	4640023,03597  	73,51465  	25295332,54600  	0,20287  	0,19552  	NaN  	NaN  	0,00386  	0,00516  	0,00395  	0,00670  	1327,62170  	0,00400  	0,00419  
60,11383  	1327,82048  	-244,98909  	1327,82053  	26,19184  	0,03914  	0,00974  	9154,25862  	0,24890  	0,14135  	1,15720  	1,15439  	4893423,21330  	7254134,90861  	73,46101  	2701777,71629  	0,20356  	0,15454  	NaN  	NaN  	0,00386  	0,00516  	0,00395  	0,00669  	141,80598  	0,00397  	0,00419  
61,11505  	1327,82048  	944,93213  	137,84935  	26,19223  	0,04104  	0,00971  	-15815,93170  	0,24964  	0,14100  	1,16106  	1,15825  	4879810,29946  	3902986,39527  	73,67978  	-4667896,50935  	0,20306  	0,16207  	NaN  	NaN  	0,00386  	0,00516  	0,00394  	0,00670  	-244,98909  	0,00397  	0,00419  
62,11798  	1327,82048  	1327,75450  	948,14429  	26,19278  	0,04238  	0,00972  	61199,01420  	0,25067  	0,14112  	1,16024  	1,15743  	613870377,44706  	1895936,66825  	73,98339  	18062209,05204  	0,20322  	0,00639  	NaN  	NaN  	0,00386  	0,00516  	0,00395  	0,00670  	947,99346  	0,00398  	0,00419  
63,11961  	132,44756  	1327,75450  	132,44757  	26,19497  	0,04986  	0,00970  	85706,53851  	0,24886  	0,14087  	1,15539  	1,15259  	2893446,17981  	249,96236  	73,44743  	25295332,54600  	2099,64804  	0,05138  	-Inf  	-Inf  	0,00386  	0,00515  	0,00394  	0,00669  	1327,62170  	0,00400  	0,00419  
64,11970  	955,27162  	1327,75450  	955,27166  	26,19610  	0,04408  	0,00978  	85706,53851  	0,24868  	0,14199  	1,15908  	1,15628  	449690928,30908  	223977,72842  	73,39656  	25295332,54600  	0,88218  	0,00656  	-Inf  	-Inf  	0,00386  	0,00515  	0,00394  	0,00669  	1327,62170  	0,00398  	0,00419  
65,12240  	123,88341  	1327,75450  	123,88343  	26,19649  	0,05291  	0,00970  	7994,22848  	0,24948  	0,14076  	1,15786  	1,15505  	2557865,67769  	266,94204  	73,63202  	2359407,71022  	1980,33751  	0,05596  	-Inf  	-Inf  	0,00386  	0,00516  	0,00394  	0,00669  	123,83679  	0,00401  	0,00419  
66,12183  	-244,98909  	1327,75450  	963,19753  	26,19705  	0,04621  	0,00970  	62170,67830  	0,24837  	0,14076  	1,15710  	1,15430  	133001525,50300  	766,75977  	73,30447  	18348984,91556  	23,85513  	0,00677  	-Inf  	-Inf  	0,00386  	0,00515  	0,00395  	0,00669  	963,04480  	0,00399  	0,00419  
67,12236  	966,60557  	116,21067  	1327,82053  	26,19816  	0,04612  	0,00972  	7499,94243  	0,24936  	0,14105  	1,15797  	1,15517  	23841757,07706  	824582,28052  	73,59500  	2213524,67486  	0,83082  	0,04992  	-Inf  	-Inf  	0,00386  	0,00516  	0,00394  	0,00669  	116,18017  	0,00399  	0,00419  
68,12365  	1327,82048  	968,68349  	114,09699  	26,19967  	0,04745  	0,00977  	62528,07770  	0,25051  	0,14180  	1,16240  	1,15959  	4907431,37785  	4778668,75743  	73,93599  	18454467,37583  	0,20420  	0,18739  	NaN  	NaN  	0,00386  	0,00516  	0,00394  	0,00670  	968,58101  	0,00399  	0,00419  
69,12496  	1327,82048  	1327,75450  	970,47819  	26,20040  	0,04917  	0,00968  	7249,97353  	0,25023  	0,14055  	1,15818  	1,15538  	650358911,77023  	2070035,93165  	73,85270  	2139749,13203  	0,20240  	0,00711  	NaN  	NaN  	0,00386  	0,00516  	0,00395  	0,00669  	112,30808  	0,00400  	0,00419  
70,12727  	1327,82048  	110,58226  	110,59719  	26,20087  	0,04512  	0,00968  	62753,98483  	0,25147  	0,14057  	1,16160  	1,15879  	776,88373  	79,38112  	74,21963  	18521141,35554  	0,20242  	714,60728  	NaN  	NaN  	0,00386  	0,00517  	0,00394  	0,00670  	972,08038  	0,00398  	0,00419  
71,12873  	106,36992  	-244,98909  	976,46151  	26,20061  	0,05061  	0,00968  	6863,75923  	0,24983  	0,14051  	1,16013  	1,15732  	19609,45249  	258,73415  	73,73338  	2025762,27325  	1745,35483  	1,27846  	NaN  	NaN  	0,00386  	0,00516  	0,00395  	0,00670  	106,32552  	0,00400  	0,00419  
72,12856  	982,66918  	982,61768  	1327,82053  	26,20210  	0,04978  	0,00963  	63427,54594  	0,24942  	0,13983  	1,15943  	1,15663  	491644457,14773  	282915,74638  	73,61428  	18719935,43501  	0,76459  	0,00704  	-Inf  	-Inf  	0,00386  	0,00516  	0,00394  	0,00669  	982,51402  	0,00400  	0,00418  
73,13024  	97,00811  	96,99376  	97,00812  	26,20243  	0,05497  	0,00973  	85706,53851  	0,25034  	0,14120  	1,16306  	1,16026  	42,11771  	0,00330  	73,88517  	25295332,54600  	1637,37959  	960,65299  	-Inf  	-Inf  	0,00386  	0,00516  	0,00395  	0,00670  	1327,62170  	0,00402  	0,00419  
74,13021  	-244,98909  	-244,98909  	987,03987  	26,20178  	0,04970  	0,00976  	6180,94172  	0,24964  	0,14165  	1,15827  	1,15547  	74131,19205  	2786,43221  	73,67833  	1824236,27019  	24,00747  	1,16997  	NaN  	NaN  	0,00386  	0,00516  	0,00394  	0,00669  	95,74849  	0,00400  	0,00419  
75,13088  	-244,98909  	-244,98909  	1327,82053  	26,20260  	0,04033  	0,00973  	-15815,93170  	0,25045  	0,14125  	1,16180  	1,15899  	1018757,70535  	2886,65678  	73,91900  	-4667896,50935  	23,93961  	0,15924  	NaN  	NaN  	0,00386  	0,00516  	0,00395  	0,00670  	-244,98909  	0,00397  	0,00419  
76,13135  	992,33803  	992,28612  	90,49337  	26,20398  	0,04796  	0,00973  	-15815,93170  	0,25029  	0,14129  	1,16115  	1,15835  	3629362,39380  	759845,03715  	73,87031  	-4667896,50935  	0,73925  	0,18942  	NaN  	NaN  	0,00386  	0,00516  	0,00394  	0,00670  	-244,98909  	0,00399  	0,00419  
77,13473  	1327,82048  	87,75510  	995,06237  	26,20466  	0,04633  	0,00973  	64227,50508  	0,25087  	0,14124  	1,16224  	1,15944  	4888955,77377  	4953958,73196  	74,04275  	18956034,48525  	0,20339  	0,18294  	NaN  	NaN  	0,00386  	0,00516  	0,00394  	0,00670  	994,90561  	0,00399  	0,00419  
78,13396  	1327,82048  	-244,98909  	87,03803  	26,20513  	0,04618  	0,00973  	85706,53851  	0,24898  	0,14127  	1,15958  	1,15677  	2913,12856  	1806928,71005  	73,48511  	25295332,54600  	0,20344  	15,44718  	Inf  	-Inf  	0,00386  	0,00516  	0,00395  	0,00670  	1327,62170  	0,00399  	0,00419  
79,13413  	1327,82048  	999,26213  	-244,98909  	26,20573  	0,04976  	0,00973  	85706,53851  	0,24969  	0,14124  	1,15933  	1,15652  	398778,50644  	7296719,97183  	73,69421  	25295332,54600  	0,20339  	1,08159  	NaN  	NaN  	0,00386  	0,00516  	0,00394  	0,00669  	1327,62170  	0,00400  	0,00419  
80,13631  	80,20289  	1327,75450  	-244,98909  	26,20574  	0,04941  	0,00975  	5174,71701  	0,25082  	0,14154  	1,15816  	1,15535  	203180,64037  	324,92891  	74,02763  	1527260,22795  	1443,90568  	0,19513  	NaN  	NaN  	0,00386  	0,00516  	0,00394  	0,00669  	80,16179  	0,00400  	0,00419  
81,14882  	-244,98909  	78,74629  	1004,07156  	26,20571  	0,04681  	0,00977  	64809,03464  	0,24936  	0,14183  	1,16229  	1,15948  	1022890,53113  	1971,12555  	73,59717  	19127666,47319  	24,03927  	0,18484  	-Inf  	-Inf  	0,00386  	0,00516  	0,00394  	0,00670  	1003,91366  	0,00399  	0,00419  
82,14986  	1006,49379  	1006,44129  	1327,82053  	26,20520  	0,04535  	0,00971  	85706,53851  	0,24935  	0,14093  	1,15833  	1,15553  	541872987,84298  	281221,94544  	73,59239  	25295332,54600  	0,69183  	0,00614  	-Inf  	-Inf  	0,00386  	0,00516  	0,00394  	0,00669  	1327,62170  	0,00399  	0,00419  
83,15353  	1327,82048  	66,26038  	66,27345  	26,20609  	0,04078  	0,00975  	85706,53851  	0,24892  	0,14150  	1,16069  	1,15788  	770,79794  	62,80490  	73,46538  	25295332,54600  	0,20376  	506,43619  	NaN  	NaN  	0,00386  	0,00516  	0,00395  	0,00670  	1327,62170  	0,00397  	0,00419  
84,15386  	51,05072  	-244,98909  	1031,78072  	26,20698  	0,04821  	0,00974  	85706,53851  	0,25039  	0,14145  	1,16214  	1,15934  	10293,61696  	257,41433  	73,89863  	25295332,54600  	1123,23380  	0,85355  	NaN  	NaN  	0,00386  	0,00516  	0,00394  	0,00670  	1327,62170  	0,00399  	0,00419  
85,15720  	1036,23395  	1036,18020  	1327,82053  	26,20828  	0,04718  	0,00977  	85706,53851  	0,25018  	0,14183  	1,15846  	1,15565  	608676588,77134  	321840,52338  	73,83811  	25295332,54600  	0,61099  	0,00605  	-Inf  	-Inf  	0,00386  	0,00516  	0,00394  	0,00669  	1327,62170  	0,00399  	0,00419  
86,16055  	1327,82048  	1327,75450  	1327,82053  	26,20880  	0,04984  	0,00976  	85706,53851  	0,25116  	0,14174  	1,16399  	1,16118  	1630380594,94220  	387,89152  	74,12642  	25295332,54600  	0,20410  	0,00391  	-Inf  	-Inf  	0,00386  	0,00517  	0,00395  	0,00671  	1327,62170  	0,00400  	0,00419  
87,19076  	1327,82048  	35,82432  	1327,82053  	26,20912  	0,04882  	0,00972  	85706,53851  	0,24934  	0,14106  	1,15987  	1,15706  	22669078,46626  	7433482,48058  	73,58913  	25295332,54600  	0,20313  	0,06812  	-Inf  	-Inf  	0,00386  	0,00516  	0,00394  	0,00670  	1327,62170  	0,00400  	0,00419  
88,19208  	1327,82048  	-244,98909  	1327,82053  	26,20943  	0,04724  	0,00976  	85706,53851  	0,25046  	0,14169  	1,16227  	1,15946  	4905113,69453  	8755627,59782  	73,92026  	25295332,54600  	0,20404  	0,18651  	NaN  	NaN  	0,00386  	0,00516  	0,00394  	0,00670  	1327,62170  	0,00399  	0,00419  
89,19404  	1327,82048  	1063,29199  	19,48452  	26,20844  	0,05672  	0,00977  	1255,43790  	0,24843  	0,14187  	1,15734  	1,15454  	4909391,34136  	6977052,58297  	73,32031  	370528,54709  	0,20429  	0,22400  	NaN  	NaN  	0,00386  	0,00515  	0,00394  	0,00669  	19,45109  	0,00402  	0,00419  
90,19486  	1327,82048  	-23,48915  	1106,31129  	26,20850  	0,04939  	0,00975  	-15815,93170  	0,24964  	0,14153  	1,15912  	1,15631  	4899123,62559  	6575462,68320  	73,67869  	-4667896,50935  	0,20380  	0,19500  	Inf  	-Inf  	0,00386  	0,00516  	0,00395  	0,00669  	-244,98909  	0,00400  	0,00419  
91,19769  	1327,82048  	1112,74572  	1327,82053  	26,20963  	0,04758  	0,00978  	-15815,93170  	0,24866  	0,14195  	1,15856  	1,15575  	959916153,25052  	1205992,98992  	73,38935  	-4667896,50935  	0,20440  	0,00533  	-Inf  	-Inf  	0,00386  	0,00515  	0,00394  	0,00669  	-244,98909  	0,00399  	0,00419  
92,19777  	-30,57214  	1327,75450  	1327,82053  	26,20953  	0,04608  	0,00974  	71866,24966  	0,24971  	0,14146  	1,16153  	1,15872  	70984887,90548  	0,01283  	73,69802  	21210525,07199  	405,07928  	0,00361  	-Inf  	-Inf  	0,00386  	0,00516  	0,00395  	0,00670  	1113,23185  	0,00399  	0,00419  
93,19728  	-244,98909  	1327,75450  	1327,82053  	26,21086  	0,04159  	0,00977  	-2240,37052  	0,25071  	0,14185  	1,16321  	1,16041  	339961242,65180  	0,12496  	73,99453  	-661220,46737  	24,04322  	0,00326  	-Inf  	-Inf  	0,00386  	0,00516  	0,00394  	0,00670  	-34,69994  	0,00397  	0,00419  
94,19931  	-244,98909  	-57,19034  	1327,82053  	26,21023  	0,04938  	0,00974  	73583,90588  	0,25113  	0,14139  	1,15942  	1,15662  	2970103,11111  	3112,15477  	74,11782  	21717472,22229  	23,96587  	0,09447  	NaN  	NaN  	0,00386  	0,00517  	0,00395  	0,00669  	1139,83881  	0,00400  	0,00419  
95,20028  	1287,69060  	1287,62630  	-204,85921  	26,21074  	0,05222  	0,00979  	85706,53851  	0,25000  	0,14215  	1,16158  	1,15877  	4767125,45302  	7532597,27315  	73,78332  	25295332,54600  	0,23408  	0,20623  	NaN  	NaN  	0,00386  	0,00516  	0,00394  	0,00670  	1327,62170  	0,00401  	0,00419  
96,20029  	1327,82048  	-43,29085  	1126,11382  	26,21116  	0,04523  	0,00976  	85706,53851  	0,25099  	0,14176  	1,16326  	1,16045  	4907019,12929  	6233479,73836  	74,07670  	25295332,54600  	0,20413  	0,17859  	Inf  	-Inf  	0,00386  	0,00516  	0,00395  	0,00670  	1327,62170  	0,00398  	0,00419  
97,20204  	-46,26545  	-244,98909  	-46,26544  	26,21191  	0,04580  	0,00980  	-2988,62239  	0,24859  	0,14230  	1,15741  	1,15461  	1480,21405  	38,89996  	73,36719  	-882058,69188  	322,43135  	3,86916  	NaN  	NaN  	0,00386  	0,00515  	0,00394  	0,00669  	-46,29057  	0,00399  	0,00419  
98,20310  	1130,98346  	1130,92573  	1130,98350  	26,21160  	0,04792  	0,00985  	73001,00745  	0,25087  	0,14298  	1,16265  	1,15985  	507685311,20357  	115,04657  	74,04067  	21545436,22680  	0,41705  	0,00741  	-Inf  	-Inf  	0,00386  	0,00516  	0,00394  	0,00670  	1130,80955  	0,00399  	0,00419  
99,20484  	-50,42765  	1327,75450  	1327,82053  	26,21209  	0,05165  	0,00980  	-3257,28615  	0,25104  	0,14222  	1,16115  	1,15835  	96323630,87113  	0,01466  	74,09279  	-961351,81375  	302,68364  	0,00405  	-Inf  	-Inf  	0,00386  	0,00516  	0,00395  	0,00670  	-50,45224  	0,00401  	0,00419  
100,20648  	1138,12859  	1327,75450  	1327,82053  	26,21356  	0,04665  	0,00972  	73462,21502  	0,24998  	0,14107  	1,16169  	1,15888  	1386175274,31188  	133,40979  	73,77735  	21681556,51776  	0,40014  	0,00366  	-Inf  	-Inf  	0,00386  	0,00516  	0,00395  	0,00670  	1137,95379  	0,00399  	0,00419  
101,20774  	1327,82048  	-58,73900  	-58,73118  	26,21361  	0,04546  	0,00972  	85706,53851  	0,24999  	0,14106  	1,15643  	1,15363  	1530,59455  	41,90081  	73,78052  	25295332,54600  	0,20313  	25,32073  	Inf  	-Inf  	0,00386  	0,00516  	0,00394  	0,00669  	1327,62170  	0,00399  	0,00419  
102,20685  	1327,82048  	-244,98909  	1143,02403  	26,21470  	0,04537  	0,00979  	85706,53851  	0,25079  	0,14206  	1,16218  	1,15937  	1368309,07050  	7422398,24706  	74,01762  	25295332,54600  	0,20456  	0,42729  	Inf  	-Inf  	0,00386  	0,00516  	0,00395  	0,00670  	1327,62170  	0,00399  	0,00419  
103,20684  	-64,91562  	1147,68858  	1327,82053  	26,21415  	0,05626  	0,00973  	-4192,46233  	0,25084  	0,14129  	1,15847  	1,15566  	73165375,67749  	44,85800  	74,03251  	-1237358,67515  	241,77410  	0,00593  	-Inf  	-Inf  	0,00386  	0,00516  	0,00394  	0,00669  	-64,93837  	0,00402  	0,00419  
104,20884  	1147,89107  	-65,06722  	-65,05967  	26,21350  	0,04619  	0,00968  	74092,36792  	0,25031  	0,14054  	1,16464  	1,16183  	1582,60909  	15,97921  	73,87766  	21867539,14207  	0,38385  	21,81965  	Inf  	-Inf  	0,00386  	0,00516  	0,00394  	0,00671  	1147,71503  	0,00399  	0,00419  
105,20984  	-66,74571  	-244,98909  	1149,57714  	26,21567  	0,04448  	0,00976  	85706,53851  	0,25006  	0,14176  	1,15985  	1,15704  	102555,63027  	275,94608  	73,80232  	25295332,54600  	236,00247  	0,40476  	NaN  	NaN  	0,00386  	0,00516  	0,00394  	0,00670  	1327,62170  	0,00398  	0,00419  
106,21343  	1154,21703  	1154,15832  	-71,38563  	26,21511  	0,04678  	0,00979  	-4610,09216  	0,25120  	0,14205  	1,16275  	1,15995  	4260019,70841  	2721650,77779  	74,13972  	-1360617,47744  	0,37865  	0,18476  	NaN  	NaN  	0,00386  	0,00517  	0,00394  	0,00670  	-71,40757  	0,00399  	0,00419  
107,21419  	1327,82048  	1327,75450  	1156,37237  	26,21501  	0,05228  	0,00977  	74639,82045  	0,25042  	0,14188  	1,16047  	1,15767  	1072616520,26053  	1055932,38871  	73,90878  	22029113,67528  	0,20430  	0,00543  	NaN  	NaN  	0,00386  	0,00516  	0,00394  	0,00670  	1156,19522  	0,00401  	0,00419  
108,21685  	1327,82048  	-79,88403  	1327,82053  	26,21557  	0,04703  	0,00975  	85706,53851  	0,25044  	0,14152  	1,15862  	1,15582  	12661522,11888  	7803056,71292  	73,91573  	25295332,54600  	0,20379  	0,09756  	NaN  	NaN  	0,00386  	0,00516  	0,00394  	0,00669  	1327,62170  	0,00399  	0,00419  
109,21695  	1327,82048  	1164,61333  	1327,82053  	26,21663  	0,05331  	0,00976  	85706,53851  	0,25042  	0,14163  	1,16088  	1,15808  	1093457416,89243  	1025439,63709  	73,90862  	25295332,54600  	0,20394  	0,00546  	-Inf  	-Inf  	0,00386  	0,00516  	0,00394  	0,00670  	1327,62170  	0,00401  	0,00419  
110,21690  	1327,82048  	-87,05537  	1327,82053  	26,21632  	0,04993  	0,00977  	85706,53851  	0,25007  	0,14186  	1,16097  	1,15817  	12215579,55864  	8325985,85033  	73,80643  	25295332,54600  	0,20428  	0,10629  	NaN  	NaN  	0,00386  	0,00516  	0,00394  	0,00670  	1327,62170  	0,00400  	0,00419  
111,22236  	1327,82048  	1173,62563  	1327,82053  	26,21627  	0,04945  	0,00976  	85706,53851  	0,24998  	0,14175  	1,15796  	1,15516  	1119572397,09677  	898611,48813  	73,78004  	25295332,54600  	0,20411  	0,00499  	-Inf  	-Inf  	0,00386  	0,00516  	0,00395  	0,00669  	1327,62170  	0,00400  	0,00419  
112,22185  	-92,81201  	1327,75450  	-92,81201  	26,21698  	0,05030  	0,00977  	-5993,13247  	0,25020  	0,14180  	1,15975  	1,15694  	1082237,33712  	355,78396  	73,84409  	-1768806,45940  	160,38458  	0,10936  	-Inf  	-Inf  	0,00386  	0,00516  	0,00394  	0,00670  	-92,83125  	0,00400  	0,00419  
113,22419  	1183,43656  	-100,61123  	-244,98909  	26,21763  	0,04711  	0,00975  	76386,77574  	0,25000  	0,14149  	1,16197  	1,15916  	49940,03399  	380065,76398  	73,78343  	22544708,11872  	0,33770  	2,51968  	Inf  	-Inf  	0,00386  	0,00516  	0,00394  	0,00670  	1183,25603  	0,00399  	0,00419  
114,22544  	-101,94924  	1184,72065  	-244,98909  	26,21711  	0,04716  	0,00977  	-6582,92672  	0,25094  	0,14184  	1,16342  	1,16061  	184063,98407  	357,17802  	74,06113  	-1942877,67661  	140,54434  	0,35880  	NaN  	NaN  	0,00386  	0,00516  	0,00394  	0,00670  	-101,96732  	0,00399  	0,00419  
115,22569  	1187,06565  	-104,24016  	-244,98909  	26,21763  	0,04927  	0,00973  	-15815,93170  	0,24981  	0,14126  	1,15855  	1,15575  	52436,47294  	395317,95658  	73,72899  	-4667896,50935  	0,33261  	2,56035  	Inf  	-Inf  	0,00386  	0,00516  	0,00394  	0,00669  	-244,98909  	0,00400  	0,00419  
116,22862  	-107,43106  	-244,98909  	-244,98909  	26,21826  	0,04770  	0,00970  	-15815,93170  	0,25012  	0,14085  	1,16119  	1,15839  	29830,98406  	0,00000  	73,82068  	-4667896,50935  	129,03503  	0,92300  	Inf  	-Inf  	0,00386  	0,00516  	0,00394  	0,00670  	-244,98909  	0,00399  	0,00419  
117,22890  	-244,98909  	1193,97080  	-244,98909  	26,21875  	0,04526  	0,00978  	77070,64148  	0,25120  	0,14205  	1,16387  	1,16107  	417231,24157  	2962,87936  	74,13770  	22746543,49297  	24,07937  	0,32894  	-Inf  	-Inf  	0,00386  	0,00517  	0,00394  	0,00671  	1193,84930  	0,00398  	0,00419  
118,23016  	-244,98909  	-114,92200  	1197,74798  	26,22009  	0,04409  	0,00977  	85706,53851  	0,24916  	0,14190  	1,16068  	1,15788  	1023486,21019  	2632,91496  	73,53810  	25295332,54600  	24,05437  	0,17408  	NaN  	NaN  	0,00386  	0,00516  	0,00394  	0,00670  	1327,62170  	0,00398  	0,00419  
119,23176  	1201,06703  	-244,98909  	1327,82053  	26,21963  	0,04738  	0,00977  	85706,53851  	0,24988  	0,14184  	1,16241  	1,15960  	4432027,26711  	4584514,35819  	73,74787  	25295332,54600  	0,31716  	0,18706  	NaN  	NaN  	0,00386  	0,00516  	0,00394  	0,00670  	1327,62170  	0,00399  	0,00419  
120,23187  	-123,22928  	1205,99979  	1327,82053  	26,21885  	0,05104  	0,00974  	-7956,52063  	0,24986  	0,14141  	1,15975  	1,15694  	139052928,63241  	40,10453  	73,74310  	-2348278,65689  	103,80976  	0,00488  	-Inf  	-Inf  	0,00386  	0,00516  	0,00394  	0,00670  	-123,24467  	0,00400  	0,00419  
121,23253  	-244,98909  	-124,25068  	1327,82053  	26,21966  	0,04816  	0,00980  	-15815,93170  	0,25115  	0,14231  	1,15948  	1,15668  	2085291,76993  	3181,43850  	74,12297  	-4667896,50935  	24,12363  	0,11759  	NaN  	NaN  	0,00386  	0,00517  	0,00394  	0,00669  	-244,98909  	0,00399  	0,00419  
122,23440  	1209,05859  	1208,99759  	1327,82053  	26,21945  	0,05042  	0,00978  	78040,63884  	0,25018  	0,14193  	1,15982  	1,15702  	1112861304,21029  	384865,03823  	73,83796  	23032827,43555  	0,30822  	0,00479  	-Inf  	-Inf  	0,00386  	0,00516  	0,00394  	0,00670  	1208,87482  	0,00400  	0,00419  
123,23606  	-129,34595  	-129,35080  	-129,34594  	26,22001  	0,04626  	0,00973  	85706,53851  	0,24975  	0,14132  	1,16058  	1,15778  	1922,49318  	0,00155  	73,71209  	25295332,54600  	95,39677  	5,27214  	NaN  	NaN  	0,00386  	0,00516  	0,00395  	0,00670  	1327,62170  	0,00399  	0,00419  
124,23682  	1215,09566  	-244,98909  	-244,98909  	26,22108  	0,04400  	0,00970  	85706,53851  	0,25115  	0,14078  	1,15990  	1,15709  	265236,69797  	0,00000  	74,12342  	25295332,54600  	0,29909  	0,85148  	Inf  	-Inf  	0,00386  	0,00517  	0,00394  	0,00670  	1327,62170  	0,00398  	0,00419  
125,24026  	1327,82048  	1219,02937  	1219,09084  	26,22101  	0,04762  	0,00974  	-8797,59510  	0,24971  	0,14137  	1,16118  	1,15837  	949967594,91257  	345,00384  	73,69823  	-2596512,44278  	0,20356  	0,00536  	NaN  	NaN  	0,00386  	0,00516  	0,00394  	0,00670  	-136,27314  	0,00399  	0,00419  
126,24218  	1327,82048  	-139,19775  	1327,82053  	26,22041  	0,04402  	0,00975  	78877,58193  	0,24992  	0,14148  	1,15906  	1,15626  	9154183,71629  	7610741,06739  	73,76050  	23279841,88898  	0,20372  	0,11372  	NaN  	NaN  	0,00386  	0,00516  	0,00394  	0,00669  	1221,83930  	0,00398  	0,00419  
127,24244  	1327,82048  	1226,41873  	1327,82053  	26,21963  	0,04224  	0,00974  	85706,53851  	0,25060  	0,14138  	1,16015  	1,15734  	1273507670,36193  	504781,77220  	73,96145  	25295332,54600  	0,20358  	0,00390  	-Inf  	-Inf  	0,00386  	0,00516  	0,00394  	0,00670  	1327,62170  	0,00398  	0,00419  
128,24295  	1327,82048  	1327,75450  	1327,82053  	26,22076  	0,04028  	0,00976  	-9615,15807  	0,25010  	0,14165  	1,16469  	1,16188  	1629359370,41439  	313,46897  	73,81464  	-2837807,07004  	0,20397  	0,00316  	-Inf  	-Inf  	0,00386  	0,00516  	0,00394  	0,00671  	-148,93741  	0,00397  	0,00419  
129,24656  	1327,82048  	1327,75450  	1327,82053  	26,22099  	0,04355  	0,00980  	-15815,93170  	0,24995  	0,14225  	1,16063  	1,15783  	1636285069,57502  	338,91219  	73,77136  	-4667896,50935  	0,20483  	0,00341  	-Inf  	-Inf  	0,00386  	0,00516  	0,00395  	0,00670  	-244,98909  	0,00398  	0,00419  
130,24609  	1327,82048  	1327,75450  	1327,82053  	26,22115  	0,04597  	0,00975  	-15815,93170  	0,25059  	0,14156  	1,16164  	1,15883  	1628335071,57561  	357,76051  	73,95939  	-4667896,50935  	0,20384  	0,00360  	-Inf  	-Inf  	0,00386  	0,00516  	0,00394  	0,00670  	-244,98909  	0,00399  	0,00419  
131,24717  	1327,82048  	-158,05036  	1327,82053  	26,22205  	0,04715  	0,00977  	-15815,93170  	0,25087  	0,14184  	1,16556  	1,16275  	8248268,13229  	8256581,02868  	74,04027  	-4667896,50935  	0,20425  	0,13095  	NaN  	NaN  	0,00386  	0,00516  	0,00395  	0,00671  	-244,98909  	0,00399  	0,00419  
132,24837  	1327,82048  	-244,98909  	1327,82053  	26,22255  	0,04869  	0,00971  	80387,82481  	0,25098  	0,14103  	1,15942  	1,15662  	4882069,00540  	9024841,47545  	74,07281  	23725573,29535  	0,20307  	0,19223  	NaN  	NaN  	0,00386  	0,00516  	0,00395  	0,00669  	1245,23337  	0,00400  	0,00419  
133,24860  	1327,82048  	1247,04461  	1327,82053  	26,22287  	0,03982  	0,00972  	-10606,01260  	0,25044  	0,14104  	1,16359  	1,16078  	1336392083,01434  	379103,33140  	73,91486  	-3130246,77547  	0,20309  	0,00356  	-Inf  	-Inf  	0,00386  	0,00516  	0,00394  	0,00670  	-164,28602  	0,00397  	0,00419  
134,24914  	-167,90600  	1327,75450  	1327,82053  	26,22364  	0,04533  	0,00978  	-15815,93170  	0,25129  	0,14198  	1,15913  	1,15632  	243588810,28267  	0,03610  	74,16636  	-4667896,50935  	57,95465  	0,00355  	-Inf  	-Inf  	0,00386  	0,00517  	0,00394  	0,00669  	-244,98909  	0,00399  	0,00419  
135,24924  	-244,98909  	-168,91395  	-168,91075  	26,22293  	0,04837  	0,00983  	-15815,93170  	0,25081  	0,14268  	1,16408  	1,16127  	10651,90784  	0,00703  	74,02461  	-4667896,50935  	24,18849  	2,75371  	NaN  	NaN  	0,00386  	0,00516  	0,00395  	0,00671  	-244,98909  	0,00400  	0,00419  
136,25223  	-244,98909  	-244,98909  	1253,95757  	26,22349  	0,04550  	0,00981  	80938,79660  	0,24991  	0,14237  	1,15862  	1,15581  	636085,72196  	3102,82533  	73,75943  	23888186,49724  	24,13553  	0,24871  	NaN  	NaN  	0,00386  	0,00516  	0,00394  	0,00669  	1253,76808  	0,00399  	0,00419  
137,25227  	1256,44348  	1256,38049  	1327,82053  	26,22382  	0,04915  	0,00973  	85706,53851  	0,25136  	0,14130  	1,15986  	1,15705  	1294515087,88842  	289474,75183  	74,18547  	25295332,54600  	0,25913  	0,00432  	-Inf  	-Inf  	0,00386  	0,00517  	0,00394  	0,00670  	1327,62170  	0,00400  	0,00419  
138,25255  	1327,82048  	-175,69556  	1327,82053  	26,22459  	0,04742  	0,00972  	85706,53851  	0,25068  	0,14105  	1,15881  	1,15601  	7409014,29630  	8402167,80487  	73,98685  	25295332,54600  	0,20310  	0,14109  	NaN  	NaN  	0,00386  	0,00516  	0,00394  	0,00669  	1327,62170  	0,00399  	0,00419  
139,25265  	1327,82048  	1264,50490  	-181,73684  	26,22402  	0,04654  	0,00976  	-11733,09527  	0,25006  	0,14173  	1,16063  	1,15783  	4904557,47963  	7933353,41745  	73,80206  	-3462892,69980  	0,20409  	0,18382  	NaN  	NaN  	0,00386  	0,00516  	0,00395  	0,00670  	-181,74484  	0,00399  	0,00419  
140,25255  	-182,39127  	-182,39389  	-244,98909  	26,22324  	0,04053  	0,00975  	81665,94419  	0,25005  	0,14152  	1,15958  	1,15677  	24169,83263  	38,98486  	73,79989  	24102796,02960  	48,36305  	1,18240  	Inf  	-Inf  	0,00386  	0,00516  	0,00394  	0,00670  	1265,03179  	0,00397  	0,00419  
141,25254  	1266,49317  	1266,42976  	1266,49322  	26,22411  	0,04330  	0,00976  	-11857,34708  	0,25045  	0,14174  	1,16365  	1,16084  	1154113518,81256  	238,56744  	73,91843  	-3499564,24264  	0,25101  	0,00414  	-Inf  	-Inf  	0,00386  	0,00516  	0,00394  	0,00670  	-183,66953  	0,00398  	0,00419  
142,25318  	1327,82048  	1327,75450  	1327,82053  	26,22521  	0,04884  	0,00978  	81846,36854  	0,25089  	0,14200  	1,16135  	1,15855  	1633373874,91378  	380,12833  	74,04684  	24156046,27013  	0,20447  	0,00383  	-Inf  	-Inf  	0,00386  	0,00516  	0,00394  	0,00670  	1267,82661  	0,00400  	0,00419  
143,25477  	1327,82048  	1327,75450  	-185,57254  	26,22465  	0,04595  	0,00979  	-11980,68348  	0,25026  	0,14212  	1,16018  	1,15738  	7043968,24549  	8195523,02146  	73,86287  	-3535965,60959  	0,20464  	0,14222  	NaN  	NaN  	0,00386  	0,00516  	0,00394  	0,00670  	-185,58005  	0,00399  	0,00419  
144,25474  	1327,82048  	1327,75450  	1270,66172  	26,22508  	0,04361  	0,00974  	82017,02382  	0,25078  	0,14142  	1,16296  	1,16015  	1418886270,61818  	293410,97900  	74,01628  	24206413,27921  	0,20363  	0,00375  	NaN  	NaN  	0,00386  	0,00516  	0,00394  	0,00670  	1270,47011  	0,00398  	0,00419  
145,25419  	1327,82048  	-191,51581  	1327,82053  	26,22495  	0,04977  	0,00974  	85706,53851  	0,25165  	0,14134  	1,16425  	1,16144  	6767371,85655  	8911927,40058  	74,27242  	25295332,54600  	0,20353  	0,15770  	NaN  	NaN  	0,00386  	0,00517  	0,00394  	0,00671  	1327,62170  	0,00400  	0,00419  
146,27552  	-192,77181  	-244,98909  	1327,82053  	26,22418  	0,04792  	0,00974  	-12445,38569  	0,25137  	0,14141  	1,16344  	1,16064  	823634,22206  	1384,98672  	74,19014  	-3673117,30471  	42,71024  	0,18919  	NaN  	NaN  	0,00386  	0,00517  	0,00395  	0,00670  	-192,77841  	0,00399  	0,00419  
147,27752  	-244,98909  	1277,86523  	-195,09773  	26,22644  	0,04846  	0,00974  	-15815,93170  	0,25082  	0,14146  	1,15975  	1,15695  	1019966,26007  	3247,21743  	74,02564  	-4667896,50935  	23,98141  	0,19140  	-Inf  	-Inf  	0,00386  	0,00516  	0,00394  	0,00670  	-244,98909  	0,00400  	0,00419  
148,27807  	1311,76819  	1327,75450  	1311,76824  	26,22605  	0,04652  	0,00978  	84670,38762  	0,25066  	0,14205  	1,16056  	1,15776  	1553517925,27494  	81037,48796  	73,97820  	24989524,12458  	0,21570  	0,00374  	-Inf  	-Inf  	0,00386  	0,00516  	0,00394  	0,00670  	1311,57144  	0,00399  	0,00419  
149,27920  	1327,82048  	-229,29305  	1327,82053  	26,22589  	0,05019  	0,00976  	85706,53851  	0,25069  	0,14162  	1,16179  	1,15899  	5402024,25081  	9209896,43429  	73,98860  	25295332,54600  	0,20392  	0,18552  	NaN  	NaN  	0,00386  	0,00516  	0,00394  	0,00670  	1327,62170  	0,00400  	0,00419  
150,28055  	-233,68972  	1316,45560  	-233,68972  	26,22698  	0,04845  	0,00978  	-15086,57450  	0,24946  	0,14196  	1,16208  	1,15927  	980913,26314  	2816,50318  	73,62622  	-4452634,83583  	27,10899  	0,19134  	-Inf  	-Inf  	0,00386  	0,00516  	0,00394  	0,00670  	-233,69115  	0,00400  	0,00419  
151,28065  	-244,98909  	1327,75450  	1321,21869  	26,22668  	0,04307  	0,00977  	85280,39982  	0,25043  	0,14181  	1,15894  	1,15613  	334633260,00452  	12,80483  	73,91127  	25169562,44603  	24,04174  	0,00341  	-Inf  	-Inf  	0,00386  	0,00516  	0,00394  	0,00669  	1321,02070  	0,00398  	0,00419  
152,28066  	1323,42189  	-240,59069  	1327,82053  	26,22746  	0,04796  	0,00978  	-15532,00949  	0,25126  	0,14199  	1,16249  	1,15969  	5034520,33290  	8677818,96813  	74,15764  	-4584100,02377  	0,20744  	0,18588  	NaN  	NaN  	0,00386  	0,00517  	0,00395  	0,00670  	-240,59106  	0,00399  	0,00419  
153,28066  	-243,73084  	-244,98909  	1327,82053  	26,22809  	0,04612  	0,00977  	85625,32053  	0,24942  	0,14181  	1,16102  	1,15821  	1018166,92577  	3229,65216  	73,61219  	25271361,96275  	24,35850  	0,18208  	NaN  	NaN  	0,00386  	0,00516  	0,00395  	0,00670  	1326,36361  	0,00399  	0,00419  
154,28066  	-244,35971  	-244,35974  	1327,82053  	26,22809  	0,04955  	0,00981  	85706,53851  	0,25058  	0,14247  	1,16248  	1,15967  	1029360,63827  	3505,81607  	73,95580  	25295332,54600  	24,31303  	0,19511  	NaN  	NaN  	0,00386  	0,00516  	0,00395  	0,00670  	1327,62170  	0,00400  	0,00419  
155,28066  	1327,82048  	1327,75450  	1325,30504  	26,22794  	0,04991  	0,00984  	85706,53851  	0,25098  	0,14280  	1,15952  	1,15672  	1632857062,24186  	14407,71634  	74,07396  	25295332,54600  	0,20562  	0,00393  	NaN  	NaN  	0,00386  	0,00516  	0,00394  	0,00670  	1327,62170  	0,00400  	0,00419  
156,28043  	1324,04574  	1323,97991  	-244,98909  	26,22825  	0,04884  	0,00971  	85462,88458  	0,25089  	0,14089  	1,16233  	1,15953  	4747879,40761  	8866175,41718  	74,04775  	25223420,79627  	0,20541  	0,19598  	NaN  	NaN  	0,00386  	0,00516  	0,00394  	0,00670  	1323,84743  	0,00400  	0,00419  
157,28065  	-244,98909  	-239,95631  	-239,95610  	26,22856  	0,04735  	0,00981  	-15491,05980  	0,25108  	0,14235  	1,16087  	1,15806  	55280,40254  	0,00046  	74,10258  	-4572014,17637  	24,13348  	0,97603  	NaN  	NaN  	0,00386  	0,00517  	0,00394  	0,00670  	-239,95673  	0,00399  	0,00419  
158,28066  	-239,32471  	1322,09035  	1322,15615  	26,22714  	0,04696  	0,00973  	85706,53851  	0,25108  	0,14120  	1,15960  	1,15680  	322578893,15260  	0,12764  	74,10388  	25295332,54600  	25,39939  	0,00375  	-Inf  	-Inf  	0,00386  	0,00517  	0,00394  	0,00670  	1327,62170  	0,00399  	0,00419  
159,28042  	1320,27401  	-244,98909  	-237,44262  	26,22652  	0,04872  	0,00977  	85219,42550  	0,24960  	0,14182  	1,15919  	1,15639  	269576,46650  	41765,68333  	73,66704  	25151566,55293  	0,20936  	0,98842  	Inf  	-Inf  	0,00386  	0,00516  	0,00395  	0,00669  	1320,07619  	0,00400  	0,00419  
160,28067  	-236,18136  	-236,18173  	1327,82053  	26,22794  	0,04221  	0,00980  	-15247,40587  	0,25118  	0,14220  	1,16538  	1,16257  	1048132,79370  	2584,08519  	74,13211  	-4500102,42664  	26,44436  	0,16059  	NaN  	NaN  	0,00386  	0,00517  	0,00394  	0,00671  	-236,18247  	0,00398  	0,00419  
161,28065  	1317,75450  	1327,75450  	1327,82053  	26,22873  	0,05326  	0,00981  	85706,53851  	0,25083  	0,14247  	1,16332  	1,16052  	1626111145,20416  	394,63604  	74,03016  	25295332,54600  	0,21208  	0,00417  	-Inf  	-Inf  	0,00386  	0,00516  	0,00394  	0,00670  	1327,62170  	0,00401  	0,00419  
162,28066  	-233,66486  	1327,75450  	1316,49630  	26,22966  	0,04868  	0,00972  	84975,57672  	0,25120  	0,14104  	1,16173  	1,15893  	315371536,35260  	20,54487  	74,13966  	25079597,29680  	26,94257  	0,00388  	-Inf  	-Inf  	0,00386  	0,00517  	0,00394  	0,00670  	1316,29890  	0,00400  	0,00419  
163,28065  	1327,82048  	1327,75450  	-244,98909  	26,22873  	0,05028  	0,00978  	-15023,89803  	0,24915  	0,14191  	1,15993  	1,15712  	4910359,82790  	9319181,29825  	73,53462  	-4434136,57073  	0,20433  	0,19856  	NaN  	NaN  	0,00386  	0,00516  	0,00394  	0,00670  	-232,72027  	0,00400  	0,00419  
164,28066  	1327,82048  	1313,91712  	-244,98909  	26,22951  	0,04004  	0,00980  	84813,31941  	0,24958  	0,14226  	1,15914  	1,15633  	4513159,31051  	7356026,77725  	73,66212  	25031708,85505  	0,20485  	0,16772  	NaN  	NaN  	0,00386  	0,00516  	0,00394  	0,00669  	1313,78549  	0,00397  	0,00419  
165,28066  	1327,82048  	-229,89075  	-229,89012  	26,22952  	0,05197  	0,00975  	-15815,93170  	0,25054  	0,14157  	1,15517  	1,15237  	214263,87827  	3,88308  	73,94299  	-4667896,50935  	0,20385  	1,21965  	Inf  	-Inf  	0,00386  	0,00516  	0,00394  	0,00668  	-244,98909  	0,00401  	0,00419  
166,28028  	1327,82048  	1327,75450  	1311,46331  	26,23045  	0,04579  	0,00975  	-14760,09801  	0,25100  	0,14161  	1,16196  	1,15915  	1566856286,31241  	87927,44816  	74,08042  	-4356278,92717  	0,20390  	0,00368  	NaN  	NaN  	0,00386  	0,00516  	0,00394  	0,00670  	-228,63394  	0,00399  	0,00419  
167,28065  	1327,82048  	1310,45086  	-227,68472  	26,22936  	0,04455  	0,00978  	85706,53851  	0,25052  	0,14192  	1,15845  	1,15565  	4911032,03809  	8075659,32584  	73,93820  	25295332,54600  	0,20436  	0,17593  	NaN  	NaN  	0,00386  	0,00516  	0,00394  	0,00669  	1327,62170  	0,00398  	0,00419  
168,28065  	1308,95054  	-244,98909  	1308,95059  	26,22999  	0,04552  	0,00980  	85706,53851  	0,25060  	0,14229  	1,15847  	1,15567  	4310782,45805  	7600654,43220  	73,96115  	25295332,54600  	0,21811  	0,19480  	NaN  	NaN  	0,00386  	0,00516  	0,00394  	0,00669  	1327,62170  	0,00399  	0,00419  
169,28066  	-225,16772  	-244,98909  	-225,16772  	26,23016  	0,04242  	0,00976  	85706,53851  	0,25194  	0,14165  	1,16251  	1,15970  	46137,33243  	27,20772  	74,35856  	25295332,54600  	29,65451  	0,93060  	NaN  	NaN  	0,00386  	0,00517  	0,00394  	0,00670  	1327,62170  	0,00398  	0,00419  
170,28064  	1306,12439  	-223,29391  	1306,12444  	26,23125  	0,04825  	0,00976  	84306,08860  	0,24974  	0,14173  	1,15799  	1,15519  	4824645,12040  	7819803,26869  	73,70801  	24882005,31593  	0,21931  	0,19051  	NaN  	NaN  	0,00386  	0,00516  	0,00395  	0,00669  	1305,92835  	0,00399  	0,00419  
171,28014  	-222,33610  	1305,10246  	-244,98909  	26,23123  	0,04341  	0,00973  	-15815,93170  	0,25121  	0,14124  	1,15854  	1,15573  	809085,22778  	2073,12378  	74,14110  	-4667896,50935  	30,49841  	0,18892  	NaN  	NaN  	0,00386  	0,00517  	0,00395  	0,00669  	-244,98909  	0,00398  	0,00419  
172,28066  	1303,91378  	-221,08339  	-221,08238  	26,23050  	0,04181  	0,00977  	-14272,79016  	0,25071  	0,14180  	1,15990  	1,15709  	174514,91742  	4,39814  	73,99509  	-4212455,42770  	0,22104  	1,10272  	Inf  	-Inf  	0,00386  	0,00516  	0,00394  	0,00670  	-221,08541  	0,00397  	0,00419  
173,28226  	-219,51467  	1327,75450  	1302,34611  	26,23342  	0,04510  	0,00980  	85706,53851  	0,25061  	0,14225  	1,16314  	1,16033  	290786516,84958  	33,60501  	73,96345  	25295332,54600  	31,68474  	0,00368  	-Inf  	-Inf  	0,00386  	0,00516  	0,00394  	0,00670  	1327,62170  	0,00398  	0,00419  
174,28238  	1327,82048  	1297,93201  	-215,16535  	26,23141  	0,04637  	0,00978  	85706,53851  	0,25156  	0,14193  	1,16283  	1,16003  	4911212,39276  	8269130,99985  	74,24583  	25295332,54600  	0,20436  	0,18313  	NaN  	NaN  	0,00386  	0,00517  	0,00394  	0,00670  	1327,62170  	0,00399  	0,00419  
175,28238  	1297,29577  	-244,98909  	1327,82053  	26,23189  	0,05012  	0,00976  	85706,53851  	0,24967  	0,14163  	1,15712  	1,15432  	4787947,41970  	7995190,52429  	73,68622  	25295332,54600  	0,22576  	0,19789  	NaN  	NaN  	0,00386  	0,00516  	0,00394  	0,00669  	1327,62170  	0,00400  	0,00419  
176,28239  	-244,98909  	-212,91154  	1295,74163  	26,23238  	0,05285  	0,00980  	83635,89425  	0,24948  	0,14234  	1,16007  	1,15726  	1026743,86653  	3626,77091  	73,63213  	24684204,89880  	24,13231  	0,20868  	NaN  	NaN  	0,00386  	0,00516  	0,00395  	0,00670  	1295,54686  	0,00401  	0,00419  
177,28238  	-211,64553  	1294,41233  	-244,98909  	26,23359  	0,04509  	0,00973  	-13663,65533  	0,25102  	0,14120  	1,16014  	1,15733  	722742,39095  	1773,82506  	74,08618  	-4032676,05337  	34,33285  	0,20555  	NaN  	NaN  	0,00386  	0,00516  	0,00394  	0,00670  	-211,64974  	0,00398  	0,00419  
178,28238  	1327,82048  	-210,69642  	-244,98909  	26,23252  	0,05072  	0,00980  	85706,53851  	0,25171  	0,14222  	1,16128  	1,15847  	206126,82636  	205012,33823  	74,29025  	25295332,54600  	0,20477  	1,22279  	Inf  	-Inf  	0,00386  	0,00517  	0,00395  	0,00670  	1327,62170  	0,00400  	0,00419  
179,28252  	1327,82048  	1327,75450  	-209,13620  	26,23315  	0,03806  	0,00983  	85706,53851  	0,25012  	0,14270  	1,16300  	1,16020  	6148959,97003  	6893519,83027  	73,81988  	25295332,54600  	0,20546  	0,12951  	NaN  	NaN  	0,00386  	0,00516  	0,00394  	0,00670  	1327,62170  	0,00396  	0,00419  
180,28238  	1291,00938  	1327,75450  	1327,82053  	26,23378  	0,04667  	0,00978  	83330,43749  	0,24911  	0,14192  	1,15850  	1,15569  	1586262113,63825  	302,89600  	73,52098  	24594052,73014  	0,23107  	0,00366  	-Inf  	-Inf  	0,00386  	0,00516  	0,00395  	0,00669  	1290,81525  	0,00399  	0,00419  
181,28255  	-207,23411  	1327,75450  	1327,82053  	26,23438  	0,04867  	0,00973  	-13378,90501  	0,25042  	0,14131  	1,16058  	1,15778  	291557218,39429  	0,07603  	73,90868  	-3948635,15975  	36,11503  	0,00381  	-Inf  	-Inf  	0,00386  	0,00516  	0,00395  	0,00670  	-207,23888  	0,00400  	0,00419  
182,28238  	1327,82048  	1327,75450  	1327,82053  	26,23345  	0,04499  	0,00985  	83149,19520  	0,25010  	0,14296  	1,15888  	1,15608  	1644364176,33063  	350,12937  	73,81450  	24540561,08239  	0,20584  	0,00353  	-Inf  	-Inf  	0,00386  	0,00516  	0,00394  	0,00669  	1288,00775  	0,00398  	0,00419  
183,28465  	1327,82048  	1327,75450  	1327,82053  	26,23348  	0,05318  	0,00980  	-15815,93170  	0,25172  	0,14227  	1,16227  	1,15947  	1636442216,48965  	413,91840  	74,29303  	-4667896,50935  	0,20485  	0,00417  	-Inf  	-Inf  	0,00386  	0,00517  	0,00395  	0,00670  	-244,98909  	0,00401  	0,00419  
184,28653  	1327,82048  	1327,75450  	1327,82053  	26,23459  	0,04776  	0,00974  	-13174,76278  	0,25109  	0,14137  	1,16407  	1,16127  	1626185938,18653  	371,68639  	74,10512  	-3888384,84691  	0,20356  	0,00374  	-Inf  	-Inf  	0,00386  	0,00517  	0,00394  	0,00671  	-204,07666  	0,00399  	0,00419  
185,28725  	1327,82048  	1327,75450  	1279,87475  	26,23581  	0,04670  	0,00975  	85706,53851  	0,24996  	0,14161  	1,16137  	1,15856  	1452749670,48236  	263514,56480  	73,77332  	25295332,54600  	0,20390  	0,00395  	NaN  	NaN  	0,00386  	0,00516  	0,00394  	0,00670  	1327,62170  	0,00399  	0,00419  
186,28803  	1327,82048  	1275,93687  	-193,16928  	26,23549  	0,04979  	0,00974  	82361,64882  	0,25134  	0,14144  	1,16116  	1,15836  	4894264,45243  	8620607,04053  	74,17923  	24308125,51842  	0,20365  	0,19662  	NaN  	NaN  	0,00386  	0,00517  	0,00394  	0,00670  	1275,80845  	0,00400  	0,00419  
187,28832  	1273,74828  	-244,98909  	1273,74832  	26,23505  	0,05381  	0,00976  	-15815,93170  	0,25053  	0,14175  	1,16004  	1,15724  	3324546,68686  	7362876,13528  	73,94262  	-4667896,50935  	0,24480  	0,26887  	NaN  	NaN  	0,00386  	0,00516  	0,00395  	0,00670  	-244,98909  	0,00401  	0,00419  
188,28953  	-189,01946  	-244,98909  	-189,01945  	26,23544  	0,04754  	0,00972  	-15815,93170  	0,25037  	0,14114  	1,15763  	1,15483  	26767,98128  	45,81298  	73,89465  	-4667896,50935  	44,56607  	1,32531  	NaN  	NaN  	0,00386  	0,00516  	0,00395  	0,00669  	-244,98909  	0,00399  	0,00419  
189,29029  	1327,82048  	-244,98909  	1327,82053  	26,23368  	0,04432  	0,00976  	-15815,93170  	0,25003  	0,14169  	1,15945  	1,15665  	4904894,16101  	8216121,35475  	73,79371  	-4667896,50935  	0,20402  	0,17499  	NaN  	NaN  	0,00386  	0,00516  	0,00394  	0,00669  	-244,98909  	0,00398  	0,00419  
190,29237  	1327,82048  	-244,98909  	1327,82053  	26,23553  	0,05048  	0,00978  	-11901,86124  	0,25154  	0,14191  	1,15701  	1,15420  	4912423,93740  	9357874,31257  	74,24023  	-3512702,10110  	0,20433  	0,19931  	NaN  	NaN  	0,00386  	0,00517  	0,00394  	0,00669  	-184,35907  	0,00400  	0,00419  
191,29238  	1263,43830  	-244,98909  	1263,43835  	26,23619  	0,04749  	0,00978  	85706,53851  	0,25049  	0,14202  	1,15895  	1,15615  	3084730,55705  	6122819,17565  	73,92867  	25295332,54600  	0,25417  	0,24858  	NaN  	NaN  	0,00386  	0,00516  	0,00394  	0,00669  	1327,62170  	0,00399  	0,00419  
192,29509  	-177,74009  	-177,74291  	-244,98909  	26,23737  	0,04610  	0,00969  	85706,53851  	0,25111  	0,14060  	1,16026  	1,15745  	22288,25335  	44,01088  	74,11227  	25295332,54600  	50,84516  	1,38897  	Inf  	-Inf  	0,00386  	0,00517  	0,00395  	0,00670  	1327,62170  	0,00399  	0,00419  
193,29510  	1327,82048  	1327,75450  	-172,51372  	26,23673  	0,04697  	0,00975  	85706,53851  	0,25063  	0,14148  	1,15967  	1,15687  	7567117,45273  	8305052,02147  	73,97167  	25295332,54600  	0,20371  	0,13805  	NaN  	NaN  	0,00386  	0,00516  	0,00394  	0,00670  	1327,62170  	0,00399  	0,00419  
194,29510  	1252,99964  	1327,75450  	1252,99969  	26,23602  	0,05554  	0,00980  	85706,53851  	0,25087  	0,14222  	1,15931  	1,15650  	1288451904,78072  	336322,05001  	74,04013  	25295332,54600  	0,26397  	0,00491  	-Inf  	-Inf  	0,00386  	0,00516  	0,00395  	0,00669  	1327,62170  	0,00402  	0,00419  
195,29530  	-169,16450  	1327,75450  	-169,16450  	26,23701  	0,05133  	0,00979  	85706,53851  	0,25135  	0,14210  	1,16304  	1,16023  	1163326,85938  	945,71558  	74,18182  	25295332,54600  	57,10921  	0,14892  	-Inf  	-Inf  	0,00386  	0,00517  	0,00395  	0,00670  	1327,62170  	0,00400  	0,00419  
196,29641  	1250,45372  	1327,75450  	1250,45377  	26,23859  	0,04976  	0,00977  	85706,53851  	0,25161  	0,14190  	1,16402  	1,16121  	1274903930,78319  	307473,11266  	74,25897  	25295332,54600  	0,26572  	0,00442  	-Inf  	-Inf  	0,00386  	0,00517  	0,00395  	0,00671  	1327,62170  	0,00400  	0,00419  
197,29709  	-244,98909  	1247,02849  	-164,25970  	26,23742  	0,04729  	0,00979  	85706,53851  	0,25165  	0,14211  	1,16075  	1,15794  	1024742,27929  	3035,40120  	74,27248  	25295332,54600  	24,09528  	0,18677  	-Inf  	-Inf  	0,00386  	0,00517  	0,00394  	0,00670  	1327,62170  	0,00399  	0,00419  
198,29783  	-244,98909  	-244,98909  	1327,82053  	26,23789  	0,04665  	0,00977  	80407,06556  	0,25070  	0,14186  	1,16010  	1,15729  	1023332,29986  	3336,76234  	73,99056  	23731251,98931  	24,05281  	0,18418  	NaN  	NaN  	0,00386  	0,00516  	0,00394  	0,00670  	1245,53142  	0,00399  	0,00419  
199,29826  	-244,98909  	-244,98909  	1242,67642  	26,23829  	0,04696  	0,00973  	-15815,93170  	0,24986  	0,14132  	1,15598  	1,15318  	584811,25541  	3177,23568  	73,74323  	-4667896,50935  	23,96033  	0,27038  	NaN  	NaN  	0,00386  	0,00516  	0,00394  	0,00669  	-244,98909  	0,00399  	0,00419  
200,29966  	-244,98909  	-244,98909  	-157,89028  	26,23741  	0,03642  	0,00974  	-10193,83569  	0,25143  	0,14133  	1,15971  	1,15691  	23730,46909  	144,25752  	74,20723  	-3008597,33935  	23,96334  	1,26242  	NaN  	NaN  	0,00386  	0,00517  	0,00394  	0,00670  	-157,90129  	0,00396  	0,00419  
201,30064  	-244,98909  	-155,71082  	1327,82053  	26,23775  	0,04309  	0,00977  	79943,52001  	0,25078  	0,14185  	1,15946  	1,15666  	1741948,26524  	2907,43269  	74,01511  	23594441,67018  	24,05053  	0,11860  	NaN  	NaN  	0,00386  	0,00516  	0,00394  	0,00669  	1238,35097  	0,00398  	0,00419  
202,30031  	-151,73206  	1327,75450  	1327,82053  	26,23839  	0,04995  	0,00986  	-9796,33225  	0,25173  	0,14320  	1,16133  	1,15852  	225224416,39853  	0,03087  	74,29653  	-2891278,61567  	71,80916  	0,00391  	-Inf  	-Inf  	0,00386  	0,00517  	0,00394  	0,00670  	-151,74385  	0,00400  	0,00419  
203,30029  	1327,82048  	1327,75450  	1232,84183  	26,23919  	0,04576  	0,00979  	79575,80745  	0,25163  	0,14208  	1,16331  	1,16050  	1299952222,99065  	511887,25127  	74,26490  	23485915,39449  	0,20457  	0,00418  	NaN  	NaN  	0,00386  	0,00517  	0,00394  	0,00670  	1232,65500  	0,00399  	0,00419  
204,30066  	1327,82048  	1327,75450  	-244,98909  	26,23999  	0,05355  	0,00975  	-15815,93170  	0,25039  	0,14160  	1,15898  	1,15617  	4899804,01723  	9926106,77317  	73,90001  	-4667896,50935  	0,20389  	0,21148  	NaN  	NaN  	0,00386  	0,00516  	0,00395  	0,00669  	-244,98909  	0,00401  	0,00419  
205,30029  	1230,36476  	1327,75450  	-244,98909  	26,23873  	0,04998  	0,00973  	-15815,93170  	0,25000  	0,14118  	1,15557  	1,15276  	4519505,47290  	5656839,06670  	73,78618  	-4667896,50935  	0,28389  	0,19739  	NaN  	NaN  	0,00386  	0,00516  	0,00395  	0,00669  	-244,98909  	0,00400  	0,00419  
206,30064  	-146,21665  	1327,75450  	-146,21665  	26,24001  	0,04475  	0,00972  	-15815,93170  	0,25175  	0,14114  	1,15971  	1,15690  	1162638,97671  	569,64684  	74,30254  	-4667896,50935  	76,05412  	0,11878  	-Inf  	-Inf  	0,00386  	0,00517  	0,00394  	0,00670  	-244,98909  	0,00398  	0,00419  
207,30065  	1327,82048  	1228,31733  	1228,37919  	26,24135  	0,04915  	0,00979  	-15815,93170  	0,25144  	0,14208  	1,15984  	1,15704  	1001512755,47430  	358,36623  	74,20833  	-4667896,50935  	0,20457  	0,00535  	NaN  	NaN  	0,00386  	0,00517  	0,00394  	0,00670  	-244,98909  	0,00400  	0,00419  
208,30065  	1226,57204  	-143,74490  	-244,98909  	26,24148  	0,04494  	0,00978  	-9280,49879  	0,24987  	0,14200  	1,15916  	1,15636  	89251,78077  	320929,89383  	73,74543  	-2739036,10234  	0,28943  	1,72681  	Inf  	-Inf  	0,00386  	0,00516  	0,00395  	0,00669  	-143,75345  	0,00398  	0,00419  
209,30014  	-244,98909  	1327,75450  	-142,73601  	26,24133  	0,04929  	0,00978  	85706,53851  	0,25121  	0,14196  	1,16229  	1,15949  	1875608,40654  	3296,54010  	74,14168  	25295332,54600  	24,06969  	0,12911  	-Inf  	-Inf  	0,00386  	0,00517  	0,00394  	0,00670  	1327,62170  	0,00400  	0,00419  
210,30067  	-141,20441  	1223,97418  	1327,82053  	26,24117  	0,04068  	0,00982  	79007,39530  	0,25132  	0,14251  	1,16231  	1,15951  	164151364,07237  	34,01527  	74,17488  	23318154,86388  	82,04625  	0,00377  	-Inf  	-Inf  	0,00386  	0,00517  	0,00394  	0,00670  	1223,85014  	0,00397  	0,00419  
211,30066  	1222,75680  	-139,92982  	1327,82053  	26,24107  	0,04583  	0,00979  	-15815,93170  	0,25154  	0,14207  	1,16446  	1,16165  	8415712,67055  	4649274,71705  	74,24022  	-4667896,50935  	0,29357  	0,11872  	NaN  	NaN  	0,00386  	0,00517  	0,00394  	0,00671  	-244,98909  	0,00399  	0,00419  
212,30067  	-138,66716  	1327,75450  	1327,82053  	26,24180  	0,04897  	0,00975  	-8953,01272  	0,25040  	0,14149  	1,16046  	1,15765  	206197144,39128  	0,02516  	73,90393  	-2642382,22520  	84,25442  	0,00384  	-Inf  	-Inf  	0,00386  	0,00516  	0,00395  	0,00670  	-138,68060  	0,00400  	0,00419  
213,30067  	1327,82048  	1327,75450  	1219,94737  	26,24172  	0,04462  	0,00980  	85706,53851  	0,25199  	0,14223  	1,16305  	1,16025  	1260637204,89316  	567039,42391  	74,37198  	25295332,54600  	0,20479  	0,00417  	NaN  	NaN  	0,00386  	0,00517  	0,00394  	0,00670  	1327,62170  	0,00398  	0,00419  
214,29999  	1327,82048  	1327,75450  	-136,42180  	26,24266  	0,04618  	0,00977  	78698,68492  	0,25168  	0,14188  	1,16130  	1,15849  	9320550,53118  	7969448,31609  	74,28120  	23227042,42513  	0,20429  	0,11808  	NaN  	NaN  	0,00386  	0,00517  	0,00394  	0,00670  	1219,06813  	0,00399  	0,00419  
215,30265  	1217,74583  	1327,75450  	1327,82053  	26,24347  	0,04642  	0,00976  	-8710,77982  	0,25161  	0,14163  	1,15866  	1,15585  	1491366340,94581  	206,31098  	74,25937  	-2570889,87680  	0,29800  	0,00364  	-Inf  	-Inf  	0,00386  	0,00517  	0,00394  	0,00669  	-134,92835  	0,00399  	0,00419  
