11/19/2024 10:06:40Time	T_hot_in(C)	T_cold_in(C)	T_cold_out(C)	T_hot_out(C)	mdot_cold(kg/s)	ASFASIFUAS(kg/s)	Diferencial_cold(bar)	Diferencial_hot(bar)	mdot_hot(kg/s)	ABS_cold(bar)	ABS_hot(bar)	q_cold(kW)	q_hot(kW)	ASFASYFY	Tau_cold_haste	Re_hot	Re_cold	U_global	PSIG_cold(bar)	R_fouling	PSIG_hot(bar)	PSID_hot(bar)	m_dot_hot	PSID_cold(bar)	m_dot_cold
2,04401  	0,00000  	0,00000  	0,00000  	0,00000  	-1,18512  	-0,20833  	-0,25900  	-0,86180  	-3,02442  	-1,72343  	-1,72415  	-0,00000  	-0,00000  	-254,35069  	-76,44127  	-9234,48090  	-3618,55272  	NaN  	NaN  	0,00000  	0,00000  	0,00000  	0,00000  	0,00000  	0,00000  	0,00000  
3,04471  	1327,82048  	-244,98909  	1327,82053  	26,22084  	0,04886  	0,00024  	85706,53851  	-0,00168  	0,00352  	-0,08137  	-0,08328  	121815,90130  	9056153,90309  	-0,49590  	25295332,54600  	0,00507  	0,19290  	NaN  	NaN  	0,00386  	0,00399  	0,00395  	0,00381  	1327,62170  	0,00400  	0,00400  
4,04665  	1327,82048  	883,23794  	199,54613  	26,22322  	0,04575  	0,00024  	85706,53851  	0,00558  	0,00342  	-0,03742  	-0,03936  	118516,89683  	3686718,62705  	1,64605  	25295332,54600  	0,00493  	0,18069  	NaN  	NaN  	0,00386  	0,00403  	0,00394  	0,00392  	1327,62170  	0,00399  	0,00400  
5,04731  	1327,82048  	1327,75450  	773,94803  	26,22333  	0,05004  	0,00430  	19935,69637  	0,06424  	0,06236  	0,25205  	0,24990  	163689222,85231  	3266004,05000  	18,96073  	5883799,27730  	0,08979  	0,01060  	NaN  	NaN  	0,00386  	0,00430  	0,00394  	0,00459  	308,81339  	0,00400  	0,00408  
6,04813  	1327,82048  	1327,75450  	304,73993  	26,22176  	0,04410  	0,00951  	-15815,93170  	0,16722  	0,13811  	0,79641  	0,79387  	71760374,42680  	5316852,93338  	49,35242  	-4667896,50935  	0,19887  	0,02784  	NaN  	NaN  	0,00386  	0,00478  	0,00394  	0,00585  	-244,98909  	0,00398  	0,00418  
7,04769  	302,55369  	1327,75450  	780,27773  	26,22290  	0,04747  	0,01150  	-15815,93170  	0,28504  	0,16700  	1,32634  	1,32342  	94863356,85186  	174,38708  	84,12611  	-4667896,50935  	355,19368  	0,00992  	-Inf  	-Inf  	0,00386  	0,00532  	0,00394  	0,00708  	-244,98909  	0,00399  	0,00422  
8,04759  	-244,98909  	1327,75450  	1327,82053  	26,22754  	0,04675  	0,01099  	50486,11319  	0,29450  	0,15948  	1,34654  	1,34360  	382246671,87860  	0,14043  	86,91708  	14900415,35174  	27,03681  	0,00366  	-Inf  	-Inf  	0,00386  	0,00537  	0,00395  	0,00713  	782,04769  	0,00399  	0,00421  
9,04819  	-244,98909  	1327,75450  	298,90025  	26,23199  	0,04592  	0,01069  	85706,53851  	0,29159  	0,15521  	1,34662  	1,34368  	16419010,02787  	2148,70570  	86,06067  	25295332,54600  	26,31364  	0,02944  	-Inf  	-Inf  	0,00386  	0,00535  	0,00394  	0,00713  	1327,62170  	0,00399  	0,00421  
10,04945  	784,78927  	1327,75450  	784,78930  	26,23257  	0,05119  	0,01066  	85706,53851  	0,54709  	0,15479  	1,34614  	1,34320  	244686498,33411  	100889,02522  	161,46733  	25295332,54600  	2,36795  	0,01060  	-Inf  	-Inf  	0,00386  	0,00654  	0,00394  	0,00713  	1327,62170  	0,00400  	0,00420  
11,05019  	1327,82048  	1327,75450  	1327,82053  	26,23426  	0,04544  	0,01071  	19114,13052  	0,85760  	0,15555  	1,34220  	1,33926  	1789243090,39992  	353,63988  	253,11151  	5641323,24360  	0,22397  	0,00356  	-Inf  	-Inf  	0,00386  	0,00798  	0,00394  	0,00712  	296,08711  	0,00399  	0,00421  
12,05017  	293,73039  	1327,75450  	293,73040  	26,23731  	0,04761  	0,01075  	-15815,93170  	0,84340  	0,15609  	1,34596  	1,34302  	15953906,91350  	301,70560  	248,91879  	-4667896,50935  	393,92783  	0,03096  	-Inf  	-Inf  	0,00385  	0,00791  	0,00395  	0,00713  	-244,98909  	0,00399  	0,00421  
13,05017  	792,02130  	290,78761  	-244,98909  	26,23917  	0,04817  	0,01073  	51121,51467  	0,36237  	0,15571  	1,34731  	1,34437  	498,79314  	99732,12875  	106,94995  	15087947,03814  	2,28244  	273,02447  	NaN  	NaN  	0,00386  	0,00568  	0,00394  	0,00713  	791,89024  	0,00399  	0,00421  
14,05015  	1327,82048  	-244,98909  	793,69438  	26,24148  	0,04126  	0,01070  	18661,09918  	0,29473  	0,15527  	1,34492  	1,34198  	41968,94246  	5051566,51837  	86,98581  	5507616,07785  	0,22356  	4,50422  	Inf  	-Inf  	0,00386  	0,00537  	0,00395  	0,00713  	289,06953  	0,00397  	0,00421  
15,05014  	287,87879  	-244,98909  	287,87881  	26,24223  	0,04655  	0,01068  	-15815,93170  	0,29165  	0,15500  	1,34560  	1,34266  	169,63976  	144,09721  	86,07580  	-4667896,50935  	439,36334  	254,70974  	NaN  	NaN  	0,00386  	0,00535  	0,00394  	0,00713  	-244,98909  	0,00399  	0,00420  
16,05015  	796,10450  	796,06083  	796,10454  	26,24296  	0,05421  	0,01071  	51385,07929  	-0,32288  	0,15549  	1,34044  	1,33751  	40639348,99950  	9,48275  	-95,29377  	15165735,20582  	2,22547  	0,03818  	-Inf  	-Inf  	0,00386  	0,00250  	0,00395  	0,00712  	795,97292  	0,00401  	0,00421  
17,04971  	1327,82048  	285,54849  	285,57076  	26,24245  	0,05199  	0,01093  	18430,90038  	-0,15475  	0,15870  	1,34805  	1,34511  	58088,37022  	136,50458  	-45,67251  	5439675,45953  	0,22850  	4,59673  	NaN  	NaN  	0,00386  	0,00328  	0,00394  	0,00713  	285,50369  	0,00401  	0,00421  
18,05014  	1327,82048  	-244,98909  	798,19775  	26,24374  	0,04290  	0,01082  	-15815,93170  	0,29347  	0,15701  	1,34577  	1,34283  	45157,57453  	5274561,78565  	86,61563  	-4667896,50935  	0,22607  	4,48454  	Inf  	-Inf  	0,00386  	0,00536  	0,00395  	0,00713  	-244,98909  	0,00398  	0,00421  
19,05016  	284,10116  	798,68645  	284,10118  	26,24423  	0,04605  	0,01065  	-15815,93170  	0,29273  	0,15457  	1,34416  	1,34122  	1059736,98452  	133,36165  	86,39705  	-4667896,50935  	472,80531  	0,18186  	-Inf  	-Inf  	0,00386  	0,00536  	0,00394  	0,00712  	-244,98909  	0,00399  	0,00420  
20,05016  	800,82551  	1327,75450  	-244,98909  	26,24433  	0,04308  	0,01067  	51689,81318  	0,29362  	0,15483  	1,34676  	1,34382  	3188277,14408  	282289,78104  	86,65947  	15255674,03005  	2,15597  	0,17014  	NaN  	NaN  	0,00386  	0,00536  	0,00394  	0,00713  	800,69334  	0,00398  	0,00420  
21,05016  	280,43439  	1327,75450  	802,39703  	26,24239  	0,04229  	0,01068  	85706,53851  	0,29363  	0,15499  	1,34778  	1,34484  	86541463,97558  	121,50597  	86,66110  	25295332,54600  	510,87555  	0,00846  	-Inf  	-Inf  	0,00386  	0,00536  	0,00394  	0,00713  	1327,62170  	0,00398  	0,00420  
22,05018  	803,55062  	279,25877  	1327,82053  	26,24113  	0,04452  	0,01064  	85706,53851  	0,29199  	0,15447  	1,34503  	1,34210  	43302636,86251  	199039,57408  	86,17830  	25295332,54600  	2,11748  	0,03010  	-Inf  	-Inf  	0,00386  	0,00536  	0,00394  	0,00713  	1327,62170  	0,00398  	0,00420  
23,04965  	1327,82048  	805,07906  	1327,82053  	26,24081  	0,05264  	0,01067  	17923,38953  	0,29312  	0,15489  	1,34699  	1,34405  	446488123,63843  	3243491,72979  	86,51200  	5289889,27150  	0,22301  	0,01047  	-Inf  	-Inf  	0,00386  	0,00536  	0,00395  	0,00713  	277,64221  	0,00401  	0,00420  
24,05015  	276,55293  	276,53105  	1327,82053  	26,24081  	0,04648  	0,01063  	52041,79303  	0,29205  	0,15433  	1,34659  	1,34365  	13779245,82341  	259,76380  	86,19599  	15359556,97171  	551,03646  	0,03166  	-Inf  	-Inf  	0,00386  	0,00536  	0,00394  	0,00713  	806,14560  	0,00399  	0,00420  
25,05017  	-244,98909  	806,96598  	1327,82053  	26,24065  	0,05074  	0,01061  	17801,58693  	0,29150  	0,15410  	1,34331  	1,34037  	93090739,01362  	1201,95821  	86,03328  	5253940,58637  	26,12842  	0,01005  	-Inf  	-Inf  	0,00386  	0,00535  	0,00395  	0,00712  	275,75546  	0,00400  	0,00420  
26,05016  	808,58261  	1327,75450  	274,24880  	26,24055  	0,04299  	0,01062  	52190,52205  	0,29368  	0,15415  	1,34764  	1,34470  	42608050,70338  	201468,42777  	86,67690  	15403452,68790  	2,05277  	0,02947  	NaN  	NaN  	0,00386  	0,00536  	0,00395  	0,00713  	808,44945  	0,00398  	0,00420  
27,05010  	272,67629  	1327,75450  	810,15514  	26,24055  	0,05418  	0,01057  	85706,53851  	0,29211  	0,15343  	1,34348  	1,34054  	85001757,71157  	145,27592  	86,21300  	25295332,54600  	593,73854  	0,01066  	-Inf  	-Inf  	0,00386  	0,00536  	0,00394  	0,00712  	1327,62170  	0,00401  	0,00420  
28,05017  	811,62438  	1327,75450  	271,20703  	26,24055  	0,04856  	0,01063  	85706,53851  	0,29307  	0,15427  	1,34459  	1,34165  	42284475,81127  	234128,40444  	86,49683  	25295332,54600  	2,01905  	0,03357  	NaN  	NaN  	0,00386  	0,00536  	0,00395  	0,00712  	1327,62170  	0,00400  	0,00420  
29,05015  	269,94876  	269,92716  	-244,98909  	26,24055  	0,04751  	0,01061  	17422,52504  	0,29246  	0,15404  	1,34713  	1,34420  	157,10445  	124,61374  	86,31495  	5142064,68338  	631,03000  	206,31703  	NaN  	NaN  	0,00386  	0,00536  	0,00395  	0,00713  	269,88368  	0,00399  	0,00420  
30,05008  	-244,98909  	-244,98909  	814,03815  	26,24097  	0,04756  	0,01064  	-15815,93170  	0,29120  	0,15445  	1,34674  	1,34380  	11462,58951  	2290,61923  	85,94336  	-4667896,50935  	26,18862  	4,28582  	NaN  	NaN  	0,00386  	0,00535  	0,00394  	0,00713  	-244,98909  	0,00399  	0,00420  
31,05189  	815,08456  	815,04009  	1327,82053  	26,23990  	0,05126  	0,01064  	-15815,93170  	0,29084  	0,15448  	1,34457  	1,34164  	277994243,48920  	123459,96284  	85,83806  	-4667896,50935  	1,98234  	0,00999  	-Inf  	-Inf  	0,00386  	0,00535  	0,00394  	0,00712  	-244,98909  	0,00400  	0,00420  
32,05204  	1327,82048  	265,34439  	1327,82053  	26,23897  	0,04418  	0,01062  	52763,90499  	0,29195  	0,15413  	1,34920  	1,34626  	68381799,06480  	5532261,23185  	86,16644  	15572680,29216  	0,22192  	0,03103  	-Inf  	-Inf  	0,00386  	0,00535  	0,00395  	0,00714  	817,33131  	0,00398  	0,00420  
33,05202  	261,97294  	820,81374  	261,97296  	26,23764  	0,04813  	0,01067  	16907,69765  	0,29218  	0,15491  	1,34411  	1,34117  	970961,97803  	131,16796  	86,23431  	4990119,09853  	750,79762  	0,19006  	-Inf  	-Inf  	0,00386  	0,00536  	0,00395  	0,00712  	261,90887  	0,00399  	0,00420  
34,05241  	-244,98909  	261,11980  	821,69040  	26,23772  	0,05144  	0,01065  	53036,60759  	0,29316  	0,15454  	1,34491  	1,34198  	1114651,06452  	1311,36177  	86,52258  	15653165,43599  	26,20264  	0,20310  	-Inf  	-Inf  	0,00386  	0,00536  	0,00394  	0,00713  	821,55555  	0,00400  	0,00420  
35,05387  	822,94861  	822,90381  	259,88280  	26,23867  	0,04621  	0,01064  	85706,53851  	0,29226  	0,15446  	1,34611  	1,34318  	3272081,30976  	130422,88263  	86,25820  	25295332,54600  	1,89617  	0,18248  	NaN  	NaN  	0,00386  	0,00536  	0,00394  	0,00713  	1327,62170  	0,00399  	0,00420  
36,05827  	257,82004  	257,79895  	-244,98909  	26,23961  	0,04565  	0,01064  	85706,53851  	0,29157  	0,15449  	1,34455  	1,34161  	149,93269  	109,80065  	86,05245  	25295332,54600  	817,58750  	167,65532  	NaN  	NaN  	0,00386  	0,00535  	0,00394  	0,00712  	1327,62170  	0,00399  	0,00420  
37,06014  	829,67529  	-244,98909  	829,67533  	26,24143  	0,04308  	0,01060  	16338,58398  	0,29291  	0,15385  	1,34472  	1,34178  	41483,88770  	245235,96791  	86,44948  	4822151,52114  	1,81895  	3,36967  	NaN  	NaN  	0,00386  	0,00536  	0,00394  	0,00713  	253,09314  	0,00398  	0,00420  
38,06016  	1327,82048  	835,42830  	1327,82053  	26,24418  	0,04608  	0,01065  	53926,29629  	0,29206  	0,15459  	1,34725  	1,34431  	487456446,25214  	2674334,21974  	86,19705  	15915747,16792  	0,22258  	0,00862  	-Inf  	-Inf  	0,00386  	0,00536  	0,00395  	0,00713  	835,33707  	0,00399  	0,00420  
39,06017  	1327,82048  	1327,75450  	1327,82053  	26,24642  	0,04972  	0,01065  	15707,11965  	0,29234  	0,15455  	1,34462  	1,34168  	1777682631,68127  	386,99948  	86,28131  	4635781,84151  	0,22252  	0,00390  	-Inf  	-Inf  	0,00386  	0,00536  	0,00394  	0,00712  	243,31159  	0,00400  	0,00420  
40,06015  	240,37994  	240,35958  	1327,82053  	26,24876  	0,04519  	0,01067  	-15815,93170  	0,29466  	0,15484  	1,35206  	1,34912  	10200012,70143  	221,26825  	86,96619  	-4667896,50935  	1182,24436  	0,03401  	-Inf  	-Inf  	0,00386  	0,00537  	0,00394  	0,00714  	-244,98909  	0,00398  	0,00420  
41,06015  	843,80650  	843,76082  	1327,82053  	26,25084  	0,04446  	0,01066  	54464,17065  	0,29202  	0,15472  	1,34425  	1,34131  	314020790,28035  	127815,07828  	86,18756  	16074494,81031  	1,69231  	0,00819  	-Inf  	-Inf  	0,00386  	0,00536  	0,00395  	0,00712  	843,66889  	0,00398  	0,00420  
42,05997  	1327,82048  	1327,75450  	237,64543  	26,25427  	0,04381  	0,01065  	85706,53851  	0,29186  	0,15455  	1,34461  	1,34168  	61176932,59543  	5629991,53245  	86,13902  	25295332,54600  	0,22252  	0,03324  	NaN  	NaN  	0,00385  	0,00535  	0,00395  	0,00712  	1327,62170  	0,00398  	0,00420  
43,06188  	1327,82048  	1327,75450  	846,22623  	26,25618  	0,04861  	0,01068  	15270,24868  	0,29296  	0,15511  	1,34635  	1,34341  	504691015,99417  	2759212,98900  	86,46501  	4506844,22740  	0,22332  	0,00891  	NaN  	NaN  	0,00386  	0,00536  	0,00394  	0,00713  	236,54433  	0,00400  	0,00421  
44,06183  	1327,82048  	1327,75450  	1327,82053  	26,25888  	0,04832  	0,01062  	54720,16793  	0,29169  	0,15417  	1,34294  	1,34000  	1773321055,87749  	376,11155  	86,08775  	16150049,56229  	0,22197  	0,00379  	-Inf  	-Inf  	0,00386  	0,00535  	0,00395  	0,00712  	847,63436  	0,00399  	0,00420  
45,06204  	1327,82048  	232,64732  	232,66738  	26,26038  	0,04813  	0,01066  	85706,53851  	0,29440  	0,15477  	1,34619  	1,34325  	11862,86067  	113,78109  	86,88782  	25295332,54600  	0,22283  	12,88454  	NaN  	NaN  	0,00386  	0,00537  	0,00394  	0,00713  	1327,62170  	0,00399  	0,00420  
46,06208  	1327,82048  	-244,98909  	-244,98909  	26,26266  	0,04482  	0,01061  	85706,53851  	0,29360  	0,15405  	1,34714  	1,34420  	317732,48824  	0,00000  	86,65139  	25295332,54600  	0,22179  	0,86728  	Inf  	-Inf  	0,00386  	0,00536  	0,00394  	0,00713  	1327,62170  	0,00398  	0,00420  
47,06187  	1327,82048  	853,82437  	-244,98909  	26,26599  	0,04839  	0,01059  	14776,82227  	0,29257  	0,15369  	1,33943  	1,33650  	90887,98601  	6267285,05383  	86,34979  	4361214,90565  	0,22127  	3,07065  	NaN  	NaN  	0,00386  	0,00536  	0,00395  	0,00711  	228,90102  	0,00400  	0,00420  
48,06189  	1327,82048  	227,55759  	-244,98909  	26,26670  	0,04857  	0,01065  	55203,08777  	0,29320  	0,15457  	1,34664  	1,34370  	857,27107  	2705458,41255  	86,53375  	16292577,98686  	0,22254  	114,46728  	NaN  	NaN  	0,00386  	0,00536  	0,00394  	0,00713  	855,11492  	0,00400  	0,00420  
49,06207  	1327,82048  	856,24597  	856,29221  	26,26789  	0,04637  	0,01067  	85706,53851  	0,29195  	0,15489  	1,34469  	1,34175  	109636139,09075  	252,72255  	86,16499  	25295332,54600  	0,22300  	0,02376  	NaN  	NaN  	0,00386  	0,00535  	0,00394  	0,00713  	1327,62170  	0,00399  	0,00420  
50,06144  	225,28097  	1327,75450  	225,28099  	26,26989  	0,04853  	0,01063  	85706,53851  	0,29299  	0,15438  	1,34244  	1,33950  	8874571,65068  	233,59458  	86,47230  	25295332,54600  	1586,63402  	0,03812  	-Inf  	-Inf  	0,00386  	0,00536  	0,00394  	0,00712  	1327,62170  	0,00400  	0,00420  
51,06242  	858,90245  	223,90927  	858,90249  	26,27050  	0,04865  	0,01064  	85706,53851  	0,29455  	0,15447  	1,34804  	1,34510  	3420357,62342  	206847,66622  	86,93246  	25295332,54600  	1,55723  	0,19211  	-Inf  	-Inf  	0,00386  	0,00537  	0,00394  	0,00713  	1327,62170  	0,00400  	0,00420  
52,06316  	222,44992  	860,33510  	1327,82053  	26,27261  	0,04701  	0,01069  	85706,53851  	0,29405  	0,15518  	1,34863  	1,34569  	79308544,01903  	95,53720  	86,78560  	25295332,54600  	1679,24407  	0,00838  	-Inf  	-Inf  	0,00386  	0,00536  	0,00395  	0,00713  	1327,62170  	0,00399  	0,00421  
53,06388  	862,29147  	220,52040  	1327,82053  	26,27472  	0,04894  	0,01064  	14233,25960  	0,29239  	0,15453  	1,34446  	1,34153  	36590172,02859  	372614,95831  	86,29585  	4200788,42375  	1,52991  	0,03896  	-Inf  	-Inf  	0,00386  	0,00536  	0,00395  	0,00712  	220,48109  	0,00400  	0,00420  
54,06407  	1327,82048  	865,05333  	217,73150  	26,27646  	0,04796  	0,01066  	-15815,93170  	0,29158  	0,15473  	1,34528  	1,34235  	5354531,22753  	3660177,85725  	86,05575  	-4667896,50935  	0,22276  	0,18941  	NaN  	NaN  	0,00385  	0,00535  	0,00394  	0,00713  	-244,98909  	0,00399  	0,00420  
55,06461  	216,01224  	1327,75450  	-244,98909  	26,27719  	0,05037  	0,01066  	55949,60268  	0,29323  	0,15472  	1,34438  	1,34144  	780451,35767  	341,65248  	86,54464  	16512903,57014  	1869,65718  	0,19893  	NaN  	NaN  	0,00385  	0,00536  	0,00394  	0,00712  	866,67864  	0,00400  	0,00420  
56,06718  	-244,98909  	1327,75450  	869,37263  	26,27840  	0,04884  	0,01063  	85706,53851  	0,29377  	0,15425  	1,34870  	1,34576  	111872332,69950  	1017,39461  	86,70305  	25295332,54600  	26,16409  	0,00855  	-Inf  	-Inf  	0,00386  	0,00536  	0,00395  	0,00713  	1327,62170  	0,00400  	0,00420  
57,06782  	871,71513  	1327,75450  	211,11628  	26,27964  	0,04669  	0,01064  	85706,53851  	0,29235  	0,15442  	1,34185  	1,33892  	35529088,19721  	385668,53239  	86,28491  	25295332,54600  	1,45446  	0,03818  	NaN  	NaN  	0,00385  	0,00536  	0,00394  	0,00712  	1327,62170  	0,00399  	0,00420  
58,06783  	207,57053  	1327,75450  	-244,98909  	26,28120  	0,04417  	0,01066  	13396,10495  	0,29241  	0,15468  	1,34364  	1,34070  	745498,90407  	297,27338  	86,30126  	3953711,53154  	2122,09305  	0,17445  	NaN  	NaN  	0,00386  	0,00536  	0,00395  	0,00712  	207,51334  	0,00398  	0,00420  
59,06788  	878,31151  	1327,75450  	878,31154  	26,28147  	0,04535  	0,01062  	56691,41652  	0,29127  	0,15421  	1,34317  	1,34024  	360445979,51793  	158615,29972  	85,96548  	16731841,68198  	1,40320  	0,00781  	-Inf  	-Inf  	0,00386  	0,00535  	0,00394  	0,00712  	878,16954  	0,00399  	0,00420  
60,06733  	1327,82048  	1327,75450  	203,26165  	26,28296  	0,04572  	0,01066  	13117,97231  	0,29316  	0,15481  	1,34539  	1,34246  	53039331,57191  	6060861,10755  	86,52353  	3871623,77143  	0,22287  	0,03824  	NaN  	NaN  	0,00386  	0,00536  	0,00394  	0,00713  	203,20499  	0,00399  	0,00420  
61,06766  	1327,82048  	202,07405  	880,73862  	26,28438  	0,04886  	0,01068  	-15815,93170  	0,29292  	0,15501  	1,34423  	1,34129  	5365333,70997  	3909535,38054  	86,45151  	-4667896,50935  	0,22317  	0,19294  	NaN  	NaN  	0,00386  	0,00536  	0,00394  	0,00712  	-244,98909  	0,00400  	0,00421  
62,06778  	1327,82048  	-244,98909  	201,14895  	26,28571  	0,04638  	0,01060  	56909,00645  	0,29280  	0,15392  	1,34853  	1,34559  	900,00359  	2439592,17258  	86,41749  	16796060,93158  	0,22159  	73,48155  	Inf  	-Inf  	0,00386  	0,00536  	0,00394  	0,00713  	881,54006  	0,00399  	0,00420  
63,06878  	1327,82048  	-244,98909  	882,98231  	26,28645  	0,05189  	0,01066  	12897,69919  	0,29158  	0,15473  	1,33909  	1,33615  	129476,00391  	6900011,50308  	86,05736  	3806612,60785  	0,22275  	2,59319  	Inf  	-Inf  	0,00385  	0,00535  	0,00394  	0,00711  	199,79289  	0,00401  	0,00420  
64,06837  	1327,82048  	-244,98909  	197,47164  	26,28806  	0,04443  	0,01067  	-15815,93170  	0,29413  	0,15487  	1,34721  	1,34427  	916,74257  	2317364,03742  	86,80842  	-4667896,50935  	0,22296  	66,61221  	Inf  	-Inf  	0,00385  	0,00536  	0,00394  	0,00713  	-244,98909  	0,00398  	0,00420  
65,06980  	1327,82048  	887,70084  	887,74840  	26,28772  	0,04241  	0,01067  	57300,55134  	0,29261  	0,15484  	1,34294  	1,34001  	138251152,72004  	237,78255  	86,36005  	16911621,05631  	0,22291  	0,01858  	NaN  	NaN  	0,00386  	0,00536  	0,00394  	0,00712  	887,60520  	0,00398  	0,00420  
66,07017  	193,64933  	193,63092  	1327,82053  	26,28862  	0,05023  	0,01070  	85706,53851  	0,29233  	0,15528  	1,34435  	1,34141  	6567627,06145  	241,78546  	86,27774  	25295332,54600  	2485,79691  	0,04319  	-Inf  	-Inf  	0,00386  	0,00536  	0,00394  	0,00712  	1327,62170  	0,00400  	0,00421  
67,07017  	-244,98909  	891,19558  	191,58816  	26,28933  	0,05737  	0,01067  	12364,46620  	0,29225  	0,15494  	1,34520  	1,34226  	1117555,52204  	1823,66898  	86,25532  	3649234,81717  	26,28436  	0,22654  	-Inf  	-Inf  	0,00385  	0,00536  	0,00394  	0,00713  	191,53297  	0,00402  	0,00420  
68,07016  	893,49734  	1327,75450  	893,49738  	26,28908  	0,04568  	0,01068  	-15815,93170  	0,29420  	0,15510  	1,34541  	1,34248  	385389381,50678  	173224,85077  	86,83127  	-4667896,50935  	1,30497  	0,00764  	-Inf  	-Inf  	0,00386  	0,00537  	0,00395  	0,00713  	-244,98909  	0,00399  	0,00421  
69,07015  	187,93469  	1327,75450  	187,93470  	26,28849  	0,04030  	0,01066  	57761,96579  	0,29294  	0,15471  	1,34759  	1,34465  	6165914,85849  	194,51805  	86,45708  	17047802,40394  	2580,96177  	0,03523  	-Inf  	-Inf  	0,00386  	0,00536  	0,00395  	0,00713  	894,75264  	0,00397  	0,00420  
70,07016  	-244,98909  	1327,75450  	-244,98909  	26,29038  	0,04584  	0,01069  	85706,53851  	0,29397  	0,15524  	1,34742  	1,34448  	1119586,37889  	3275,85348  	86,76315  	25295332,54600  	26,33532  	0,18103  	-Inf  	-Inf  	0,00386  	0,00536  	0,00394  	0,00713  	1327,62170  	0,00399  	0,00421  
71,06980  	897,58583  	185,22751  	897,58587  	26,29196  	0,04452  	0,01068  	85706,53851  	0,29381  	0,15501  	1,34527  	1,34233  	3591617,99087  	285598,05422  	86,71454  	25295332,54600  	1,27731  	0,17581  	-Inf  	-Inf  	0,00386  	0,00536  	0,00395  	0,00713  	1327,62170  	0,00398  	0,00421  
72,07015  	183,84457  	898,93883  	1327,82053  	26,29226  	0,04647  	0,01067  	11864,62979  	0,29498  	0,15488  	1,34601  	1,34307  	71024242,53030  	84,26891  	87,06012  	3501713,65317  	2639,87799  	0,00769  	-Inf  	-Inf  	0,00386  	0,00537  	0,00395  	0,00713  	183,79037  	0,00399  	0,00420  
73,07016  	-244,98909  	182,79717  	1327,82053  	26,29306  	0,04931  	0,01069  	-15815,93170  	0,29351  	0,15518  	1,34302  	1,34009  	10155258,19099  	2565,25969  	86,62713  	-4667896,50935  	26,32618  	0,04374  	-Inf  	-Inf  	0,00386  	0,00536  	0,00394  	0,00712  	-244,98909  	0,00400  	0,00421  
74,07016  	-244,98909  	901,22644  	1327,82053  	26,29348  	0,04493  	0,01064  	-15815,93170  	0,29251  	0,15440  	1,34720  	1,34426  	122706837,37902  	870,96896  	86,33019  	-4667896,50935  	26,19341  	0,00740  	-Inf  	-Inf  	0,00385  	0,00536  	0,00394  	0,00713  	-244,98909  	0,00398  	0,00420  
75,07015  	902,53277  	180,28078  	1327,82053  	26,29433  	0,04830  	0,01063  	58254,86256  	0,29361  	0,15438  	1,34505  	1,34211  	32278905,77150  	517787,73735  	86,65466  	17193275,40943  	1,24061  	0,04316  	-Inf  	-Inf  	0,00386  	0,00536  	0,00394  	0,00713  	902,38774  	0,00399  	0,00420  
76,07015  	1327,82048  	903,48827  	1327,82053  	26,29485  	0,04318  	0,01060  	85706,53851  	0,29313  	0,15394  	1,34296  	1,34003  	590751838,59346  	2160199,94726  	86,51302  	25295332,54600  	0,22161  	0,00708  	-Inf  	-Inf  	0,00386  	0,00536  	0,00395  	0,00712  	1327,62170  	0,00398  	0,00420  
77,07016  	1327,82048  	1327,75450  	1327,82053  	26,29528  	0,04178  	0,01061  	11523,28609  	0,29200  	0,15396  	1,34399  	1,34105  	1770824078,49465  	325,26541  	86,18029  	3400969,85162  	0,22163  	0,00327  	-Inf  	-Inf  	0,00386  	0,00536  	0,00394  	0,00712  	178,50286  	0,00397  	0,00420  
78,06980  	176,75409  	1327,75450  	1327,82053  	26,29587  	0,04523  	0,01061  	58483,65657  	0,29377  	0,15403  	1,34720  	1,34426  	204803207,16985  	0,01260  	86,70168  	17260801,41958  	2683,79634  	0,00354  	-Inf  	-Inf  	0,00385  	0,00536  	0,00394  	0,00713  	905,93182  	0,00398  	0,00420  
79,07016  	-244,98909  	1327,75450  	175,26564  	26,29604  	0,05086  	0,01060  	85706,53851  	0,29213  	0,15395  	1,34314  	1,34021  	9748943,70525  	2663,02859  	86,21896  	25295332,54600  	26,11734  	0,04613  	-Inf  	-Inf  	0,00386  	0,00536  	0,00394  	0,00712  	1327,62170  	0,00400  	0,00420  
80,07017  	908,82401  	1327,75450  	908,82405  	26,29500  	0,04813  	0,01062  	85706,53851  	0,29396  	0,15421  	1,34471  	1,34178  	407309236,46029  	197339,26747  	86,76041  	25295332,54600  	1,20066  	0,00781  	-Inf  	-Inf  	0,00386  	0,00536  	0,00395  	0,00713  	1327,62170  	0,00399  	0,00420  
81,07016  	172,74913  	172,73161  	1327,82053  	26,29659  	0,05083  	0,01058  	85706,53851  	0,29278  	0,15360  	1,34236  	1,33942  	5195057,76955  	247,60609  	86,41211  	25295332,54600  	2688,40209  	0,04644  	-Inf  	-Inf  	0,00385  	0,00536  	0,00394  	0,00712  	1327,62170  	0,00400  	0,00420  
82,07015  	911,34051  	-244,98909  	1327,82053  	26,29765  	0,04891  	0,01073  	85706,53851  	0,29254  	0,15572  	1,34626  	1,34333  	3665400,49826  	766996,49489  	86,34100  	25295332,54600  	1,19724  	0,19311  	NaN  	NaN  	0,00386  	0,00536  	0,00394  	0,00713  	1327,62170  	0,00400  	0,00421  
83,07017  	1327,82048  	912,63321  	1327,82053  	26,29720  	0,05020  	0,01075  	10980,64112  	0,29209  	0,15612  	1,34029  	1,33736  	614850767,41055  	2457086,96846  	86,20684  	3240814,21912  	0,22475  	0,00809  	-Inf  	-Inf  	0,00386  	0,00536  	0,00395  	0,00711  	170,09714  	0,00400  	0,00421  
84,07015  	168,65983  	168,64247  	168,65984  	26,29815  	0,04629  	0,01066  	59006,12884  	0,29294  	0,15481  	1,34885  	1,34591  	163,27489  	0,00339  	86,45751  	17415003,30444  	2707,59463  	83,85090  	-Inf  	-Inf  	0,00385  	0,00536  	0,00395  	0,00713  	914,02506  	0,00399  	0,00420  
85,07016  	915,34732  	915,29864  	915,34735  	26,29798  	0,04306  	0,01068  	85706,53851  	0,29349  	0,15500  	1,34501  	1,34207  	115077811,78421  	21,53673  	86,62123  	25295332,54600  	1,16819  	0,01652  	-Inf  	-Inf  	0,00385  	0,00536  	0,00395  	0,00713  	1327,62170  	0,00398  	0,00421  
86,07017  	1327,82048  	1327,75450  	1327,82053  	26,29917  	0,04761  	0,01064  	10747,65922  	0,29346  	0,15444  	1,34638  	1,34344  	1776380955,44829  	370,66989  	86,61169  	3172052,20128  	0,22233  	0,00373  	-Inf  	-Inf  	0,00385  	0,00536  	0,00395  	0,00713  	166,48819  	0,00399  	0,00420  
87,07016  	1327,82048  	1327,75450  	1327,82053  	26,29871  	0,04617  	0,01065  	61744,37110  	0,29339  	0,15466  	1,34562  	1,34269  	1778870206,63053  	359,42957  	86,59104  	18223165,08041  	0,22264  	0,00362  	-Inf  	-Inf  	0,00385  	0,00536  	0,00394  	0,00713  	956,44118  	0,00399  	0,00420  
88,06953  	26,70681  	26,69541  	1327,82053  	26,29945  	0,04613  	0,01063  	85706,53851  	0,29375  	0,15430  	1,34612  	1,34318  	7424,91563  	251,05417  	86,69567  	25295332,54600  	951,45456  	0,06632  	-Inf  	-Inf  	0,00385  	0,00536  	0,00394  	0,00713  	1327,62170  	0,00399  	0,00420  
89,07014  	-244,98909  	919,15571  	163,62685  	26,29955  	0,04836  	0,01066  	85706,53851  	0,29291  	0,15481  	1,34322  	1,34028  	1116675,26637  	1659,90972  	86,44857  	25295332,54600  	26,26565  	0,19097  	-Inf  	-Inf  	0,00385  	0,00536  	0,00394  	0,00712  	1327,62170  	0,00400  	0,00420  
90,07016  	-244,98909  	1327,75450  	-244,98909  	26,30021  	0,04725  	0,01067  	85706,53851  	0,29493  	0,15490  	1,34658  	1,34364  	1117180,10618  	3375,88745  	87,04526  	25295332,54600  	26,28045  	0,18659  	-Inf  	-Inf  	0,00385  	0,00537  	0,00394  	0,00713  	1327,62170  	0,00399  	0,00420  
91,07016  	-244,98909  	1327,75450  	-244,98909  	26,30081  	0,05083  	0,01070  	85706,53851  	0,29456  	0,15532  	1,34637  	1,34343  	1120217,17713  	3631,94884  	86,93595  	25295332,54600  	26,35200  	0,20075  	-Inf  	-Inf  	0,00385  	0,00537  	0,00395  	0,00713  	1327,62170  	0,00400  	0,00421  
92,07015  	-244,98909  	1327,75450  	-244,98909  	26,30210  	0,04183  	0,01069  	85706,53851  	0,29421  	0,15525  	1,34669  	1,34375  	1119705,21900  	2988,51579  	86,83396  	25295332,54600  	26,34019  	0,16519  	-Inf  	-Inf  	0,00386  	0,00537  	0,00395  	0,00713  	1327,62170  	0,00397  	0,00421  
93,07016  	925,26174  	1327,75450  	-244,98909  	26,30215  	0,05175  	0,01064  	10168,62376  	0,29307  	0,15445  	1,34311  	1,34018  	3691288,13217  	898032,28445  	86,49660  	3001156,31826  	1,10841  	0,20437  	NaN  	NaN  	0,00385  	0,00536  	0,00394  	0,00712  	157,51877  	0,00401  	0,00420  
94,06979  	1327,82048  	155,98033  	-244,98909  	26,30274  	0,04580  	0,01063  	59823,48522  	0,29344  	0,15439  	1,34832  	1,34538  	1193,17445  	2165164,96305  	86,60516  	17656236,95600  	0,22225  	37,58055  	NaN  	NaN  	0,00385  	0,00536  	0,00395  	0,00713  	926,68614  	0,00399  	0,00420  
95,07017  	1327,82048  	-244,98909  	928,24697  	26,30239  	0,04514  	0,01068  	9975,93410  	0,29258  	0,15499  	1,34376  	1,34083  	214427,81776  	6244688,15167  	86,35210  	2944286,10724  	0,22312  	1,59806  	Inf  	-Inf  	0,00385  	0,00536  	0,00394  	0,00712  	154,53396  	0,00398  	0,00420  
96,06963  	1327,82048  	929,22127  	1327,82053  	26,30149  	0,04808  	0,01073  	-15815,93170  	0,29304  	0,15578  	1,34553  	1,34260  	642834914,29157  	2259412,54861  	86,48732  	-4667896,50935  	0,22426  	0,00751  	-Inf  	-Inf  	0,00385  	0,00536  	0,00395  	0,00713  	-244,98909  	0,00399  	0,00421  
97,07017  	1327,82048  	152,52445  	152,54114  	26,30148  	0,04540  	0,01070  	60046,56655  	0,29293  	0,15532  	1,34445  	1,34151  	1092,26124  	89,33516  	86,45552  	17722076,93325  	0,22359  	154,67298  	NaN  	NaN  	0,00385  	0,00536  	0,00394  	0,00712  	930,14173  	0,00399  	0,00421  
98,06969  	1327,82048  	-244,98909  	931,08143  	26,30250  	0,03873  	0,01063  	85706,53851  	0,29361  	0,15427  	1,34609  	1,34315  	219959,84203  	5370880,57514  	86,65483  	25295332,54600  	0,22208  	1,34312  	Inf  	-Inf  	0,00385  	0,00536  	0,00394  	0,00713  	1327,62170  	0,00396  	0,00420  
99,06941  	1327,82048  	-244,98909  	149,94410  	26,30294  	0,04749  	0,01060  	85706,53851  	0,29602  	0,15384  	1,34660  	1,34366  	1264,30696  	2211493,53903  	87,36591  	25295332,54600  	0,22146  	35,82605  	Inf  	-Inf  	0,00385  	0,00537  	0,00394  	0,00713  	1327,62170  	0,00399  	0,00420  
100,07189  	1327,82048  	-244,98909  	-244,98909  	26,30298  	0,05036  	0,01067  	85706,53851  	0,29340  	0,15484  	1,34473  	1,34179  	319364,14758  	0,00000  	86,59495  	25295332,54600  	0,22291  	0,97442  	Inf  	-Inf  	0,00385  	0,00536  	0,00394  	0,00713  	1327,62170  	0,00400  	0,00420  
101,07189  	1327,82048  	935,98237  	936,03196  	26,30440  	0,04664  	0,01069  	9473,42514  	0,29414  	0,15518  	1,34798  	1,34504  	194638749,64489  	272,67996  	86,81160  	2795976,16984  	0,22339  	0,01625  	NaN  	NaN  	0,00385  	0,00536  	0,00395  	0,00713  	146,74995  	0,00399  	0,00421  
102,07189  	143,89067  	143,87436  	143,89068  	26,30440  	0,04543  	0,01068  	-15815,93170  	0,29412  	0,15510  	1,34634  	1,34340  	88,75259  	0,00311  	86,80490  	-4667896,50935  	2481,58505  	222,25073  	-Inf  	-Inf  	0,00385  	0,00536  	0,00394  	0,00713  	-244,98909  	0,00399  	0,00421  
103,07216  	-244,98909  	940,78218  	-244,98909  	26,30472  	0,04764  	0,01066  	-15815,93170  	0,29452  	0,15477  	1,34614  	1,34320  	50939,02656  	2566,40701  	86,92321  	-4667896,50935  	26,25966  	1,54055  	-Inf  	-Inf  	0,00385  	0,00537  	0,00395  	0,00713  	-244,98909  	0,00399  	0,00420  
104,07381  	941,93019  	140,88501  	941,93023  	26,30440  	0,05004  	0,01064  	60797,90605  	0,29293  	0,15452  	1,34763  	1,34469  	3762431,29315  	498250,63176  	86,45384  	17943826,43704  	1,02259  	0,19757  	-Inf  	-Inf  	0,00385  	0,00536  	0,00395  	0,00713  	941,78018  	0,00400  	0,00420  
105,07541  	139,40557  	943,37596  	139,40558  	26,30412  	0,04545  	0,01070  	8996,16002  	0,29349  	0,15535  	1,34320  	1,34026  	467149,21166  	153,36925  	86,62153  	2655116,67178  	2421,16304  	0,17951  	-Inf  	-Inf  	0,00385  	0,00536  	0,00394  	0,00712  	139,35699  	0,00399  	0,00421  
106,07737  	945,67764  	137,13772  	945,67768  	26,30492  	0,05202  	0,01069  	61039,79829  	0,29333  	0,15517  	1,34411  	1,34117  	3793776,27143  	536900,14286  	86,57326  	18015218,24530  	1,00859  	0,20542  	-Inf  	-Inf  	0,00385  	0,00536  	0,00394  	0,00712  	945,52716  	0,00401  	0,00421  
107,07767  	1327,82048  	950,96115  	1327,82053  	26,30507  	0,05089  	0,01067  	8506,52725  	0,29305  	0,15483  	1,34130  	1,33836  	678898697,07597  	2261281,09339  	86,48938  	2510607,00062  	0,22289  	0,00763  	-Inf  	-Inf  	0,00385  	0,00536  	0,00395  	0,00712  	131,77244  	0,00400  	0,00420  
108,07767  	1327,82048  	127,21327  	127,22890  	26,30539  	0,04745  	0,01069  	-15815,93170  	0,29383  	0,15512  	1,34488  	1,34194  	885,58577  	87,42778  	86,71935  	-4667896,50935  	0,22330  	461,84555  	NaN  	NaN  	0,00385  	0,00536  	0,00394  	0,00713  	-244,98909  	0,00399  	0,00421  
109,07891  	1327,82048  	-244,98909  	-244,98909  	26,30526  	0,04711  	0,01062  	61822,47946  	0,29324  	0,15419  	1,34637  	1,34343  	318012,42121  	0,00000  	86,54693  	18246217,89516  	0,22196  	0,91159  	Inf  	-Inf  	0,00385  	0,00536  	0,00394  	0,00713  	957,65110  	0,00399  	0,00420  
110,07871  	1327,82048  	-244,98909  	959,93024  	26,30615  	0,04854  	0,01067  	85706,53851  	0,29425  	0,15496  	1,34852  	1,34558  	297812,13515  	6895171,56231  	86,84580  	25295332,54600  	0,22308  	1,37200  	Inf  	-Inf  	0,00385  	0,00537  	0,00394  	0,00713  	1327,62170  	0,00400  	0,00420  
111,07881  	121,16098  	961,61979  	121,16099  	26,30584  	0,04752  	0,01069  	7818,49936  	0,29332  	0,15520  	1,34642  	1,34348  	391417,55116  	167,32650  	86,57042  	2307543,21474  	2144,31613  	0,18767  	-Inf  	-Inf  	0,00385  	0,00536  	0,00394  	0,00713  	121,11470  	0,00399  	0,00421  
112,07914  	-244,98909  	119,81446  	963,00166  	26,30602  	0,04117  	0,01065  	62158,03512  	0,29230  	0,15462  	1,34315  	1,34021  	1115528,24576  	1576,94823  	86,26925  	18345253,42098  	26,23432  	0,16256  	-Inf  	-Inf  	0,00385  	0,00536  	0,00394  	0,00712  	962,84895  	0,00397  	0,00420  
113,07978  	964,64674  	964,59599  	1327,82053  	26,30601  	0,04783  	0,01068  	85706,53851  	0,29325  	0,15507  	1,34359  	1,34066  	509069300,05535  	253115,24421  	86,54906  	25295332,54600  	0,92138  	0,00699  	-Inf  	-Inf  	0,00385  	0,00536  	0,00394  	0,00712  	1327,62170  	0,00399  	0,00421  
114,08016  	116,08148  	1327,75450  	1327,82053  	26,30610  	0,05025  	0,01071  	7490,62540  	0,29446  	0,15543  	1,34338  	1,34044  	123312008,21456  	0,01390  	86,90695  	2210774,85621  	2071,90853  	0,00394  	-Inf  	-Inf  	0,00385  	0,00537  	0,00394  	0,00712  	116,03585  	0,00400  	0,00421  
115,08016  	-244,98909  	1327,75450  	1327,82053  	26,30650  	0,04849  	0,01063  	-15815,93170  	0,29366  	0,15429  	1,34274  	1,33980  	369914781,12705  	0,14547  	86,67076  	-4667896,50935  	26,17844  	0,00380  	-Inf  	-Inf  	0,00385  	0,00536  	0,00394  	0,00712  	-244,98909  	0,00400  	0,00420  
116,08018  	970,33515  	112,48124  	1327,82053  	26,30746  	0,05126  	0,01067  	62631,40322  	0,29290  	0,15488  	1,34195  	1,33901  	25839798,01632  	943838,65733  	86,44486  	18484962,75671  	0,89611  	0,05612  	-Inf  	-Inf  	0,00385  	0,00536  	0,00394  	0,00712  	970,18155  	0,00400  	0,00420  
117,08016  	111,72412  	971,05625  	1327,82053  	26,30820  	0,04834  	0,01068  	7209,36454  	0,29328  	0,15510  	1,34457  	1,34164  	47180164,26829  	72,20466  	86,55926  	2127763,84041  	2004,22537  	0,00698  	-Inf  	-Inf  	0,00385  	0,00536  	0,00394  	0,00712  	111,67904  	0,00399  	0,00421  
118,08016  	972,50764  	1327,75450  	1327,82053  	26,30736  	0,04729  	0,01069  	62771,63420  	0,29420  	0,15516  	1,34612  	1,34318  	1297472263,39879  	48,01087  	86,83063  	18526350,37236  	0,88874  	0,00371  	-Inf  	-Inf  	0,00385  	0,00537  	0,00394  	0,00713  	972,35377  	0,00399  	0,00421  
119,08017  	1327,82048  	108,70515  	1327,82053  	26,30830  	0,04612  	0,01063  	85706,53851  	0,29308  	0,15437  	1,34572  	1,34279  	34902670,67987  	6629982,74813  	86,50034  	25295332,54600  	0,22222  	0,05109  	-Inf  	-Inf  	0,00385  	0,00536  	0,00394  	0,00713  	1327,62170  	0,00399  	0,00420  
120,07980  	107,87880  	-244,98909  	1327,82053  	26,30902  	0,04284  	0,01062  	6961,15520  	0,29337  	0,15418  	1,34267  	1,33973  	334480,39118  	282,00103  	86,58345  	2054507,60985  	1937,81707  	0,16914  	NaN  	NaN  	0,00385  	0,00536  	0,00394  	0,00712  	107,83421  	0,00398  	0,00420  
121,08017  	976,52508  	-244,98909  	106,30632  	26,30950  	0,04771  	0,01063  	63030,95378  	0,29348  	0,15431  	1,34647  	1,34353  	1684,30516  	264875,87405  	86,61754  	18602885,66441  	0,86757  	20,22044  	Inf  	-Inf  	0,00385  	0,00536  	0,00394  	0,00713  	976,37070  	0,00399  	0,00420  
122,08018  	1327,82048  	977,83636  	-244,98909  	26,30923  	0,04746  	0,01064  	6771,70073  	0,29407  	0,15440  	1,34401  	1,34107  	354590,31364  	6843279,63415  	86,79037  	1998592,22806  	0,22227  	1,18788  	NaN  	NaN  	0,00385  	0,00536  	0,00394  	0,00712  	104,89951  	0,00399  	0,00420  
123,08018  	1327,82048  	104,02038  	978,79641  	26,30937  	0,04604  	0,01068  	63177,56171  	0,29429  	0,15503  	1,34447  	1,34154  	5365931,14021  	4748372,69813  	86,85725  	18646155,36658  	0,22317  	0,18178  	NaN  	NaN  	0,00385  	0,00537  	0,00394  	0,00712  	978,64170  	0,00399  	0,00421  
124,08017  	1327,82048  	980,49271  	1327,82053  	26,30994  	0,04584  	0,01070  	85706,53851  	0,29438  	0,15535  	1,34401  	1,34107  	738942912,09921  	1877425,38407  	86,88333  	25295332,54600  	0,22363  	0,00651  	-Inf  	-Inf  	0,00385  	0,00537  	0,00394  	0,00712  	1327,62170  	0,00399  	0,00421  
125,08017  	101,02902  	101,01450  	1327,82053  	26,30872  	0,04490  	0,01068  	6519,01174  	0,29375  	0,15501  	1,34472  	1,34178  	1942595,80061  	230,45767  	86,69704  	1924013,88283  	1853,20407  	0,05092  	-Inf  	-Inf  	0,00385  	0,00536  	0,00395  	0,00713  	100,98528  	0,00398  	0,00421  
126,08012  	983,06062  	983,00910  	1327,82053  	26,30982  	0,04769  	0,01071  	63452,81304  	0,29374  	0,15541  	1,34222  	1,33929  	547191454,24429  	271632,91077  	86,69473  	18727392,73707  	0,84787  	0,00674  	-Inf  	-Inf  	0,00385  	0,00536  	0,00394  	0,00712  	982,90542  	0,00399  	0,00421  
127,08018  	1327,82048  	98,63556  	98,64999  	26,31085  	0,04669  	0,01064  	6365,44834  	0,29370  	0,15451  	1,34110  	1,33816  	847,70808  	79,41864  	86,68226  	1878691,35149  	0,22242  	817,39684  	NaN  	NaN  	0,00385  	0,00536  	0,00394  	0,00712  	98,60655  	0,00399  	0,00420  
128,08016  	97,74630  	-244,98909  	985,08513  	26,31040  	0,04506  	0,01065  	-15815,93170  	0,29606  	0,15455  	1,34928  	1,34634  	20907,43351  	231,86169  	87,37796  	-4667896,50935  	1803,57815  	1,07454  	NaN  	NaN  	0,00385  	0,00537  	0,00394  	0,00714  	-244,98909  	0,00398  	0,00420  
129,08017  	986,83537  	-244,98909  	1327,82053  	26,31048  	0,04390  	0,01063  	-15815,93170  	0,29310  	0,15434  	1,34399  	1,34106  	3942815,33805  	1169961,38692  	86,50576  	-4667896,50935  	0,82760  	0,17334  	NaN  	NaN  	0,00385  	0,00536  	0,00394  	0,00712  	-244,98909  	0,00398  	0,00420  
130,08015  	1327,82048  	988,04188  	1327,82053  	26,31178  	0,04989  	0,01062  	63777,68494  	0,29372  	0,15410  	1,34590  	1,34297  	748299331,84423  	1998619,45793  	86,68690  	18823275,07004  	0,22183  	0,00698  	-Inf  	-Inf  	0,00385  	0,00536  	0,00394  	0,00713  	987,93777  	0,00400  	0,00420  
131,08016  	93,47953  	93,46533  	1327,82053  	26,31212  	0,04526  	0,01065  	6031,70389  	0,29305  	0,15467  	1,34590  	1,34297  	1683058,16324  	233,65250  	86,48990  	1780190,38337  	1748,47586  	0,05255  	-Inf  	-Inf  	0,00385  	0,00536  	0,00394  	0,00713  	93,43675  	0,00398  	0,00420  
132,08015  	990,61011  	990,55827  	1327,82053  	26,31014  	0,04884  	0,01065  	-15815,93170  	0,29342  	0,15455  	1,34311  	1,34018  	559863473,35054  	286225,17127  	86,59977  	-4667896,50935  	0,81459  	0,00680  	-Inf  	-Inf  	0,00385  	0,00536  	0,00395  	0,00712  	-244,98909  	0,00400  	0,00420  
133,07981  	1327,82048  	1327,75450  	1327,82053  	26,31109  	0,05079  	0,01067  	64021,33887  	0,29362  	0,15493  	1,34676  	1,34382  	1782022146,11062  	395,48444  	86,65887  	18895186,81978  	0,22303  	0,00398  	-Inf  	-Inf  	0,00385  	0,00536  	0,00395  	0,00713  	991,71204  	0,00400  	0,00420  
134,08177  	1327,82048  	1327,75450  	89,63787  	26,31174  	0,05542  	0,01067  	5783,73003  	0,29257  	0,15488  	1,34560  	1,34266  	32075432,61992  	8089936,60833  	86,34857  	1707003,65360  	0,22295  	0,06513  	NaN  	NaN  	0,00385  	0,00536  	0,00394  	0,00713  	89,59557  	0,00402  	0,00420  
135,08321  	1327,82048  	87,58588  	995,23160  	26,31081  	0,04219  	0,01066  	64238,42829  	0,29445  	0,15469  	1,34800  	1,34506  	5354031,11581  	4515085,42915  	86,90326  	18959258,35079  	0,22267  	0,16659  	NaN  	NaN  	0,00385  	0,00537  	0,00394  	0,00713  	995,07481  	0,00398  	0,00420  
136,08395  	84,15975  	-244,98909  	1327,82053  	26,31179  	0,05138  	0,01063  	5430,12593  	0,29314  	0,15427  	1,34172  	1,33878  	237350,98692  	337,93168  	86,51648  	1602641,33214  	1624,53229  	0,20287  	NaN  	NaN  	0,00385  	0,00536  	0,00394  	0,00712  	84,11815  	0,00400  	0,00420  
137,08434  	1001,13345  	1001,08117  	1327,82053  	26,31175  	0,05060  	0,01066  	64619,38672  	0,29463  	0,15473  	1,34549  	1,34255  	583093597,83041  	308129,04111  	86,95796  	19071693,99646  	0,77768  	0,00691  	-Inf  	-Inf  	0,00385  	0,00537  	0,00395  	0,00713  	1000,97596  	0,00400  	0,00420  
138,08612  	1327,82048  	1327,75450  	78,63041  	26,31253  	0,04711  	0,01066  	85706,53851  	0,29285  	0,15471  	1,34377  	1,34084  	30444750,43838  	6938485,08532  	86,43112  	25295332,54600  	0,22271  	0,05732  	NaN  	NaN  	0,00385  	0,00536  	0,00394  	0,00712  	1327,62170  	0,00399  	0,00420  
139,08677  	76,41522  	1327,75450  	-244,98909  	26,31263  	0,04370  	0,01062  	85706,53851  	0,29349  	0,15417  	1,34472  	1,34178  	205349,81180  	287,39086  	86,62051  	25295332,54600  	1527,41176  	0,17259  	NaN  	NaN  	0,00385  	0,00536  	0,00395  	0,00713  	1327,62170  	0,00398  	0,00420  
140,08709  	1010,49098  	1327,75450  	1010,49102  	26,31348  	0,05438  	0,01065  	4667,20616  	0,29264  	0,15457  	1,34311  	1,34018  	603160036,48265  	341996,03724  	86,36946  	1377474,03991  	0,74507  	0,00731  	-Inf  	-Inf  	0,00385  	0,00536  	0,00394  	0,00712  	72,30031  	0,00401  	0,00420  
141,08800  	1327,82048  	70,62845  	1327,82053  	26,31395  	0,05011  	0,01068  	65333,05058  	0,29258  	0,15497  	1,34508  	1,34214  	29384938,76907  	7428632,58747  	86,35315  	19282323,95684  	0,22308  	0,06252  	-Inf  	-Inf  	0,00385  	0,00536  	0,00395  	0,00713  	1012,03081  	0,00400  	0,00420  
142,08778  	1327,82048  	1014,40011  	68,37846  	26,31452  	0,04660  	0,01069  	4411,46694  	0,29427  	0,15515  	1,34139  	1,33845  	5368826,41263  	5198023,97177  	86,85180  	1301995,45072  	0,22334  	0,18403  	NaN  	NaN  	0,00385  	0,00537  	0,00395  	0,00712  	68,33884  	0,00399  	0,00421  
143,08923  	1327,82048  	66,03739  	1016,78100  	26,31401  	0,04250  	0,01064  	65629,40933  	0,29423  	0,15453  	1,34566  	1,34272  	5348611,78493  	4764422,93203  	86,83765  	19369790,94717  	0,22245  	0,16782  	NaN  	NaN  	0,00385  	0,00537  	0,00394  	0,00713  	1016,62149  	0,00398  	0,00420  
144,09016  	1327,82048  	-244,98909  	1327,82053  	26,31411  	0,04235  	0,01063  	85706,53851  	0,29263  	0,15434  	1,34732  	1,34438  	5342539,50540  	7853255,09584  	86,36712  	25295332,54600  	0,22218  	0,16720  	NaN  	NaN  	0,00385  	0,00536  	0,00394  	0,00713  	1327,62170  	0,00398  	0,00420  
145,09018  	1327,82048  	-244,98909  	62,66629  	26,31367  	0,05080  	0,01071  	85706,53851  	0,29393  	0,15547  	1,34380  	1,34086  	4898,96909  	1842837,14932  	86,75119  	25295332,54600  	0,22380  	12,79024  	Inf  	-Inf  	0,00385  	0,00536  	0,00394  	0,00712  	1327,62170  	0,00400  	0,00421  
146,09016  	1327,82048  	1023,96119  	1024,01447  	26,31481  	0,05008  	0,01067  	85706,53851  	0,29384  	0,15494  	1,34060  	1,33766  	344917525,48612  	314,60536  	86,72395  	25295332,54600  	0,22304  	0,01185  	NaN  	NaN  	0,00385  	0,00536  	0,00395  	0,00712  	1327,62170  	0,00400  	0,00420  
147,08981  	57,30491  	57,29223  	1327,82053  	26,31550  	0,05203  	0,01066  	85706,53851  	0,29275  	0,15468  	1,34500  	1,34206  	655784,98926  	276,43337  	86,40262  	25295332,54600  	1302,86253  	0,06773  	-Inf  	-Inf  	0,00385  	0,00536  	0,00394  	0,00713  	1327,62170  	0,00401  	0,00420  
148,09017  	1026,78473  	1026,73137  	56,04667  	26,31585  	0,04484  	0,01065  	85706,53851  	0,29263  	0,15466  	1,34123  	1,33829  	4113896,90171  	958997,11158  	86,36609  	25295332,54600  	0,69385  	0,17708  	NaN  	NaN  	0,00385  	0,00536  	0,00395  	0,00712  	1327,62170  	0,00398  	0,00420  
149,08980  	54,78841  	1327,75450  	1028,04302  	26,31629  	0,04803  	0,01066  	3534,25112  	0,29416  	0,15474  	1,34409  	1,34116  	18313931,53324  	60,19670  	86,81824  	1043094,94860  	1273,78956  	0,00625  	-Inf  	-Inf  	0,00385  	0,00537  	0,00395  	0,00712  	54,75053  	0,00399  	0,00420  
150,09016  	1029,18177  	53,63709  	1327,82053  	26,31715  	0,04064  	0,01063  	-15815,93170  	0,29457  	0,15435  	1,34487  	1,34194  	20812513,30424  	1158770,31321  	86,93859  	-4667896,50935  	0,68526  	0,05353  	-Inf  	-Inf  	0,00385  	0,00537  	0,00394  	0,00713  	-244,98909  	0,00397  	0,00420  
151,09016  	1327,82048  	1029,99597  	52,78194  	26,31784  	0,05127  	0,01067  	-15815,93170  	0,29260  	0,15491  	1,34662  	1,34368  	5360485,32238  	5907700,84663  	86,35745  	-4667896,50935  	0,22299  	0,20248  	NaN  	NaN  	0,00385  	0,00536  	0,00394  	0,00713  	-244,98909  	0,00400  	0,00420  
152,09016  	51,01367  	1327,75450  	1031,81776  	26,31783  	0,04807  	0,01070  	66600,00962  	0,29390  	0,15533  	1,34067  	1,33773  	16107340,61605  	59,49026  	86,74027  	19656252,83778  	1234,30925  	0,00621  	-Inf  	-Inf  	0,00385  	0,00536  	0,00395  	0,00712  	1031,65635  	0,00399  	0,00421  
153,08947  	1033,07597  	1327,75450  	49,75543  	26,31742  	0,04707  	0,01071  	85706,53851  	0,29454  	0,15546  	1,34618  	1,34324  	20651912,98628  	1379927,11191  	86,92925  	25295332,54600  	0,67861  	0,06279  	NaN  	NaN  	0,00385  	0,00537  	0,00396  	0,00713  	1327,62170  	0,00399  	0,00421  
154,08949  	48,49718  	1327,75450  	-244,98909  	26,31848  	0,04262  	0,01071  	85706,53851  	0,29272  	0,15554  	1,34104  	1,33811  	91710,98352  	280,37866  	86,39397  	25295332,54600  	1206,55997  	0,16834  	NaN  	NaN  	0,00385  	0,00536  	0,00393  	0,00712  	1327,62170  	0,00398  	0,00421  
155,09215  	-244,98909  	1327,75450  	-244,98909  	26,31823  	0,05212  	0,01068  	3058,26778  	0,29435  	0,15502  	1,34277  	1,33983  	1118147,59143  	3723,32235  	86,87362  	902613,75530  	26,30639  	0,20586  	-Inf  	-Inf  	0,00385  	0,00537  	0,00395  	0,00712  	47,37742  	0,00401  	0,00421  
156,09187  	1036,25690  	46,56226  	1036,25694  	26,31863  	0,04494  	0,01066  	66886,55202  	0,29319  	0,15471  	1,34477  	1,34183  	4155146,20020  	1041313,54656  	86,53117  	19740822,64521  	0,66607  	0,17746  	-Inf  	-Inf  	0,00385  	0,00536  	0,00395  	0,00713  	1036,09497  	0,00398  	0,00420  
157,09188  	43,49027  	1039,28724  	1327,82053  	26,31875  	0,04456  	0,01071  	85706,53851  	0,29277  	0,15549  	1,34585  	1,34291  	11439448,19126  	53,77235  	86,40638  	25295332,54600  	1148,10797  	0,00568  	-Inf  	-Inf  	0,00385  	0,00536  	0,00395  	0,00713  	1327,62170  	0,00398  	0,00421  
158,09188  	-244,98909  	40,87852  	40,89052  	26,31900  	0,04930  	0,01072  	2637,16276  	0,29449  	0,15556  	1,34483  	1,34189  	176,50227  	0,02687  	86,91467  	778329,28776  	26,39768  	408,29306  	-Inf  	-Inf  	0,00385  	0,00537  	0,00395  	0,00713  	40,85438  	0,00400  	0,00421  
159,09188  	1043,39963  	-244,98909  	1043,39967  	26,31842  	0,04846  	0,01071  	-15815,93170  	0,29372  	0,15541  	1,34379  	1,34085  	513633,19614  	1529248,54725  	86,68792  	-4667896,50935  	0,64885  	0,79935  	NaN  	NaN  	0,00385  	0,00536  	0,00395  	0,00712  	-244,98909  	0,00400  	0,00421  
160,09188  	1327,82048  	1044,34610  	1327,82053  	26,31892  	0,04936  	0,01067  	67412,18938  	0,29464  	0,15493  	1,34309  	1,34015  	875640287,98965  	1649946,44607  	86,95944  	19895958,67023  	0,22302  	0,00624  	-Inf  	-Inf  	0,00385  	0,00537  	0,00395  	0,00712  	1044,23724  	0,00400  	0,00420  
161,09413  	37,17295  	37,16111  	37,17296  	26,31919  	0,04579  	0,01068  	85706,53851  	0,29555  	0,15498  	1,34575  	1,34281  	7,03537  	0,00227  	87,22774  	25295332,54600  	1072,25280  	353,58027  	-Inf  	-Inf  	0,00385  	0,00537  	0,00395  	0,00713  	1327,62170  	0,00399  	0,00420  
162,09460  	-244,98909  	1047,25519  	-244,98909  	26,32013  	0,04046  	0,01069  	2290,63229  	0,29363  	0,15514  	1,34428  	1,34135  	141513,53096  	2374,34962  	86,66188  	676054,66829  	26,32723  	0,65205  	-Inf  	-Inf  	0,00385  	0,00536  	0,00394  	0,00712  	35,48653  	0,00397  	0,00421  
163,09484  	1050,82007  	1327,75450  	1050,82012  	26,31954  	0,04374  	0,01070  	-15815,93170  	0,29450  	0,15535  	1,34255  	1,33962  	703011250,64090  	310925,33581  	86,91781  	-4667896,50935  	0,62836  	0,00547  	-Inf  	-Inf  	0,00385  	0,00537  	0,00394  	0,00712  	-244,98909  	0,00398  	0,00421  
164,09659  	28,78929  	1327,75450  	1327,82053  	26,31977  	0,05851  	0,01072  	68034,55990  	0,29359  	0,15560  	1,34300  	1,34006  	3395815,04009  	0,01616  	86,64896  	20079644,41512  	982,58961  	0,00459  	-Inf  	-Inf  	0,00385  	0,00536  	0,00394  	0,00712  	1053,87793  	0,00403  	0,00421  
165,09853  	-244,98909  	1327,75450  	1327,82053  	26,32076  	0,05346  	0,01066  	85706,53851  	0,29380  	0,15478  	1,34281  	1,33987  	371108969,00994  	0,16034  	86,71055  	25295332,54600  	26,26547  	0,00419  	-Inf  	-Inf  	0,00385  	0,00536  	0,00394  	0,00712  	1327,62170  	0,00401  	0,00420  
166,09922  	1058,46507  	1327,75450  	24,36633  	26,32213  	0,04915  	0,01065  	1570,55122  	0,29485  	0,15466  	1,34372  	1,34078  	18637956,60075  	1724643,28753  	87,02273  	463530,74205  	0,60560  	0,07122  	NaN  	NaN  	0,00385  	0,00537  	0,00395  	0,00712  	24,33228  	0,00400  	0,00420  
167,09998  	1327,82048  	1327,75450  	1062,75437  	26,32290  	0,04129  	0,01066  	-15815,93170  	0,29420  	0,15474  	1,34547  	1,34253  	918120915,74074  	1290082,24829  	86,82995  	-4667896,50935  	0,22274  	0,00505  	NaN  	NaN  	0,00385  	0,00537  	0,00394  	0,00713  	-244,98909  	0,00397  	0,00420  
168,10017  	16,46497  	1327,75450  	1327,82053  	26,32221  	0,04635  	0,01066  	-15815,93170  	0,29421  	0,15480  	1,34835  	1,34541  	13485116,11226  	0,01280  	86,83160  	-4667896,50935  	845,95656  	0,00363  	-Inf  	-Inf  	0,00385  	0,00537  	0,00394  	0,00713  	-244,98909  	0,00399  	0,00420  
169,10016  	1068,98779  	13,83274  	1327,82053  	26,32258  	0,04288  	0,01072  	68999,28136  	0,29607  	0,15563  	1,34773  	1,34479  	18001383,97610  	1618898,67125  	87,38118  	20364371,23575  	0,58308  	0,06432  	NaN  	NaN  	0,00385  	0,00537  	0,00395  	0,00713  	1068,82172  	0,00398  	0,00421  
170,10017  	1327,82048  	1070,45365  	12,32256  	26,32269  	0,04946  	0,01066  	85706,53851  	0,29248  	0,15470  	1,34090  	1,33796  	5352927,29878  	6171102,87302  	86,32286  	25295332,54600  	0,22268  	0,19533  	NaN  	NaN  	0,00385  	0,00536  	0,00394  	0,00712  	1327,62170  	0,00400  	0,00420  
171,10016  	11,11553  	1327,75450  	1071,71590  	26,32361  	0,04916  	0,01066  	85706,53851  	0,29518  	0,15468  	1,34609  	1,34315  	10980830,20249  	52,65312  	87,11809  	25295332,54600  	790,96135  	0,00592  	-Inf  	-Inf  	0,00385  	0,00537  	0,00395  	0,00713  	1327,62170  	0,00400  	0,00420  
172,10015  	1072,76178  	10,05891  	10,06962  	26,32339  	0,04023  	0,01069  	647,72024  	0,29482  	0,15517  	1,34476  	1,34183  	679,80342  	12,66739  	87,01226  	191167,43064  	0,57229  	163,60824  	Inf  	-Inf  	0,00385  	0,00537  	0,00394  	0,00713  	10,03738  	0,00397  	0,00421  
173,10015  	8,59853  	1074,17752  	-244,98909  	26,32517  	0,04534  	0,01067  	69337,84257  	0,29411  	0,15488  	1,34404  	1,34111  	11646,33664  	250,24165  	86,80389  	20464293,81453  	767,01262  	0,62373  	NaN  	NaN  	0,00385  	0,00536  	0,00394  	0,00712  	1074,06613  	0,00399  	0,00420  
174,10013  	-244,98909  	7,59353  	-244,98909  	26,32526  	0,05511  	0,01067  	488,57701  	0,29297  	0,15492  	1,34518  	1,34224  	2609,47251  	632,13712  	86,46710  	144198,07694  	26,29113  	7,72807  	Inf  	-Inf  	0,00385  	0,00536  	0,00394  	0,00713  	7,57220  	0,00402  	0,00420  
175,10062  	-244,98909  	-244,98909  	-244,98909  	26,32574  	0,04419  	0,01068  	69483,24777  	0,29456  	0,15499  	1,34601  	1,34307  	66637,73976  	0,00000  	86,93654  	20507208,54295  	26,30269  	0,85511  	Inf  	-Inf  	0,00385  	0,00537  	0,00394  	0,00713  	1076,31850  	0,00398  	0,00420  
176,10314  	-244,98909  	1077,98799  	1078,04353  	26,32504  	0,04657  	0,01069  	306,79379  	0,29481  	0,15526  	1,34438  	1,34145  	99908420,90553  	0,11748  	87,01109  	90546,77851  	26,34792  	0,00884  	-Inf  	-Inf  	0,00385  	0,00537  	0,00394  	0,00712  	4,75633  	0,00399  	0,00421  
177,10436  	-244,98909  	1327,75450  	1327,82053  	26,32622  	0,05123  	0,01072  	-15815,93170  	0,29334  	0,15569  	1,34493  	1,34200  	373309083,94985  	0,15363  	86,57517  	-4667896,50935  	26,42215  	0,00401  	-Inf  	-Inf  	0,00385  	0,00536  	0,00395  	0,00713  	-244,98909  	0,00400  	0,00421  
178,10453  	-244,98909  	1327,75450  	-0,84586  	26,32687  	0,04306  	0,01072  	-15815,93170  	0,29419  	0,15559  	1,34586  	1,34292  	4354083,81539  	2597,79243  	86,82706  	-4667896,50935  	26,40454  	0,06785  	-Inf  	-Inf  	0,00385  	0,00537  	0,00394  	0,00713  	-244,98909  	0,00398  	0,00421  
179,10733  	-244,98909  	-5,39880  	1088,22019  	26,32708  	0,04477  	0,01069  	70240,70038  	0,29336  	0,15522  	1,34457  	1,34163  	1120002,29785  	2223,54279  	86,58300  	20730762,26608  	26,34240  	0,17678  	NaN  	NaN  	0,00385  	0,00536  	0,00395  	0,00712  	1088,05164  	0,00398  	0,00421  
180,10819  	-244,98909  	-244,98909  	-7,79697  	26,32737  	0,04924  	0,01071  	-505,54122  	0,29437  	0,15554  	1,34604  	1,34310  	3360,57118  	530,34755  	86,88049  	-149204,87443  	26,39624  	5,93770  	NaN  	NaN  	0,00385  	0,00537  	0,00394  	0,00713  	-7,82696  	0,00400  	0,00421  
181,10874  	1095,63785  	-244,98909  	-244,98909  	26,32728  	0,04328  	0,01072  	70719,50186  	0,29431  	0,15559  	1,34499  	1,34205  	263656,34370  	0,00000  	86,86336  	20872075,20043  	0,52236  	0,83746  	Inf  	-Inf  	0,00385  	0,00537  	0,00395  	0,00713  	1095,46841  	0,00398  	0,00421  
182,11001  	-15,76514  	1098,54017  	1098,59658  	26,32726  	0,04775  	0,01068  	-1019,87397  	0,29502  	0,15505  	1,34730  	1,34436  	17450161,19383  	0,01129  	87,07306  	-301004,46989  	551,51789  	0,00836  	-Inf  	-Inf  	0,00385  	0,00537  	0,00394  	0,00713  	-15,79411  	0,00399  	0,00421  
183,11008  	1100,48315  	1327,75450  	-17,65175  	26,32847  	0,05177  	0,01074  	71032,25903  	0,29267  	0,15587  	1,34274  	1,33980  	15876196,38258  	2421712,10476  	86,37877  	20964382,00481  	0,51311  	0,08636  	NaN  	NaN  	0,00385  	0,00536  	0,00394  	0,00712  	1100,31310  	0,00401  	0,00421  
184,11188  	-19,67351  	1327,75450  	-244,98909  	26,32881  	0,05211  	0,01073  	-1272,15325  	0,29334  	0,15584  	1,34434  	1,34140  	190587,12877  	343,98792  	86,57664  	-375461,89742  	524,13369  	0,20582  	NaN  	NaN  	0,00385  	0,00536  	0,00394  	0,00712  	-19,70199  	0,00401  	0,00421  
185,11180  	1105,19969  	-22,37764  	1105,19974  	26,32965  	0,04668  	0,01068  	71336,70466  	0,29395  	0,15505  	1,34200  	1,33906  	4448809,10577  	1882092,26988  	86,75655  	21054235,75048  	0,50081  	0,18430  	NaN  	NaN  	0,00385  	0,00536  	0,00394  	0,00712  	1105,02905  	0,00399  	0,00421  
186,11331  	-24,47534  	-244,98909  	-24,47534  	26,33032  	0,04089  	0,01071  	85706,53851  	0,29479  	0,15542  	1,34581  	1,34287  	816,56927  	37,90575  	87,00424  	25295332,54600  	487,59771  	4,21111  	NaN  	NaN  	0,00385  	0,00537  	0,00394  	0,00713  	1327,62170  	0,00397  	0,00421  
187,11274  	1110,71872  	1110,66184  	-244,98909  	26,33028  	0,04686  	0,01072  	-1802,34263  	0,29406  	0,15564  	1,34512  	1,34218  	967667,45670  	2347107,04431  	86,78828  	-531941,40003  	0,49168  	0,52499  	NaN  	NaN  	0,00385  	0,00536  	0,00394  	0,00713  	-27,91477  	0,00399  	0,00421  
188,11423  	1327,82048  	-30,78141  	1113,60386  	26,32971  	0,05026  	0,01068  	-15815,93170  	0,29300  	0,15509  	1,34654  	1,34360  	5367959,74292  	6781677,86646  	86,47636  	-4667896,50935  	0,22324  	0,19843  	Inf  	-Inf  	0,00385  	0,00536  	0,00394  	0,00713  	-244,98909  	0,00400  	0,00421  
189,11459  	1327,82048  	1114,97524  	1327,82053  	26,32881  	0,04702  	0,01071  	71971,38417  	0,29359  	0,15546  	1,34474  	1,34181  	1057292860,59709  	1180096,53808  	86,64961  	21241554,35446  	0,22378  	0,00525  	-Inf  	-Inf  	0,00385  	0,00536  	0,00394  	0,00713  	1114,86041  	0,00399  	0,00421  
190,11540  	-34,71539  	1327,75450  	-34,71538  	26,33073  	0,04482  	0,01065  	-2243,08347  	0,29437  	0,15463  	1,34171  	1,33878  	820827,34604  	258,10206  	86,87866  	-662021,16202  	417,17431  	0,07928  	-Inf  	-Inf  	0,00385  	0,00537  	0,00394  	0,00712  	-34,74196  	0,00398  	0,00420  
191,11534  	1119,89506  	1327,75450  	-244,98909  	26,33091  	0,04609  	0,01070  	72285,26795  	0,29412  	0,15529  	1,34390  	1,34096  	4514540,51378  	2826377,86342  	86,80667  	21334193,66488  	0,47297  	0,18202  	NaN  	NaN  	0,00385  	0,00536  	0,00395  	0,00712  	1119,72255  	0,00399  	0,00421  
192,11777  	1327,82048  	1327,75450  	1121,40105  	26,33198  	0,04631  	0,01071  	-2491,86799  	0,29445  	0,15549  	1,34552  	1,34258  	1074953017,00428  	1126955,46949  	86,90364  	-735447,15070  	0,22381  	0,00511  	NaN  	NaN  	0,00385  	0,00537  	0,00395  	0,00713  	-38,59570  	0,00399  	0,00421  
193,11869  	-41,95481  	1327,75450  	1327,82053  	26,33173  	0,04618  	0,01068  	72600,98419  	0,29496  	0,15505  	1,34602  	1,34308  	93569248,27047  	0,01297  	87,05474  	21427373,80721  	375,47381  	0,00362  	-Inf  	-Inf  	0,00385  	0,00537  	0,00394  	0,00713  	1124,61309  	0,00399  	0,00421  
194,12017  	1129,37160  	1327,75450  	-46,54021  	26,33278  	0,04925  	0,01066  	-3006,35788  	0,29383  	0,15481  	1,34313  	1,34020  	13973120,79462  	2789036,22368  	86,72102  	-887293,12324  	0,45421  	0,09079  	NaN  	NaN  	0,00385  	0,00536  	0,00394  	0,00712  	-46,56529  	0,00400  	0,00420  
195,11975  	-48,19141  	-48,19967  	1131,02285  	26,33362  	0,04140  	0,01070  	73003,54703  	0,29557  	0,15530  	1,35066  	1,34772  	307800,65307  	209,16237  	87,23372  	21546185,75634  	342,46665  	0,16347  	NaN  	NaN  	0,00385  	0,00537  	0,00394  	0,00714  	1130,84889  	0,00397  	0,00421  
196,11995  	1133,30118  	1133,24335  	-50,46978  	26,33428  	0,04645  	0,01065  	-3260,00582  	0,29316  	0,15464  	1,34394  	1,34100  	4551098,96591  	2317744,18922  	86,52170  	-962154,49431  	0,44678  	0,18346  	NaN  	NaN  	0,00385  	0,00536  	0,00394  	0,00712  	-50,49437  	0,00399  	0,00420  
197,11983  	1327,82048  	-53,15274  	1135,97613  	26,33422  	0,04882  	0,01065  	73323,27380  	0,29313  	0,15468  	1,33947  	1,33654  	5353810,80484  	6845648,93054  	86,51397  	21640549,55784  	0,22264  	0,19276  	Inf  	-Inf  	0,00385  	0,00536  	0,00394  	0,00711  	1135,80155  	0,00400  	0,00420  
198,12389  	1327,82048  	1137,45252  	-54,67913  	26,33475  	0,04335  	0,01068  	-3531,71281  	0,29311  	0,15508  	1,34388  	1,34094  	5366184,88355  	6093592,95217  	86,50863  	-1042345,79365  	0,22323  	0,17119  	NaN  	NaN  	0,00385  	0,00536  	0,00395  	0,00712  	-54,70318  	0,00398  	0,00421  
199,12483  	1327,82048  	1327,75450  	1138,91994  	26,33441  	0,04814  	0,01068  	-15815,93170  	0,29506  	0,15497  	1,34882  	1,34588  	1120594625,05832  	1071918,38623  	87,08396  	-4667896,50935  	0,22307  	0,00515  	NaN  	NaN  	0,00385  	0,00537  	0,00395  	0,00713  	-244,98909  	0,00399  	0,00420  
200,12459  	-59,01181  	-59,01961  	-59,01180  	26,33505  	0,04578  	0,01067  	-15815,93170  	0,29438  	0,15489  	1,34504  	1,34210  	111,06692  	0,00156  	86,88164  	-4667896,50935  	290,20506  	25,30683  	NaN  	NaN  	0,00385  	0,00537  	0,00395  	0,00713  	-244,98909  	0,00399  	0,00420  
201,12587  	1147,33414  	1147,27572  	-244,98909  	26,33458  	0,04402  	0,01061  	74056,41898  	0,29468  	0,15408  	1,34443  	1,34150  	1320719,96485  	2799567,34922  	86,97076  	21856929,21178  	0,42154  	0,40539  	NaN  	NaN  	0,00385  	0,00537  	0,00394  	0,00712  	1147,15817  	0,00398  	0,00420  
202,12679  	-66,31792  	1327,75450  	1149,14936  	26,33465  	0,04638  	0,01072  	-4282,97909  	0,29409  	0,15564  	1,34383  	1,34090  	82236481,51789  	36,79072  	86,79616  	-1264073,68866  	261,25617  	0,00488  	-Inf  	-Inf  	0,00385  	0,00536  	0,00394  	0,00712  	-66,34050  	0,00399  	0,00421  
203,12764  	1150,86764  	1327,75450  	-68,03624  	26,33397  	0,04400  	0,01066  	-15815,93170  	0,29398  	0,15480  	1,34407  	1,34113  	12734364,26876  	2862105,82758  	86,76393  	-4667896,50935  	0,41778  	0,08749  	NaN  	NaN  	0,00385  	0,00536  	0,00395  	0,00712  	-244,98909  	0,00398  	0,00420  
204,12747  	-72,99252  	1327,75450  	1155,82396  	26,33514  	0,03716  	0,01072  	74604,42111  	0,29520  	0,15564  	1,34717  	1,34423  	89667403,69880  	28,97264  	87,12389  	22018665,95398  	236,38754  	0,00387  	-Inf  	-Inf  	0,00385  	0,00537  	0,00395  	0,00713  	1155,64687  	0,00396  	0,00421  
205,12794  	-244,98909  	1327,75450  	1327,82053  	26,33558  	0,04165  	0,01066  	85706,53851  	0,29412  	0,15473  	1,34308  	1,34014  	371022613,84086  	0,12489  	86,80496  	25295332,54600  	26,26197  	0,00326  	-Inf  	-Inf  	0,00385  	0,00536  	0,00394  	0,00712  	1327,62170  	0,00397  	0,00420  
206,12773  	-244,98909  	1327,75450  	1327,82053  	26,33618  	0,04659  	0,01064  	-4939,24891  	0,29570  	0,15453  	1,34757  	1,34463  	370542768,04802  	0,13968  	87,27163  	-1457764,43386  	26,22811  	0,00365  	-Inf  	-Inf  	0,00385  	0,00537  	0,00394  	0,00713  	-76,50630  	0,00399  	0,00420  
207,12748  	1161,31733  	-78,49292  	1327,82053  	26,33850  	0,04709  	0,01064  	74959,01264  	0,29502  	0,15451  	1,34756  	1,34462  	12143211,14278  	3274372,82775  	87,07255  	22123319,70424  	0,40065  	0,09720  	NaN  	NaN  	0,00385  	0,00537  	0,00394  	0,00713  	1161,13959  	0,00399  	0,00420  
208,12778  	-78,99999  	1161,77236  	-78,99999  	26,33820  	0,04096  	0,01067  	-5101,58745  	0,29296  	0,15485  	1,34398  	1,34104  	433653,83472  	235,73352  	86,46245  	-1505676,85289  	215,04806  	0,16175  	-Inf  	-Inf  	0,00385  	0,00536  	0,00394  	0,00712  	-79,02097  	0,00397  	0,00420  
209,13111  	1163,83533  	1327,75450  	1163,83538  	26,33715  	0,04739  	0,01072  	75121,54612  	0,29498  	0,15567  	1,34870  	1,34576  	1048095143,51540  	389559,34512  	87,06152  	22171289,65270  	0,39980  	0,00486  	-Inf  	-Inf  	0,00385  	0,00537  	0,00394  	0,00713  	1163,65728  	0,00399  	0,00421  
