11/19/2024 10:10:16Time	T_hot_in(C)	T_cold_in(C)	T_cold_out(C)	T_hot_out(C)	mdot_cold(kg/s)	ASFASIFUAS(kg/s)	Diferencial_cold(bar)	Diferencial_hot(bar)	mdot_hot(kg/s)	ABS_cold(bar)	ABS_hot(bar)	q_cold(kW)	q_hot(kW)	ASFASYFY	Tau_cold_haste	Re_hot	Re_cold	U_global	PSIG_cold(bar)	R_fouling	PSIG_hot(bar)	PSID_hot(bar)	m_dot_hot	PSID_cold(bar)	m_dot_cold
2,04598  	0,00000  	0,00000  	0,00000  	0,00000  	-1,18512  	-0,20833  	-0,25900  	-0,86180  	-3,02442  	-1,72343  	-1,72415  	-0,00000  	-0,00000  	-254,35069  	-76,44127  	-9234,48090  	-3618,55272  	NaN  	NaN  	0,00000  	0,00000  	0,00000  	0,00000  	0,00000  	0,00000  	0,00000  
3,04802  	1327,82048  	1327,75450  	1327,82053  	26,30929  	0,04327  	0,00026  	85706,53851  	-0,00729  	0,00374  	-0,08262  	-0,08453  	42995349,63885  	336,91838  	-2,15064  	25295332,54600  	0,00538  	0,00339  	-Inf  	-Inf  	0,00385  	0,00397  	0,00395  	0,00381  	1327,62170  	0,00398  	0,00400  
4,04904  	198,56133  	198,54272  	1327,82053  	26,31200  	0,04762  	0,00023  	85706,53851  	0,00353  	0,00333  	-0,03264  	-0,03458  	147929,11613  	228,74495  	1,04164  	25295332,54600  	50,86689  	0,04036  	-Inf  	-Inf  	0,00385  	0,00402  	0,00394  	0,00393  	1327,62170  	0,00399  	0,00400  
5,04884  	-244,98909  	776,05252  	1327,82053  	26,31696  	0,04955  	0,00334  	85706,53851  	0,06624  	0,04852  	0,25100  	0,24885  	26724911,73704  	1241,69402  	19,55105  	25295332,54600  	8,23381  	0,01045  	-Inf  	-Inf  	0,00385  	0,00431  	0,00395  	0,00459  	1327,62170  	0,00400  	0,00406  
6,05011  	-244,98909  	304,29279  	304,31585  	26,32142  	0,04702  	0,00853  	19640,86708  	0,16865  	0,12388  	0,79522  	0,79268  	15228,62285  	0,04925  	49,77544  	5796783,68821  	21,02183  	2,98964  	-Inf  	-Inf  	0,00385  	0,00478  	0,00394  	0,00585  	304,24641  	0,00399  	0,00416  
7,05089  	780,68789  	780,64486  	780,68792  	26,32515  	0,04308  	0,01136  	50389,96005  	0,31383  	0,16488  	1,45265  	1,44963  	37192362,10395  	6,50259  	92,62477  	14872036,82141  	2,58306  	0,03306  	-Inf  	-Inf  	0,00385  	0,00546  	0,00394  	0,00738  	780,55826  	0,00398  	0,00422  
8,05249  	1327,82048  	299,97755  	1327,82053  	26,33049  	0,04093  	0,01175  	85706,53851  	0,33695  	0,17055  	1,54905  	1,54596  	86972382,16947  	4960324,37455  	99,44759  	25295332,54600  	0,24549  	0,02616  	-Inf  	-Inf  	0,00385  	0,00556  	0,00394  	0,00760  	1327,62170  	0,00397  	0,00423  
9,05339  	296,68653  	-244,98909  	1327,82053  	26,33159  	0,04662  	0,01150  	85706,53851  	0,33516  	0,16696  	1,54013  	1,53705  	1200489,30843  	463,07133  	98,91868  	25295332,54600  	396,89076  	0,18406  	NaN  	NaN  	0,00385  	0,00556  	0,00394  	0,00758  	1327,62170  	0,00399  	0,00422  
10,05439  	-244,98909  	-244,98909  	294,24199  	26,33166  	0,04731  	0,01142  	85706,53851  	0,33496  	0,16576  	1,54159  	1,53851  	188,13419  	1158,32493  	98,85885  	25295332,54600  	28,13262  	279,32373  	NaN  	NaN  	0,00385  	0,00555  	0,00395  	0,00758  	1327,62170  	0,00399  	0,00422  
11,05612  	792,87047  	792,82693  	792,87051  	26,33345  	0,04758  	0,01140  	85706,53851  	0,33435  	0,16555  	1,53803  	1,53495  	41959130,05270  	8,07626  	98,68089  	25295332,54600  	2,41337  	0,03411  	-Inf  	-Inf  	0,00385  	0,00555  	0,00395  	0,00757  	1327,62170  	0,00399  	0,00422  
12,05949  	286,08131  	1327,75450  	286,08133  	26,33628  	0,04770  	0,01140  	85706,53851  	0,33562  	0,16554  	1,54148  	1,53840  	15934169,05164  	284,48516  	99,05475  	25295332,54600  	485,60709  	0,03167  	-Inf  	-Inf  	0,00385  	0,00556  	0,00395  	0,00758  	1327,62170  	0,00399  	0,00422  
13,06025  	800,93242  	1327,75450  	-244,98909  	26,33871  	0,03691  	0,01145  	85706,53851  	0,33573  	0,16617  	1,54786  	1,54477  	3421962,69742  	242274,19919  	99,08747  	25295332,54600  	2,31126  	0,14577  	NaN  	NaN  	0,00385  	0,00556  	0,00394  	0,00760  	1327,62170  	0,00396  	0,00422  
14,06069  	1327,82048  	1327,75450  	803,65547  	26,34013  	0,04396  	0,01145  	85706,53851  	0,33602  	0,16619  	1,54391  	1,54083  	476910873,43810  	2717007,26801  	99,17266  	25295332,54600  	0,23921  	0,00877  	NaN  	NaN  	0,00385  	0,00556  	0,00394  	0,00759  	1327,62170  	0,00398  	0,00422  
15,06329  	276,76779  	1327,75450  	276,76781  	26,34177  	0,04541  	0,01145  	85706,53851  	0,33472  	0,16620  	1,53964  	1,53656  	14855839,30995  	254,31644  	98,78990  	25295332,54600  	589,55052  	0,03092  	-Inf  	-Inf  	0,00385  	0,00555  	0,00394  	0,00758  	1327,62170  	0,00399  	0,00422  
16,06504  	810,24254  	1327,75450  	-244,98909  	26,34208  	0,05014  	0,01146  	17592,93863  	0,33481  	0,16638  	1,54340  	1,54032  	3467468,87625  	356028,62216  	98,81595  	5192360,35969  	2,19353  	0,19803  	NaN  	NaN  	0,00385  	0,00555  	0,00394  	0,00759  	272,52344  	0,00400  	0,00422  
17,06794  	1327,82048  	1327,75450  	-244,98909  	26,34309  	0,04272  	0,01142  	52629,14354  	0,33560  	0,16580  	1,54500  	1,54192  	5736558,38661  	7922771,97134  	99,04944  	15532906,94841  	0,23864  	0,16871  	NaN  	NaN  	0,00385  	0,00556  	0,00395  	0,00759  	815,24382  	0,00398  	0,00422  
18,06908  	1327,82048  	1327,75450  	820,16926  	26,34387  	0,04602  	0,01142  	85706,53851  	0,40913  	0,16584  	1,54606  	1,54298  	499821990,44483  	2754556,26216  	120,75070  	25295332,54600  	0,23870  	0,00888  	NaN  	NaN  	0,00385  	0,00590  	0,00395  	0,00759  	1327,62170  	0,00399  	0,00422  
19,07011  	1327,82048  	1327,75450  	257,19194  	26,34311  	0,04535  	0,01147  	85706,53851  	0,96962  	0,16653  	1,54108  	1,53800  	71442720,09178  	5725693,49845  	286,17403  	25295332,54600  	0,23970  	0,03258  	NaN  	NaN  	0,00385  	0,00850  	0,00395  	0,00758  	1327,62170  	0,00399  	0,00422  
20,06982  	254,22067  	1327,75450  	-244,98909  	26,34260  	0,04804  	0,01147  	85706,53851  	0,79681  	0,16652  	1,54002  	1,53694  	1008799,00425  	356,12735  	235,16865  	25295332,54600  	949,10589  	0,18973  	NaN  	NaN  	0,00385  	0,00770  	0,00395  	0,00758  	1327,62170  	0,00399  	0,00422  
21,07082  	830,26701  	252,54350  	-244,98909  	26,34191  	0,04116  	0,01148  	16300,38931  	0,33177  	0,16665  	1,54259  	1,53951  	562,15393  	109108,91864  	97,91830  	4810878,78934  	1,96280  	140,24673  	NaN  	NaN  	0,00385  	0,00554  	0,00395  	0,00758  	252,50149  	0,00397  	0,00422  
22,07254  	1327,82048  	833,13166  	833,17693  	26,34161  	0,05176  	0,01136  	53778,04598  	0,33688  	0,16488  	1,54188  	1,53880  	97802850,07440  	276,30186  	99,42631  	15871992,73726  	0,23732  	0,02988  	NaN  	NaN  	0,00385  	0,00556  	0,00394  	0,00758  	833,04063  	0,00401  	0,00422  
23,07438  	246,47460  	1327,75450  	246,47461  	26,34204  	0,04822  	0,01138  	85706,53851  	0,09067  	0,16516  	1,54308  	1,53999  	11468206,40301  	239,00879  	26,76143  	25295332,54600  	1108,69599  	0,03569  	-Inf  	-Inf  	0,00385  	0,00442  	0,00395  	0,00759  	1327,62170  	0,00399  	0,00422  
24,07438  	838,82997  	243,98091  	-244,98909  	26,34213  	0,04551  	0,01162  	15747,66377  	-0,39582  	0,16871  	1,54346  	1,54038  	576,92204  	127082,02537  	-116,82213  	4647747,98730  	1,89521  	136,92195  	NaN  	NaN  	0,00386  	0,00216  	0,00394  	0,00759  	243,93962  	0,00399  	0,00422  
25,07440  	1327,82048  	842,35920  	842,40486  	26,34121  	0,04378  	0,01166  	54373,69463  	0,15917  	0,16926  	1,54076  	1,53769  	107808321,39955  	235,70626  	46,97640  	16047791,81677  	0,24363  	0,02409  	NaN  	NaN  	0,00385  	0,00474  	0,00395  	0,00758  	842,26739  	0,00398  	0,00422  
26,07440  	1327,82048  	237,84319  	1327,82053  	26,34136  	0,04795  	0,01149  	85706,53851  	0,33355  	0,16682  	1,54327  	1,54019  	66099243,83720  	6163333,30883  	98,44499  	25295332,54600  	0,24011  	0,03635  	-Inf  	-Inf  	0,00386  	0,00555  	0,00394  	0,00759  	1327,62170  	0,00399  	0,00422  
27,07440  	1327,82048  	846,18041  	1327,82053  	26,34051  	0,04567  	0,01147  	15270,24868  	0,33333  	0,16658  	1,54320  	1,54012  	542030364,78680  	2593809,16334  	98,37992  	4506844,22740  	0,23978  	0,00837  	-Inf  	-Inf  	0,00386  	0,00555  	0,00395  	0,00759  	236,54433  	0,00399  	0,00422  
28,07424  	1327,82048  	1327,75450  	235,34697  	26,34058  	0,04738  	0,01142  	54701,57611  	0,33256  	0,16572  	1,54047  	1,53739  	64970761,36223  	6102906,15964  	98,15179  	16144562,39250  	0,23854  	0,03617  	NaN  	NaN  	0,00385  	0,00554  	0,00395  	0,00758  	847,34637  	0,00399  	0,00422  
29,07439  	234,08871  	234,06861  	-244,98909  	26,33917  	0,04536  	0,01146  	15107,81272  	0,33201  	0,16631  	1,53725  	1,53417  	146,32586  	96,42368  	97,98908  	4458903,06091  	1440,19352  	117,84741  	NaN  	NaN  	0,00386  	0,00554  	0,00394  	0,00757  	234,02816  	0,00399  	0,00422  
30,07406  	850,00093  	849,95500  	850,00097  	26,33714  	0,04880  	0,01147  	-15815,93170  	0,33300  	0,16657  	1,54274  	1,53966  	71146409,20002  	14,00968  	98,28068  	-4667896,50935  	1,76081  	0,02582  	-Inf  	-Inf  	0,00386  	0,00555  	0,00394  	0,00758  	-244,98909  	0,00400  	0,00422  
31,07403  	231,57221  	231,55222  	231,57223  	26,33458  	0,04947  	0,01144  	-15815,93170  	0,33271  	0,16611  	1,54076  	1,53768  	1936,81288  	0,00437  	98,19575  	-4667896,50935  	1512,01768  	13,59810  	-Inf  	-Inf  	0,00386  	0,00554  	0,00394  	0,00758  	-244,98909  	0,00400  	0,00422  
32,07439  	852,51743  	-244,98909  	852,51746  	26,33262  	0,04695  	0,01141  	55026,44801  	0,33302  	0,16568  	1,54480  	1,54172  	61204,95648  	328207,24100  	98,28636  	16240444,72547  	1,72779  	3,01254  	NaN  	NaN  	0,00385  	0,00555  	0,00395  	0,00759  	852,37872  	0,00399  	0,00422  
33,07439  	1327,82048  	853,53989  	1327,82053  	26,33149  	0,04728  	0,01145  	14795,18527  	0,33258  	0,16623  	1,54252  	1,53944  	552590632,60635  	2644369,31702  	98,15716  	4366634,54036  	0,23927  	0,00854  	-Inf  	-Inf  	0,00386  	0,00554  	0,00394  	0,00758  	229,18547  	0,00399  	0,00422  
34,07405  	1327,82048  	1327,75450  	228,23732  	26,33197  	0,04899  	0,01138  	55160,49339  	0,33176  	0,16526  	1,53994  	1,53687  	62898962,85608  	6351734,93156  	97,91500  	16280006,73067  	0,23788  	0,03816  	NaN  	NaN  	0,00386  	0,00554  	0,00395  	0,00758  	854,45512  	0,00400  	0,00422  
35,07403  	1327,82048  	1327,75450  	856,29221  	26,33396  	0,04403  	0,01146  	85706,53851  	0,33578  	0,16630  	1,54781  	1,54472  	557179662,97550  	2447829,97158  	99,10069  	25295332,54600  	0,23938  	0,00791  	NaN  	NaN  	0,00385  	0,00556  	0,00394  	0,00760  	1327,62170  	0,00398  	0,00422  
36,07650  	225,56330  	1327,75450  	1327,82053  	26,33699  	0,05423  	0,01142  	14557,51096  	0,33306  	0,16582  	1,54209  	1,53900  	291946675,43405  	0,01564  	98,29856  	4296487,60867  	1693,14213  	0,00425  	-Inf  	-Inf  	0,00385  	0,00555  	0,00395  	0,00758  	225,50383  	0,00401  	0,00422  
37,07702  	858,42825  	1327,75450  	1327,82053  	26,34174  	0,05004  	0,01141  	-15815,93170  	0,33321  	0,16558  	1,54342  	1,54034  	1217580244,16763  	22,05504  	98,34424  	-4667896,50935  	1,67277  	0,00392  	-Inf  	-Inf  	0,00385  	0,00555  	0,00394  	0,00759  	-244,98909  	0,00400  	0,00422  
38,07840  	1327,82048  	1327,75450  	220,88905  	26,34556  	0,04721  	0,01142  	-15815,93170  	0,33342  	0,16576  	1,53955  	1,53648  	61177046,13555  	6162496,82200  	98,40604  	-4667896,50935  	0,23858  	0,03755  	NaN  	NaN  	0,00386  	0,00555  	0,00394  	0,00758  	-244,98909  	0,00399  	0,00422  
39,07908  	1327,82048  	216,65889  	866,15317  	26,34839  	0,04978  	0,01141  	55906,61215  	0,33462  	0,16570  	1,53994  	1,53686  	5734726,43398  	3812470,56654  	98,76026  	16500215,39118  	0,23849  	0,19654  	NaN  	NaN  	0,00385  	0,00555  	0,00395  	0,00758  	866,01270  	0,00400  	0,00422  
40,08017  	213,64218  	869,14247  	1327,82053  	26,35185  	0,04668  	0,01142  	85706,53851  	0,33337  	0,16578  	1,54441  	1,54132  	82972533,92066  	92,11603  	98,39023  	25295332,54600  	2078,09670  	0,00818  	-Inf  	-Inf  	0,00386  	0,00555  	0,00394  	0,00759  	1327,62170  	0,00399  	0,00422  
41,08083  	871,36038  	211,45186  	211,47103  	26,35553  	0,04855  	0,01146  	85706,53851  	0,33316  	0,16638  	1,54186  	1,53878  	4048,20064  	6,86875  	98,32795  	25295332,54600  	1,56942  	22,39784  	NaN  	NaN  	0,00386  	0,00555  	0,00395  	0,00758  	1327,62170  	0,00400  	0,00422  
42,08140  	207,98007  	874,80434  	-244,98909  	26,35905  	0,04102  	0,01150  	85706,53851  	0,33245  	0,16689  	1,54446  	1,54137  	17714,23789  	196,63406  	98,11822  	25295332,54600  	2274,24316  	2,18903  	NaN  	NaN  	0,00386  	0,00554  	0,00395  	0,00759  	1327,62170  	0,00397  	0,00422  
43,08231  	-244,98909  	206,52226  	876,29022  	26,36208  	0,05262  	0,01148  	85706,53851  	0,33242  	0,16666  	1,54574  	1,54265  	1202605,16430  	1599,57076  	98,10994  	25295332,54600  	28,29344  	0,20779  	-Inf  	-Inf  	0,00386  	0,00554  	0,00394  	0,00759  	1327,62170  	0,00401  	0,00422  
44,08340  	-244,98909  	-244,98909  	1327,82053  	26,36447  	0,04716  	0,01143  	13173,11231  	0,33375  	0,16597  	1,54200  	1,53892  	1197825,78758  	3366,09278  	98,50266  	3887897,72970  	28,17812  	0,18620  	NaN  	NaN  	0,00385  	0,00555  	0,00395  	0,00758  	204,05912  	0,00399  	0,00422  
45,08441  	-244,98909  	881,81360  	200,97053  	26,36758  	0,05121  	0,01144  	56920,52316  	0,33258  	0,16609  	1,53976  	1,53668  	1198319,86580  	1582,12903  	98,15663  	16799459,96042  	28,19865  	0,20222  	-Inf  	-Inf  	0,00385  	0,00554  	0,00394  	0,00758  	881,71846  	0,00400  	0,00422  
46,08440  	-244,98909  	1327,75450  	-244,98909  	26,36958  	0,04508  	0,01146  	85706,53851  	0,33273  	0,16636  	1,54302  	1,53994  	1200129,35777  	3217,06855  	98,20082  	25295332,54600  	28,24490  	0,17803  	-Inf  	-Inf  	0,00385  	0,00554  	0,00394  	0,00759  	1327,62170  	0,00398  	0,00422  
47,08439  	-244,98909  	195,37911  	-244,98909  	26,37260  	0,04358  	0,01147  	12610,35996  	0,33343  	0,16652  	1,53984  	1,53676  	207,09369  	870,74867  	98,40883  	3721807,62615  	28,27366  	63,33005  	-Inf  	-Inf  	0,00386  	0,00555  	0,00394  	0,00758  	195,34193  	0,00398  	0,00422  
48,08438  	888,69205  	-244,98909  	888,69209  	26,37429  	0,04991  	0,01148  	-15815,93170  	0,33363  	0,16663  	1,54125  	1,53817  	98660,34229  	476902,62605  	98,46751  	-4667896,50935  	1,43628  	2,38439  	NaN  	NaN  	0,00386  	0,00555  	0,00394  	0,00758  	-244,98909  	0,00400  	0,00422  
49,08416  	1327,82048  	889,81509  	1327,82053  	26,37604  	0,05423  	0,01139  	57437,02890  	0,33336  	0,16530  	1,54434  	1,54126  	610065501,54169  	2801438,19342  	98,38742  	16951900,89066  	0,23790  	0,00913  	-Inf  	-Inf  	0,00385  	0,00555  	0,00394  	0,00759  	889,71928  	0,00401  	0,00422  
50,08439  	1327,82048  	191,83171  	1327,82053  	26,37843  	0,05418  	0,01143  	85706,53851  	0,33347  	0,16595  	1,54546  	1,54237  	54163043,42358  	7259277,36007  	98,41888  	25295332,54600  	0,23884  	0,04682  	-Inf  	-Inf  	0,00386  	0,00555  	0,00395  	0,00759  	1327,62170  	0,00401  	0,00422  
51,08438  	190,53881  	892,24487  	1327,82053  	26,38004  	0,04196  	0,01151  	85706,53851  	0,33330  	0,16705  	1,53827  	1,53519  	78307504,72874  	77,45855  	98,37076  	25295332,54600  	2737,59485  	0,00703  	-Inf  	-Inf  	0,00386  	0,00555  	0,00395  	0,00757  	1327,62170  	0,00397  	0,00422  
52,08441  	893,26974  	189,54342  	1327,82053  	26,38176  	0,04417  	0,01147  	85706,53851  	0,33289  	0,16648  	1,54034  	1,53726  	35838477,95933  	438640,38369  	98,24894  	25295332,54600  	1,40166  	0,03843  	-Inf  	-Inf  	0,00386  	0,00554  	0,00394  	0,00758  	1327,62170  	0,00398  	0,00422  
53,08440  	187,84810  	894,93546  	1327,82053  	26,38320  	0,04163  	0,01142  	12123,05210  	0,33452  	0,16579  	1,54447  	1,54139  	77032638,82227  	76,30877  	98,72912  	3577984,12669  	2765,70927  	0,00694  	-Inf  	-Inf  	0,00386  	0,00555  	0,00394  	0,00759  	187,79340  	0,00397  	0,00422  
54,08438  	896,32783  	1327,75450  	1327,82053  	26,38480  	0,04201  	0,01139  	57854,34312  	0,33471  	0,16530  	1,54469  	1,54161  	1270820632,84777  	24,76426  	98,78626  	17075066,54641  	1,37019  	0,00329  	-Inf  	-Inf  	0,00386  	0,00555  	0,00395  	0,00759  	896,18359  	0,00397  	0,00422  
55,08404  	185,10307  	185,08502  	185,10308  	26,38711  	0,04408  	0,01140  	11945,86401  	0,33410  	0,16543  	1,54566  	1,54258  	310,34069  	0,00337  	98,60682  	3525689,03149  	2801,67389  	44,90881  	-Inf  	-Inf  	0,00386  	0,00555  	0,00394  	0,00759  	185,04871  	0,00398  	0,00422  
56,08361  	898,75803  	898,71005  	898,75807  	26,38814  	0,04928  	0,01147  	-15815,93170  	0,33412  	0,16647  	1,53985  	1,53677  	107839222,57100  	21,51342  	98,61163  	-4667896,50935  	1,36297  	0,02047  	-Inf  	-Inf  	0,00385  	0,00555  	0,00394  	0,00758  	-244,98909  	0,00400  	0,00422  
57,08439  	1327,82048  	1327,75450  	1327,82053  	26,38977  	0,05053  	0,01146  	-15815,93170  	0,33271  	0,16632  	1,54183  	1,53875  	1912895735,29702  	393,57150  	98,19711  	-4667896,50935  	0,23936  	0,00396  	-Inf  	-Inf  	0,00386  	0,00554  	0,00395  	0,00758  	-244,98909  	0,00400  	0,00422  
58,08439  	181,55687  	181,53897  	1327,82053  	26,39216  	0,04737  	0,01139  	58173,64459  	0,33311  	0,16536  	1,53824  	1,53517  	6156154,77779  	229,45298  	98,31226  	17169304,82619  	2843,48983  	0,04218  	-Inf  	-Inf  	0,00385  	0,00555  	0,00394  	0,00757  	901,12965  	0,00399  	0,00422  
59,08420  	-244,98909  	-244,98909  	1327,82053  	26,39308  	0,04913  	0,01138  	85706,53851  	0,33372  	0,16527  	1,54285  	1,53977  	1192904,90797  	3505,16553  	98,49470  	25295332,54600  	28,06775  	0,19398  	NaN  	NaN  	0,00386  	0,00555  	0,00394  	0,00759  	1327,62170  	0,00400  	0,00422  
60,08439  	-244,98909  	903,97262  	178,81058  	26,39489  	0,05534  	0,01145  	85706,53851  	0,33430  	0,16622  	1,54340  	1,54032  	1199340,38555  	1820,23823  	98,66551  	25295332,54600  	28,22800  	0,21854  	-Inf  	-Inf  	0,00386  	0,00555  	0,00394  	0,00759  	1327,62170  	0,00402  	0,00422  
61,08439  	905,04927  	177,76439  	-244,98909  	26,39553  	0,04953  	0,01139  	11473,30829  	0,33413  	0,16541  	1,53992  	1,53684  	726,47045  	199437,44467  	98,61610  	3386219,46073  	1,31182  	55,50430  	NaN  	NaN  	0,00386  	0,00555  	0,00394  	0,00758  	177,72869  	0,00400  	0,00422  
62,08652  	1327,82048  	906,25922  	-244,98909  	26,39633  	0,05561  	0,01143  	-15815,93170  	0,33354  	0,16591  	1,54019  	1,53711  	180716,33187  	7551108,95222  	98,43934  	-4667896,50935  	0,23877  	2,31883  	NaN  	NaN  	0,00386  	0,00555  	0,00395  	0,00758  	-244,98909  	0,00402  	0,00422  
63,08605  	1327,82048  	175,50029  	907,31350  	26,39605  	0,05090  	0,01148  	58563,44861  	0,33278  	0,16661  	1,53994  	1,53686  	5766063,59462  	4393699,40216  	98,21729  	17284351,15358  	0,23976  	0,20098  	NaN  	NaN  	0,00386  	0,00554  	0,00395  	0,00758  	907,16783  	0,00400  	0,00422  
64,08601  	174,02923  	908,75376  	174,02924  	26,39815  	0,05015  	0,01146  	85706,53851  	0,33425  	0,16638  	1,54332  	1,54024  	653085,45184  	155,41385  	98,64966  	25295332,54600  	2909,43527  	0,19804  	-Inf  	-Inf  	0,00386  	0,00555  	0,00394  	0,00759  	1327,62170  	0,00400  	0,00422  
65,08860  	-244,98909  	1327,75450  	912,68182  	26,39818  	0,04724  	0,01144  	10980,64112  	0,33404  	0,16602  	1,54256  	1,53948  	136325185,51975  	889,42310  	98,58823  	3240814,21912  	28,19573  	0,00761  	-Inf  	-Inf  	0,00386  	0,00555  	0,00395  	0,00758  	170,09714  	0,00399  	0,00422  
66,08882  	914,99721  	167,81686  	167,83419  	26,39940  	0,04165  	0,01148  	59059,42307  	0,33379  	0,16667  	1,54177  	1,53869  	1075,54788  	7,39934  	98,51393  	17430732,50453  	1,25771  	77,80150  	NaN  	NaN  	0,00386  	0,00555  	0,00394  	0,00758  	914,85060  	0,00397  	0,00422  
67,08954  	163,92883  	918,85374  	918,90260  	26,40017  	0,04659  	0,01148  	85706,53851  	0,33359  	0,16664  	1,54069  	1,53761  	19620275,38893  	0,00959  	98,45586  	25295332,54600  	2895,14434  	0,01758  	-Inf  	-Inf  	0,00386  	0,00555  	0,00395  	0,00758  	1327,62170  	0,00399  	0,00422  
68,08883  	921,09193  	161,72240  	1327,82053  	26,40096  	0,04652  	0,01147  	85706,53851  	0,33460  	0,16655  	1,54229  	1,53921  	32800897,26658  	581180,32244  	98,75475  	25295332,54600  	1,21941  	0,04390  	-Inf  	-Inf  	0,00386  	0,00555  	0,00395  	0,00758  	1327,62170  	0,00399  	0,00422  
69,08883  	1327,82048  	922,30120  	1327,82053  	26,40249  	0,04539  	0,01149  	85706,53851  	0,33437  	0,16678  	1,54263  	1,53955  	674940646,32153  	2171285,76167  	98,68647  	25295332,54600  	0,24002  	0,00718  	-Inf  	-Inf  	0,00386  	0,00555  	0,00394  	0,00758  	1327,62170  	0,00399  	0,00422  
70,08883  	1327,82048  	159,20601  	159,22298  	26,40352  	0,05521  	0,01145  	10275,34314  	0,33330  	0,16625  	1,53687  	1,53379  	1306,79150  	110,53182  	98,36934  	3032653,35788  	0,23925  	143,63674  	NaN  	NaN  	0,00386  	0,00555  	0,00395  	0,00757  	159,17188  	0,00402  	0,00422  
71,08908  	1327,82048  	-244,98909  	-244,98909  	26,40396  	0,05100  	0,01145  	59691,27859  	0,33466  	0,16624  	1,54407  	1,54099  	342847,79817  	0,00000  	98,77085  	17617217,63904  	0,23924  	0,98678  	Inf  	-Inf  	0,00386  	0,00555  	0,00394  	0,00759  	924,63822  	0,00400  	0,00422  
72,08908  	156,94065  	925,84162  	925,89078  	26,40463  	0,04391  	0,01143  	10128,02289  	0,33353  	0,16595  	1,54325  	1,54017  	19468921,58152  	0,00908  	98,43765  	2989173,42321  	2825,63410  	0,01603  	-Inf  	-Inf  	0,00386  	0,00555  	0,00395  	0,00759  	156,88985  	0,00398  	0,00422  
73,08899  	927,30306  	1327,75450  	1327,82053  	26,40553  	0,04424  	0,01152  	-15815,93170  	0,33305  	0,16725  	1,54130  	1,53822  	1331566682,20804  	32,73862  	98,29587  	-4667896,50935  	1,18768  	0,00347  	-Inf  	-Inf  	0,00386  	0,00555  	0,00395  	0,00758  	-244,98909  	0,00398  	0,00422  
74,08885  	154,42466  	1327,75450  	154,42467  	26,40695  	0,04925  	0,01150  	59924,98739  	0,33469  	0,16693  	1,53980  	1,53672  	4554428,00308  	242,94858  	98,77987  	17686194,19361  	2814,66385  	0,04751  	-Inf  	-Inf  	0,00386  	0,00555  	0,00395  	0,00758  	928,25843  	0,00400  	0,00422  
75,08884  	-244,98909  	1327,75450  	-244,98909  	26,40782  	0,04734  	0,01146  	9858,98330  	0,33481  	0,16641  	1,54536  	1,54228  	1200698,52877  	3376,46936  	98,81549  	2909769,37530  	28,26556  	0,18697  	-Inf  	-Inf  	0,00386  	0,00555  	0,00394  	0,00759  	152,72236  	0,00399  	0,00422  
76,08883  	931,54927  	1327,75450  	931,54931  	26,40857  	0,05214  	0,01146  	60127,83329  	0,33528  	0,16640  	1,54213  	1,53904  	480560739,27147  	238697,24698  	98,95309  	17746061,90748  	1,15736  	0,00811  	-Inf  	-Inf  	0,00386  	0,00556  	0,00395  	0,00758  	931,40057  	0,00401  	0,00422  
77,08884  	1327,82048  	1327,75450  	150,65068  	26,40924  	0,04351  	0,01148  	9722,01421  	0,33285  	0,16669  	1,54181  	1,53873  	45470096,90065  	6041132,99242  	98,23662  	2869344,47278  	0,23988  	0,04244  	NaN  	NaN  	0,00386  	0,00554  	0,00394  	0,00758  	150,60067  	0,00398  	0,00422  
78,08883  	1327,82048  	1327,75450  	933,59560  	26,41023  	0,04329  	0,01142  	-15815,93170  	0,33411  	0,16586  	1,54249  	1,53941  	692666837,31650  	2012676,10607  	98,60815  	-4667896,50935  	0,23867  	0,00671  	NaN  	NaN  	0,00386  	0,00555  	0,00394  	0,00758  	-244,98909  	0,00398  	0,00422  
79,08859  	148,13468  	148,11819  	148,13469  	26,41133  	0,05114  	0,01146  	-15815,93170  	0,33438  	0,16630  	1,54061  	1,53753  	103,15666  	0,00355  	98,68959  	-4667896,50935  	2723,67950  	209,21416  	-Inf  	-Inf  	0,00386  	0,00555  	0,00395  	0,00758  	-244,98909  	0,00400  	0,00422  
80,09073  	936,19090  	936,14134  	936,19094  	26,41256  	0,05052  	0,01150  	60427,44343  	0,33375  	0,16700  	1,54144  	1,53836  	146578009,68270  	29,92610  	98,50394  	17834488,51122  	1,13566  	0,01759  	-Inf  	-Inf  	0,00386  	0,00555  	0,00394  	0,00758  	936,04161  	0,00400  	0,00422  
81,09089  	144,91436  	1327,75450  	1327,82053  	26,41240  	0,04765  	0,01143  	85706,53851  	0,33361  	0,16591  	1,53575  	1,53268  	173745902,24645  	0,01321  	98,46246  	25295332,54600  	2671,18550  	0,00373  	-Inf  	-Inf  	0,00386  	0,00555  	0,00394  	0,00757  	1327,62170  	0,00399  	0,00422  
82,09191  	-244,98909  	1327,75450  	141,92711  	26,41355  	0,04445  	0,01143  	9158,92058  	0,33491  	0,16593  	1,53919  	1,53611  	9081791,12375  	2390,24024  	98,84394  	2703153,64396  	28,18558  	0,04451  	-Inf  	-Inf  	0,00386  	0,00555  	0,00395  	0,00758  	141,87819  	0,00398  	0,00422  
83,09243  	943,11126  	139,70399  	-244,98909  	26,41445  	0,04885  	0,01142  	60874,14230  	0,33417  	0,16585  	1,54582  	1,54274  	1079,83459  	235768,40271  	98,62781  	17966326,71906  	1,09077  	32,02564  	NaN  	NaN  	0,00386  	0,00555  	0,00394  	0,00759  	942,96110  	0,00400  	0,00422  
84,09274  	137,84934  	-244,98909  	944,98209  	26,41448  	0,04604  	0,01148  	8895,70791  	0,33434  	0,16667  	1,54437  	1,54129  	23537,66738  	229,91314  	98,67527  	2625469,34897  	2574,80165  	1,44504  	NaN  	NaN  	0,00386  	0,00555  	0,00394  	0,00759  	137,80096  	0,00399  	0,00422  
85,09281  	948,29606  	948,24600  	134,53534  	26,41492  	0,05015  	0,01143  	61208,81329  	0,33274  	0,16594  	1,54155  	1,53847  	4067354,10088  	530987,73859  	98,20546  	18065101,14460  	1,06464  	0,19805  	NaN  	NaN  	0,00386  	0,00554  	0,00394  	0,00758  	948,14525  	0,00400  	0,00422  
86,09441  	132,72423  	1327,75450  	-244,98909  	26,41592  	0,05157  	0,01150  	85706,53851  	0,33413  	0,16699  	1,54003  	1,53696  	471942,19084  	340,15433  	98,61507  	25295332,54600  	2497,08362  	0,20367  	NaN  	NaN  	0,00386  	0,00555  	0,00395  	0,00758  	1327,62170  	0,00401  	0,00422  
87,09448  	951,83003  	1327,75450  	951,83007  	26,41570  	0,04732  	0,01148  	8453,68140  	0,33405  	0,16671  	1,54380  	1,54071  	520893957,24299  	237277,04527  	98,59144  	2495010,13671  	1,05170  	0,00708  	-Inf  	-Inf  	0,00386  	0,00555  	0,00394  	0,00759  	130,95385  	0,00399  	0,00422  
88,09440  	1327,82048  	128,71038  	1327,82053  	26,41567  	0,04767  	0,01144  	-15815,93170  	0,33397  	0,16611  	1,54249  	1,53941  	41108891,24840  	6742803,70983  	98,56618  	-4667896,50935  	0,23904  	0,04966  	-Inf  	-Inf  	0,00386  	0,00555  	0,00394  	0,00758  	-244,98909  	0,00399  	0,00422  
89,09442  	1327,82048  	-244,98909  	126,50854  	26,41703  	0,04262  	0,01148  	61726,93104  	0,33359  	0,16669  	1,54249  	1,53941  	1834,13778  	1867740,02611  	98,45619  	18218017,84313  	0,23987  	23,42156  	Inf  	-Inf  	0,00386  	0,00555  	0,00394  	0,00758  	956,17103  	0,00398  	0,00422  
90,09439  	125,25028  	-244,98909  	957,58115  	26,41696  	0,04835  	0,01149  	85706,53851  	0,33378  	0,16683  	1,54041  	1,53733  	23775,33570  	243,67034  	98,51010  	25295332,54600  	2373,01202  	1,38908  	NaN  	NaN  	0,00386  	0,00555  	0,00394  	0,00758  	1327,62170  	0,00399  	0,00422  
91,09412  	958,83936  	-244,98909  	1327,82053  	26,41669  	0,05122  	0,01143  	85706,53851  	0,33313  	0,16599  	1,53814  	1,53506  	4116260,42138  	1128298,94182  	98,31888  	25295332,54600  	1,01297  	0,20223  	NaN  	NaN  	0,00386  	0,00555  	0,00395  	0,00757  	1327,62170  	0,00400  	0,00422  
92,09440  	122,66026  	960,12057  	1327,82053  	26,41762  	0,05015  	0,01147  	85706,53851  	0,33375  	0,16645  	1,54159  	1,53851  	55356014,43060  	77,25880  	98,50139  	25295332,54600  	2325,67143  	0,00739  	-Inf  	-Inf  	0,00386  	0,00555  	0,00394  	0,00758  	1327,62170  	0,00400  	0,00422  
93,09439  	961,59717  	1327,75450  	121,23424  	26,41828  	0,04632  	0,01147  	85706,53851  	0,33469  	0,16655  	1,54323  	1,54015  	28629768,34691  	797842,99429  	98,78126  	25295332,54600  	1,00327  	0,04938  	NaN  	NaN  	0,00386  	0,00555  	0,00395  	0,00759  	1327,62170  	0,00399  	0,00422  
94,09438  	1327,82048  	120,12895  	962,68716  	26,41936  	0,05583  	0,01147  	85706,53851  	0,33335  	0,16655  	1,54111  	1,53803  	5764250,31155  	5549224,69423  	98,38404  	25295332,54600  	0,23967  	0,22045  	NaN  	NaN  	0,00386  	0,00555  	0,00394  	0,00758  	1327,62170  	0,00402  	0,00422  
95,09440  	1327,82048  	964,06344  	1327,82053  	26,42025  	0,05449  	0,01149  	7660,75875  	0,33403  	0,16687  	1,54435  	1,54126  	758638969,37362  	2338102,49845  	98,58575  	2260987,82512  	0,24013  	0,00797  	-Inf  	-Inf  	0,00386  	0,00555  	0,00394  	0,00759  	118,67126  	0,00401  	0,00422  
96,09440  	1327,82048  	1327,75450  	1327,82053  	26,42165  	0,04608  	0,01146  	-15815,93170  	0,33402  	0,16632  	1,54376  	1,54068  	1912837231,60024  	358,96969  	98,58246  	-4667896,50935  	0,23933  	0,00361  	-Inf  	-Inf  	0,00386  	0,00555  	0,00394  	0,00759  	-244,98909  	0,00399  	0,00422  
97,09441  	116,61247  	116,59730  	116,61248  	26,42189  	0,04508  	0,01148  	62365,70669  	0,33444  	0,16670  	1,53907  	1,53599  	64,30491  	0,00287  	98,70593  	18406545,37814  	2232,45828  	623,84608  	-Inf  	-Inf  	0,00386  	0,00555  	0,00395  	0,00758  	966,06584  	0,00398  	0,00422  
98,09440  	967,88967  	967,83878  	-244,98909  	26,42210  	0,04291  	0,01146  	7417,05608  	0,33475  	0,16636  	1,54295  	1,53987  	250366,19238  	775941,25561  	98,79908  	2189061,69016  	0,97306  	1,14901  	NaN  	NaN  	0,00386  	0,00555  	0,00393  	0,00759  	114,89624  	0,00398  	0,00422  
99,09440  	113,85429  	1327,75450  	968,97715  	26,42181  	0,04699  	0,01144  	-15815,93170  	0,33397  	0,16613  	1,54298  	1,53989  	51423669,74788  	70,58579  	98,56659  	-4667896,50935  	2181,52942  	0,00681  	-Inf  	-Inf  	0,00386  	0,00555  	0,00394  	0,00759  	-244,98909  	0,00399  	0,00422  
100,09404  	-244,98909  	1327,75450  	1327,82053  	26,42243  	0,05342  	0,01147  	62636,01917  	0,33375  	0,16644  	1,54144  	1,53836  	399228885,87825  	0,15995  	98,50366  	18486325,10314  	28,27498  	0,00419  	-Inf  	-Inf  	0,00386  	0,00555  	0,00395  	0,00758  	970,25306  	0,00401  	0,00422  
101,09649  	971,49310  	1327,75450  	111,33831  	26,42313  	0,04327  	0,01147  	85706,53851  	0,33517  	0,16657  	1,54520  	1,54212  	27667757,32814  	804280,93302  	98,92032  	25295332,54600  	0,95803  	0,04754  	NaN  	NaN  	0,00386  	0,00556  	0,00394  	0,00759  	1327,62170  	0,00398  	0,00422  
102,09767  	110,04977  	1327,75450  	972,78166  	26,42437  	0,04247  	0,01146  	7101,28791  	0,33435  	0,16643  	1,54375  	1,54067  	49792471,53124  	63,10618  	98,68101  	2095866,22318  	2126,66906  	0,00611  	-Inf  	-Inf  	0,00386  	0,00555  	0,00394  	0,00759  	110,00490  	0,00398  	0,00422  
103,09802  	-244,98909  	1327,75450  	1327,82053  	26,42494  	0,04748  	0,01144  	62896,36627  	0,33435  	0,16610  	1,53975  	1,53667  	398404574,91333  	0,14215  	98,68027  	18563163,65737  	28,21707  	0,00372  	-Inf  	-Inf  	0,00386  	0,00555  	0,00395  	0,00758  	974,28590  	0,00399  	0,00422  
104,10011  	979,94831  	1327,75450  	102,88309  	26,42550  	0,04862  	0,01149  	6638,68858  	0,33533  	0,16683  	1,54637  	1,54329  	26902295,28001  	963894,04077  	98,96900  	1959335,17183  	0,92278  	0,05483  	NaN  	NaN  	0,00386  	0,00556  	0,00394  	0,00759  	102,83911  	0,00400  	0,00422  
105,10262  	100,12380  	100,10932  	-244,98909  	26,42589  	0,04699  	0,01150  	-15815,93170  	0,33342  	0,16689  	1,54066  	1,53758  	156,31225  	67,84039  	98,40380  	-4667896,50935  	1983,75972  	18,43182  	NaN  	NaN  	0,00386  	0,00555  	0,00395  	0,00758  	-244,98909  	0,00399  	0,00422  
106,10299  	-244,98909  	-244,98909  	-244,98909  	26,42657  	0,05012  	0,01151  	-15815,93170  	0,33346  	0,16710  	1,54133  	1,53825  	71873,17129  	0,00000  	98,41559  	-4667896,50935  	28,38840  	0,96982  	Inf  	-Inf  	0,00386  	0,00555  	0,00394  	0,00758  	-244,98909  	0,00400  	0,00422  
107,10297  	990,34138  	990,28956  	-244,98909  	26,42724  	0,05136  	0,01151  	63922,77494  	0,33517  	0,16705  	1,54138  	1,53830  	320620,86441  	1101449,70819  	98,92143  	18866096,77065  	0,88108  	1,18357  	NaN  	NaN  	0,00386  	0,00556  	0,00394  	0,00758  	990,18525  	0,00400  	0,00422  
108,10314  	1327,82048  	88,74710  	-244,98909  	26,42750  	0,04257  	0,01145  	5727,13648  	0,33465  	0,16629  	1,54216  	1,53908  	3329,50422  	1676249,83387  	98,76863  	1690300,69620  	0,23928  	14,53695  	NaN  	NaN  	0,00386  	0,00555  	0,00395  	0,00758  	88,71892  	0,00398  	0,00422  
109,10263  	1327,82048  	-244,98909  	-244,98909  	26,42815  	0,04634  	0,01150  	64240,39508  	0,33408  	0,16689  	1,54154  	1,53846  	344174,99211  	0,00000  	98,59935  	18959838,82495  	0,24015  	0,89665  	Inf  	-Inf  	0,00386  	0,00555  	0,00395  	0,00758  	995,10528  	0,00399  	0,00422  
110,10266  	1327,82048  	996,15383  	-244,98909  	26,42894  	0,04459  	0,01145  	5589,28606  	0,33327  	0,16625  	1,54047  	1,53739  	455658,84258  	6528737,27883  	98,36174  	1649615,67796  	0,23923  	0,98886  	NaN  	NaN  	0,00386  	0,00555  	0,00395  	0,00758  	86,58358  	0,00398  	0,00422  
111,10260  	1327,82048  	1327,75450  	997,34814  	26,42911  	0,04766  	0,01148  	-15815,93170  	0,33303  	0,16661  	1,54098  	1,53790  	829598409,10268  	1857804,34309  	98,29030  	-4667896,50935  	0,23975  	0,00656  	NaN  	NaN  	0,00386  	0,00555  	0,00394  	0,00758  	-244,98909  	0,00399  	0,00422  
112,10387  	1327,82048  	83,71432  	83,72812  	26,42873  	0,04559  	0,01145  	64488,34223  	0,33491  	0,16629  	1,53982  	1,53674  	908,39075  	74,22474  	98,84637  	19033017,67343  	0,23928  	717,88690  	NaN  	NaN  	0,00386  	0,00555  	0,00395  	0,00758  	998,94605  	0,00399  	0,00422  
113,10547  	1327,82048  	1000,63640  	1000,68870  	26,42926  	0,04466  	0,01151  	85706,53851  	0,33452  	0,16714  	1,54444  	1,54135  	321235454,14353  	275,55564  	98,73016  	25295332,54600  	0,24051  	0,01167  	NaN  	NaN  	0,00386  	0,00555  	0,00394  	0,00759  	1327,62170  	0,00398  	0,00422  
114,10754  	1327,82048  	1327,75450  	1327,82053  	26,42942  	0,05473  	0,01150  	85706,53851  	0,33297  	0,16693  	1,54367  	1,54059  	1919852031,03095  	426,35333  	98,27177  	25295332,54600  	0,24021  	0,00429  	-Inf  	-Inf  	0,00386  	0,00555  	0,00394  	0,00759  	1327,62170  	0,00402  	0,00422  
115,10908  	1327,82048  	78,46965  	1327,82053  	26,42905  	0,04549  	0,01146  	5063,71457  	0,33331  	0,16636  	1,54021  	1,53713  	32718725,63513  	6705264,85142  	98,37131  	1494499,09330  	0,23938  	0,05536  	-Inf  	-Inf  	0,00386  	0,00555  	0,00394  	0,00758  	78,44233  	0,00399  	0,00422  
116,11123  	1327,82048  	-244,98909  	1327,82053  	26,43059  	0,04808  	0,01147  	65154,77472  	0,33252  	0,16650  	1,54064  	1,53756  	5762869,04791  	8920838,46722  	98,14028  	19229707,81809  	0,23958  	0,18982  	NaN  	NaN  	0,00386  	0,00554  	0,00394  	0,00758  	1009,26927  	0,00399  	0,00422  
117,11383  	1327,82048  	-244,98909  	1327,82053  	26,43151  	0,04108  	0,01149  	85706,53851  	0,33394  	0,16678  	1,54586  	1,54277  	5772465,86921  	7623455,16643  	98,55727  	25295332,54600  	0,23998  	0,16222  	NaN  	NaN  	0,00386  	0,00555  	0,00395  	0,00759  	1327,62170  	0,00397  	0,00422  
118,11406  	65,62356  	-244,98909  	1327,82053  	26,43062  	0,03726  	0,01153  	4233,64342  	0,33521  	0,16733  	1,54215  	1,53907  	174425,10181  	245,03524  	98,93277  	1249512,81585  	1517,83847  	0,14710  	NaN  	NaN  	0,00386  	0,00556  	0,00395  	0,00758  	65,58430  	0,00396  	0,00422  
119,11370  	-244,98909  	1023,44369  	59,33450  	26,43139  	0,04098  	0,01140  	-15815,93170  	0,33283  	0,16551  	1,54021  	1,53713  	1194383,56106  	1790,80682  	98,23051  	-4667896,50935  	28,11911  	0,16182  	-Inf  	-Inf  	0,00386  	0,00554  	0,00394  	0,00758  	-244,98909  	0,00397  	0,00422  
120,11588  	1026,84492  	1327,75450  	-244,98909  	26,43214  	0,05149  	0,01142  	66279,02321  	0,33311  	0,16582  	1,54281  	1,53973  	4410177,83207  	1786201,57979  	98,31327  	19561517,26786  	0,74335  	0,20335  	NaN  	NaN  	0,00386  	0,00555  	0,00395  	0,00759  	1026,68418  	0,00401  	0,00422  
121,11925  	54,35412  	54,34156  	-244,98909  	26,43341  	0,04206  	0,01145  	85706,53851  	0,33524  	0,16620  	1,54522  	1,54214  	129,96606  	52,65349  	98,94307  	25295332,54600  	1364,05433  	9,64593  	NaN  	NaN  	0,00386  	0,00556  	0,00394  	0,00759  	1327,62170  	0,00397  	0,00422  
122,11883  	1031,25324  	-244,98909  	-244,98909  	26,43381  	0,04036  	0,01148  	85706,53851  	0,33367  	0,16666  	1,53863  	1,53555  	265381,58864  	0,00000  	98,47967  	25295332,54600  	0,73292  	0,78094  	Inf  	-Inf  	0,00386  	0,00555  	0,00395  	0,00758  	1327,62170  	0,00397  	0,00422  
123,12046  	1327,82048  	1036,91327  	-244,98909  	26,43307  	0,05053  	0,01139  	2958,21563  	0,33170  	0,16535  	1,53860  	1,53552  	660025,85377  	7642438,27819  	97,89785  	873084,47350  	0,23793  	0,86708  	NaN  	NaN  	0,00386  	0,00554  	0,00394  	0,00758  	45,82758  	0,00400  	0,00422  
124,12348  	1327,82048  	1327,75450  	1039,19992  	26,43418  	0,04246  	0,01147  	-15815,93170  	0,33433  	0,16648  	1,54260  	1,53952  	927851905,63937  	1445330,20214  	98,67270  	-4667896,50935  	0,23956  	0,00542  	NaN  	NaN  	0,00386  	0,00555  	0,00395  	0,00758  	-244,98909  	0,00398  	0,00422  
125,12380  	1327,82048  	40,24955  	1327,82053  	26,43524  	0,04570  	0,01143  	-15815,93170  	0,33390  	0,16598  	1,54328  	1,54020  	27243129,73226  	6942440,49639  	98,54771  	-4667896,50935  	0,23884  	0,06286  	-Inf  	-Inf  	0,00386  	0,00555  	0,00395  	0,00759  	-244,98909  	0,00399  	0,00422  
126,12696  	38,06642  	1044,71086  	38,06643  	26,43593  	0,04280  	0,01149  	-15815,93170  	0,33271  	0,16677  	1,54119  	1,53811  	51569,81862  	180,19603  	98,19480  	-4667896,50935  	1166,15883  	0,16901  	-Inf  	-Inf  	0,00386  	0,00554  	0,00394  	0,00758  	-244,98909  	0,00398  	0,00422  
127,12871  	1049,50826  	1327,75450  	1049,50830  	26,43592  	0,04082  	0,01146  	-15815,93170  	0,33430  	0,16631  	1,54028  	1,53720  	748959295,36857  	289320,56192  	98,66487  	-4667896,50935  	0,67614  	0,00511  	-Inf  	-Inf  	0,00386  	0,00555  	0,00395  	0,00758  	-244,98909  	0,00397  	0,00422  
128,12953  	1327,82048  	1327,75450  	28,93775  	26,43628  	0,04376  	0,01144  	68024,97771  	0,33349  	0,16615  	1,54068  	1,53761  	25812802,24447  	6706208,88169  	98,42539  	20076816,33911  	0,23907  	0,06247  	NaN  	NaN  	0,00386  	0,00555  	0,00394  	0,00758  	1053,72949  	0,00398  	0,00422  
129,12855  	1327,82048  	1327,75450  	-244,98909  	26,43636  	0,04006  	0,01144  	1381,97475  	0,33432  	0,16606  	1,54611  	1,54303  	5745430,38655  	7433637,53588  	98,67091  	407874,49263  	0,23895  	0,15822  	NaN  	NaN  	0,00386  	0,00555  	0,00394  	0,00759  	21,41118  	0,00397  	0,00422  
130,12978  	1327,82048  	20,06946  	-244,98909  	26,43675  	0,04817  	0,01148  	-15815,93170  	0,33412  	0,16670  	1,53969  	1,53661  	10948,22047  	1506291,58147  	98,61126  	-4667896,50935  	0,23987  	7,66294  	Inf  	-Inf  	0,00386  	0,00555  	0,00395  	0,00758  	-244,98909  	0,00399  	0,00422  
131,13105  	1327,82048  	1064,26643  	-244,98909  	26,43880  	0,04535  	0,01144  	68698,07022  	0,33312  	0,16601  	1,54087  	1,53779  	842165,32598  	7004496,93605  	98,31537  	20275472,11379  	0,23888  	0,66076  	NaN  	NaN  	0,00386  	0,00555  	0,00394  	0,00758  	1064,15588  	0,00399  	0,00422  
132,13181  	1327,82048  	17,92011  	1064,90029  	26,43789  	0,04598  	0,01146  	85706,53851  	0,33437  	0,16633  	1,53938  	1,53631  	5756410,50348  	5678999,58824  	98,68616  	25295332,54600  	0,23933  	0,18153  	Inf  	-Inf  	0,00386  	0,00555  	0,00394  	0,00758  	1327,62170  	0,00399  	0,00422  
133,13193  	14,42399  	1068,35230  	14,42400  	26,43907  	0,04457  	0,01145  	85706,53851  	0,33233  	0,16619  	1,53979  	1,53672  	53087,61112  	196,49700  	98,08251  	25295332,54600  	886,94123  	0,17602  	-Inf  	-Inf  	0,00386  	0,00554  	0,00394  	0,00758  	1327,62170  	0,00398  	0,00422  
134,13268  	-244,98909  	11,10479  	-244,98909  	26,43764  	0,04818  	0,01146  	715,23268  	0,33294  	0,16635  	1,54494  	1,54186  	2645,53766  	559,27330  	98,26263  	211092,97876  	28,26280  	6,99810  	Inf  	-Inf  	0,00386  	0,00555  	0,00394  	0,00759  	11,08316  	0,00399  	0,00422  
135,13439  	1072,76178  	1072,70650  	1072,76182  	26,43770  	0,04826  	0,01148  	69242,88657  	0,33533  	0,16665  	1,54171  	1,53863  	400876751,47583  	78,57637  	98,96779  	20436268,60601  	0,61435  	0,00936  	-Inf  	-Inf  	0,00386  	0,00556  	0,00394  	0,00758  	1072,59524  	0,00399  	0,00422  
136,13601  	1327,82048  	1327,75450  	1327,82053  	26,43818  	0,04449  	0,01150  	513,56560  	0,33328  	0,16692  	1,54354  	1,54045  	1919675838,53038  	346,63636  	98,36382  	151573,18106  	0,24018  	0,00349  	-Inf  	-Inf  	0,00386  	0,00555  	0,00395  	0,00759  	7,95928  	0,00398  	0,00422  
137,13612  	3,38232  	1327,75450  	1327,82053  	26,43985  	0,05050  	0,01150  	69674,54132  	0,33329  	0,16694  	1,54134  	1,53826  	34016339,58522  	0,01395  	98,36809  	20563666,70795  	773,70461  	0,00396  	-Inf  	-Inf  	0,00386  	0,00555  	0,00394  	0,00758  	1079,28169  	0,00400  	0,00422  
138,13673  	-244,98909  	1327,75450  	1327,82053  	26,43975  	0,05323  	0,01148  	85706,53851  	0,33371  	0,16660  	1,54087  	1,53779  	399639340,42678  	0,15932  	98,49149  	25295332,54600  	28,30734  	0,00417  	-Inf  	-Inf  	0,00386  	0,00555  	0,00394  	0,00758  	1327,62170  	0,00401  	0,00422  
139,13828  	-244,98909  	-2,56900  	1327,82053  	26,44034  	0,04631  	0,01146  	-167,42620  	0,33552  	0,16641  	1,54032  	1,53724  	4620602,31357  	2792,71698  	99,02479  	-49413,98202  	28,27418  	0,07339  	NaN  	NaN  	0,00386  	0,00556  	0,00394  	0,00758  	-2,58947  	0,00399  	0,00422  
140,13904  	1087,56503  	-244,98909  	1327,82053  	26,44046  	0,04691  	0,01151  	-15815,93170  	0,33475  	0,16713  	1,54328  	1,54020  	4716568,46949  	2375759,47436  	98,79871  	-4667896,50935  	0,57959  	0,18522  	NaN  	NaN  	0,00386  	0,00555  	0,00394  	0,00759  	-244,98909  	0,00399  	0,00422  
141,13884  	1327,82048  	1090,99402  	-8,21867  	26,44100  	0,04719  	0,01150  	70423,36776  	0,33396  	0,16700  	1,54405  	1,54097  	5778111,75732  	6119907,89670  	98,56579  	20784674,51348  	0,24030  	0,18636  	NaN  	NaN  	0,00386  	0,00555  	0,00394  	0,00759  	1090,88121  	0,00399  	0,00422  
142,13884  	1327,82048  	-10,25593  	-244,98909  	26,44069  	0,04619  	0,01150  	-663,62696  	0,33298  	0,16692  	1,54113  	1,53805  	17988,23857  	1279088,27121  	98,27504  	-195862,12286  	0,24018  	5,43965  	Inf  	-Inf  	0,00386  	0,00555  	0,00395  	0,00758  	-10,27575  	0,00399  	0,00422  
143,14000  	1327,82048  	1095,47818  	-244,98909  	26,44116  	0,05064  	0,01148  	70712,82568  	0,33404  	0,16660  	1,54330  	1,54022  	1098623,93836  	8008091,48972  	98,58795  	20870104,80078  	0,23972  	0,61708  	NaN  	NaN  	0,00386  	0,00555  	0,00395  	0,00759  	1095,36499  	0,00400  	0,00422  
144,14014  	-13,11058  	1327,75450  	1095,94202  	26,44179  	0,04821  	0,01152  	85706,53851  	0,33422  	0,16720  	1,54377  	1,54069  	32887603,46232  	46,83091  	98,64243  	25295332,54600  	618,52441  	0,00556  	-Inf  	-Inf  	0,00386  	0,00555  	0,00395  	0,00759  	1327,62170  	0,00399  	0,00422  
145,14323  	-244,98909  	1327,75450  	1327,82053  	26,44323  	0,04668  	0,01154  	85706,53851  	0,33376  	0,16748  	1,54250  	1,53942  	401738372,80339  	0,13970  	98,50602  	25295332,54600  	28,45669  	0,00366  	-Inf  	-Inf  	0,00386  	0,00555  	0,00394  	0,00758  	1327,62170  	0,00399  	0,00422  
146,14439  	-244,98909  	1327,75450  	1327,82053  	26,44494  	0,04918  	0,01146  	85706,53851  	0,33373  	0,16637  	1,54015  	1,53707  	399084411,35525  	0,14718  	98,49685  	25295332,54600  	28,26902  	0,00385  	-Inf  	-Inf  	0,00386  	0,00555  	0,00394  	0,00758  	1327,62170  	0,00400  	0,00422  
147,14643  	1104,43502  	1327,75450  	1327,82053  	26,44478  	0,04955  	0,01148  	85706,53851  	0,33429  	0,16663  	1,54157  	1,53849  	1587472007,14840  	116,55658  	98,66200  	25295332,54600  	0,53963  	0,00388  	-Inf  	-Inf  	0,00386  	0,00555  	0,00395  	0,00758  	1327,62170  	0,00400  	0,00422  
148,14767  	-25,00914  	-25,01837  	1327,82053  	26,44295  	0,04604  	0,01149  	-1616,55987  	0,33385  	0,16677  	1,54381  	1,54073  	784164,91128  	261,87563  	98,53193  	-477109,68417  	519,97724  	0,07875  	NaN  	NaN  	0,00386  	0,00555  	0,00394  	0,00759  	-25,03694  	0,00399  	0,00422  
149,14801  	1112,43173  	1112,37478  	1327,82053  	26,44403  	0,04273  	0,01149  	-15815,93170  	0,33297  	0,16675  	1,54334  	1,54026  	939944659,74424  	343823,88763  	98,27148  	-4667896,50935  	0,52296  	0,00479  	-Inf  	-Inf  	0,00386  	0,00555  	0,00394  	0,00759  	-244,98909  	0,00398  	0,00422  
150,14830  	-31,95544  	-31,96437  	-31,95543  	26,44465  	0,04101  	0,01152  	71955,53965  	0,33561  	0,16729  	1,54828  	1,54520  	47,88796  	0,00155  	99,05252  	21236878,02205  	470,98373  	48,23853  	NaN  	NaN  	0,00386  	0,00556  	0,00394  	0,00760  	1114,61497  	0,00397  	0,00422  
151,14838  	1119,53884  	1119,48159  	-244,98909  	26,44444  	0,05038  	0,01153  	85706,53851  	0,33383  	0,16744  	1,54222  	1,53914  	1126233,43998  	2676350,15819  	98,52706  	25295332,54600  	0,51049  	0,53786  	NaN  	NaN  	0,00386  	0,00555  	0,00394  	0,00758  	1327,62170  	0,00400  	0,00422  
152,14904  	1327,82048  	-37,78437  	1120,60711  	26,44550  	0,04310  	0,01144  	85706,53851  	0,33323  	0,16607  	1,53813  	1,53505  	5747465,56992  	5890904,10183  	98,35017  	25295332,54600  	0,23895  	0,17019  	Inf  	-Inf  	0,00386  	0,00555  	0,00395  	0,00757  	1327,62170  	0,00398  	0,00422  
153,15062  	-39,53907  	1122,31310  	-39,53906  	26,44635  	0,04692  	0,01149  	85706,53851  	0,33313  	0,16676  	1,54030  	1,53722  	292555,72712  	231,29194  	98,31996  	25295332,54600  	419,42132  	0,18530  	-Inf  	-Inf  	0,00386  	0,00555  	0,00394  	0,00758  	1327,62170  	0,00399  	0,00422  
154,15067  	1123,51868  	-40,69586  	1123,51872  	26,44714  	0,04711  	0,01149  	-2628,56047  	0,33451  	0,16678  	1,54567  	1,54259  	4866071,50602  	2185956,10047  	98,72754  	-775790,41702  	0,50053  	0,18603  	NaN  	NaN  	0,00386  	0,00555  	0,00394  	0,00759  	-40,71311  	0,00399  	0,00422  
155,15238  	-43,48365  	-244,98909  	-43,48365  	26,44642  	0,04819  	0,01149  	72699,66845  	0,33439  	0,16679  	1,54073  	1,53765  	1606,73855  	41,35720  	98,69186  	21456499,36828  	395,43214  	4,17313  	NaN  	NaN  	0,00386  	0,00555  	0,00394  	0,00758  	1126,14173  	0,00399  	0,00422  
156,15270  	1130,59016  	1130,53245  	-244,98909  	26,44767  	0,04938  	0,01150  	85706,53851  	0,33486  	0,16688  	1,54703  	1,54395  	1237225,90364  	2820436,17297  	98,82999  	25295332,54600  	0,48707  	0,49683  	NaN  	NaN  	0,00386  	0,00555  	0,00394  	0,00759  	1327,62170  	0,00400  	0,00422  
157,15535  	-49,33007  	-49,33828  	1132,16151  	26,44649  	0,03944  	0,01149  	-3186,43910  	0,33435  	0,16677  	1,54137  	1,53829  	336086,49664  	199,91015  	98,67857  	-940442,09611  	362,12927  	0,15572  	NaN  	NaN  	0,00386  	0,00555  	0,00394  	0,00758  	-49,35480  	0,00397  	0,00422  
158,15692  	-244,98909  	1135,75723  	1327,82053  	26,44851  	0,04425  	0,01145  	73312,88630  	0,33396  	0,16628  	1,53919  	1,53611  	248787846,91956  	385,12411  	98,56389  	21637483,80418  	28,25461  	0,00476  	-Inf  	-Inf  	0,00386  	0,00555  	0,00395  	0,00758  	1135,64064  	0,00398  	0,00422  
159,16045  	1139,13348  	1327,75450  	1327,82053  	26,44868  	0,04575  	0,01152  	85706,53851  	0,33272  	0,16719  	1,54548  	1,54240  	1643989460,91254  	131,77883  	98,19951  	25295332,54600  	0,47196  	0,00359  	-Inf  	-Inf  	0,00386  	0,00554  	0,00395  	0,00759  	1327,62170  	0,00399  	0,00422  
160,15996  	1327,82048  	-62,73309  	1327,82053  	26,44824  	0,05051  	0,01153  	85706,53851  	0,33468  	0,16744  	1,54429  	1,54120  	16396679,68285  	8287067,91248  	98,77718  	25295332,54600  	0,24093  	0,09854  	NaN  	NaN  	0,00386  	0,00555  	0,00394  	0,00759  	1327,62170  	0,00400  	0,00422  
161,16102  	-65,73275  	1148,50568  	1327,82053  	26,44875  	0,04390  	0,01147  	-4245,20705  	0,33243  	0,16650  	1,53931  	1,53623  	87397132,81465  	34,89976  	98,11315  	-1252925,69286  	282,43150  	0,00462  	-Inf  	-Inf  	0,00386  	0,00554  	0,00394  	0,00758  	-65,75540  	0,00398  	0,00422  
162,16153  	-244,98909  	1327,75450  	-69,95313  	26,45092  	0,04548  	0,01151  	74408,23363  	0,33293  	0,16709  	1,53902  	1,53594  	3284699,01346  	2880,77295  	98,26073  	21960763,39838  	28,39390  	0,09106  	-Inf  	-Inf  	0,00386  	0,00555  	0,00394  	0,00758  	1152,60787  	0,00399  	0,00422  
163,16281  	1155,47502  	1327,75450  	-244,98909  	26,45076  	0,04417  	0,01151  	-4691,29389  	0,33452  	0,16710  	1,53748  	1,53440  	5015681,05239  	3325783,57709  	98,72942  	-1384583,26753  	0,44289  	0,17446  	NaN  	NaN  	0,00386  	0,00555  	0,00395  	0,00757  	-72,66541  	0,00398  	0,00422  
164,16380  	-74,18197  	-74,18914  	1157,01341  	26,45183  	0,04979  	0,01146  	-15815,93170  	0,33424  	0,16636  	1,54365  	1,54057  	445248,60047  	279,00288  	98,64594  	-4667896,50935  	248,65972  	0,19659  	NaN  	NaN  	0,00386  	0,00555  	0,00394  	0,00759  	-244,98909  	0,00400  	0,00422  
165,16539  	1158,71129  	-244,98909  	1327,82053  	26,45281  	0,04731  	0,01153  	74790,79715  	0,33406  	0,16732  	1,53934  	1,53626  	5038679,13256  	3627815,37117  	98,59312  	22073672,76925  	0,43801  	0,18680  	NaN  	NaN  	0,00386  	0,00555  	0,00395  	0,00758  	1158,53389  	0,00399  	0,00422  
166,16712  	1327,82048  	1163,46149  	-80,68919  	26,45334  	0,05268  	0,01150  	85706,53851  	0,33309  	0,16702  	1,54331  	1,54023  	5778554,75801  	7733360,12599  	98,30735  	25295332,54600  	0,24031  	0,20805  	NaN  	NaN  	0,00386  	0,00555  	0,00394  	0,00759  	1327,62170  	0,00401  	0,00422  
167,16745  	1327,82048  	1327,75450  	-244,98909  	26,45268  	0,04599  	0,01147  	85706,53851  	0,33329  	0,16653  	1,54134  	1,53826  	5761571,34810  	8533604,57932  	98,36575  	25295332,54600  	0,23962  	0,18162  	NaN  	NaN  	0,00386  	0,00555  	0,00394  	0,00758  	1327,62170  	0,00399  	0,00422  
168,17029  	-87,99129  	1327,75450  	-244,98909  	26,45416  	0,04886  	0,01149  	85706,53851  	0,33381  	0,16681  	1,54172  	1,53864  	507513,93431  	371,75411  	98,52039  	25295332,54600  	203,17322  	0,19297  	NaN  	NaN  	0,00386  	0,00555  	0,00395  	0,00758  	1327,62170  	0,00400  	0,00422  
169,17151  	1171,89133  	1327,75450  	1171,89138  	26,45391  	0,04833  	0,01146  	-5750,94165  	0,33295  	0,16633  	1,54219  	1,53911  	1150864580,89648  	395365,23915  	98,26529  	-1697326,52904  	0,41418  	0,00489  	-Inf  	-Inf  	0,00386  	0,00555  	0,00394  	0,00758  	-89,07964  	0,00399  	0,00422  
170,17396  	1327,82048  	-91,54304  	-91,53659  	26,45457  	0,04357  	0,01148  	75801,41322  	0,33502  	0,16665  	1,54134  	1,53826  	5320,71707  	33,11853  	98,87679  	22371944,87480  	0,23978  	10,87520  	Inf  	-Inf  	0,00386  	0,00555  	0,00394  	0,00758  	1174,18860  	0,00398  	0,00422  
171,17578  	1327,82048  	-244,98909  	1179,41859  	26,45436  	0,04700  	0,01148  	85706,53851  	0,33407  	0,16660  	1,53654  	1,53347  	2111184,05766  	7898764,88126  	98,59625  	25295332,54600  	0,23970  	0,36719  	Inf  	-Inf  	0,00386  	0,00555  	0,00394  	0,00757  	1327,62170  	0,00399  	0,00422  
172,17744  	1327,82048  	-244,98909  	-101,97789  	26,45563  	0,04778  	0,01147  	-6584,77589  	0,33570  	0,16650  	1,54484  	1,54176  	67279,04667  	806156,13346  	99,07736  	-1943423,43871  	0,23957  	2,52749  	Inf  	-Inf  	0,00386  	0,00556  	0,00395  	0,00759  	-101,99596  	0,00399  	0,00422  
173,17712  	-107,60796  	1190,37913  	1190,43940  	26,45561  	0,04680  	0,01142  	76838,79526  	0,33329  	0,16574  	1,53712  	1,53404  	98734474,53695  	0,01560  	98,36732  	22678116,65610  	151,97073  	0,00582  	-Inf  	-Inf  	0,00386  	0,00555  	0,00395  	0,00757  	1190,25794  	0,00399  	0,00422  
174,17949  	1192,61294  	-109,78722  	1327,82053  	26,45661  	0,04312  	0,01146  	85706,53851  	0,33508  	0,16633  	1,54426  	1,54118  	11347704,28859  	3647090,56228  	98,89578  	25295332,54600  	0,38334  	0,09976  	NaN  	NaN  	0,00386  	0,00556  	0,00394  	0,00759  	1327,62170  	0,00398  	0,00422  
175,17980  	1327,82048  	1194,75823  	1327,82053  	26,45396  	0,04747  	0,01146  	85706,53851  	0,33436  	0,16636  	1,54245  	1,53937  	1385171361,83827  	745305,25913  	98,68249  	25295332,54600  	0,23937  	0,00462  	-Inf  	-Inf  	0,00386  	0,00555  	0,00394  	0,00758  	1327,62170  	0,00399  	0,00422  
176,18163  	1327,82048  	1327,75450  	1327,82053  	26,45689  	0,04358  	0,01146  	-7580,54251  	0,33451  	0,16639  	1,54159  	1,53851  	1913609725,08104  	339,57362  	98,72601  	-2237312,89367  	0,23941  	0,00342  	-Inf  	-Inf  	0,00386  	0,00555  	0,00394  	0,00758  	-117,42066  	0,00398  	0,00422  
177,18369  	1327,82048  	-120,26292  	1327,82053  	26,45688  	0,04722  	0,01151  	-15815,93170  	0,33282  	0,16711  	1,53827  	1,53520  	12012071,17740  	8067361,72048  	98,22769  	-4667896,50935  	0,24045  	0,11358  	NaN  	NaN  	0,00386  	0,00554  	0,00394  	0,00757  	-244,98909  	0,00399  	0,00422  
178,18639  	1327,82048  	1206,19433  	1327,82053  	26,45729  	0,05245  	0,01152  	-15815,93170  	0,33320  	0,16719  	1,53775  	1,53467  	1432235361,70462  	752652,30490  	98,34087  	-4667896,50935  	0,24055  	0,00501  	-Inf  	-Inf  	0,00386  	0,00555  	0,00395  	0,00757  	-244,98909  	0,00401  	0,00422  
179,18737  	-126,99699  	1327,75450  	1327,82053  	26,45733  	0,04952  	0,01152  	-15815,93170  	0,33516  	0,16717  	1,54375  	1,54066  	226709015,47643  	0,02195  	98,91798  	-4667896,50935  	116,90895  	0,00388  	-Inf  	-Inf  	0,00386  	0,00556  	0,00394  	0,00759  	-244,98909  	0,00400  	0,00422  
180,18805  	1214,64610  	-131,81945  	1327,82053  	26,45923  	0,05068  	0,01144  	-15815,93170  	0,33600  	0,16607  	1,54280  	1,53972  	10222421,13896  	4903020,73012  	99,16752  	-4667896,50935  	0,35308  	0,12733  	NaN  	NaN  	0,00386  	0,00556  	0,00395  	0,00759  	-244,98909  	0,00400  	0,00422  
181,19030  	1327,82048  	1216,80756  	1327,82053  	26,46011  	0,05171  	0,01149  	78544,78152  	0,33456  	0,16683  	1,54112  	1,53804  	1467294860,95986  	677387,28153  	98,74255  	23181619,54509  	0,24004  	0,00485  	-Inf  	-Inf  	0,00386  	0,00555  	0,00394  	0,00758  	1216,68413  	0,00401  	0,00422  
182,19147  	1327,82048  	1327,75450  	1327,82053  	26,45958  	0,05041  	0,01149  	-8827,65313  	0,33361  	0,16682  	1,54242  	1,53934  	1918550472,59641  	392,74812  	98,46057  	-2605383,73518  	0,24002  	0,00395  	-Inf  	-Inf  	0,00386  	0,00555  	0,00394  	0,00758  	-136,73875  	0,00400  	0,00422  
183,19094  	-141,68417  	1327,75450  	-141,68417  	26,46101  	0,04553  	0,01153  	-15815,93170  	0,33497  	0,16738  	1,54829  	1,54520  	1379105,40704  	540,60992  	98,86148  	-4667896,50935  	96,02961  	0,11876  	-Inf  	-Inf  	0,00386  	0,00555  	0,00394  	0,00760  	-244,98909  	0,00399  	0,00422  
184,19253  	1228,39903  	1327,75450  	-244,98909  	26,46156  	0,04675  	0,01150  	-15815,93170  	0,33451  	0,16702  	1,53932  	1,53624  	5336863,62699  	5242493,19605  	98,72739  	-4667896,50935  	0,33794  	0,18463  	NaN  	NaN  	0,00386  	0,00555  	0,00394  	0,00758  	-244,98909  	0,00399  	0,00422  
185,19386  	1327,82048  	1327,75450  	1229,36265  	26,46218  	0,04671  	0,01149  	-15815,93170  	0,33410  	0,16675  	1,54098  	1,53790  	1512434387,19405  	542270,01219  	98,60652  	-4667896,50935  	0,23992  	0,00429  	NaN  	NaN  	0,00386  	0,00555  	0,00394  	0,00758  	-244,98909  	0,00399  	0,00422  
186,19631  	-147,90596  	-147,91003  	-147,90595  	26,46192  	0,04950  	0,01145  	79439,96973  	0,33450  	0,16626  	1,54058  	1,53750  	4447,64810  	0,00178  	98,72418  	23445824,40015  	87,88472  	4,01717  	NaN  	NaN  	0,00386  	0,00555  	0,00395  	0,00758  	1230,55084  	0,00400  	0,00422  
187,19746  	1233,89796  	-244,98909  	-244,98909  	26,46250  	0,04914  	0,01147  	-9753,37556  	0,33365  	0,16650  	1,54227  	1,53919  	318591,52313  	0,00000  	98,47377  	-2878600,42635  	0,33035  	0,95075  	Inf  	-Inf  	0,00386  	0,00555  	0,00394  	0,00758  	-151,07844  	0,00400  	0,00422  
188,20040  	1327,82048  	1237,56132  	-244,98909  	26,46253  	0,04733  	0,01145  	79884,46136  	0,33392  	0,16628  	1,54236  	1,53928  	3187715,85655  	8280295,23779  	98,55194  	23577011,16648  	0,23924  	0,27912  	NaN  	NaN  	0,00386  	0,00555  	0,00394  	0,00758  	1237,43614  	0,00399  	0,00422  
189,20014  	1327,82048  	-162,69254  	-244,98909  	26,46373  	0,04594  	0,01148  	85706,53851  	0,33490  	0,16669  	1,54179  	1,53871  	141989,68452  	446088,25620  	98,84299  	25295332,54600  	0,23983  	1,53868  	Inf  	-Inf  	0,00386  	0,00555  	0,00394  	0,00758  	1327,62170  	0,00399  	0,00422  
190,19957  	1327,82048  	1248,85011  	1248,91283  	26,46454  	0,04670  	0,01148  	85706,53851  	0,33385  	0,16667  	1,53799  	1,53491  	1303984829,13424  	345,64717  	98,53340  	25295332,54600  	0,23980  	0,00474  	NaN  	NaN  	0,00386  	0,00555  	0,00395  	0,00757  	1327,62170  	0,00399  	0,00422  
191,20049  	-168,28201  	-168,28522  	-168,28200  	26,46458  	0,04677  	0,01145  	-10864,60595  	0,33487  	0,16619  	1,54439  	1,54131  	8760,79071  	0,00182  	98,83278  	-3206567,72871  	67,72085  	2,69003  	NaN  	NaN  	0,00386  	0,00555  	0,00395  	0,00759  	-168,29170  	0,00399  	0,00422  
192,20114  	1253,29912  	1253,23626  	-244,98909  	26,46609  	0,04621  	0,01149  	80896,29752  	0,33385  	0,16681  	1,53991  	1,53684  	3354895,21387  	5623121,86831  	98,53099  	23875643,36445  	0,30903  	0,25341  	NaN  	NaN  	0,00386  	0,00555  	0,00394  	0,00758  	1253,10975  	0,00399  	0,00422  
193,20099  	-172,25255  	1327,75450  	1255,08399  	26,46526  	0,04916  	0,01157  	85706,53851  	0,33516  	0,16796  	1,54253  	1,53945  	247734253,21468  	46,09189  	98,92001  	25295332,54600  	65,15082  	0,00433  	-Inf  	-Inf  	0,00386  	0,00556  	0,00395  	0,00758  	1327,62170  	0,00400  	0,00422  
194,20207  	-244,98909  	1327,75450  	-172,12730  	26,46521  	0,04428  	0,01156  	85706,53851  	0,33450  	0,16782  	1,54095  	1,53787  	1876182,44278  	3008,69552  	98,72370  	25295332,54600  	28,52124  	0,12995  	-Inf  	-Inf  	0,00386  	0,00555  	0,00395  	0,00758  	1327,62170  	0,00398  	0,00422  
195,20532  	1258,69981  	1327,75450  	-244,98909  	26,46732  	0,04662  	0,01147  	85706,53851  	0,33451  	0,16644  	1,53912  	1,53604  	5452470,96643  	6123215,71660  	98,72587  	25295332,54600  	0,30259  	0,18411  	NaN  	NaN  	0,00386  	0,00555  	0,00394  	0,00758  	1327,62170  	0,00399  	0,00422  
196,20616  	1327,82048  	-179,01303  	-244,98909  	26,46863  	0,04691  	0,01149  	85706,53851  	0,33519  	0,16681  	1,54275  	1,53967  	171126,74024  	365180,19540  	98,92718  	25295332,54600  	0,24000  	1,40080  	Inf  	-Inf  	0,00386  	0,00556  	0,00394  	0,00758  	1327,62170  	0,00399  	0,00422  
197,20840  	1327,82048  	1265,02041  	1265,08381  	26,46808  	0,04643  	0,01149  	-11766,37166  	0,33480  	0,16683  	1,54222  	1,53914  	1415357975,59404  	347,35079  	98,81238  	-3472713,85855  	0,24003  	0,00446  	NaN  	NaN  	0,00386  	0,00555  	0,00394  	0,00758  	-182,26030  	0,00399  	0,00422  
198,20794  	1327,82048  	1327,75450  	1327,82053  	26,46744  	0,04985  	0,01148  	82009,64183  	0,33432  	0,16671  	1,54410  	1,54102  	1917262087,18050  	388,45819  	98,67061  	24204234,56919  	0,23986  	0,00391  	-Inf  	-Inf  	0,00386  	0,00555  	0,00395  	0,00759  	1270,35576  	0,00400  	0,00422  
199,20824  	1327,82048  	1327,75450  	1327,82053  	26,46757  	0,04593  	0,01146  	85706,53851  	0,33459  	0,16633  	1,54318  	1,54009  	1912942297,43347  	357,86362  	98,74965  	25295332,54600  	0,23932  	0,00360  	-Inf  	-Inf  	0,00386  	0,00555  	0,00394  	0,00759  	1327,62170  	0,00399  	0,00422  
200,20875  	-193,40094  	1327,75450  	1327,82053  	26,46788  	0,04488  	0,01150  	85706,53851  	0,33599  	0,16693  	1,54889  	1,54581  	324354707,72608  	0,05484  	99,16449  	25295332,54600  	50,18989  	0,00352  	-Inf  	-Inf  	0,00386  	0,00556  	0,00395  	0,00760  	1327,62170  	0,00398  	0,00422  
201,21093  	-244,98909  	-194,64116  	-194,63904  	26,47003  	0,04598  	0,01149  	85706,53851  	0,33484  	0,16682  	1,54299  	1,53991  	23867,77505  	0,00440  	98,82332  	25295332,54600  	28,35238  	1,75983  	NaN  	NaN  	0,00386  	0,00555  	0,00394  	0,00759  	1327,62170  	0,00399  	0,00422  
202,21228  	1278,22880  	-244,98909  	1278,22885  	26,46995  	0,05018  	0,01148  	85706,53851  	0,33403  	0,16667  	1,54079  	1,53771  	4039847,57371  	7052099,61917  	98,58526  	25295332,54600  	0,28322  	0,24572  	NaN  	NaN  	0,00386  	0,00555  	0,00395  	0,00758  	1327,62170  	0,00400  	0,00422  
203,21204  	-200,06065  	1282,82794  	1327,82053  	26,47102  	0,04940  	0,01151  	85706,53851  	0,33423  	0,16711  	1,54010  	1,53702  	300555664,22937  	46,18173  	98,64363  	25295332,54600  	46,49556  	0,00416  	-Inf  	-Inf  	0,00386  	0,00555  	0,00395  	0,00758  	1327,62170  	0,00400  	0,00422  
204,21301  	1286,00883  	1327,75450  	1327,82053  	26,47182  	0,04673  	0,01151  	85706,53851  	0,33436  	0,16706  	1,54345  	1,54037  	1859534398,00988  	296,13787  	98,68393  	25295332,54600  	0,27644  	0,00366  	-Inf  	-Inf  	0,00386  	0,00555  	0,00395  	0,00759  	1327,62170  	0,00399  	0,00422  
205,21386  	-205,37805  	1327,75450  	1327,82053  	26,47245  	0,04777  	0,01144  	-13259,09955  	0,33405  	0,16612  	1,54304  	1,53996  	340364126,86748  	0,07193  	98,59088  	-3913275,90951  	43,47951  	0,00374  	-Inf  	-Inf  	0,00386  	0,00555  	0,00394  	0,00759  	-205,38306  	0,00399  	0,00422  
206,21625  	1290,39510  	1327,75450  	-207,56371  	26,47277  	0,04749  	0,01146  	83290,78687  	0,33335  	0,16637  	1,53685  	1,53377  	7027522,92443  	7152578,99120  	98,38506  	24582350,29093  	0,27122  	0,16058  	NaN  	NaN  	0,00386  	0,00555  	0,00394  	0,00757  	1290,20105  	0,00399  	0,00422  
