11/19/2024 10:13:49Time	T_hot_in(C)	T_cold_in(C)	T_cold_out(C)	T_hot_out(C)	mdot_cold(kg/s)	ASFASIFUAS(kg/s)	Diferencial_cold(bar)	Diferencial_hot(bar)	mdot_hot(kg/s)	ABS_cold(bar)	ABS_hot(bar)	q_cold(kW)	q_hot(kW)	ASFASYFY	Tau_cold_haste	Re_hot	Re_cold	U_global	PSIG_cold(bar)	R_fouling	PSIG_hot(bar)	PSID_hot(bar)	m_dot_hot	PSID_cold(bar)	m_dot_cold
2,03021  	0,00000  	0,00000  	0,00000  	0,00000  	-1,18512  	-0,20833  	-0,25900  	-0,86180  	-3,02442  	-1,72343  	-1,72415  	-0,00000  	-0,00000  	-254,35069  	-76,44127  	-9234,48090  	-3618,55272  	NaN  	NaN  	0,00000  	0,00000  	0,00000  	0,00000  	0,00000  	0,00000  	0,00000  
3,03062  	-244,98909  	1327,75450  	1327,82053  	26,43652  	0,05071  	0,00025  	85706,53851  	-0,00359  	0,00368  	-0,08004  	-0,08195  	8836460,10840  	0,15177  	-1,05852  	25295332,54600  	0,62589  	0,00397  	-Inf  	-Inf  	0,00386  	0,00398  	0,00394  	0,00382  	1327,62170  	0,00400  	0,00400  
4,03080  	884,27006  	198,54272  	198,56134  	26,44614  	0,04813  	0,00026  	85706,53851  	0,00484  	0,00374  	-0,02966  	-0,03160  	59,17247  	7,30927  	1,42857  	25295332,54600  	0,03294  	32,13852  	NaN  	NaN  	0,00386  	0,00402  	0,00394  	0,00393  	1327,62170  	0,00399  	0,00400  
5,03217  	307,28798  	-244,98909  	775,54344  	26,45319  	0,04392  	0,00280  	85706,53851  	0,06484  	0,04071  	0,24988  	0,24774  	1837,70961  	318,24145  	19,13706  	25295332,54600  	78,80744  	5,73534  	NaN  	NaN  	0,00386  	0,00430  	0,00395  	0,00458  	1327,62170  	0,00398  	0,00405  
6,03243  	-244,98909  	-244,98909  	1327,82053  	26,45640  	0,04943  	0,00777  	85706,53851  	0,17871  	0,11277  	0,79257  	0,79003  	814104,42628  	3523,08611  	52,74370  	25295332,54600  	19,16314  	0,19518  	NaN  	NaN  	0,00386  	0,00483  	0,00394  	0,00584  	1327,62170  	0,00400  	0,00415  
7,03245  	779,25366  	-244,98909  	303,57775  	26,45943  	0,04569  	0,01060  	19593,22391  	0,31295  	0,15385  	1,45153  	1,44851  	484,45539  	86851,13423  	92,36320  	5782722,33417  	2,42897  	299,86523  	Inf  	-Inf  	0,00386  	0,00545  	0,00394  	0,00737  	303,50840  	0,00399  	0,00420  
8,03380  	1327,82048  	-244,98909  	-244,98909  	26,46404  	0,04974  	0,01160  	-15815,93170  	0,33643  	0,16846  	1,53768  	1,53460  	347409,98678  	0,00000  	99,29239  	-4667896,50935  	0,24238  	0,96245  	Inf  	-Inf  	0,00386  	0,00556  	0,00394  	0,00757  	-244,98909  	0,00400  	0,00422  
9,03334  	1327,82048  	783,17395  	783,21712  	26,46595  	0,04619  	0,01146  	-15815,93170  	0,33683  	0,16638  	1,54101  	1,53793  	66118296,31882  	235,29190  	99,41283  	-4667896,50935  	0,23938  	0,03494  	NaN  	NaN  	0,00386  	0,00556  	0,00394  	0,00758  	-244,98909  	0,00399  	0,00422  
10,03334  	1327,82048  	1327,75450  	1327,82053  	26,46507  	0,04731  	0,01176  	50681,99652  	0,36429  	0,17070  	1,67834  	1,67516  	1963200640,04815  	368,66865  	107,51719  	14958228,13874  	0,24561  	0,00371  	-Inf  	-Inf  	0,00386  	0,00569  	0,00395  	0,00790  	785,08198  	0,00399  	0,00423  
11,03445  	295,74284  	295,72016  	1327,82053  	26,46707  	0,04601  	0,01214  	85706,53851  	0,37930  	0,17618  	1,75752  	1,75428  	18276291,41664  	297,46465  	111,94524  	25295332,54600  	425,48174  	0,02975  	-Inf  	-Inf  	0,00386  	0,00576  	0,00395  	0,00808  	1327,62170  	0,00399  	0,00423  
12,03599  	-244,98909  	-244,98909  	294,37674  	26,47044  	0,04954  	0,01229  	18999,31253  	0,37950  	0,17840  	1,75221  	1,74898  	202,57982  	1210,57863  	112,00458  	5607435,99014  	30,32101  	293,00071  	NaN  	NaN  	0,00386  	0,00576  	0,00395  	0,00807  	294,30855  	0,00400  	0,00424  
13,03533  	-244,98909  	-244,98909  	-244,98909  	26,47204  	0,04864  	0,01227  	-15815,93170  	0,37883  	0,17815  	1,75437  	1,75114  	76637,79728  	0,00000  	111,80774  	-4667896,50935  	30,27958  	0,94125  	Inf  	-Inf  	0,00386  	0,00576  	0,00395  	0,00808  	-244,98909  	0,00400  	0,00424  
14,03671  	794,63269  	-244,98909  	794,63272  	26,47335  	0,04654  	0,01217  	51290,07572  	0,37784  	0,17669  	1,75602  	1,75278  	28554,66930  	191591,29713  	111,51646  	15137695,96010  	2,54717  	5,03469  	NaN  	NaN  	0,00386  	0,00575  	0,00394  	0,00808  	794,50129  	0,00399  	0,00423  
15,03820  	287,45774  	-244,98909  	1327,82053  	26,47451  	0,04466  	0,01219  	18552,70298  	0,66998  	0,17695  	1,75117  	1,74794  	1228225,96086  	407,40223  	197,73578  	5475624,14466  	503,48864  	0,17634  	NaN  	NaN  	0,00386  	0,00711  	0,00394  	0,00807  	287,39045  	0,00398  	0,00423  
16,03890  	797,68818  	-244,98909  	1327,82053  	26,47515  	0,04981  	0,01231  	51487,30334  	1,09929  	0,17867  	1,75456  	1,75133  	3664707,84304  	318410,93054  	324,44248  	15195905,50019  	2,53025  	0,19665  	NaN  	NaN  	0,00386  	0,00910  	0,00395  	0,00808  	797,55640  	0,00400  	0,00424  
17,03890  	281,47962  	801,30787  	281,47964  	26,47698  	0,04771  	0,01241  	85706,53851  	0,93936  	0,18011  	1,75095  	1,74772  	1221208,56822  	136,94428  	277,24174  	25295332,54600  	578,37585  	0,18840  	-Inf  	-Inf  	0,00386  	0,00836  	0,00394  	0,00807  	1327,62170  	0,00399  	0,00424  
18,03891  	-244,98909  	1327,75450  	804,38899  	26,47762  	0,04879  	0,01233  	85706,53851  	0,37692  	0,17893  	1,75264  	1,74941  	107335053,98405  	1156,73259  	111,24498  	25295332,54600  	30,41285  	0,00972  	-Inf  	-Inf  	0,00386  	0,00575  	0,00394  	0,00807  	1327,62170  	0,00400  	0,00424  
19,03890  	806,06813  	276,74138  	1327,82053  	26,47677  	0,04900  	0,01227  	85706,53851  	0,37847  	0,17809  	1,75004  	1,74681  	49564245,30202  	224747,79132  	111,70191  	25295332,54600  	2,40287  	0,03336  	-Inf  	-Inf  	0,00386  	0,00576  	0,00394  	0,00807  	1327,62170  	0,00400  	0,00424  
20,03890  	1327,82048  	806,96598  	275,82130  	26,47630  	0,05020  	0,01225  	85706,53851  	0,31529  	0,17782  	1,75347  	1,75024  	6152903,11164  	3146305,51493  	93,05399  	25295332,54600  	0,25584  	0,19824  	NaN  	NaN  	0,00386  	0,00546  	0,00394  	0,00807  	1327,62170  	0,00400  	0,00424  
21,03853  	1327,82048  	1327,75450  	808,47880  	26,47572  	0,04305  	0,01241  	17706,78796  	-0,39925  	0,18010  	1,74976  	1,74653  	524269477,52243  	2637638,39160  	-117,83344  	5225961,72473  	0,25912  	0,00850  	NaN  	NaN  	0,00386  	0,00215  	0,00394  	0,00807  	274,28699  	0,00398  	0,00424  
22,03839  	273,09438  	1327,75450  	273,09440  	26,47525  	0,04885  	0,01264  	-15815,93170  	-0,37428  	0,18346  	1,75068  	1,74745  	15910986,15731  	268,06273  	-110,46328  	-4667896,50935  	700,33366  	0,03360  	-Inf  	-Inf  	0,00386  	0,00226  	0,00395  	0,00807  	-244,98909  	0,00400  	0,00424  
23,03835  	810,89187  	1327,75450  	810,89190  	26,47578  	0,04786  	0,01248  	-15815,93170  	0,37542  	0,18119  	1,75239  	1,74915  	320207416,43032  	112426,57320  	110,80086  	-4667896,50935  	2,37807  	0,00941  	-Inf  	-Inf  	0,00386  	0,00574  	0,00394  	0,00807  	-244,98909  	0,00399  	0,00424  
24,03889  	1327,82048  	1327,75450  	270,89247  	26,47588  	0,04911  	0,01226  	52407,16828  	0,37776  	0,17797  	1,75400  	1,75077  	80722022,94257  	6124290,66612  	111,49200  	15467393,41585  	0,25605  	0,03398  	NaN  	NaN  	0,00386  	0,00575  	0,00395  	0,00808  	811,80536  	0,00400  	0,00424  
25,03890  	269,73715  	1327,75450  	813,09428  	26,47588  	0,04208  	0,01223  	17408,86551  	0,37710  	0,17754  	1,75219  	1,74896  	97942174,58546  	110,34302  	111,29752  	5138033,22351  	726,97139  	0,00824  	-Inf  	-Inf  	0,00386  	0,00575  	0,00394  	0,00807  	269,67209  	0,00397  	0,00423  
26,03890  	-244,98909  	1327,75450  	1327,82053  	26,47413  	0,04767  	0,01226  	-15815,93170  	0,37599  	0,17803  	1,75151  	1,74828  	427092271,34949  	0,14260  	110,96866  	-4667896,50935  	30,25889  	0,00374  	-Inf  	-Inf  	0,00386  	0,00574  	0,00394  	0,00807  	-244,98909  	0,00399  	0,00424  
27,03842  	816,24049  	266,56944  	1327,82053  	26,47198  	0,04914  	0,01228  	52684,82685  	0,37595  	0,17822  	1,75213  	1,74890  	48218483,11788  	247777,02571  	110,95663  	15549341,25894  	2,26914  	0,03439  	-Inf  	-Inf  	0,00386  	0,00574  	0,00395  	0,00807  	816,10637  	0,00400  	0,00424  
28,03889  	1327,82048  	-244,98909  	1327,82053  	26,46902  	0,04911  	0,01231  	85706,53851  	0,37574  	0,17871  	1,75445  	1,75121  	6185141,12592  	9113953,17536  	110,89557  	25295332,54600  	0,25712  	0,19390  	NaN  	NaN  	0,00386  	0,00574  	0,00394  	0,00808  	1327,62170  	0,00400  	0,00424  
29,04188  	1327,82048  	818,28747  	1327,82053  	26,46427  	0,04450  	0,01233  	85706,53851  	0,37486  	0,17906  	1,75021  	1,74698  	536731531,25700  	2675449,96410  	110,63715  	25295332,54600  	0,25763  	0,00862  	-Inf  	-Inf  	0,00386  	0,00574  	0,00394  	0,00807  	1327,62170  	0,00398  	0,00424  
30,04203  	262,82528  	1327,75450  	1327,82053  	26,45997  	0,05070  	0,01225  	85706,53851  	0,37459  	0,17790  	1,75048  	1,74725  	371611085,06865  	0,01642  	110,55498  	25295332,54600  	842,84405  	0,00397  	-Inf  	-Inf  	0,00386  	0,00574  	0,00395  	0,00807  	1327,62170  	0,00400  	0,00424  
31,04297  	-244,98909  	1327,75450  	1327,82053  	26,45757  	0,04585  	0,01229  	85706,53851  	0,37443  	0,17844  	1,74893  	1,74570  	428066106,07317  	0,13719  	110,50963  	25295332,54600  	30,32451  	0,00359  	-Inf  	-Inf  	0,00386  	0,00574  	0,00395  	0,00806  	1327,62170  	0,00399  	0,00424  
32,04354  	828,16669  	1327,75450  	1327,82053  	26,45755  	0,04857  	0,01227  	85706,53851  	0,37547  	0,17807  	1,74899  	1,74576  	1261627252,06753  	16,81281  	110,81680  	25295332,54600  	2,12051  	0,00381  	-Inf  	-Inf  	0,00386  	0,00574  	0,00394  	0,00806  	1327,62170  	0,00400  	0,00424  
33,04334  	1327,82048  	252,21299  	1327,82053  	26,45813  	0,04870  	0,01226  	16279,05438  	0,37458  	0,17794  	1,75236  	1,74913  	74806642,03545  	6181162,08076  	110,55283  	4804582,02225  	0,25602  	0,03547  	-Inf  	-Inf  	0,00386  	0,00574  	0,00395  	0,00807  	252,17101  	0,00400  	0,00424  
34,04330  	1327,82048  	-244,98909  	1327,82053  	26,46011  	0,04989  	0,01229  	-15815,93170  	0,37521  	0,17835  	1,75254  	1,74931  	6173042,98245  	9258698,93122  	110,73856  	-4667896,50935  	0,25662  	0,19698  	NaN  	NaN  	0,00386  	0,00574  	0,00395  	0,00807  	-244,98909  	0,00400  	0,00424  
35,04507  	1327,82048  	-244,98909  	249,28655  	26,46377  	0,04485  	0,01228  	53801,79742  	0,37317  	0,17832  	1,75021  	1,74698  	974,65468  	2615790,82803  	110,13806  	15879002,71084  	0,25657  	145,79400  	Inf  	-Inf  	0,00386  	0,00573  	0,00394  	0,00807  	833,40855  	0,00398  	0,00424  
36,04699  	246,96491  	-244,98909  	835,86652  	26,46668  	0,04536  	0,01227  	85706,53851  	0,37369  	0,17819  	1,74822  	1,74499  	14271,36839  	225,18839  	110,29170  	25295332,54600  	1180,79414  	3,35931  	NaN  	NaN  	0,00386  	0,00573  	0,00395  	0,00806  	1327,62170  	0,00399  	0,00424  
37,04691  	-244,98909  	-244,98909  	1327,82053  	26,47134  	0,04415  	0,01228  	15676,33856  	0,37506  	0,17827  	1,75197  	1,74873  	1287093,62584  	3145,95660  	110,69594  	4626697,14362  	30,29984  	0,17433  	NaN  	NaN  	0,00386  	0,00574  	0,00394  	0,00807  	242,83478  	0,00398  	0,00424  
38,04888  	841,67934  	-244,98909  	1327,82053  	26,47495  	0,04749  	0,01225  	-15815,93170  	0,37601  	0,17777  	1,75192  	1,74869  	3854269,17031  	436920,01279  	110,97603  	-4667896,50935  	1,96468  	0,18752  	NaN  	NaN  	0,00386  	0,00574  	0,00395  	0,00807  	-244,98909  	0,00399  	0,00424  
39,04884  	1327,82048  	-244,98909  	238,51705  	26,47873  	0,05035  	0,01227  	54496,95242  	0,37631  	0,17811  	1,75252  	1,74928  	978,47486  	2872994,93638  	111,06479  	16084169,98611  	0,25625  	139,76410  	Inf  	-Inf  	0,00386  	0,00575  	0,00394  	0,00807  	844,17669  	0,00400  	0,00424  
40,05063  	1327,82048  	846,85367  	846,89952  	26,48277  	0,04710  	0,01232  	85706,53851  	0,37536  	0,17878  	1,75215  	1,74892  	117834689,68630  	254,79963  	110,78212  	25295332,54600  	0,25721  	0,02532  	NaN  	NaN  	0,00386  	0,00574  	0,00394  	0,00807  	1327,62170  	0,00399  	0,00424  
41,05062  	233,04941  	233,02936  	1327,82053  	26,48716  	0,04761  	0,01225  	15040,72791  	0,37553  	0,17777  	1,75298  	1,74975  	10958218,47299  	230,85930  	110,83313  	4439103,72343  	1566,94958  	0,03658  	-Inf  	-Inf  	0,00386  	0,00574  	0,00394  	0,00807  	232,98900  	0,00399  	0,00424  
42,05135  	852,02046  	851,97444  	1327,82053  	26,49196  	0,04569  	0,01227  	54994,36951  	0,37430  	0,17814  	1,75102  	1,74778  	373913993,72571  	138126,03344  	110,46907  	16230977,11093  	1,86111  	0,00828  	-Inf  	-Inf  	0,00386  	0,00574  	0,00394  	0,00807  	851,88182  	0,00399  	0,00424  
43,05314  	227,13649  	1327,75450  	227,13651  	26,49553  	0,04783  	0,01228  	85706,53851  	0,37525  	0,17828  	1,75014  	1,74691  	10412775,65010  	230,61522  	110,75156  	25295332,54600  	1762,21737  	0,03738  	-Inf  	-Inf  	0,00386  	0,00574  	0,00394  	0,00807  	1327,62170  	0,00399  	0,00424  
44,05316  	-244,98909  	1327,75450  	858,77557  	26,49853  	0,04999  	0,01226  	85706,53851  	0,37537  	0,17799  	1,75304  	1,74981  	125295372,92626  	1061,50757  	110,78714  	25295332,54600  	30,26054  	0,00894  	-Inf  	-Inf  	0,00386  	0,00574  	0,00395  	0,00807  	1327,62170  	0,00400  	0,00424  
45,05334  	861,16270  	1327,75450  	221,66871  	26,50187  	0,05090  	0,01228  	85706,53851  	0,37462  	0,17822  	1,75009  	1,74686  	42322573,99904  	384377,21135  	110,56570  	25295332,54600  	1,77292  	0,04039  	NaN  	NaN  	0,00386  	0,00574  	0,00394  	0,00807  	1327,62170  	0,00400  	0,00424  
46,05473  	1327,82048  	1327,75450  	863,34134  	26,50545  	0,04454  	0,01226  	14165,49407  	0,37412  	0,17792  	1,75555  	1,75231  	608338032,99819  	2441152,49639  	110,41597  	4180788,18167  	0,25596  	0,00789  	NaN  	NaN  	0,00386  	0,00574  	0,00394  	0,00808  	219,43138  	0,00398  	0,00424  
47,05673  	1327,82048  	1327,75450  	218,02696  	26,50841  	0,04484  	0,01226  	-15815,93170  	0,37545  	0,17798  	1,75225  	1,74902  	64894093,83367  	5872997,22262  	110,81046  	-4667896,50935  	0,25604  	0,03595  	NaN  	NaN  	0,00386  	0,00574  	0,00395  	0,00807  	-244,98909  	0,00398  	0,00424  
48,05793  	1327,82048  	214,64412  	-244,98909  	26,51054  	0,04458  	0,01232  	56036,66757  	0,37340  	0,17884  	1,75202  	1,74878  	1010,89739  	2418129,72670  	110,20361  	16538599,80370  	0,25728  	86,50532  	NaN  	NaN  	0,00386  	0,00573  	0,00394  	0,00807  	868,02730  	0,00398  	0,00424  
49,05866  	1327,82048  	871,62746  	871,67435  	26,51177  	0,05172  	0,01224  	13627,61106  	0,37433  	0,17766  	1,74947  	1,74624  	141009831,08602  	286,19403  	110,47898  	4022037,98515  	0,25558  	0,02453  	NaN  	NaN  	0,00386  	0,00574  	0,00394  	0,00807  	211,09943  	0,00401  	0,00423  
50,05892  	1327,82048  	1327,75450  	1327,82053  	26,51418  	0,04546  	0,01226  	56505,89197  	0,37572  	0,17800  	1,75348  	1,75025  	2047000405,75917  	354,27897  	110,89002  	16677086,17170  	0,25606  	0,00356  	-Inf  	-Inf  	0,00386  	0,00574  	0,00394  	0,00807  	875,29571  	0,00399  	0,00424  
51,05892  	1327,82048  	1327,75450  	1327,82053  	26,51639  	0,04808  	0,01224  	13242,66861  	0,37497  	0,17765  	1,74910  	1,74587  	2043055334,23623  	374,70636  	110,66679  	3908426,49830  	0,25556  	0,00377  	-Inf  	-Inf  	0,00386  	0,00574  	0,00394  	0,00806  	205,13657  	0,00399  	0,00423  
52,05890  	203,17201  	203,15320  	1327,82053  	26,51885  	0,04834  	0,01228  	-15815,93170  	0,37552  	0,17820  	1,74965  	1,74642  	8285117,11485  	231,93910  	110,82915  	-4667896,50935  	2579,96707  	0,04043  	-Inf  	-Inf  	0,00386  	0,00574  	0,00394  	0,00807  	-244,98909  	0,00399  	0,00424  
53,05931  	-244,98909  	881,00597  	201,77820  	26,52051  	0,04163  	0,01224  	-15815,93170  	0,37497  	0,17764  	1,74946  	1,74623  	1282357,44356  	1279,93666  	110,66747  	-4667896,50935  	30,20723  	0,16441  	-Inf  	-Inf  	0,00386  	0,00574  	0,00395  	0,00807  	-244,98909  	0,00397  	0,00423  
54,06062  	882,08625  	200,72644  	882,08629  	26,52290  	0,04566  	0,01221  	56935,07045  	0,37505  	0,17728  	1,75294  	1,74971  	4033568,43052  	249688,61263  	110,69249  	16803753,43171  	1,57989  	0,18031  	-Inf  	-Inf  	0,00386  	0,00574  	0,00394  	0,00807  	881,94380  	0,00399  	0,00423  
55,06070  	1327,82048  	883,74117  	1327,82053  	26,52541  	0,04444  	0,01221  	85706,53851  	0,37600  	0,17729  	1,75308  	1,74984  	642969421,69403  	2329420,76915  	110,97277  	25295332,54600  	0,25503  	0,00757  	-Inf  	-Inf  	0,00386  	0,00574  	0,00394  	0,00807  	1327,62170  	0,00398  	0,00423  
56,06089  	1327,82048  	1327,75450  	196,39102  	26,52675  	0,04302  	0,01223  	85706,53851  	0,37524  	0,17754  	1,75360  	1,75037  	59063151,93215  	5745000,35752  	110,74715  	25295332,54600  	0,25539  	0,03670  	NaN  	NaN  	0,00386  	0,00574  	0,00394  	0,00807  	1327,62170  	0,00398  	0,00423  
57,06062  	194,45390  	1327,75450  	888,37752  	26,52702  	0,04998  	0,01227  	12549,44647  	0,37432  	0,17812  	1,74983  	1,74660  	84461196,58400  	93,24203  	110,47545  	3703829,68872  	2826,08751  	0,00844  	-Inf  	-Inf  	0,00386  	0,00574  	0,00395  	0,00807  	194,39837  	0,00400  	0,00424  
58,06062  	889,72335  	1327,75450  	193,10805  	26,52884  	0,04501  	0,01228  	57428,03401  	0,37465  	0,17827  	1,75041  	1,74717  	38790356,46518  	434307,55104  	110,57238  	16949246,14846  	1,52727  	0,03876  	NaN  	NaN  	0,00386  	0,00574  	0,00395  	0,00807  	889,57994  	0,00398  	0,00424  
59,06062  	191,79756  	1327,75450  	-244,98909  	26,53057  	0,05089  	0,01224  	85706,53851  	0,37362  	0,17767  	1,75110  	1,74787  	780601,32080  	339,42976  	110,27034  	25295332,54600  	2881,23352  	0,20099  	NaN  	NaN  	0,00386  	0,00573  	0,00394  	0,00807  	1327,62170  	0,00400  	0,00423  
60,06063  	-244,98909  	190,88826  	891,92488  	26,53313  	0,04153  	0,01223  	85706,53851  	0,37474  	0,17751  	1,74763  	1,74440  	1281741,80491  	1317,63826  	110,59988  	25295332,54600  	30,18984  	0,16400  	-Inf  	-Inf  	0,00386  	0,00574  	0,00394  	0,00806  	1327,62170  	0,00397  	0,00423  
61,06062  	893,49734  	-244,98909  	1327,82053  	26,53384  	0,04561  	0,01229  	85706,53851  	0,37620  	0,17840  	1,75261  	1,74938  	4113462,88774  	627571,40222  	111,03088  	25295332,54600  	1,49912  	0,18007  	NaN  	NaN  	0,00386  	0,00575  	0,00394  	0,00807  	1327,62170  	0,00399  	0,00424  
62,06062  	1327,82048  	895,02201  	1327,82053  	26,53471  	0,04739  	0,01225  	85706,53851  	0,37661  	0,17786  	1,75286  	1,74963  	666182815,71991  	2420947,18332  	111,15335  	25295332,54600  	0,25585  	0,00790  	-Inf  	-Inf  	0,00386  	0,00575  	0,00395  	0,00807  	1327,62170  	0,00399  	0,00424  
63,06111  	1327,82048  	1327,75450  	1327,82053  	26,53632  	0,04304  	0,01227  	85706,53851  	0,37622  	0,17817  	1,75461  	1,75138  	2048909238,01623  	335,43921  	111,03617  	25295332,54600  	0,25628  	0,00337  	-Inf  	-Inf  	0,00386  	0,00575  	0,00394  	0,00808  	1327,62170  	0,00398  	0,00424  
64,06477  	184,73000  	184,71197  	1327,82053  	26,53725  	0,05045  	0,01229  	85706,53851  	0,37505  	0,17840  	1,75224  	1,74901  	6864103,31446  	243,94879  	110,69181  	25295332,54600  	3024,63524  	0,04451  	-Inf  	-Inf  	0,00386  	0,00574  	0,00394  	0,00807  	1327,62170  	0,00400  	0,00424  
65,06555  	901,21593  	901,16784  	1327,82053  	26,53903  	0,05035  	0,01225  	11720,74471  	0,37480  	0,17786  	1,75226  	1,74903  	455674085,76109  	199103,11999  	110,61749  	3459247,56983  	1,43707  	0,00829  	-Inf  	-Inf  	0,00386  	0,00574  	0,00395  	0,00807  	181,56155  	0,00400  	0,00424  
66,06567  	179,07580  	179,05801  	1327,82053  	26,53975  	0,04627  	0,01227  	-15815,93170  	0,37475  	0,17815  	1,75005  	1,74682  	6450439,10570  	224,48245  	110,60366  	-4667896,50935  	3086,16337  	0,04150  	-Inf  	-Inf  	0,00386  	0,00574  	0,00394  	0,00807  	-244,98909  	0,00399  	0,00424  
67,06598  	907,29492  	907,24658  	175,53649  	26,54072  	0,04699  	0,01221  	58562,25184  	0,37443  	0,17720  	1,74625  	1,74302  	4149605,41242  	333345,06107  	110,50750  	17283997,94035  	1,38858  	0,18556  	NaN  	NaN  	0,00386  	0,00574  	0,00394  	0,00806  	907,14929  	0,00399  	0,00423  
68,06559  	172,43457  	172,41706  	910,39686  	26,53978  	0,04845  	0,01227  	11128,13189  	0,37387  	0,17809  	1,75316  	1,74993  	690947,82508  	150,78016  	110,34448  	3284344,48194  	3117,19408  	0,19132  	-Inf  	-Inf  	0,00386  	0,00574  	0,00394  	0,00807  	172,38181  	0,00400  	0,00424  
69,06594  	-244,98909  	-244,98909  	171,09312  	26,54048  	0,04499  	0,01226  	58849,06439  	0,37565  	0,17804  	1,75357  	1,75034  	252,67574  	847,06277  	110,86810  	17368647,47497  	30,28242  	45,77476  	NaN  	NaN  	0,00386  	0,00574  	0,00394  	0,00807  	911,59209  	0,00398  	0,00424  
70,06654  	-244,98909  	-244,98909  	-244,98909  	26,54101  	0,04754  	0,01229  	85706,53851  	0,37409  	0,17835  	1,74949  	1,74626  	76743,10792  	0,00000  	110,40796  	25295332,54600  	30,33525  	0,91979  	Inf  	-Inf  	0,00386  	0,00574  	0,00394  	0,00807  	1327,62170  	0,00399  	0,00424  
71,06684  	914,58480  	914,53615  	-244,98909  	26,54233  	0,04722  	0,01225  	10857,80423  	0,37489  	0,17785  	1,75275  	1,74952  	144793,73534  	560052,99470  	110,64526  	3204560,27543  	1,34383  	1,84990  	NaN  	NaN  	0,00386  	0,00574  	0,00394  	0,00807  	168,19436  	0,00399  	0,00424  
72,06817  	1327,82048  	165,97592  	916,83827  	26,54337  	0,04909  	0,01231  	59178,25798  	0,37400  	0,17878  	1,75103  	1,74780  	6186577,43453  	4350956,87458  	110,38262  	17465805,30585  	0,25715  	0,19384  	NaN  	NaN  	0,00386  	0,00574  	0,00394  	0,00807  	916,69139  	0,00400  	0,00424  
73,07089  	1327,82048  	918,23820  	164,54441  	26,54439  	0,04653  	0,01227  	85706,53851  	0,37588  	0,17817  	1,74872  	1,74549  	6164269,24970  	4139231,34871  	110,93827  	25295332,54600  	0,25628  	0,18374  	NaN  	NaN  	0,00386  	0,00574  	0,00395  	0,00806  	1327,62170  	0,00399  	0,00424  
74,07062  	1327,82048  	1327,75450  	922,05575  	26,54573  	0,04494  	0,01230  	85706,53851  	0,37289  	0,17853  	1,75215  	1,74892  	721745115,03208  	2152332,18676  	110,05564  	25295332,54600  	0,25679  	0,00712  	NaN  	NaN  	0,00386  	0,00573  	0,00394  	0,00807  	1327,62170  	0,00398  	0,00424  
75,07352  	1327,82048  	1327,75450  	157,08727  	26,54715  	0,04921  	0,01226  	85706,53851  	0,37682  	0,17794  	1,75605  	1,75281  	49930373,84148  	6800814,04296  	111,21321  	25295332,54600  	0,25596  	0,04710  	NaN  	NaN  	0,00386  	0,00575  	0,00395  	0,00808  	1327,62170  	0,00400  	0,00424  
76,07354  	1327,82048  	1327,75450  	-244,98909  	26,54728  	0,04502  	0,01231  	85706,53851  	0,37453  	0,17877  	1,75509  	1,75186  	6184321,84899  	8357398,13592  	110,53760  	25295332,54600  	0,25714  	0,17779  	NaN  	NaN  	0,00386  	0,00574  	0,00395  	0,00808  	1327,62170  	0,00398  	0,00424  
77,07334  	1327,82048  	1327,75450  	933,04657  	26,54826  	0,05237  	0,01227  	85706,53851  	0,37512  	0,17815  	1,75301  	1,74977  	742786831,19107  	2439943,66085  	110,71241  	25295332,54600  	0,25625  	0,00812  	NaN  	NaN  	0,00386  	0,00574  	0,00394  	0,00807  	1327,62170  	0,00401  	0,00424  
78,07334  	147,58418  	1327,75450  	1327,82053  	26,54862  	0,04292  	0,01224  	85706,53851  	0,37370  	0,17773  	1,74889  	1,74566  	190106460,44263  	0,01191  	110,29428  	25295332,54600  	2904,63503  	0,00336  	-Inf  	-Inf  	0,00386  	0,00573  	0,00394  	0,00806  	1327,62170  	0,00398  	0,00424  
79,07437  	936,50546  	1327,75450  	1327,82053  	26,54957  	0,04266  	0,01225  	9442,85889  	0,37580  	0,17789  	1,75476  	1,75152  	1430562841,82825  	33,75768  	110,91285  	2786954,87962  	1,20709  	0,00334  	-Inf  	-Inf  	0,00386  	0,00574  	0,00395  	0,00808  	146,27648  	0,00398  	0,00424  
80,07472  	1327,82048  	145,05132  	1327,82053  	26,55059  	0,04766  	0,01229  	60528,96590  	0,37442  	0,17839  	1,75110  	1,74786  	47479414,56520  	6654714,30995  	110,50656  	17864451,74027  	0,25659  	0,04727  	-Inf  	-Inf  	0,00386  	0,00574  	0,00394  	0,00807  	937,61422  	0,00399  	0,00424  
81,07699  	1327,82048  	939,59334  	1327,82053  	26,55035  	0,04650  	0,01229  	85706,53851  	0,37571  	0,17837  	1,75078  	1,74755  	757570006,72738  	2131179,71149  	110,88601  	25295332,54600  	0,25656  	0,00712  	-Inf  	-Inf  	0,00386  	0,00574  	0,00395  	0,00807  	1327,62170  	0,00399  	0,00424  
82,07752  	1327,82048  	1327,75450  	1327,82053  	26,55186  	0,04974  	0,01227  	85706,53851  	0,37567  	0,17817  	1,75060  	1,74737  	2048904450,34373  	387,69494  	110,87347  	25295332,54600  	0,25627  	0,00390  	-Inf  	-Inf  	0,00386  	0,00574  	0,00394  	0,00807  	1327,62170  	0,00400  	0,00424  
83,07708  	137,06864  	1327,75450  	1327,82053  	26,55312  	0,04302  	0,01230  	85706,53851  	0,37506  	0,17859  	1,75151  	1,74828  	174421834,93669  	0,01192  	110,69337  	25295332,54600  	2747,93692  	0,00337  	-Inf  	-Inf  	0,00386  	0,00574  	0,00394  	0,00807  	1327,62170  	0,00398  	0,00424  
84,07795  	-244,98909  	133,64019  	1327,82053  	26,55347  	0,04512  	0,01231  	85706,53851  	0,37566  	0,17867  	1,75315  	1,74992  	9432112,87214  	2437,52710  	110,87137  	25295332,54600  	30,39366  	0,04631  	-Inf  	-Inf  	0,00386  	0,00574  	0,00395  	0,00807  	1327,62170  	0,00398  	0,00424  
85,07891  	950,09479  	950,04465  	1327,82053  	26,55387  	0,04767  	0,01230  	8565,68852  	0,37440  	0,17858  	1,75272  	1,74949  	554208249,75211  	237551,69583  	110,50085  	2528067,79126  	1,13519  	0,00716  	-Inf  	-Inf  	0,00386  	0,00574  	0,00394  	0,00807  	132,68887  	0,00399  	0,00424  
86,07890  	1327,82048  	1327,75450  	1327,82053  	26,55494  	0,04560  	0,01228  	61507,47618  	0,37614  	0,17824  	1,75269  	1,74946  	2049777879,03371  	355,46924  	111,01462  	18153248,17776  	0,25638  	0,00357  	-Inf  	-Inf  	0,00386  	0,00575  	0,00394  	0,00807  	952,77162  	0,00399  	0,00424  
87,07839  	127,45222  	1327,75450  	127,45223  	26,55596  	0,05245  	0,01220  	85706,53851  	0,37477  	0,17711  	1,75072  	1,74749  	3378073,41521  	263,88887  	110,60966  	25295332,54600  	2559,69703  	0,05486  	-Inf  	-Inf  	0,00386  	0,00574  	0,00394  	0,00807  	1327,62170  	0,00401  	0,00423  
88,07868  	956,63742  	1327,75450  	956,63746  	26,55631  	0,04314  	0,01229  	85706,53851  	0,37442  	0,17847  	1,75294  	1,74971  	567972443,00760  	221046,36349  	110,50471  	25295332,54600  	1,09980  	0,00640  	-Inf  	-Inf  	0,00386  	0,00574  	0,00394  	0,00807  	1327,62170  	0,00398  	0,00424  
89,07869  	1327,82048  	1327,75450  	1327,82053  	26,55683  	0,04946  	0,01227  	85706,53851  	0,37545  	0,17819  	1,75396  	1,75072  	2049097486,86146  	385,52947  	110,80997  	25295332,54600  	0,25629  	0,00388  	-Inf  	-Inf  	0,00386  	0,00574  	0,00394  	0,00808  	1327,62170  	0,00400  	0,00424  
90,07891  	1327,82048  	1327,75450  	1327,82053  	26,55662  	0,04951  	0,01231  	7976,17689  	0,37454  	0,17877  	1,74916  	1,74593  	2055818542,68309  	385,97123  	110,54181  	2354079,98593  	0,25713  	0,00388  	-Inf  	-Inf  	0,00386  	0,00574  	0,00395  	0,00806  	123,55717  	0,00400  	0,00424  
91,07880  	122,17810  	1327,75450  	1327,82053  	26,55687  	0,05168  	0,01224  	62006,45394  	0,37456  	0,17768  	1,75054  	1,74731  	150147932,63015  	0,01430  	110,54761  	18300515,92116  	2476,66127  	0,00405  	-Inf  	-Inf  	0,00386  	0,00574  	0,00394  	0,00807  	960,50092  	0,00401  	0,00423  
92,07890  	-244,98909  	1327,75450  	121,08778  	26,55807  	0,04211  	0,01224  	7813,77342  	0,37331  	0,17768  	1,74742  	1,74419  	8863322,68073  	2298,36552  	110,17872  	2306148,40576  	30,22705  	0,04491  	-Inf  	-Inf  	0,00386  	0,00573  	0,00394  	0,00806  	121,04150  	0,00397  	0,00423  
93,08063  	963,17029  	119,64580  	-244,98909  	26,55840  	0,05223  	0,01227  	62168,92239  	0,37576  	0,17820  	1,75768  	1,75444  	1558,65897  	275132,04482  	110,90153  	18348466,67780  	1,06486  	26,24352  	NaN  	NaN  	0,00386  	0,00574  	0,00395  	0,00808  	963,01760  	0,00401  	0,00424  
94,08076  	117,84625  	964,93438  	964,98519  	26,55827  	0,05033  	0,01226  	85706,53851  	0,37472  	0,17797  	1,74816  	1,74493  	19026789,39014  	0,01071  	110,59359  	25295332,54600  	2406,61611  	0,01537  	-Inf  	-Inf  	0,00386  	0,00574  	0,00394  	0,00806  	1327,62170  	0,00400  	0,00424  
95,08062  	-244,98909  	114,05461  	1327,82053  	26,55970  	0,04597  	0,01229  	85706,53851  	0,37473  	0,17837  	1,75202  	1,74879  	8621524,25322  	2523,84813  	110,59845  	25295332,54600  	30,34433  	0,05009  	-Inf  	-Inf  	0,00386  	0,00574  	0,00394  	0,00807  	1327,62170  	0,00399  	0,00424  
96,08077  	969,53446  	969,48351  	113,29694  	26,56001  	0,04180  	0,01225  	7310,88701  	0,37433  	0,17786  	1,74893  	1,74570  	4459327,91122  	540143,22584  	110,47846  	2157727,06946  	1,03173  	0,16508  	NaN  	NaN  	0,00386  	0,00574  	0,00395  	0,00806  	113,25165  	0,00397  	0,00424  
97,08062  	1327,82048  	1327,75450  	-244,98909  	26,56083  	0,04955  	0,01229  	62660,93777  	0,37540  	0,17835  	1,75222  	1,74899  	6169730,41570  	9199646,36534  	110,79554  	18493679,55044  	0,25652  	0,19569  	NaN  	NaN  	0,00386  	0,00574  	0,00394  	0,00807  	970,63905  	0,00400  	0,00424  
98,08018  	1327,82048  	110,76551  	-244,98909  	26,56120  	0,04456  	0,01227  	85706,53851  	0,37662  	0,17811  	1,75306  	1,74983  	2479,87934  	1871312,97759  	111,15481  	25295332,54600  	0,25619  	19,97749  	NaN  	NaN  	0,00386  	0,00575  	0,00394  	0,00807  	1327,62170  	0,00398  	0,00424  
99,08063  	1327,82048  	973,25809  	973,30924  	26,56197  	0,03960  	0,01231  	85706,53851  	0,37634  	0,17874  	1,75515  	1,75191  	287749494,33788  	239,14478  	111,07137  	25295332,54600  	0,25708  	0,01166  	NaN  	NaN  	0,00386  	0,00575  	0,00394  	0,00808  	1327,62170  	0,00397  	0,00424  
100,08154  	108,26394  	1327,75450  	108,26395  	26,56279  	0,05073  	0,01233  	85706,53851  	0,37494  	0,17897  	1,75338  	1,75015  	2534249,42300  	258,92839  	110,66049  	25295332,54600  	2259,80265  	0,05627  	-Inf  	-Inf  	0,00386  	0,00574  	0,00394  	0,00807  	1327,62170  	0,00400  	0,00424  
101,08262  	-244,98909  	1327,75450  	-244,98909  	26,56174  	0,04268  	0,01227  	85706,53851  	0,37486  	0,17813  	1,75200  	1,74877  	1285959,57275  	3036,39774  	110,63571  	25295332,54600  	30,30403  	0,16858  	-Inf  	-Inf  	0,00386  	0,00574  	0,00395  	0,00807  	1327,62170  	0,00398  	0,00424  
102,08243  	-244,98909  	1327,75450  	979,49492  	26,56287  	0,04241  	0,01233  	6667,95736  	0,37443  	0,17905  	1,75433  	1,75110  	177178054,28927  	668,10503  	110,51014  	1967973,52730  	30,46010  	0,00603  	-Inf  	-Inf  	0,00386  	0,00574  	0,00394  	0,00808  	103,29249  	0,00398  	0,00424  
103,08446  	-244,98909  	1327,75450  	1327,82053  	26,56451  	0,05062  	0,01229  	63364,69567  	0,37396  	0,17842  	1,74742  	1,74419  	428188808,80351  	0,15119  	110,36904  	18701385,87601  	30,35502  	0,00397  	-Inf  	-Inf  	0,00386  	0,00574  	0,00394  	0,00806  	981,54045  	0,00400  	0,00424  
104,08610  	-244,98909  	99,12721  	1327,82053  	26,56572  	0,04663  	0,01229  	6397,18478  	0,37463  	0,17841  	1,74919  	1,74596  	8055766,92655  	2591,51059  	110,56646  	1888058,00796  	30,35242  	0,05320  	-Inf  	-Inf  	0,00386  	0,00574  	0,00394  	0,00806  	99,09815  	0,00399  	0,00424  
105,08784  	-244,98909  	985,85372  	96,92605  	26,56448  	0,04687  	0,01225  	63636,43629  	0,37431  	0,17787  	1,74889  	1,74566  	1284188,23778  	1884,55687  	110,47217  	18781587,09918  	30,26013  	0,18511  	-Inf  	-Inf  	0,00386  	0,00574  	0,00394  	0,00806  	985,74979  	0,00399  	0,00424  
106,09089  	-244,98909  	1327,75450  	990,87970  	26,56506  	0,04687  	0,01227  	85706,53851  	0,37555  	0,17813  	1,74821  	1,74498  	181846787,77807  	714,16363  	110,84082  	25295332,54600  	30,30522  	0,00653  	-Inf  	-Inf  	0,00386  	0,00574  	0,00395  	0,00806  	1327,62170  	0,00399  	0,00424  
107,09188  	-244,98909  	88,88944  	1327,82053  	26,56558  	0,04866  	0,01228  	85706,53851  	0,37600  	0,17821  	1,75313  	1,74990  	7676401,97486  	2726,46991  	110,97272  	25295332,54600  	30,31963  	0,05731  	-Inf  	-Inf  	0,00386  	0,00574  	0,00395  	0,00807  	1327,62170  	0,00400  	0,00424  
108,09288  	-244,98909  	998,63403  	1327,82053  	26,56627  	0,04537  	0,01232  	5429,18587  	0,37506  	0,17880  	1,75077  	1,74754  	186456190,65494  	675,49721  	110,69604  	1602363,88403  	30,41924  	0,00623  	-Inf  	-Inf  	0,00386  	0,00574  	0,00394  	0,00807  	84,10358  	0,00399  	0,00424  
109,09430  	-244,98909  	1327,75450  	80,18169  	26,56631  	0,04960  	0,01228  	64717,25910  	0,37558  	0,17828  	1,75221  	1,74898  	7373057,07209  	2798,80635  	110,84936  	19100579,94146  	30,33170  	0,06005  	-Inf  	-Inf  	0,00386  	0,00574  	0,00394  	0,00807  	1002,49203  	0,00400  	0,00424  
110,09572  	1006,78118  	76,03674  	-244,98909  	26,56678  	0,05337  	0,01231  	85706,53851  	0,37530  	0,17867  	1,75026  	1,74702  	3356,18217  	331986,16446  	110,76645  	25295332,54600  	0,87460  	15,67047  	NaN  	NaN  	0,00386  	0,00574  	0,00394  	0,00807  	1327,62170  	0,00401  	0,00424  
111,09789  	1327,82048  	1008,99756  	-244,98909  	26,56691  	0,04256  	0,01229  	4760,20793  	0,37414  	0,17844  	1,75038  	1,74715  	551937,01242  	6300724,06941  	110,42302  	1404922,47851  	0,25665  	0,86905  	NaN  	NaN  	0,00386  	0,00574  	0,00394  	0,00807  	73,74093  	0,00398  	0,00424  
112,09892  	1327,82048  	1327,75450  	1012,88181  	26,56830  	0,04794  	0,01228  	65377,72285  	0,37654  	0,17830  	1,75408  	1,75085  	925884739,97059  	1782008,99800  	111,13183  	19295508,48081  	0,25645  	0,00641  	NaN  	NaN  	0,00386  	0,00575  	0,00394  	0,00808  	1012,72279  	0,00399  	0,00424  
113,09889  	65,74359  	65,73056  	1327,82053  	26,56902  	0,04656  	0,01223  	4241,39129  	0,37575  	0,17757  	1,75225  	1,74902  	990363,22860  	245,73576  	110,89981  	1251799,51237  	1614,22806  	0,05900  	-Inf  	-Inf  	0,00386  	0,00574  	0,00395  	0,00807  	65,70432  	0,00399  	0,00423  
114,09946  	-244,98909  	-244,98909  	1327,82053  	26,56785  	0,04398  	0,01226  	65909,65682  	0,37434  	0,17803  	1,75055  	1,74732  	1285767,89059  	3128,45298  	110,48247  	19452502,88021  	30,28828  	0,17365  	NaN  	NaN  	0,00386  	0,00574  	0,00394  	0,00807  	1020,96260  	0,00398  	0,00424  
115,10062  	1022,25864  	1022,20547  	60,57276  	26,56894  	0,04859  	0,01227  	85706,53851  	0,37617  	0,17815  	1,75380  	1,75057  	4716159,71433  	1001596,04685  	111,02262  	25295332,54600  	0,81433  	0,19190  	NaN  	NaN  	0,00385  	0,00575  	0,00395  	0,00808  	1327,62170  	0,00400  	0,00424  
116,10062  	59,45607  	59,44330  	1023,37536  	26,57042  	0,04421  	0,01234  	85706,53851  	0,37499  	0,17911  	1,75284  	1,74961  	156639,27663  	178,21052  	110,67363  	25295332,54600  	1541,51371  	0,17456  	-Inf  	-Inf  	0,00386  	0,00574  	0,00395  	0,00807  	1327,62170  	0,00398  	0,00424  
117,10063  	1026,57735  	-244,98909  	1327,82053  	26,57108  	0,04449  	0,01232  	85706,53851  	0,37399  	0,17884  	1,75558  	1,75235  	4756477,80152  	1542234,97537  	110,37880  	25295332,54600  	0,80216  	0,17566  	NaN  	NaN  	0,00386  	0,00574  	0,00395  	0,00808  	1327,62170  	0,00398  	0,00424  
118,10062  	1327,82048  	-244,98909  	53,33494  	26,57206  	0,04739  	0,01229  	85706,53851  	0,37448  	0,17842  	1,75155  	1,74831  	6618,08634  	1669094,06090  	110,52323  	25295332,54600  	0,25662  	10,74773  	Inf  	-Inf  	0,00386  	0,00574  	0,00395  	0,00807  	1327,62170  	0,00399  	0,00424  
119,10079  	1327,82048  	-244,98909  	1030,24495  	26,57176  	0,04530  	0,01230  	85706,53851  	0,37649  	0,17858  	1,75416  	1,75092  	671296,56185  	6820029,87388  	111,11568  	25295332,54600  	0,25685  	0,80972  	Inf  	-Inf  	0,00386  	0,00575  	0,00395  	0,00808  	1327,62170  	0,00399  	0,00424  
120,10118  	1327,82048  	-244,98909  	1327,82053  	26,57138  	0,04845  	0,01228  	3310,90169  	0,37535  	0,17834  	1,75321  	1,74998  	6171890,51845  	8996625,91399  	110,78071  	977175,84468  	0,25650  	0,19130  	NaN  	NaN  	0,00386  	0,00574  	0,00394  	0,00807  	51,29078  	0,00400  	0,00424  
121,10315  	1327,82048  	1032,70780  	1327,82053  	26,57261  	0,04546  	0,01229  	-15815,93170  	0,37602  	0,17838  	1,75007  	1,74683  	977142479,18503  	1583923,28048  	110,97809  	-4667896,50935  	0,25656  	0,00587  	-Inf  	-Inf  	0,00385  	0,00575  	0,00394  	0,00807  	-244,98909  	0,00399  	0,00424  
122,10561  	1327,82048  	48,38868  	1327,82053  	26,57316  	0,04666  	0,01229  	66768,65411  	0,37652  	0,17842  	1,75280  	1,74957  	30445401,43573  	7048538,71700  	111,12716  	19706026,38708  	0,25662  	0,06251  	-Inf  	-Inf  	0,00385  	0,00575  	0,00395  	0,00807  	1034,26870  	0,00399  	0,00424  
123,10644  	1327,82048  	1037,83192  	44,94566  	26,57373  	0,04703  	0,01231  	85706,53851  	0,37480  	0,17876  	1,75473  	1,75150  	6184315,03509  	5512354,71043  	110,61706  	25295332,54600  	0,25710  	0,18572  	NaN  	NaN  	0,00386  	0,00574  	0,00395  	0,00808  	1327,62170  	0,00399  	0,00424  
124,10703  	41,09035  	41,07835  	1041,74108  	26,57320  	0,04620  	0,01230  	85706,53851  	0,37507  	0,17863  	1,75027  	1,74704  	68963,19787  	193,38801  	110,69836  	25295332,54600  	1290,56938  	0,18244  	-Inf  	-Inf  	0,00386  	0,00574  	0,00394  	0,00807  	1327,62170  	0,00399  	0,00424  
125,10788  	1046,77076  	1046,71657  	1327,82053  	26,57358  	0,04502  	0,01230  	2325,40117  	0,37608  	0,17856  	1,75273  	1,74950  	796066779,56054  	317183,92755  	110,99521  	686316,31805  	0,73402  	0,00567  	-Inf  	-Inf  	0,00386  	0,00575  	0,00395  	0,00807  	36,02511  	0,00398  	0,00424  
126,10890  	34,02733  	34,01562  	1327,82053  	26,57434  	0,05037  	0,01228  	67696,45229  	0,37464  	0,17824  	1,74896  	1,74573  	162589,61684  	272,62252  	110,56941  	19979855,71158  	1195,75849  	0,07071  	-Inf  	-Inf  	0,00385  	0,00574  	0,00394  	0,00806  	1048,64055  	0,00400  	0,00424  
127,10890  	-244,98909  	-244,98909  	1327,82053  	26,57552  	0,04986  	0,01229  	85706,53851  	0,37442  	0,17840  	1,74954  	1,74631  	1288509,33246  	3545,92277  	110,50471  	25295332,54600  	30,35443  	0,19685  	NaN  	NaN  	0,00386  	0,00574  	0,00394  	0,00807  	1327,62170  	0,00400  	0,00424  
128,10889  	1054,52084  	1054,46632  	1327,82053  	26,57613  	0,05464  	0,01233  	85706,53851  	0,37371  	0,17895  	1,75082  	1,74758  	820558766,27591  	392964,42543  	110,29638  	25295332,54600  	0,71175  	0,00678  	-Inf  	-Inf  	0,00386  	0,00573  	0,00394  	0,00807  	1327,62170  	0,00402  	0,00424  
129,10999  	1327,82048  	26,83537  	26,84678  	26,57647  	0,04598  	0,01230  	1730,66047  	0,37485  	0,17857  	1,75274  	1,74951  	971,99223  	61,95122  	110,63289  	510785,20776  	0,25683  	285,70078  	NaN  	NaN  	0,00386  	0,00574  	0,00395  	0,00807  	26,81242  	0,00399  	0,00424  
130,11005  	25,79456  	-244,98909  	-244,98909  	26,57614  	0,04310  	0,01227  	68227,86487  	0,37542  	0,17817  	1,75267  	1,74943  	220,66731  	0,00000  	110,80120  	20136696,22993  	1090,67550  	0,83393  	Inf  	-Inf  	0,00386  	0,00574  	0,00395  	0,00807  	1056,87227  	0,00398  	0,00424  
131,11241  	1059,03929  	1058,98458  	-244,98909  	26,57658  	0,04639  	0,01229  	1533,48625  	0,37440  	0,17836  	1,75654  	1,75330  	685871,58666  	1636834,14420  	110,50002  	452591,42665  	0,69599  	0,69722  	NaN  	NaN  	0,00386  	0,00574  	0,00395  	0,00808  	23,75813  	0,00399  	0,00424  
132,11337  	1327,82048  	1327,75450  	-244,98909  	26,57682  	0,04817  	0,01222  	-15815,93170  	0,37522  	0,17739  	1,75200  	1,74877  	6136666,93456  	8944207,74196  	110,74210  	-4667896,50935  	0,25514  	0,19025  	NaN  	NaN  	0,00385  	0,00574  	0,00394  	0,00807  	-244,98909  	0,00399  	0,00423  
133,11485  	1327,82048  	1327,75450  	1065,00527  	26,57763  	0,04698  	0,01228  	-15815,93170  	0,37521  	0,17834  	1,75063  	1,74740  	1064243624,34398  	1457341,39864  	110,73872  	-4667896,50935  	0,25650  	0,00572  	NaN  	NaN  	0,00386  	0,00574  	0,00394  	0,00807  	-244,98909  	0,00399  	0,00424  
134,11533  	1327,82048  	13,78501  	1327,82053  	26,57832  	0,05203  	0,01225  	69002,36210  	0,37498  	0,17780  	1,75418  	1,75095  	25660487,22025  	8072441,97752  	110,67204  	20365280,48098  	0,25572  	0,07807  	NaN  	NaN  	0,00386  	0,00574  	0,00394  	0,00808  	1068,86945  	0,00401  	0,00424  
135,11646  	1327,82048  	1072,39201  	1327,82053  	26,57868  	0,04316  	0,01233  	85706,53851  	0,37573  	0,17893  	1,75342  	1,75018  	1088946342,48044  	1301609,10477  	110,89185  	25295332,54600  	0,25735  	0,00519  	-Inf  	-Inf  	0,00386  	0,00574  	0,00394  	0,00807  	1327,62170  	0,00398  	0,00424  
136,11643  	1327,82048  	1327,75450  	1327,82053  	26,57940  	0,04744  	0,01234  	540,35368  	0,37547  	0,17918  	1,75144  	1,74821  	2060470582,62334  	369,82635  	110,81642  	159479,38358  	0,25770  	0,00372  	-Inf  	-Inf  	0,00385  	0,00574  	0,00394  	0,00807  	8,37424  	0,00399  	0,00424  
137,11658  	4,87302  	4,86253  	1327,82053  	26,57886  	0,04800  	0,01231  	69578,31895  	0,37469  	0,17867  	1,75033  	1,74710  	411638,02505  	265,66857  	110,58432  	20535267,74609  	845,99512  	0,07419  	NaN  	NaN  	0,00385  	0,00574  	0,00395  	0,00807  	1077,79117  	0,00399  	0,00424  
138,11705  	-244,98909  	-244,98909  	4,04434  	26,57940  	0,04199  	0,01228  	258,79769  	0,37461  	0,17829  	1,75282  	1,74959  	3185,68131  	472,80852  	110,56103  	76381,26191  	30,33740  	5,68399  	NaN  	NaN  	0,00385  	0,00574  	0,00394  	0,00807  	4,01286  	0,00397  	0,00424  
139,11712  	1080,67368  	1080,61806  	1080,67372  	26,58019  	0,04505  	0,01228  	-15815,93170  	0,37456  	0,17825  	1,75129  	1,74806  	452577263,79375  	77,49513  	110,54693  	-4667896,50935  	0,63554  	0,00846  	-Inf  	-Inf  	0,00385  	0,00574  	0,00394  	0,00807  	-244,98909  	0,00398  	0,00424  
140,11819  	1327,82048  	0,11381  	1327,82053  	26,58164  	0,03962  	0,01229  	69884,85484  	0,37432  	0,17840  	1,75158  	1,74834  	24066249,35980  	6211214,85434  	110,47700  	20625738,40750  	0,25658  	0,06223  	NaN  	NaN  	0,00385  	0,00574  	0,00394  	0,00807  	1082,53950  	0,00397  	0,00424  
141,11844  	-2,26768  	1085,04327  	1327,82053  	26,58322  	0,04693  	0,01228  	-148,63296  	0,37374  	0,17826  	1,75194  	1,74871  	24864552,14044  	47,68491  	110,30575  	-43867,36570  	767,65501  	0,00552  	-Inf  	-Inf  	0,00386  	0,00573  	0,00394  	0,00807  	-2,29835  	0,00399  	0,00424  
142,12070  	1085,72901  	1327,75450  	1327,82053  	26,58173  	0,04678  	0,01224  	70079,90155  	0,37370  	0,17776  	1,74990  	1,74667  	1663857669,56132  	98,45541  	110,29421  	20683304,27655  	0,62077  	0,00367  	-Inf  	-Inf  	0,00385  	0,00573  	0,00394  	0,00807  	1085,56083  	0,00399  	0,00424  
143,12266  	-7,07457  	-7,08455  	1327,82053  	26,58316  	0,04621  	0,01229  	85706,53851  	0,37600  	0,17843  	1,75263  	1,74940  	600678,04901  	258,25711  	110,97262  	25295332,54600  	719,54456  	0,07435  	NaN  	NaN  	0,00386  	0,00574  	0,00395  	0,00807  	1327,62170  	0,00399  	0,00424  
144,12612  	1094,00745  	1093,95128  	1327,82053  	26,58333  	0,04283  	0,01224  	-723,65572  	0,37636  	0,17769  	1,74896  	1,74573  	938567721,36318  	335598,68963  	111,07862  	-213578,94469  	0,59989  	0,00496  	-Inf  	-Inf  	0,00386  	0,00575  	0,00394  	0,00806  	-11,20561  	0,00398  	0,00424  
145,12650  	-12,54954  	1327,75450  	-12,54953  	26,58358  	0,04847  	0,01230  	-15815,93170  	0,37558  	0,17854  	1,75261  	1,74938  	679741,48561  	272,18146  	110,84969  	-4667896,50935  	667,07138  	0,07946  	-Inf  	-Inf  	0,00385  	0,00574  	0,00395  	0,00807  	-244,98909  	0,00400  	0,00424  
146,12656  	1101,02724  	-18,20536  	-244,98909  	26,58349  	0,04816  	0,01230  	71067,37896  	0,37622  	0,17861  	1,75389  	1,75066  	18007,82967  	381572,24321  	111,03682  	20974747,26339  	0,58609  	5,25939  	Inf  	-Inf  	0,00386  	0,00575  	0,00394  	0,00808  	1100,85712  	0,00399  	0,00424  
147,12706  	1327,82048  	1106,08632  	-244,98909  	26,58455  	0,05103  	0,01224  	-1506,98698  	0,37354  	0,17763  	1,75171  	1,74848  	1277152,79471  	8139822,41563  	110,24510  	-444770,46296  	0,25547  	0,58626  	NaN  	NaN  	0,00385  	0,00573  	0,00394  	0,00807  	-23,33963  	0,00400  	0,00423  
148,12745  	1327,82048  	1327,75450  	1108,07360  	26,58527  	0,04447  	0,01229  	71522,20777  	0,37634  	0,17838  	1,75168  	1,74845  	1191272386,88391  	1153397,78098  	111,07323  	21108984,93263  	0,25655  	0,00502  	NaN  	NaN  	0,00386  	0,00575  	0,00394  	0,00807  	1107,90254  	0,00398  	0,00424  
149,12803  	-27,35577  	1327,75450  	-27,35576  	26,58468  	0,04951  	0,01227  	85706,53851  	0,37575  	0,17820  	1,75457  	1,75134  	867784,75073  	282,35029  	110,89868  	25295332,54600  	537,97775  	0,08538  	-Inf  	-Inf  	0,00385  	0,00574  	0,00394  	0,00808  	1327,62170  	0,00400  	0,00424  
150,12782  	1111,84603  	1327,75450  	1111,84607  	26,58702  	0,04324  	0,01225  	85706,53851  	0,37487  	0,17778  	1,75367  	1,75044  	999892392,37092  	347718,00568  	110,63736  	25295332,54600  	0,55853  	0,00485  	-Inf  	-Inf  	0,00385  	0,00574  	0,00394  	0,00807  	1327,62170  	0,00398  	0,00424  
151,12792  	-31,12976  	1327,75450  	-31,12975  	26,58645  	0,04965  	0,01228  	85706,53851  	0,37533  	0,17832  	1,75429  	1,75106  	911477,84095  	284,50884  	110,77350  	25295332,54600  	509,26208  	0,08675  	-Inf  	-Inf  	0,00385  	0,00574  	0,00395  	0,00808  	1327,62170  	0,00400  	0,00424  
152,12890  	-244,98909  	-32,62623  	1115,44876  	26,58699  	0,04537  	0,01231  	-2107,65657  	0,37369  	0,17873  	1,75278  	1,74955  	1290878,34552  	2354,99513  	110,28952  	-622051,41786  	30,41427  	0,17914  	NaN  	NaN  	0,00385  	0,00573  	0,00395  	0,00807  	-32,64416  	0,00399  	0,00424  
153,12890  	-244,98909  	-244,98909  	1327,82053  	26,58764  	0,04582  	0,01225  	72070,10038  	0,37549  	0,17787  	1,74897  	1,74574  	1284754,34359  	3258,45965  	110,82070  	21270689,34688  	30,26844  	0,18093  	NaN  	NaN  	0,00385  	0,00574  	0,00394  	0,00806  	1116,38955  	0,00399  	0,00424  
154,12890  	-244,98909  	1118,66324  	1327,82053  	26,58718  	0,04764  	0,01231  	-2318,84200  	0,37634  	0,17874  	1,75820  	1,75496  	256081352,21907  	450,48031  	111,07257  	-684380,45141  	30,41601  	0,00528  	-Inf  	-Inf  	0,00385  	0,00575  	0,00394  	0,00809  	-35,91548  	0,00399  	0,00424  
155,12891  	1120,52418  	1327,75450  	-37,69278  	26,58750  	0,04301  	0,01234  	72325,87693  	0,37643  	0,17909  	1,75586  	1,75262  	16778674,97708  	2301993,34406  	111,09990  	21346178,95650  	0,54358  	0,07688  	NaN  	NaN  	0,00385  	0,00575  	0,00394  	0,00808  	1120,35160  	0,00398  	0,00424  
156,12840  	1327,82048  	1327,75450  	1121,78247  	26,58798  	0,05011  	0,01226  	85706,53851  	0,37417  	0,17795  	1,74759  	1,74436  	1231204888,21569  	1218592,36772  	110,43112  	25295332,54600  	0,25593  	0,00553  	NaN  	NaN  	0,00385  	0,00574  	0,00394  	0,00806  	1327,62170  	0,00400  	0,00424  
157,12857  	1327,82048  	-40,17691  	1327,82053  	26,58804  	0,04631  	0,01229  	-2595,06191  	0,37534  	0,17848  	1,74896  	1,74573  	19644518,19042  	7480066,83318  	110,77619  	-765903,68777  	0,25669  	0,08347  	NaN  	NaN  	0,00385  	0,00574  	0,00394  	0,00806  	-40,19421  	0,00399  	0,00424  
158,12868  	1327,82048  	1123,96769  	-41,19372  	26,58969  	0,04544  	0,01229  	-15815,93170  	0,37555  	0,17836  	1,75003  	1,74680  	6170395,98164  	6250693,58444  	110,83840  	-4667896,50935  	0,25652  	0,17944  	NaN  	NaN  	0,00385  	0,00574  	0,00395  	0,00807  	-244,98909  	0,00399  	0,00424  
159,12829  	1327,82048  	-42,65333  	-244,98909  	26,59062  	0,05051  	0,01230  	-15815,93170  	0,37534  	0,17850  	1,75035  	1,74711  	31605,42509  	1206547,54602  	110,77702  	-4667896,50935  	0,25672  	4,40667  	Inf  	-Inf  	0,00385  	0,00574  	0,00395  	0,00807  	-244,98909  	0,00400  	0,00424  
160,12868  	-43,35490  	1126,12877  	1126,18634  	26,59017  	0,04146  	0,01230  	72691,35783  	0,37497  	0,17855  	1,74913  	1,74590  	39073328,70768  	0,01016  	110,66806  	21454046,58110  	425,03670  	0,00653  	-Inf  	-Inf  	0,00385  	0,00574  	0,00394  	0,00806  	1126,01300  	0,00397  	0,00424  
161,12888  	1127,52466  	1327,75450  	1327,82053  	26,59009  	0,04926  	0,01223  	-2887,14051  	0,37471  	0,17751  	1,75168  	1,74844  	1727081410,26045  	132,78742  	110,59160  	-852107,44332  	0,52409  	0,00386  	-Inf  	-Inf  	0,00385  	0,00574  	0,00395  	0,00807  	-44,71858  	0,00400  	0,00423  
162,12889  	1327,82048  	-46,46914  	1327,82053  	26,59215  	0,05509  	0,01225  	72891,83983  	0,37669  	0,17786  	1,75552  	1,75229  	18952192,03204  	8938120,89522  	111,17619  	21513216,61603  	0,25580  	0,10149  	NaN  	NaN  	0,00385  	0,00575  	0,00395  	0,00808  	1129,11852  	0,00402  	0,00424  
163,12890  	-47,48371  	-244,98909  	-47,48370  	26,59190  	0,04406  	0,01230  	85706,53851  	0,37467  	0,17855  	1,75252  	1,74928  	1932,43168  	37,23255  	110,58113  	25295332,54600  	399,49083  	3,68220  	NaN  	NaN  	0,00385  	0,00574  	0,00394  	0,00807  	1327,62170  	0,00398  	0,00424  
164,12889  	1131,84841  	1131,79065  	-244,98909  	26,59279  	0,04704  	0,01234  	85706,53851  	0,37493  	0,17914  	1,75355  	1,75032  	1342634,36759  	2711151,32123  	110,65581  	25295332,54600  	0,51998  	0,47012  	NaN  	NaN  	0,00386  	0,00574  	0,00394  	0,00807  	1327,62170  	0,00399  	0,00424  
165,12821  	-50,19735  	1327,75450  	-244,98909  	26,59403  	0,05243  	0,01231  	85706,53851  	0,37480  	0,17874  	1,75553  	1,75230  	364907,65586  	354,12954  	110,61780  	25295332,54600  	383,94552  	0,20706  	NaN  	NaN  	0,00385  	0,00574  	0,00394  	0,00808  	1327,62170  	0,00401  	0,00424  
166,12953  	-244,98909  	1327,75450  	1133,81343  	26,59502  	0,04979  	0,01226  	85706,53851  	0,37446  	0,17793  	1,75124  	1,74801  	265004060,73880  	436,48251  	110,51829  	25295332,54600  	30,28128  	0,00538  	-Inf  	-Inf  	0,00385  	0,00574  	0,00394  	0,00807  	1327,62170  	0,00400  	0,00424  
167,13079  	-244,98909  	-52,72292  	1327,82053  	26,59500  	0,04187  	0,01229  	85706,53851  	0,37652  	0,17843  	1,75667  	1,75343  	3841747,56675  	2613,27613  	111,12440  	25295332,54600  	30,36545  	0,07886  	NaN  	NaN  	0,00385  	0,00575  	0,00394  	0,00808  	1327,62170  	0,00397  	0,00424  
168,13079  	1136,67280  	-244,98909  	1327,82053  	26,59622  	0,04836  	0,01227  	-3477,63907  	0,37544  	0,17815  	1,75459  	1,75136  	5259663,31134  	3273622,09344  	110,80799  	-1026386,53235  	0,50746  	0,19093  	NaN  	NaN  	0,00385  	0,00574  	0,00394  	0,00808  	-53,86557  	0,00400  	0,00424  
169,13080  	1327,82048  	-244,98909  	1327,82053  	26,59667  	0,05255  	0,01226  	73645,66905  	0,37440  	0,17800  	1,75414  	1,75090  	6160149,20038  	9757842,03969  	110,50016  	21735700,93422  	0,25599  	0,20747  	NaN  	NaN  	0,00385  	0,00574  	0,00394  	0,00808  	1140,79554  	0,00401  	0,00424  
170,13278  	1327,82048  	1142,13363  	1327,82053  	26,59810  	0,05085  	0,01232  	-3833,88381  	0,37675  	0,17880  	1,75274  	1,74951  	1303537556,96883  	1114888,57670  	111,19344  	-1131528,20715  	0,25715  	0,00541  	-Inf  	-Inf  	0,00385  	0,00575  	0,00394  	0,00807  	-59,38390  	0,00400  	0,00424  
171,13253  	-60,34125  	-60,34899  	-60,34124  	26,59940  	0,04935  	0,01226  	-15815,93170  	0,37382  	0,17793  	1,75007  	1,74684  	134,96720  	0,00167  	110,32967  	-4667896,50935  	328,06755  	26,34747  	NaN  	NaN  	0,00385  	0,00573  	0,00394  	0,00807  	-244,98909  	0,00400  	0,00424  
172,13276  	1144,90646  	1144,84815  	1144,90651  	26,59829  	0,04782  	0,01229  	73899,71622  	0,37474  	0,17836  	1,75209  	1,74886  	692717219,35513  	125,90579  	110,60173  	21810680,13442  	0,49208  	0,00702  	-Inf  	-Inf  	0,00385  	0,00574  	0,00395  	0,00807  	1144,73080  	0,00399  	0,00424  
173,13249  	1327,82048  	1327,75450  	1327,82053  	26,60009  	0,04822  	0,01230  	-4323,58807  	0,37490  	0,17852  	1,75001  	1,74678  	2052925158,15326  	376,00263  	110,64772  	-1276058,98028  	0,25674  	0,00378  	-Inf  	-Inf  	0,00385  	0,00574  	0,00394  	0,00807  	-66,96955  	0,00399  	0,00424  
174,13286  	-68,09916  	1327,75450  	1327,82053  	26,60132  	0,04489  	0,01224  	-15815,93170  	0,37466  	0,17773  	1,75354  	1,75031  	148743285,97689  	0,01322  	110,57689  	-4667896,50935  	291,62740  	0,00352  	-Inf  	-Inf  	0,00385  	0,00574  	0,00395  	0,00807  	-244,98909  	0,00398  	0,00424  
175,13356  	-244,98909  	1327,75450  	-68,62567  	26,60186  	0,04842  	0,01232  	74322,54775  	0,37565  	0,17885  	1,75142  	1,74819  	3542374,11100  	3056,22967  	110,86944  	21935474,16102  	30,43879  	0,09649  	-Inf  	-Inf  	0,00385  	0,00574  	0,00394  	0,00807  	1151,28057  	0,00400  	0,00424  
176,13543  	1153,62286  	1327,75450  	1153,62291  	26,60290  	0,04865  	0,01228  	-4571,73968  	0,37473  	0,17829  	1,75278  	1,74955  	1158966083,26585  	401699,98721  	110,59814  	-1349298,16935  	0,47562  	0,00508  	-Inf  	-Inf  	0,00385  	0,00574  	0,00395  	0,00807  	-70,81348  	0,00400  	0,00424  
177,13720  	-72,60916  	-72,61639  	-72,60915  	26,60358  	0,04017  	0,01235  	-15815,93170  	0,37523  	0,17925  	1,74981  	1,74657  	227,30116  	0,00132  	110,74610  	-4667896,50935  	274,90740  	15,68991  	NaN  	NaN  	0,00385  	0,00574  	0,00394  	0,00807  	-244,98909  	0,00397  	0,00424  
178,13715  	1157,07444  	1157,01562  	-244,98909  	26,60491  	0,04450  	0,01226  	-15815,93170  	0,37489  	0,17795  	1,75163  	1,74840  	1656861,18258  	3016296,64161  	110,64525  	-4667896,50935  	0,46849  	0,38962  	NaN  	NaN  	0,00385  	0,00574  	0,00395  	0,00807  	-244,98909  	0,00398  	0,00424  
179,13741  	1327,82048  	1327,75450  	-244,98909  	26,60549  	0,04726  	0,01226  	-15815,93170  	0,37447  	0,17804  	1,75032  	1,74709  	6158928,24920  	8776603,68287  	110,52174  	-4667896,50935  	0,25604  	0,18666  	NaN  	NaN  	0,00385  	0,00574  	0,00394  	0,00807  	-244,98909  	0,00399  	0,00424  
180,13792  	-82,14373  	-82,15056  	-244,98909  	26,60497  	0,04396  	0,01230  	75195,11745  	0,37525  	0,17851  	1,75373  	1,75050  	4627,98035  	33,62159  	110,75037  	22193003,41334  	237,55069  	2,73111  	Inf  	-Inf  	0,00385  	0,00574  	0,00394  	0,00807  	1164,79692  	0,00398  	0,00424  
181,13750  	1167,07934  	1167,02010  	1167,07939  	26,60576  	0,04734  	0,01227  	85706,53851  	0,37472  	0,17814  	1,75415  	1,75091  	796534392,29952  	143,52717  	110,59339  	25295332,54600  	0,45147  	0,00641  	-Inf  	-Inf  	0,00385  	0,00574  	0,00394  	0,00808  	1327,62170  	0,00399  	0,00424  
182,13734  	1327,82048  	-85,41715  	-85,41045  	26,60671  	0,04283  	0,01232  	-5515,37289  	0,37528  	0,17892  	1,75401  	1,75077  	4609,63884  	33,88392  	110,75837  	-1627801,02584  	0,25731  	12,30456  	Inf  	-Inf  	0,00385  	0,00574  	0,00395  	0,00808  	-85,43062  	0,00398  	0,00424  
183,13890  	-85,85259  	1168,62467  	1168,68403  	26,60737  	0,04746  	0,01227  	-15815,93170  	0,37587  	0,17812  	1,75482  	1,75158  	79219222,52030  	0,01347  	110,93279  	-4667896,50935  	224,39466  	0,00639  	-Inf  	-Inf  	0,00385  	0,00574  	0,00394  	0,00808  	-244,98909  	0,00399  	0,00424  
184,13892  	1170,38240  	1327,75450  	1327,82053  	26,60772  	0,04998  	0,01225  	75544,14938  	0,37588  	0,17781  	1,75739  	1,75415  	1797307655,90883  	171,93823  	110,93780  	22296016,31089  	0,44504  	0,00392  	-Inf  	-Inf  	0,00385  	0,00574  	0,00394  	0,00808  	1170,20352  	0,00400  	0,00424  
185,13890  	-90,31743  	-90,32392  	-90,31743  	26,60889  	0,04818  	0,01228  	-5832,11093  	0,37576  	0,17822  	1,75187  	1,74864  	489,88991  	0,00153  	110,90082  	-1721282,73856  	210,27303  	12,36358  	NaN  	NaN  	0,00385  	0,00574  	0,00394  	0,00807  	-90,33698  	0,00399  	0,00424  
186,13891  	-244,98909  	1175,22887  	1175,28851  	26,60759  	0,04446  	0,01224  	75860,82804  	0,37439  	0,17775  	1,75188  	1,74865  	197848878,87871  	0,11982  	110,49608  	22389480,49804  	30,25430  	0,00584  	-Inf  	-Inf  	0,00385  	0,00574  	0,00394  	0,00807  	1175,10896  	0,00398  	0,00424  
187,13890  	1176,83076  	1327,75450  	-93,99937  	26,60872  	0,04850  	0,01225  	85706,53851  	0,37578  	0,17787  	1,75368  	1,75045  	13034457,98888  	3722852,74730  	110,90766  	25295332,54600  	0,43450  	0,10591  	NaN  	NaN  	0,00385  	0,00574  	0,00394  	0,00807  	1327,62170  	0,00400  	0,00424  
188,13889  	1327,82048  	1327,75450  	1178,08906  	26,60857  	0,04350  	0,01229  	-6150,99254  	0,37612  	0,17846  	1,75481  	1,75158  	1424803624,47159  	768779,65899  	111,00905  	-1815397,10328  	0,25665  	0,00436  	NaN  	NaN  	0,00385  	0,00575  	0,00395  	0,00808  	-95,27654  	0,00398  	0,00424  
189,13889  	-96,51587  	-96,52209  	1327,82053  	26,60954  	0,03977  	0,01231  	-15815,93170  	0,37442  	0,17867  	1,75222  	1,74899  	1383133,59946  	288,03138  	110,50545  	-4667896,50935  	192,57831  	0,08763  	NaN  	NaN  	0,00385  	0,00574  	0,00394  	0,00807  	-244,98909  	0,00397  	0,00424  
190,13839  	1180,60551  	-244,98909  	1327,82053  	26,60935  	0,04393  	0,01230  	-15815,93170  	0,37493  	0,17849  	1,75262  	1,74939  	5478172,54859  	3808987,71863  	110,65670  	-4667896,50935  	0,42990  	0,17344  	NaN  	NaN  	0,00385  	0,00574  	0,00394  	0,00807  	-244,98909  	0,00398  	0,00424  
191,13889  	1327,82048  	1181,71627  	1327,82053  	26,61004  	0,04708  	0,01231  	-15815,93170  	0,37549  	0,17877  	1,75139  	1,74816  	1440548144,37509  	812185,63043  	110,82244  	-4667896,50935  	0,25709  	0,00469  	-Inf  	-Inf  	0,00385  	0,00574  	0,00394  	0,00807  	-244,98909  	0,00399  	0,00424  
192,13890  	1327,82048  	1327,75450  	-99,40515  	26,61097  	0,04800  	0,01227  	76309,31666  	0,37478  	0,17811  	1,75082  	1,74759  	14340875,32481  	8088757,61393  	110,61347  	22521846,92972  	0,25614  	0,10691  	NaN  	NaN  	0,00385  	0,00574  	0,00394  	0,00807  	1182,05617  	0,00399  	0,00424  
193,13807  	1327,82048  	-101,26907  	1184,09448  	26,61235  	0,04456  	0,01233  	-6538,63338  	0,37533  	0,17900  	1,75418  	1,75095  	6194357,74683  	6762427,82357  	110,77380  	-1929804,99199  	0,25742  	0,17592  	Inf  	-Inf  	0,00385  	0,00574  	0,00394  	0,00808  	-101,28120  	0,00398  	0,00424  
194,13893  	-102,77866  	1185,55004  	1327,82053  	26,61190  	0,05230  	0,01226  	-15815,93170  	0,37520  	0,17794  	1,75235  	1,74911  	143956459,60281  	39,54511  	110,73648  	-4667896,50935  	175,21117  	0,00517  	-Inf  	-Inf  	0,00385  	0,00574  	0,00394  	0,00807  	-244,98909  	0,00401  	0,00424  
195,13815  	1186,55393  	-103,72846  	-103,72253  	26,61242  	0,04436  	0,01223  	-15815,93170  	0,37411  	0,17761  	1,75355  	1,75032  	7724,76564  	14,98787  	110,41531  	-4667896,50935  	0,41841  	8,47234  	Inf  	-Inf  	0,00385  	0,00574  	0,00395  	0,00807  	-244,98909  	0,00398  	0,00423  
196,13885  	1327,82048  	1187,52186  	1187,58201  	26,61391  	0,04699  	0,01230  	76654,35504  	0,37461  	0,17850  	1,75477  	1,75154  	1016512513,26235  	333,74592  	110,56341  	22623681,17481  	0,25670  	0,00591  	NaN  	NaN  	0,00385  	0,00574  	0,00394  	0,00808  	1187,40091  	0,00399  	0,00424  
197,13890  	1327,82048  	1327,75450  	1327,82053  	26,61420  	0,04269  	0,01229  	85706,53851  	0,37608  	0,17846  	1,75328  	1,75004  	2052195934,39174  	332,83913  	110,99670  	25295332,54600  	0,25664  	0,00335  	-Inf  	-Inf  	0,00385  	0,00575  	0,00394  	0,00807  	1327,62170  	0,00398  	0,00424  
198,13909  	1327,82048  	1327,75450  	1327,82053  	26,61623  	0,04799  	0,01232  	85706,53851  	0,37584  	0,17879  	1,75671  	1,75347  	2055935076,92884  	374,21914  	110,92450  	25295332,54600  	0,25711  	0,00376  	-Inf  	-Inf  	0,00385  	0,00574  	0,00395  	0,00808  	1327,62170  	0,00399  	0,00424  
199,14063  	1327,82048  	1327,75450  	1327,82053  	26,61527  	0,04771  	0,01232  	-6966,71199  	0,37455  	0,17891  	1,74707  	1,74384  	2057358928,64230  	371,99935  	110,54480  	-2056147,63527  	0,25729  	0,00374  	-Inf  	-Inf  	0,00385  	0,00574  	0,00394  	0,00806  	-107,91226  	0,00399  	0,00424  
200,14062  	-109,83559  	-109,84126  	1327,82053  	26,61602  	0,04956  	0,01225  	76982,58523  	0,37534  	0,17786  	1,75153  	1,74830  	1419433,48935  	401,13939  	110,77793  	22720554,66954  	158,36154  	0,11469  	NaN  	NaN  	0,00385  	0,00574  	0,00393  	0,00807  	1192,48528  	0,00400  	0,00424  
201,14044  	1195,26094  	-244,98909  	1327,82053  	26,61654  	0,04606  	0,01228  	-7259,41434  	0,37406  	0,17827  	1,74980  	1,74657  	5540771,47681  	4328249,12362  	110,40015  	-2142535,48251  	0,40662  	0,18187  	NaN  	NaN  	0,00385  	0,00574  	0,00394  	0,00807  	-112,44630  	0,00399  	0,00424  
