10/17/2024 16:13:41Time	T_hot_in(C)	T_cold_in(C)	T_cold_out(C)	T_hot_out(C)	mdot_cold(kg/s)	ASFASIFUAS(kg/s)	Diferencial_cold(bar)	Diferencial_hot(bar)	mdot_hot(kg/s)	ABS_cold(bar)	ABS_hot(bar)	q_cold(kW)	q_hot(kW)	ASFASYFY	Tau_cold_haste	Re_hot	Re_cold	U_global	PSIG_cold(bar)	R_fouling	PSIG_hot(bar)	PSID_hot(bar)	m_dot_hot	PSID_cold(bar)	m_dot_cold
1.74137  	0.00000  	0.00000  	0.00000  	0.00000  	-1.18512  	-0.20833  	-0.86278  	-2.50000  	-3.02442  	-1.25000  	-0.08628  	-0.00000  	-0.00000  	-737.84722  	-254.63905  	-9234.48090  	-3618.55272  	0.00000  	0.00000  	0.00000  	0.00000  	0.00000  	0.00000  	0.00000  
2.74469  	22.56597  	10.26721  	10.46079  	18.64739  	-1.18512  	0.03311  	0.80179  	0.80528  	-3.02442  	0.06913  	-0.08571  	-49.61448  	-0.95972  	237.66922  	236.63920  	-16211.34123  	-4860.08851  	0.00529  	0.00003  	0.00422  	0.00464  	0.00767  	0.00000  	0.00000  
3.74800  	22.57605  	10.26829  	10.46088  	18.65116  	-1.18512  	0.03369  	0.80536  	0.80643  	-3.02442  	0.06979  	-0.08567  	-49.69435  	-0.95482  	238.00768  	237.69327  	-16214.11343  	-4860.16658  	0.00529  	0.00003  	0.00422  	0.00465  	0.00769  	0.00000  	0.00000  
4.74932  	22.58763  	10.26750  	10.46229  	18.65604  	-1.18512  	0.03170  	0.80850  	0.81086  	-3.02442  	0.07050  	-0.08568  	-49.77913  	-0.96567  	239.31617  	238.61854  	-16217.41000  	-4860.20833  	0.00530  	0.00003  	0.00423  	0.00461  	0.00770  	0.00000  	0.00000  
5.75264  	22.59889  	10.26791  	10.46313  	18.66180  	-1.18512  	0.03287  	0.81230  	0.81670  	-3.02442  	0.06825  	-0.08563  	-49.84880  	-0.96781  	241.04067  	239.74078  	-16220.81757  	-4860.29136  	0.00531  	0.00003  	0.00422  	0.00463  	0.00772  	0.00000  	0.00000  
6.75596  	22.61087  	10.26950  	10.46329  	18.66795  	-1.18512  	0.03356  	0.81597  	0.81664  	-3.02442  	0.07005  	-0.08570  	-49.92263  	-0.96071  	241.02190  	240.82417  	-16224.44752  	-4860.40846  	0.00531  	0.00003  	0.00422  	0.00464  	0.00773  	0.00000  	0.00000  
7.75727  	22.62277  	10.26885  	10.46288  	18.67562  	-1.18512  	0.03305  	0.81791  	0.82047  	-3.02442  	0.07094  	-0.08563  	-49.97620  	-0.96189  	242.15119  	241.39634  	-16228.36413  	-4860.33737  	0.00531  	0.00003  	0.00423  	0.00463  	0.00774  	0.00000  	0.00000  
8.76059  	22.63711  	10.27011  	10.46351  	18.68275  	-1.18512  	0.03431  	0.82009  	0.82178  	-3.02442  	0.07098  	-0.08577  	-50.06753  	-0.95875  	242.53794  	242.04162  	-16232.66476  	-4860.46344  	0.00531  	0.00002  	0.00423  	0.00466  	0.00775  	0.00000  	0.00000  
9.76390  	22.64941  	10.26989  	10.46369  	18.69086  	-1.18512  	0.03318  	0.82314  	0.83004  	-3.02442  	0.06973  	-0.08567  	-50.12049  	-0.96074  	244.97572  	242.93929  	-16236.75238  	-4860.46093  	0.00533  	0.00003  	0.00422  	0.00464  	0.00777  	0.00000  	0.00000  
10.76520  	22.66211  	10.26986  	10.46494  	18.69932  	-1.18512  	0.03403  	0.82726  	0.83126  	-3.02442  	0.07083  	-0.08565  	-50.17423  	-0.96712  	245.33630  	244.15775  	-16240.99014  	-4860.54263  	0.00533  	0.00003  	0.00423  	0.00465  	0.00779  	0.00000  	0.00000  
11.76752  	22.67373  	10.26972  	10.46533  	18.70780  	-1.18512  	0.03443  	0.83116  	0.83491  	-3.02442  	0.07043  	-0.08566  	-50.21407  	-0.96978  	246.41463  	245.30677  	-16245.01739  	-4860.55885  	0.00534  	0.00003  	0.00423  	0.00466  	0.00780  	0.00000  	0.00000  
12.77087  	22.68792  	10.26996  	10.46473  	18.71708  	-1.18512  	0.03493  	0.83409  	0.83616  	-3.02442  	0.07054  	-0.08573  	-50.27614  	-0.96557  	246.78383  	246.17117  	-16249.72144  	-4860.53481  	0.00534  	0.00003  	0.00423  	0.00467  	0.00782  	0.00000  	0.00000  
13.77219  	22.70022  	10.26989  	10.46477  	18.72686  	-1.18512  	0.03423  	0.83770  	0.84128  	-3.02442  	0.07107  	-0.08571  	-50.30800  	-0.96614  	248.29574  	247.23657  	-16254.14588  	-4860.53249  	0.00535  	0.00003  	0.00423  	0.00466  	0.00783  	0.00000  	0.00000  
14.77450  	22.71279  	10.27107  	10.46524  	18.73628  	-1.18512  	0.03547  	0.84042  	0.84288  	-3.02442  	0.07039  	-0.08568  	-50.34784  	-0.96260  	248.76654  	248.03921  	-16258.55214  	-4860.64324  	0.00535  	0.00003  	0.00423  	0.00468  	0.00785  	0.00000  	0.00000  
15.77782  	22.72700  	10.27140  	10.46602  	18.74695  	-1.18512  	0.03457  	0.84394  	0.84512  	-3.02442  	0.07068  	-0.08573  	-50.39271  	-0.96485  	249.42712  	249.07886  	-16263.53992  	-4860.71722  	0.00535  	0.00003  	0.00423  	0.00466  	0.00786  	0.00000  	0.00000  
16.77914  	22.74050  	10.27191  	10.46628  	18.75858  	-1.18512  	0.03523  	0.84619  	0.84972  	-3.02442  	0.07059  	-0.08570  	-50.41646  	-0.96356  	250.78598  	249.74391  	-16268.57692  	-4860.76850  	0.00536  	0.00003  	0.00423  	0.00468  	0.00787  	0.00000  	0.00000  
17.78146  	22.75322  	10.27226  	10.46707  	18.76883  	-1.18512  	0.03438  	0.84870  	0.85394  	-3.02442  	0.07104  	-0.08569  	-50.44766  	-0.96580  	252.03011  	250.48578  	-16273.18258  	-4860.84444  	0.00537  	0.00003  	0.00423  	0.00466  	0.00789  	0.00000  	0.00000  
18.78478  	22.76584  	10.27174  	10.46742  	18.77897  	-1.18512  	0.03508  	0.85134  	0.85341  	-3.02442  	0.07148  	-0.08572  	-50.47898  	-0.97010  	251.87358  	251.26228  	-16277.74569  	-4860.83274  	0.00537  	0.00003  	0.00423  	0.00467  	0.00790  	0.00000  	0.00000  
19.78610  	22.77978  	10.27145  	10.46742  	18.79072  	-1.18512  	0.03522  	0.85346  	0.85768  	-3.02442  	0.07022  	-0.08568  	-50.50682  	-0.97154  	253.13433  	251.88885  	-16282.89693  	-4860.81341  	0.00537  	0.00003  	0.00422  	0.00468  	0.00791  	0.00000  	0.00000  
20.78942  	22.79443  	10.27206  	10.46774  	18.80312  	-1.18512  	0.03499  	0.85594  	0.85950  	-3.02442  	0.07141  	-0.08565  	-50.53531  	-0.97014  	253.67281  	252.62223  	-16288.32496  	-4860.87599  	0.00538  	0.00003  	0.00423  	0.00467  	0.00792  	0.00000  	0.00000  
21.79273  	22.80721  	10.27257  	10.46844  	18.81462  	-1.18512  	0.03580  	0.85821  	0.86337  	-3.02442  	0.07032  	-0.08570  	-50.55144  	-0.97104  	254.81426  	253.29127  	-16293.19617  	-4860.95677  	0.00538  	0.00003  	0.00423  	0.00469  	0.00793  	0.00000  	0.00000  
22.79405  	22.81935  	10.27274  	10.46959  	18.82506  	-1.18512  	0.03604  	0.86036  	0.86573  	-3.02442  	0.06943  	-0.08569  	-50.57301  	-0.97591  	255.51204  	253.92487  	-16297.72493  	-4861.04489  	0.00539  	0.00003  	0.00422  	0.00469  	0.00794  	0.00000  	0.00000  
23.79637  	22.83264  	10.27242  	10.47021  	18.83784  	-1.18512  	0.03493  	0.86273  	0.86557  	-3.02442  	0.06914  	-0.08572  	-50.57944  	-0.98056  	255.46438  	254.62457  	-16302.95683  	-4861.06520  	0.00538  	0.00003  	0.00422  	0.00467  	0.00795  	0.00000  	0.00000  
24.79969  	22.84665  	10.27255  	10.46958  	18.84889  	-1.18512  	0.03579  	0.86453  	0.87171  	-3.02442  	0.07050  	-0.08567  	-50.61690  	-0.97677  	257.27485  	255.15638  	-16307.98862  	-4861.03158  	0.00539  	0.00003  	0.00423  	0.00469  	0.00796  	0.00000  	0.00000  
25.80200  	22.85990  	10.27263  	10.46921  	18.86097  	-1.18512  	0.03493  	0.86602  	0.87133  	-3.02442  	0.07075  	-0.08571  	-50.63171  	-0.97457  	257.16300  	255.59619  	-16313.07342  	-4861.01233  	0.00539  	0.00003  	0.00423  	0.00467  	0.00797  	0.00000  	0.00000  
26.80233  	22.87273  	10.27219  	10.46870  	18.87240  	-1.18512  	0.03621  	0.86816  	0.87129  	-3.02442  	0.07037  	-0.08573  	-50.64956  	-0.97423  	257.15133  	256.22745  	-16317.94248  	-4860.94879  	0.00539  	0.00003  	0.00423  	0.00470  	0.00798  	0.00000  	0.00000  
27.80564  	22.88756  	10.27170  	10.46836  	18.88472  	-1.18512  	0.03581  	0.86929  	0.87009  	-3.02442  	0.07065  	-0.08570  	-50.68117  	-0.97495  	256.79700  	256.56261  	-16323.39457  	-4860.89315  	0.00539  	0.00003  	0.00423  	0.00469  	0.00798  	0.00000  	0.00000  
28.80894  	22.90064  	10.27204  	10.46910  	18.89634  	-1.18512  	0.03562  	0.86424  	0.86813  	-3.02442  	0.07075  	-0.08568  	-50.69978  	-0.97690  	256.22033  	255.07116  	-16328.35586  	-4860.96544  	0.00539  	0.00003  	0.00423  	0.00468  	0.00796  	0.00000  	0.00000  
29.81028  	22.91237  	10.27240  	10.47006  	18.90714  	-1.18512  	0.03603  	0.85680  	0.86027  	-3.02442  	0.07025  	-0.08560  	-50.71143  	-0.97991  	253.89935  	252.87616  	-16332.88054  	-4861.05360  	0.00538  	0.00003  	0.00422  	0.00469  	0.00792  	0.00000  	0.00000  
30.81360  	22.92378  	10.27292  	10.47050  	18.91701  	-1.18512  	0.03590  	0.85078  	0.85388  	-3.02442  	0.07166  	-0.08572  	-50.73102  	-0.97951  	252.01296  	251.09900  	-16337.15506  	-4861.11784  	0.00537  	0.00003  	0.00423  	0.00469  	0.00790  	0.00000  	0.00000  
31.81692  	22.93437  	10.27254  	10.47085  	18.92775  	-1.18512  	0.03489  	0.84298  	0.84485  	-3.02442  	0.07141  	-0.08571  	-50.72908  	-0.98311  	249.34765  	248.79489  	-16341.44241  	-4861.11571  	0.00535  	0.00003  	0.00423  	0.00467  	0.00786  	0.00000  	0.00000  
32.81824  	22.94501  	10.27205  	10.47191  	18.93727  	-1.18512  	0.03338  	0.83515  	0.83495  	-3.02442  	0.07032  	-0.08569  	-50.74328  	-0.99082  	246.42735  	246.48551  	-16345.49302  	-4861.15377  	0.00534  	0.00003  	0.00423  	0.00464  	0.00782  	0.00000  	0.00000  
33.82155  	22.95309  	10.27252  	10.47127  	18.94452  	-1.18512  	0.03291  	0.82725  	0.82871  	-3.02442  	0.06947  	-0.08573  	-50.75379  	-0.98531  	244.58323  	244.15274  	-16348.57394  	-4861.14268  	0.00533  	0.00003  	0.00422  	0.00463  	0.00779  	0.00000  	0.00000  
34.82484  	22.96147  	10.27212  	10.47084  	18.95094  	-1.18512  	0.03436  	0.81947  	0.82274  	-3.02442  	0.07062  	-0.08572  	-50.77868  	-0.98520  	242.82189  	241.85627  	-16351.54750  	-4861.08688  	0.00532  	0.00003  	0.00423  	0.00466  	0.00775  	0.00000  	0.00000  
35.82616  	22.96916  	10.27303  	10.47022  	18.95816  	-1.18512  	0.03383  	0.81034  	0.81452  	-3.02442  	0.07005  	-0.08568  	-50.78450  	-0.97759  	240.39676  	239.16403  	-16354.54525  	-4861.10588  	0.00530  	0.00003  	0.00422  	0.00465  	0.00771  	0.00000  	0.00000  
36.82951  	22.97797  	10.27277  	10.47132  	18.96319  	-1.18512  	0.03358  	0.80175  	0.80573  	-3.02442  	0.07008  	-0.08568  	-50.83247  	-0.98436  	237.80251  	236.62726  	-16357.32694  	-4861.16239  	0.00529  	0.00003  	0.00422  	0.00464  	0.00767  	0.00000  	0.00000  
37.83183  	22.98551  	10.27253  	10.47007  	18.96845  	-1.18512  	0.03375  	0.79346  	0.79441  	-3.02442  	0.06996  	-0.08565  	-50.86124  	-0.97931  	234.45991  	234.18214  	-16359.90078  	-4861.06307  	0.00527  	0.00003  	0.00422  	0.00465  	0.00763  	0.00000  	0.00000  
38.83315  	22.99294  	10.27294  	10.46902  	18.97201  	-1.18512  	0.03216  	0.78598  	0.78553  	-3.02442  	0.06956  	-0.08572  	-50.91037  	-0.97205  	231.83946  	231.97223  	-16362.11000  	-4861.02020  	0.00526  	0.00003  	0.00422  	0.00462  	0.00760  	0.00000  	0.00000  
39.83547  	23.00047  	10.27206  	10.46963  	18.97567  	-1.18512  	0.03307  	0.78620  	0.78528  	-3.02442  	0.07186  	-0.08567  	-50.95930  	-0.97946  	231.76812  	232.03922  	-16364.35799  	-4861.00157  	0.00526  	0.00003  	0.00423  	0.00463  	0.00760  	0.00000  	0.00000  
40.83778  	23.00704  	10.27199  	10.47081  	18.97793  	-1.18512  	0.03325  	0.79149  	0.79122  	-3.02442  	0.07120  	-0.08574  	-51.01396  	-0.98568  	233.52062  	233.59881  	-16366.13446  	-4861.07571  	0.00527  	0.00002  	0.00423  	0.00464  	0.00762  	0.00000  	0.00000  
41.83911  	23.01568  	10.27209  	10.47033  	18.97984  	-1.18512  	0.03341  	0.79721  	0.79766  	-3.02442  	0.07156  	-0.08566  	-51.09910  	-0.98281  	235.41950  	235.28744  	-16368.25715  	-4861.05049  	0.00528  	0.00003  	0.00423  	0.00464  	0.00765  	0.00000  	0.00000  
42.84242  	23.02506  	10.27256  	10.47062  	18.98392  	-1.18512  	0.03319  	0.80033  	0.80143  	-3.02442  	0.07140  	-0.08570  	-51.16610  	-0.98190  	236.53248  	236.20797  	-16370.96283  	-4861.10177  	0.00528  	0.00003  	0.00423  	0.00464  	0.00766  	0.00000  	0.00000  
43.84574  	23.03700  	10.27200  	10.46907  	18.98850  	-1.18512  	0.03402  	0.80495  	0.80452  	-3.02442  	0.07143  	-0.08570  	-51.25936  	-0.97699  	237.44516  	237.57276  	-16374.28450  	-4860.96071  	0.00529  	0.00003  	0.00423  	0.00465  	0.00768  	0.00000  	0.00000  
44.84706  	23.04824  	10.27160  	10.46946  	18.99229  	-1.18512  	0.03327  	0.80975  	0.81394  	-3.02442  	0.07008  	-0.08572  	-51.35376  	-0.98088  	240.22421  	238.98980  	-16377.30896  	-4860.96015  	0.00530  	0.00003  	0.00422  	0.00464  	0.00771  	0.00000  	0.00000  
45.85035  	23.06009  	10.27047  	10.46962  	18.99801  	-1.18512  	0.03308  	0.81311  	0.81309  	-3.02442  	0.07011  	-0.08566  	-51.43122  	-0.98732  	239.97339  	239.98126  	-16380.84246  	-4860.89508  	0.00530  	0.00003  	0.00422  	0.00464  	0.00772  	0.00000  	0.00000  
46.85366  	23.07231  	10.27085  	10.47005  	19.00438  	-1.18512  	0.03369  	0.81714  	0.82052  	-3.02442  	0.06975  	-0.08566  	-51.50527  	-0.98755  	242.16675  	241.16983  	-16384.58233  	-4860.94993  	0.00531  	0.00003  	0.00422  	0.00465  	0.00774  	0.00000  	0.00000  
47.85598  	23.08618  	10.27025  	10.47013  	19.01092  	-1.18512  	0.03396  	0.82115  	0.81907  	-3.02442  	0.07114  	-0.08568  	-51.59824  	-0.99094  	241.73996  	242.35289  	-16388.68848  	-4860.91460  	0.00531  	0.00003  	0.00423  	0.00465  	0.00776  	0.00000  	0.00000  
48.85733  	23.09941  	10.27044  	10.46909  	19.01825  	-1.18512  	0.03398  	0.82538  	0.82718  	-3.02442  	0.07060  	-0.08570  	-51.67296  	-0.98483  	244.13334  	243.60268  	-16392.82698  	-4860.85806  	0.00532  	0.00003  	0.00423  	0.00465  	0.00778  	0.00000  	0.00000  
49.86065  	23.11203  	10.26996  	10.46993  	19.02771  	-1.18512  	0.03403  	0.82843  	0.83233  	-3.02442  	0.06959  	-0.08574  	-51.71288  	-0.99136  	245.65288  	244.50183  	-16397.27071  	-4860.88208  	0.00533  	0.00002  	0.00422  	0.00465  	0.00779  	0.00000  	0.00000  
50.86396  	23.12418  	10.26972  	10.46941  	19.03666  	-1.18512  	0.03313  	0.83161  	0.83580  	-3.02442  	0.07158  	-0.08575  	-51.75341  	-0.98997  	246.67616  	245.44189  	-16401.51737  	-4860.83157  	0.00534  	0.00002  	0.00423  	0.00464  	0.00781  	0.00000  	0.00000  
51.86529  	23.13922  	10.27072  	10.46884  	19.04595  	-1.18512  	0.03344  	0.83406  	0.84036  	-3.02442  	0.06973  	-0.08566  	-51.82622  	-0.98222  	248.02439  	246.16256  	-16406.41291  	-4860.85974  	0.00534  	0.00003  	0.00422  	0.00464  	0.00782  	0.00000  	0.00000  
52.86760  	23.15325  	10.26964  	10.46927  	19.05641  	-1.18512  	0.03421  	0.83830  	0.84207  	-3.02442  	0.07033  	-0.08577  	-51.87147  	-0.98964  	248.52802  	247.41402  	-16411.34430  	-4860.81663  	0.00535  	0.00002  	0.00423  	0.00466  	0.00784  	0.00000  	0.00000  
53.87092  	23.16606  	10.26925  	10.46864  	19.06574  	-1.18512  	0.03468  	0.84214  	0.84073  	-3.02442  	0.07074  	-0.08576  	-51.91558  	-0.98851  	248.13245  	248.54787  	-16415.80304  	-4860.74864  	0.00535  	0.00002  	0.00423  	0.00467  	0.00786  	0.00000  	0.00000  
54.87124  	23.17893  	10.26974  	10.46802  	19.07597  	-1.18512  	0.03533  	0.84303  	0.84815  	-3.02442  	0.07007  	-0.08570  	-51.94889  	-0.98295  	250.32292  	248.81224  	-16420.45465  	-4860.73976  	0.00536  	0.00003  	0.00422  	0.00468  	0.00786  	0.00000  	0.00000  
55.87456  	23.19428  	10.26812  	10.46814  	19.08713  	-1.18512  	0.03550  	0.84450  	0.85408  	-3.02442  	0.07226  	-0.08567  	-52.00193  	-0.99164  	252.07332  	249.24558  	-16425.79426  	-4860.63945  	0.00537  	0.00003  	0.00423  	0.00468  	0.00787  	0.00000  	0.00000  
56.87788  	23.20665  	10.26857  	10.46740  	19.09860  	-1.18512  	0.03506  	0.84710  	0.84984  	-3.02442  	0.07036  	-0.08568  	-52.01330  	-0.98572  	250.82198  	250.01273  	-16430.59838  	-4860.62086  	0.00536  	0.00003  	0.00423  	0.00467  	0.00788  	0.00000  	0.00000  
57.87920  	23.21902  	10.26796  	10.46722  	19.10865  	-1.18512  	0.03587  	0.84767  	0.84984  	-3.02442  	0.07170  	-0.08574  	-52.04272  	-0.98786  	250.82036  	250.17972  	-16435.11410  	-4860.56725  	0.00536  	0.00003  	0.00423  	0.00469  	0.00788  	0.00000  	0.00000  
58.88249  	23.23150  	10.26739  	10.46758  	19.11873  	-1.18512  	0.03566  	0.84985  	0.85156  	-3.02442  	0.07001  	-0.08572  	-52.07316  	-0.99248  	251.32987  	250.82491  	-16439.65978  	-4860.55380  	0.00536  	0.00003  	0.00422  	0.00468  	0.00789  	0.00000  	0.00000  
59.88583  	23.24619  	10.26696  	10.46804  	19.13173  	-1.18512  	0.03507  	0.85289  	0.85575  	-3.02442  	0.07107  	-0.08575  	-52.09449  	-0.99687  	252.56472  	251.72053  	-16445.24229  	-4860.55602  	0.00537  	0.00002  	0.00423  	0.00467  	0.00790  	0.00000  	0.00000  
60.88715  	23.25930  	10.26672  	10.46762  	19.14164  	-1.18512  	0.03574  	0.85481  	0.85762  	-3.02442  	0.07189  	-0.08566  	-52.13501  	-0.99596  	253.11820  	252.28713  	-16449.88116  	-4860.51122  	0.00537  	0.00003  	0.00423  	0.00469  	0.00791  	0.00000  	0.00000  
61.89047  	23.27166  	10.26736  	10.46780  	19.15242  	-1.18512  	0.03568  	0.85697  	0.85788  	-3.02442  	0.07005  	-0.08567  	-52.15507  	-0.99369  	253.19324  	252.92651  	-16454.54662  	-4860.56671  	0.00537  	0.00003  	0.00422  	0.00469  	0.00792  	0.00000  	0.00000  
62.89378  	23.28464  	10.26630  	10.46711  	19.16311  	-1.18512  	0.03425  	0.86006  	0.86558  	-3.02442  	0.07025  	-0.08574  	-52.18416  	-0.99554  	255.46535  	253.83728  	-16459.31812  	-4860.44936  	0.00538  	0.00003  	0.00422  	0.00466  	0.00794  	0.00000  	0.00000  
63.89510  	23.29976  	10.26490  	10.46622  	19.17655  	-1.18512  	0.03210  	0.86177  	0.86372  	-3.02442  	0.07169  	-0.08569  	-52.20530  	-0.99804  	254.91732  	254.34192  	-16465.07882  	-4860.29703  	0.00538  	0.00003  	0.00423  	0.00462  	0.00795  	0.00000  	0.00000  
64.89842  	23.31202  	10.26493  	10.46700  	19.18678  	-1.18512  	0.03404  	0.86244  	0.86806  	-3.02442  	0.07099  	-0.08567  	-52.23106  	-1.00177  	256.19713  	254.54017  	-16469.61294  	-4860.35112  	0.00539  	0.00003  	0.00423  	0.00465  	0.00795  	0.00000  	0.00000  
65.90171  	23.32494  	10.26470  	10.46597  	19.19850  	-1.18512  	0.03536  	0.86538  	0.87249  	-3.02442  	0.07111  	-0.08567  	-52.24627  	-0.99781  	257.50626  	255.40781  	-16474.58363  	-4860.26663  	0.00540  	0.00003  	0.00423  	0.00468  	0.00796  	0.00000  	0.00000  
66.90306  	23.33774  	10.26411  	10.46674  	19.21006  	-1.18512  	0.03579  	0.86640  	0.87121  	-3.02442  	0.07034  	-0.08573  	-52.26197  	-1.00453  	257.12729  	255.70851  	-16479.49668  	-4860.27850  	0.00539  	0.00003  	0.00423  	0.00469  	0.00797  	0.00000  	0.00000  
67.90438  	23.35146  	10.26348  	10.46560  	19.22343  	-1.18512  	0.03445  	0.86883  	0.87401  	-3.02442  	0.07022  	-0.08571  	-52.26641  	-1.00202  	257.95468  	256.42540  	-16484.96278  	-4860.16115  	0.00540  	0.00003  	0.00422  	0.00466  	0.00798  	0.00000  	0.00000  
68.90770  	23.36506  	10.26277  	10.46510  	19.23340  	-1.18512  	0.03473  	0.86880  	0.87072  	-3.02442  	0.07080  	-0.08572  	-52.31230  	-1.00303  	256.98351  	256.41598  	-16489.71930  	-4860.07952  	0.00539  	0.00003  	0.00423  	0.00467  	0.00798  	0.00000  	0.00000  
69.91101  	23.37783  	10.26268  	10.46573  	19.24447  	-1.18512  	0.03594  	0.86259  	0.86744  	-3.02442  	0.07158  	-0.08568  	-52.33392  	-1.00664  	256.01399  	254.58298  	-16494.53197  	-4860.11532  	0.00539  	0.00003  	0.00423  	0.00469  	0.00795  	0.00000  	0.00000  
70.91230  	23.38993  	10.26241  	10.46534  	19.25550  	-1.18512  	0.03666  	0.85599  	0.85842  	-3.02442  	0.07194  	-0.08567  	-52.34732  	-1.00605  	253.35454  	252.63502  	-16499.20069  	-4860.07179  	0.00537  	0.00003  	0.00423  	0.00470  	0.00792  	0.00000  	0.00000  
71.91363  	23.40286  	10.26349  	10.46535  	19.26682  	-1.18512  	0.03611  	0.84890  	0.84790  	-3.02442  	0.07255  	-0.08578  	-52.36780  	-1.00073  	250.24972  	250.54371  	-16504.09515  	-4860.14423  	0.00536  	0.00002  	0.00423  	0.00469  	0.00789  	0.00000  	0.00000  
72.91697  	23.41192  	10.26185  	10.46549  	19.27544  	-1.18512  	0.03404  	0.84081  	0.84504  	-3.02442  	0.07055  	-0.08569  	-52.37334  	-1.00959  	249.40281  	248.15581  	-16507.66677  	-4860.04465  	0.00535  	0.00003  	0.00423  	0.00465  	0.00785  	0.00000  	0.00000  
73.91829  	23.42143  	10.26114  	10.46536  	19.28417  	-1.18512  	0.03458  	0.83330  	0.83557  	-3.02442  	0.07191  	-0.08564  	-52.38325  	-1.01240  	246.60923  	245.93862  	-16511.34897  	-4859.98845  	0.00534  	0.00003  	0.00423  	0.00466  	0.00781  	0.00000  	0.00000  
74.92161  	23.43021  	10.26057  	10.46380  	19.29289  	-1.18512  	0.03370  	0.82399  	0.82632  	-3.02442  	0.06931  	-0.08568  	-52.38406  	-1.00751  	243.88006  	243.19054  	-16514.88297  	-4859.84625  	0.00532  	0.00003  	0.00422  	0.00465  	0.00777  	0.00000  	0.00000  
75.92493  	23.43975  	10.26018  	10.46347  	19.29917  	-1.18512  	0.03400  	0.81690  	0.81849  	-3.02442  	0.06956  	-0.08569  	-52.42529  	-1.00786  	241.56795  	241.10039  	-16518.07717  	-4859.79816  	0.00531  	0.00003  	0.00422  	0.00465  	0.00774  	0.00000  	0.00000  
76.92622  	23.44683  	10.25944  	10.46297  	19.30437  	-1.18512  	0.03435  	0.80806  	0.81188  	-3.02442  	0.07062  	-0.08566  	-52.44910  	-1.00901  	239.61867  	238.48972  	-16520.56060  	-4859.71554  	0.00530  	0.00003  	0.00423  	0.00466  	0.00770  	0.00000  	0.00000  
77.92857  	23.45522  	10.25880  	10.46204  	19.30969  	-1.18512  	0.03361  	0.79962  	0.80124  	-3.02442  	0.06975  	-0.08565  	-52.48806  	-1.00755  	236.47703  	235.99905  	-16523.32860  	-4859.61082  	0.00528  	0.00003  	0.00422  	0.00465  	0.00766  	0.00000  	0.00000  
78.93088  	23.46222  	10.25877  	10.46221  	19.31291  	-1.18512  	0.03278  	0.79239  	0.79084  	-3.02442  	0.07030  	-0.08571  	-52.53587  	-1.00854  	233.40779  	233.86433  	-16525.39368  	-4859.61993  	0.00527  	0.00003  	0.00422  	0.00463  	0.00763  	0.00000  	0.00000  
79.93221  	23.46912  	10.25650  	10.46171  	19.31522  	-1.18512  	0.03421  	0.78388  	0.78490  	-3.02442  	0.07168  	-0.08568  	-52.59389  	-1.01736  	231.65585  	231.35358  	-16527.25417  	-4859.43519  	0.00526  	0.00003  	0.00423  	0.00466  	0.00759  	0.00000  	0.00000  
80.93552  	23.47567  	10.25744  	10.46008  	19.31840  	-1.18512  	0.03139  	0.78323  	0.78622  	-3.02442  	0.07022  	-0.08563  	-52.63656  	-1.00460  	232.04440  	231.16178  	-16529.22025  	-4859.38920  	0.00526  	0.00003  	0.00422  	0.00460  	0.00758  	0.00000  	0.00000  
81.93884  	23.48258  	10.25733  	10.45865  	19.32091  	-1.18512  	0.03288  	0.78876  	0.78723  	-3.02442  	0.07176  	-0.08571  	-52.69238  	-0.99807  	232.34259  	232.79374  	-16531.12495  	-4859.28643  	0.00526  	0.00003  	0.00423  	0.00463  	0.00761  	0.00000  	0.00000  
82.94016  	23.49100  	10.25710  	10.45942  	19.32250  	-1.18512  	0.03230  	0.79322  	0.79134  	-3.02442  	0.07046  	-0.08567  	-52.77879  	-1.00302  	233.55559  	234.11035  	-16533.14603  	-4859.32219  	0.00527  	0.00003  	0.00423  	0.00462  	0.00763  	0.00000  	0.00000  
83.94347  	23.50143  	10.25710  	10.45954  	19.32561  	-1.18512  	0.03170  	0.79777  	0.79778  	-3.02442  	0.07134  	-0.08574  	-52.87145  	-1.00359  	235.45676  	235.45176  	-16535.88254  	-4859.33083  	0.00528  	0.00002  	0.00423  	0.00461  	0.00765  	0.00000  	0.00000  
84.94480  	23.51254  	10.25594  	10.46026  	19.32918  	-1.18512  	0.03211  	0.80267  	0.80496  	-3.02442  	0.07016  	-0.08570  	-52.96703  	-1.01292  	237.57568  	236.89942  	-16538.84814  	-4859.30166  	0.00529  	0.00003  	0.00422  	0.00462  	0.00767  	0.00000  	0.00000  
85.94612  	23.52317  	10.25492  	10.45967  	19.33255  	-1.18512  	0.03182  	0.80668  	0.80549  	-3.02442  	0.06908  	-0.08571  	-53.05886  	-1.01508  	237.73063  	238.08289  	-16541.67849  	-4859.19382  	0.00529  	0.00003  	0.00422  	0.00461  	0.00769  	0.00000  	0.00000  
86.94940  	23.53513  	10.25449  	10.45919  	19.33689  	-1.18512  	0.03237  	0.81077  	0.80874  	-3.02442  	0.07055  	-0.08567  	-53.15541  	-1.01482  	238.68987  	239.28990  	-16544.97166  	-4859.13324  	0.00529  	0.00003  	0.00423  	0.00462  	0.00771  	0.00000  	0.00000  
87.95275  	23.54740  	10.25347  	10.45785  	19.34339  	-1.18512  	0.03306  	0.81461  	0.81650  	-3.02442  	0.06929  	-0.08570  	-53.22848  	-1.01321  	240.98147  	240.42163  	-16548.76795  	-4858.97509  	0.00531  	0.00003  	0.00422  	0.00463  	0.00773  	0.00000  	0.00000  
88.95407  	23.56077  	10.25349  	10.45716  	19.34972  	-1.18512  	0.03293  	0.81941  	0.82089  	-3.02442  	0.07125  	-0.08575  	-53.31756  	-1.00968  	242.27730  	241.83947  	-16552.75024  	-4858.93082  	0.00531  	0.00002  	0.00423  	0.00463  	0.00775  	0.00000  	0.00000  
89.95739  	23.57182  	10.25308  	10.45713  	19.35683  	-1.18512  	0.03314  	0.82223  	0.82420  	-3.02442  	0.07056  	-0.08568  	-53.36755  	-1.01159  	243.25213  	242.67236  	-16556.42311  	-4858.90088  	0.00532  	0.00003  	0.00423  	0.00464  	0.00776  	0.00000  	0.00000  
90.96070  	23.58692  	10.25165  	10.45758  	19.36539  	-1.18512  	0.03422  	0.82688  	0.82698  	-3.02442  	0.06978  	-0.08566  	-53.45023  	-1.02089  	244.07317  	244.04458  	-16561.20586  	-4858.83591  	0.00532  	0.00003  	0.00422  	0.00466  	0.00778  	0.00000  	0.00000  
91.96202  	23.60029  	10.25176  	10.45595  	19.37398  	-1.18512  	0.03414  	0.83087  	0.82958  	-3.02442  	0.07087  	-0.08570  	-53.51088  	-1.01225  	244.84110  	245.22134  	-16565.64768  	-4858.73477  	0.00533  	0.00003  	0.00423  	0.00466  	0.00780  	0.00000  	0.00000  
92.96432  	23.61321  	10.25092  	10.45507  	19.38361  	-1.18512  	0.03202  	0.83302  	0.83596  	-3.02442  	0.07138  	-0.08564  	-53.55256  	-1.01207  	246.72462  	245.85562  	-16570.20803  	-4858.61939  	0.00534  	0.00003  	0.00423  	0.00461  	0.00781  	0.00000  	0.00000  
93.96666  	23.62660  	10.25073  	10.45524  	19.39226  	-1.18512  	0.03350  	0.83593  	0.83840  	-3.02442  	0.06970  	-0.08570  	-53.61243  	-1.01387  	247.44416  	246.71610  	-16574.66799  	-4858.61908  	0.00534  	0.00003  	0.00422  	0.00464  	0.00783  	0.00000  	0.00000  
94.96997  	23.63976  	10.24914  	10.45381  	19.40228  	-1.18512  	0.03398  	0.83899  	0.84334  	-3.02442  	0.07029  	-0.08571  	-53.65225  	-1.01468  	248.90266  	247.61803  	-16579.35888  	-4858.41745  	0.00535  	0.00003  	0.00422  	0.00465  	0.00784  	0.00000  	0.00000  
95.96930  	23.65446  	10.24911  	10.45307  	19.41353  	-1.18512  	0.03429  	0.84257  	0.84875  	-3.02442  	0.07080  	-0.08569  	-53.69592  	-1.01118  	250.49971  	248.67469  	-16584.60862  	-4858.36578  	0.00536  	0.00003  	0.00423  	0.00466  	0.00786  	0.00000  	0.00000  
96.97262  	23.66688  	10.24732  	10.45259  	19.42313  	-1.18512  	0.03464  	0.84463  	0.85079  	-3.02442  	0.06899  	-0.08568  	-53.73171  	-1.01762  	251.10006  	249.28289  	-16589.06461  	-4858.21442  	0.00536  	0.00003  	0.00422  	0.00467  	0.00787  	0.00000  	0.00000  
97.97594  	23.68002  	10.24696  	10.45282  	19.43456  	-1.18512  	0.03347  	0.84791  	0.85365  	-3.02442  	0.06909  	-0.08564  	-53.75330  	-1.02056  	251.94669  	250.25012  	-16594.03929  	-4858.20495  	0.00537  	0.00003  	0.00422  	0.00464  	0.00788  	0.00000  	0.00000  
98.97626  	23.69366  	10.24618  	10.45252  	19.44554  	-1.18512  	0.03413  	0.85065  	0.85301  	-3.02442  	0.07079  	-0.08577  	-53.78692  	-1.02290  	251.75603  	251.05937  	-16599.02285  	-4858.13367  	0.00536  	0.00002  	0.00423  	0.00466  	0.00789  	0.00000  	0.00000  
99.97858  	23.70792  	10.24707  	10.45215  	19.45686  	-1.18512  	0.03350  	0.85183  	0.85716  	-3.02442  	0.07092  	-0.08567  	-53.82433  	-1.01673  	252.98244  	251.40862  	-16604.20108  	-4858.16808  	0.00537  	0.00003  	0.00423  	0.00464  	0.00790  	0.00000  	0.00000  
100.98189  	23.72101  	10.24587  	10.45161  	19.46838  	-1.18512  	0.03392  	0.85355  	0.86004  	-3.02442  	0.06998  	-0.08569  	-53.84415  	-1.02000  	253.83133  	251.91564  	-16609.18594  	-4858.05221  	0.00538  	0.00003  	0.00422  	0.00465  	0.00791  	0.00000  	0.00000  
101.98322  	23.73334  	10.24500  	10.45193  	19.47947  	-1.18512  	0.03460  	0.85745  	0.85837  	-3.02442  	0.07074  	-0.08578  	-53.85988  	-1.02591  	253.33952  	253.06692  	-16613.92946  	-4858.01543  	0.00537  	0.00002  	0.00423  	0.00466  	0.00793  	0.00000  	0.00000  
102.98554  	23.74675  	10.24420  	10.45178  	19.49275  	-1.18512  	0.03516  	0.85885  	0.86143  	-3.02442  	0.06997  	-0.08570  	-53.86153  	-1.02908  	254.24074  	253.47982  	-16619.33481  	-4857.95187  	0.00538  	0.00003  	0.00422  	0.00468  	0.00793  	0.00000  	0.00000  
103.98783  	23.76174  	10.24446  	10.45100  	19.50468  	-1.18512  	0.03463  	0.86133  	0.86220  	-3.02442  	0.07099  	-0.08569  	-53.90018  	-1.02391  	254.46861  	254.21112  	-16624.78877  	-4857.91709  	0.00538  	0.00003  	0.00423  	0.00466  	0.00794  	0.00000  	0.00000  
104.98918  	23.77447  	10.24410  	10.45160  	19.51532  	-1.18512  	0.03410  	0.86193  	0.86631  	-3.02442  	0.06996  	-0.08570  	-53.92663  	-1.02870  	255.68181  	254.38974  	-16629.52432  	-4857.93374  	0.00539  	0.00003  	0.00422  	0.00465  	0.00795  	0.00000  	0.00000  
105.99249  	23.78687  	10.24289  	10.45128  	19.52684  	-1.18512  	0.03476  	0.86257  	0.86434  	-3.02442  	0.06946  	-0.08567  	-53.93789  	-1.03311  	255.10103  	254.57840  	-16634.37135  	-4857.83146  	0.00538  	0.00003  	0.00422  	0.00467  	0.00795  	0.00000  	0.00000  
106.99478  	23.80119  	10.24218  	10.45028  	19.53955  	-1.18512  	0.03444  	0.86227  	0.86836  	-3.02442  	0.06937  	-0.08571  	-53.95830  	-1.03167  	256.28676  	254.48871  	-16639.84834  	-4857.71709  	0.00539  	0.00003  	0.00422  	0.00466  	0.00795  	0.00000  	0.00000  
107.99413  	23.81284  	10.24077  	10.44934  	19.55131  	-1.18512  	0.03498  	0.86572  	0.86758  	-3.02442  	0.07050  	-0.08575  	-53.95690  	-1.03399  	256.05807  	255.50877  	-16644.59542  	-4857.56022  	0.00539  	0.00002  	0.00423  	0.00467  	0.00796  	0.00000  	0.00000  
