01/15/2025 12:03:33Time	T_hot_in(C)	T_cold_in(C)	T_cold_out(C)	T_hot_out(C)	mdot_cold(kg/s)	ASFASIFUAS(kg/s)	Diferencial_cold(bar)	Diferencial_hot(bar)	mdot_hot(kg/s)	ABS_cold(bar)	ABS_hot(bar)	q_cold(kW)	q_hot(kW)	ASFASYFY	Tau_cold_haste	Re_hot	Re_cold	U_global	PSIG_cold(bar)	R_fouling	PSIG_hot(bar)	PSID_hot(bar)	m_dot_hot	PSID_cold(bar)	m_dot_cold
2,02853  	0,00000  	0,00000  	0,00000  	0,00000  	-1,18512  	-0,20833  	-0,25900  	-0,86180  	-3,02442  	-1,72343  	-1,72415  	-0,00000  	-0,00000  	-254,35069  	-76,44127  	-9234,48090  	-3618,55272  	NaN  	NaN  	0,00000  	0,00000  	0,00000  	0,00000  	0,00000  	0,00000  	0,00000  
3,02867  	1327,82048  	-244,98909  	-244,98909  	25,19421  	0,04852  	0,02663  	85706,53851  	0,01752  	0,05885  	0,21915  	0,21702  	121476,32072  	0,00000  	5,17189  	25295332,54600  	0,08502  	0,93882  	Inf  	-Inf  	0,00377  	0,00408  	0,00397  	0,00451  	1327,62170  	0,00400  	0,00408  
4,02915  	1327,82048  	882,94166  	-244,98909  	25,19715  	0,04769  	0,02626  	12897,26638  	0,01641  	0,05796  	0,21610  	0,21398  	48518,43340  	6308284,78880  	4,84226  	3806484,86978  	0,08374  	2,38425  	NaN  	NaN  	0,00376  	0,00408  	0,00397  	0,00450  	199,78619  	0,00399  	0,00408  
5,03159  	310,60078  	1327,75450  	772,23064  	25,20085  	0,04886  	0,02606  	-15815,93170  	0,01768  	0,05823  	0,21449  	0,21237  	33342986,51223  	197,45286  	5,21859  	-4667896,50935  	108,45715  	0,01038  	-Inf  	-Inf  	0,00377  	0,00408  	0,00396  	0,00450  	-244,98909  	0,00400  	0,00408  
6,03203  	-244,98909  	307,63895  	307,66215  	25,20245  	0,04574  	0,02656  	-15815,93170  	0,01660  	0,05897  	0,21857  	0,21644  	7832,08710  	0,04912  	4,89789  	-4667896,50935  	9,89139  	2,74952  	-Inf  	-Inf  	0,00377  	0,00408  	0,00396  	0,00451  	-244,98909  	0,00399  	0,00408  
7,03336  	777,87167  	-244,98909  	777,87171  	25,20543  	0,04877  	0,02632  	-15815,93170  	0,01787  	0,05819  	0,21665  	0,21452  	7279,18490  	168901,56599  	5,27445  	-4667896,50935  	0,93331  	6,22015  	NaN  	NaN  	0,00376  	0,00408  	0,00397  	0,00451  	-244,98909  	0,00400  	0,00408  
8,03527  	301,97960  	-244,98909  	1327,82053  	25,20687  	0,04796  	0,02652  	50400,53979  	0,01754  	0,05877  	0,21830  	0,21618  	432623,02310  	497,56190  	5,17688  	14875159,31307  	128,87677  	0,18937  	NaN  	NaN  	0,00377  	0,00408  	0,00397  	0,00451  	780,72214  	0,00399  	0,00408  
9,03547  	785,00631  	-244,98909  	297,82510  	25,20692  	0,04452  	0,02668  	19221,89924  	0,01696  	0,05873  	0,21962  	0,21750  	186,65386  	87103,27474  	5,00579  	5673129,98518  	0,90270  	274,00107  	Inf  	-Inf  	0,00377  	0,00408  	0,00396  	0,00451  	297,75648  	0,00398  	0,00408  
10,03538  	295,09474  	787,69333  	787,73668  	25,20553  	0,05295  	0,02627  	-15815,93170  	0,01754  	0,05834  	0,21620  	0,21408  	4990938,34813  	0,01412  	5,17544  	-4667896,50935  	146,26255  	0,03906  	-Inf  	-Inf  	0,00376  	0,00408  	0,00396  	0,00450  	-244,98909  	0,00401  	0,00408  
11,03632  	790,23417  	1327,75450  	1327,82053  	25,20383  	0,04802  	0,02644  	-15815,93170  	0,01731  	0,05850  	0,21765  	0,21552  	395480249,48243  	11,95973  	5,10768  	-4667896,50935  	0,87178  	0,00376  	-Inf  	-Inf  	0,00377  	0,00408  	0,00396  	0,00451  	-244,98909  	0,00399  	0,00408  
12,03972  	290,69615  	1327,75450  	290,69617  	25,20241  	0,05024  	0,02635  	51128,86937  	0,01672  	0,05914  	0,21690  	0,21478  	5927065,59997  	307,43955  	4,93436  	15090117,69595  	161,78705  	0,03294  	-Inf  	-Inf  	0,00377  	0,00408  	0,00396  	0,00451  	792,00416  	0,00400  	0,00408  
13,04062  	-244,98909  	1327,75450  	795,48980  	25,19661  	0,05068  	0,02651  	85706,53851  	0,01721  	0,05848  	0,21823  	0,21610  	33997968,33866  	1248,75842  	5,07814  	25295332,54600  	9,80803  	0,01027  	-Inf  	-Inf  	0,00377  	0,00408  	0,00396  	0,00451  	1327,62170  	0,00400  	0,00408  
14,04295  	799,04731  	1327,75450  	1327,82053  	25,19117  	0,05068  	0,02639  	85706,53851  	0,01710  	0,05882  	0,21719  	0,21507  	402256187,82407  	13,61078  	5,04609  	25295332,54600  	0,83261  	0,00397  	-Inf  	-Inf  	0,00377  	0,00408  	0,00396  	0,00451  	1327,62170  	0,00400  	0,00408  
15,04413  	280,32742  	280,30538  	1327,82053  	25,18686  	0,04822  	0,02635  	18092,45174  	0,01727  	0,05822  	0,21685  	0,21473  	5379584,60092  	273,84650  	5,09604  	5339786,10387  	196,53982  	0,03251  	-Inf  	-Inf  	0,00377  	0,00408  	0,00397  	0,00451  	280,26103  	0,00399  	0,00408  
16,04866  	807,41708  	-244,98909  	1327,82053  	25,18401  	0,05003  	0,02653  	52115,28865  	0,01838  	0,05933  	0,21839  	0,21627  	1234291,85651  	343534,54020  	5,42322  	15381248,38577  	0,80021  	0,19752  	NaN  	NaN  	0,00377  	0,00409  	0,00396  	0,00451  	807,28407  	0,00400  	0,00408  
17,04918  	269,65153  	-244,98909  	1327,82053  	25,18270  	0,04662  	0,02648  	85706,53851  	0,01729  	0,05894  	0,21795  	0,21583  	383198,90435  	370,55806  	5,10318  	25295332,54600  	248,40061  	0,18408  	NaN  	NaN  	0,00377  	0,00408  	0,00396  	0,00451  	1327,62170  	0,00399  	0,00408  
18,04977  	-244,98909  	-244,98909  	265,36582  	25,18718  	0,04334  	0,02676  	85706,53851  	0,01811  	0,05903  	0,22023  	0,21810  	66,77164  	1024,02487  	5,34565  	25295332,54600  	9,90038  	176,87722  	NaN  	NaN  	0,00377  	0,00408  	0,00397  	0,00451  	1327,62170  	0,00398  	0,00408  
19,05075  	-244,98909  	821,62387  	821,66865  	25,19290  	0,03871  	0,02622  	85706,53851  	0,01670  	0,05822  	0,21576  	0,21364  	6552919,40700  	0,08025  	4,92921  	25295332,54600  	9,76455  	0,02374  	-Inf  	-Inf  	0,00377  	0,00408  	0,00397  	0,00450  	1327,62170  	0,00396  	0,00408  
20,05089  	824,10611  	258,70415  	1327,82053  	25,19624  	0,04503  	0,02623  	85706,53851  	0,01755  	0,05948  	0,21591  	0,21379  	15764757,14645  	241589,39005  	5,17918  	25295332,54600  	0,72969  	0,03221  	-Inf  	-Inf  	0,00377  	0,00408  	0,00396  	0,00450  	1327,62170  	0,00398  	0,00408  
21,05089  	1327,82048  	-244,98909  	1327,82053  	25,19576  	0,04900  	0,02626  	16598,23561  	0,01678  	0,05885  	0,21612  	0,21399  	2038849,43517  	9038143,32346  	4,95100  	4898784,81542  	0,08503  	0,19348  	NaN  	NaN  	0,00377  	0,00408  	0,00397  	0,00450  	257,11521  	0,00400  	0,00408  
22,05220  	1327,82048  	827,83660  	1327,82053  	25,19505  	0,05159  	0,02629  	53436,24342  	0,01600  	0,05892  	0,21640  	0,21428  	181840036,40540  	3025007,31556  	4,72294  	15771113,50840  	0,08513  	0,00980  	-Inf  	-Inf  	0,00377  	0,00407  	0,00397  	0,00450  	827,74602  	0,00401  	0,00408  
23,05351  	253,40771  	253,38680  	1327,82053  	25,19338  	0,04791  	0,02631  	16354,82509  	0,01647  	0,05871  	0,21651  	0,21439  	4348995,29531  	240,77750  	4,86171  	4826944,90560  	348,80968  	0,03478  	-Inf  	-Inf  	0,00377  	0,00408  	0,00397  	0,00451  	253,34472  	0,00399  	0,00408  
24,05548  	832,44986  	832,40466  	1327,82053  	25,19317  	0,04753  	0,02659  	53731,11699  	0,01751  	0,05847  	0,21882  	0,21670  	113346591,15430  	126522,70908  	5,16764  	15858142,16847  	0,68475  	0,00895  	-Inf  	-Inf  	0,00377  	0,00408  	0,00396  	0,00451  	832,31369  	0,00399  	0,00408  
25,05501  	246,82796  	1327,75450  	1327,82053  	25,19375  	0,05099  	0,02625  	15930,11230  	0,01753  	0,05911  	0,21600  	0,21388  	115772398,33657  	0,01540  	5,17475  	4701595,64334  	403,44459  	0,00400  	-Inf  	-Inf  	0,00377  	0,00408  	0,00396  	0,00450  	246,76580  	0,00400  	0,00408  
26,05677  	-244,98909  	243,03877  	243,05926  	25,19498  	0,04477  	0,02617  	-15815,93170  	0,01850  	0,05830  	0,21541  	0,21329  	1295,51898  	0,04246  	5,46001  	-4667896,50935  	9,77748  	9,40204  	-Inf  	-Inf  	0,00377  	0,00409  	0,00396  	0,00450  	-244,98909  	0,00398  	0,00408  
27,05854  	843,15374  	843,10809  	843,15378  	25,19634  	0,04836  	0,02615  	-15815,93170  	0,01725  	0,05844  	0,21519  	0,21307  	23528563,19248  	12,94244  	5,09024  	-4667896,50935  	0,64520  	0,02650  	-Inf  	-Inf  	0,00376  	0,00408  	0,00397  	0,00450  	-244,98909  	0,00399  	0,00408  
28,05849  	1327,82048  	1327,75450  	1327,82053  	25,19531  	0,05090  	0,02628  	54602,98962  	0,01832  	0,05868  	0,21633  	0,21420  	675481107,33763  	394,14283  	5,40554  	16115465,68542  	0,08478  	0,00399  	-Inf  	-Inf  	0,00377  	0,00408  	0,00396  	0,00450  	845,81923  	0,00400  	0,00408  
29,05911  	1327,82048  	233,97281  	1327,82053  	25,19359  	0,04673  	0,02604  	85706,53851  	0,01712  	0,05850  	0,21434  	0,21222  	22831098,24287  	5994287,49803  	5,05252  	25295332,54600  	0,08452  	0,03581  	-Inf  	-Inf  	0,00377  	0,00408  	0,00397  	0,00450  	1327,62170  	0,00399  	0,00408  
30,06103  	1327,82048  	-244,98909  	232,51591  	25,19036  	0,05092  	0,02625  	85706,53851  	0,01763  	0,05763  	0,21604  	0,21391  	318,36558  	2851066,03250  	5,20331  	25295332,54600  	0,08327  	129,24956  	Inf  	-Inf  	0,00377  	0,00408  	0,00397  	0,00450  	1327,62170  	0,00400  	0,00408  
31,06351  	1327,82048  	852,57314  	-244,98909  	25,18422  	0,04457  	0,02637  	14857,59053  	0,01674  	0,05834  	0,21701  	0,21489  	34006,99040  	5736724,99476  	4,94087  	4385052,76022  	0,08430  	2,85882  	NaN  	NaN  	0,00377  	0,00408  	0,00396  	0,00451  	230,15215  	0,00398  	0,00408  
32,06456  	1327,82048  	226,33091  	856,48074  	25,17942  	0,04665  	0,02647  	-15815,93170  	0,01684  	0,05827  	0,21788  	0,21576  	2018591,21960  	3446733,52288  	4,97099  	-4667896,50935  	0,08420  	0,18419  	NaN  	NaN  	0,00377  	0,00408  	0,00396  	0,00451  	-244,98909  	0,00399  	0,00408  
33,06392  	1327,82048  	-244,98909  	222,87398  	25,17840  	0,05260  	0,02636  	55506,68833  	0,01645  	0,05843  	0,21697  	0,21484  	326,21498  	2885649,12399  	4,85388  	16382182,32093  	0,08443  	115,54265  	Inf  	-Inf  	0,00376  	0,00408  	0,00396  	0,00451  	859,81777  	0,00401  	0,00408  
34,06628  	1327,82048  	-244,98909  	-244,98909  	25,17711  	0,03980  	0,02657  	85706,53851  	0,01601  	0,05847  	0,21869  	0,21657  	120700,20370  	0,00000  	4,72387  	25295332,54600  	0,08448  	0,77017  	Inf  	-Inf  	0,00377  	0,00407  	0,00397  	0,00451  	1327,62170  	0,00397  	0,00408  
35,06691  	1327,82048  	867,17877  	867,22547  	25,17455  	0,04755  	0,02638  	13914,77971  	0,01862  	0,05811  	0,21711  	0,21498  	44674323,67995  	260,38406  	5,49676  	4106792,62272  	0,08397  	0,02306  	NaN  	NaN  	0,00376  	0,00409  	0,00396  	0,00451  	215,54775  	0,00399  	0,00408  
36,06952  	1327,82048  	1327,75450  	212,55553  	25,17182  	0,04246  	0,02637  	56172,72899  	0,01703  	0,05813  	0,21702  	0,21490  	20734295,00040  	5552044,44814  	5,02547  	16578756,82081  	0,08400  	0,03458  	NaN  	NaN  	0,00377  	0,00408  	0,00397  	0,00451  	870,13493  	0,00398  	0,00408  
37,07278  	1327,82048  	1327,75450  	-244,98909  	25,17250  	0,04310  	0,02631  	85706,53851  	0,01654  	0,05754  	0,21653  	0,21440  	1992806,49482  	7949045,01306  	4,88057  	25295332,54600  	0,08315  	0,17024  	NaN  	NaN  	0,00377  	0,00408  	0,00397  	0,00451  	1327,62170  	0,00398  	0,00408  
38,07299  	1327,82048  	205,03918  	-244,98909  	25,17388  	0,04425  	0,02614  	85706,53851  	0,01758  	0,05860  	0,21517  	0,21305  	339,01464  	2335271,10036  	5,18794  	25295332,54600  	0,08467  	74,32244  	NaN  	NaN  	0,00376  	0,00408  	0,00396  	0,00450  	1327,62170  	0,00398  	0,00408  
39,07573  	200,66642  	-244,98909  	-244,98909  	25,17442  	0,04049  	0,02658  	85706,53851  	0,01701  	0,05933  	0,21879  	0,21666  	16500,11866  	0,00000  	5,01979  	25295332,54600  	897,74027  	0,78341  	Inf  	-Inf  	0,00377  	0,00408  	0,00396  	0,00451  	1327,62170  	0,00397  	0,00408  
40,07789  	-244,98909  	887,10971  	-244,98909  	25,17122  	0,04307  	0,02642  	85706,53851  	0,01664  	0,05804  	0,21744  	0,21531  	10572,71873  	2257,78641  	4,91244  	25295332,54600  	9,73215  	2,08305  	-Inf  	-Inf  	0,00377  	0,00408  	0,00397  	0,00451  	1327,62170  	0,00398  	0,00408  
41,07973  	889,75923  	1327,75450  	889,75927  	25,16607  	0,05300  	0,02669  	85706,53851  	0,01768  	0,05851  	0,21972  	0,21760  	143415711,44806  	195428,51665  	5,21851  	25295332,54600  	0,50473  	0,00892  	-Inf  	-Inf  	0,00377  	0,00408  	0,00397  	0,00451  	1327,62170  	0,00401  	0,00408  
42,08087  	1327,82048  	1327,75450  	1327,82053  	25,16127  	0,04648  	0,02653  	12210,50267  	0,01722  	0,05927  	0,21837  	0,21624  	682323430,26739  	359,91055  	5,08185  	3603794,19061  	0,08564  	0,00364  	-Inf  	-Inf  	0,00377  	0,00408  	0,00396  	0,00451  	189,14803  	0,00399  	0,00408  
43,07999  	183,81608  	1327,75450  	1327,82053  	25,15623  	0,04980  	0,02610  	58027,81587  	0,01888  	0,05940  	0,21478  	0,21266  	83292512,77626  	0,01390  	5,57107  	17126265,10017  	1017,49570  	0,00390  	-Inf  	-Inf  	0,00376  	0,00409  	0,00396  	0,00450  	898,87073  	0,00400  	0,00408  
44,08031  	901,38640  	181,42710  	1327,82053  	25,15412  	0,04793  	0,02649  	11709,74104  	0,01680  	0,05862  	0,21806  	0,21594  	12317832,93545  	504728,75403  	4,95960  	3455999,95981  	0,47657  	0,04269  	-Inf  	-Inf  	0,00377  	0,00408  	0,00396  	0,00451  	181,39110  	0,00399  	0,00408  
45,08182  	1327,82048  	903,82761  	178,95560  	25,15398  	0,05121  	0,02650  	-15815,93170  	0,01782  	0,05812  	0,21809  	0,21597  	2013030,44952  	4352244,45941  	5,25968  	-4667896,50935  	0,08398  	0,20223  	NaN  	NaN  	0,00377  	0,00408  	0,00396  	0,00451  	-244,98909  	0,00400  	0,00408  
46,08218  	1327,82048  	1327,75450  	-244,98909  	25,15540  	0,05019  	0,02667  	-15815,93170  	0,01819  	0,05868  	0,21949  	0,21737  	2032042,32687  	9254670,08478  	5,36779  	-4667896,50935  	0,08479  	0,19821  	NaN  	NaN  	0,00376  	0,00408  	0,00396  	0,00451  	-244,98909  	0,00400  	0,00408  
47,08562  	176,18693  	1327,75450  	906,64449  	25,15268  	0,04336  	0,02664  	-15815,93170  	0,01598  	0,05824  	0,21928  	0,21715  	26164124,78701  	77,02989  	4,71637  	-4667896,50935  	1017,43516  	0,00707  	-Inf  	-Inf  	0,00377  	0,00407  	0,00396  	0,00451  	-244,98909  	0,00398  	0,00408  
48,08699  	910,24377  	1327,75450  	1327,82053  	25,14953  	0,04387  	0,02631  	-15815,93170  	0,01739  	0,05916  	0,21658  	0,21446  	462718141,27167  	28,41129  	5,13315  	-4667896,50935  	0,45996  	0,00344  	-Inf  	-Inf  	0,00377  	0,00408  	0,00396  	0,00451  	-244,98909  	0,00398  	0,00408  
49,08798  	1327,82048  	167,05464  	1327,82053  	25,14510  	0,04514  	0,02624  	59108,62515  	0,01694  	0,05895  	0,21600  	0,21388  	17302029,69509  	6143351,09102  	4,99853  	17445253,95056  	0,08518  	0,04194  	-Inf  	-Inf  	0,00376  	0,00408  	0,00396  	0,00450  	915,61276  	0,00398  	0,00408  
50,09164  	1327,82048  	919,28631  	163,49625  	25,14214  	0,04805  	0,02672  	85706,53851  	0,01734  	0,05852  	0,21997  	0,21784  	2027002,89151  	4257889,31811  	5,11877  	25295332,54600  	0,08457  	0,18977  	NaN  	NaN  	0,00377  	0,00408  	0,00397  	0,00451  	1327,62170  	0,00399  	0,00408  
51,09236  	1327,82048  	1327,75450  	925,27672  	25,13688  	0,04451  	0,02657  	10167,65920  	0,01637  	0,05853  	0,21870  	0,21658  	239019620,44631  	2100280,11973  	4,83277  	3000871,63778  	0,08458  	0,00700  	NaN  	NaN  	0,00377  	0,00408  	0,00396  	0,00451  	157,50383  	0,00398  	0,00408  
52,09291  	153,47275  	153,45603  	1327,82053  	25,13221  	0,05036  	0,02667  	59986,43176  	0,01748  	0,05925  	0,21948  	0,21736  	1614199,33124  	248,58693  	5,16026  	17704328,81846  	989,49992  	0,04871  	-Inf  	-Inf  	0,00377  	0,00408  	0,00396  	0,00451  	929,21022  	0,00400  	0,00408  
53,09404  	-244,98909  	933,07599  	1327,82053  	25,12680  	0,04626  	0,02644  	85706,53851  	0,01824  	0,05853  	0,21764  	0,21552  	50670465,50293  	846,28373  	5,38333  	25295332,54600  	9,80990  	0,00717  	-Inf  	-Inf  	0,00376  	0,00408  	0,00396  	0,00451  	1327,62170  	0,00399  	0,00408  
54,09572  	-244,98909  	1327,75450  	146,56483  	25,12250  	0,05476  	0,02672  	9458,27879  	0,01752  	0,05852  	0,21996  	0,21784  	3254070,63614  	2997,70278  	5,17141  	2791505,89273  	9,80833  	0,05407  	-Inf  	-Inf  	0,00377  	0,00408  	0,00396  	0,00451  	146,51533  	0,00402  	0,00408  
55,09531  	939,80629  	143,00883  	939,80632  	25,12108  	0,04808  	0,02624  	60660,81115  	0,01771  	0,05860  	0,21592  	0,21380  	1425313,37820  	465144,21478  	5,22620  	17903364,40240  	0,39401  	0,18983  	-Inf  	-Inf  	0,00376  	0,00408  	0,00397  	0,00450  	939,65654  	0,00399  	0,00408  
56,09585  	1327,82048  	941,56591  	1327,82053  	25,12342  	0,04417  	0,02663  	85706,53851  	0,01721  	0,05886  	0,21922  	0,21710  	251665038,53119  	2000031,65009  	5,07858  	25295332,54600  	0,08507  	0,00674  	-Inf  	-Inf  	0,00377  	0,00408  	0,00397  	0,00451  	1327,62170  	0,00398  	0,00408  
57,09518  	1327,82048  	1327,75450  	1327,82053  	25,12435  	0,04974  	0,02667  	85706,53851  	0,01708  	0,05895  	0,21951  	0,21739  	678611630,41168  	385,05541  	5,04189  	25295332,54600  	0,08519  	0,00390  	-Inf  	-Inf  	0,00377  	0,00408  	0,00396  	0,00451  	1327,62170  	0,00400  	0,00408  
58,09847  	138,13926  	138,12319  	1327,82053  	25,11974  	0,04522  	0,02628  	85706,53851  	0,01791  	0,05831  	0,21632  	0,21419  	1307158,56220  	225,71404  	5,28479  	25295332,54600  	895,25170  	0,04579  	-Inf  	-Inf  	0,00376  	0,00408  	0,00396  	0,00450  	1327,62170  	0,00398  	0,00408  
59,09974  	945,91520  	945,86524  	1327,82053  	25,11371  	0,04566  	0,02644  	85706,53851  	0,01722  	0,05889  	0,21764  	0,21551  	180109385,38954  	221131,29529  	5,08303  	25295332,54600  	0,38453  	0,00691  	-Inf  	-Inf  	0,00377  	0,00408  	0,00397  	0,00451  	1327,62170  	0,00399  	0,00408  
60,10007  	1327,82048  	1327,75450  	1327,82053  	25,11130  	0,04601  	0,02626  	8540,53788  	0,01684  	0,05843  	0,21613  	0,21400  	672657788,91815  	356,14480  	4,97012  	2520644,86011  	0,08444  	0,00361  	-Inf  	-Inf  	0,00377  	0,00408  	0,00397  	0,00450  	132,29928  	0,00399  	0,00408  
61,10110  	1327,82048  	129,41379  	129,42951  	25,11003  	0,04776  	0,02603  	61538,38700  	0,01836  	0,05933  	0,21426  	0,21214  	341,84984  	88,01424  	5,41796  	18162371,16185  	0,08575  	426,82517  	NaN  	NaN  	0,00377  	0,00409  	0,00396  	0,00450  	953,25043  	0,00399  	0,00408  
62,10336  	1327,82048  	-244,98909  	956,41914  	25,10817  	0,04710  	0,02649  	85706,53851  	0,01717  	0,05852  	0,21805  	0,21593  	108639,32252  	6632641,03664  	5,06661  	25295332,54600  	0,08458  	1,36412  	Inf  	-Inf  	0,00376  	0,00408  	0,00397  	0,00451  	1327,62170  	0,00399  	0,00408  
63,10301  	1327,82048  	961,64968  	121,13110  	25,10623  	0,04919  	0,02629  	7816,56985  	0,01715  	0,05854  	0,21640  	0,21428  	2027666,77383  	4846771,94630  	5,06241  	2306973,73991  	0,08461  	0,19427  	NaN  	NaN  	0,00376  	0,00408  	0,00397  	0,00450  	121,08481  	0,00400  	0,00408  
64,10654  	117,91854  	1327,75450  	964,91289  	25,10301  	0,04556  	0,02636  	-15815,93170  	0,01700  	0,05937  	0,21698  	0,21485  	19290746,96211  	69,23947  	5,01712  	-4667896,50935  	794,96967  	0,00666  	-Inf  	-Inf  	0,00377  	0,00408  	0,00396  	0,00451  	-244,98909  	0,00399  	0,00408  
65,10672  	966,45697  	1327,75450  	1327,82053  	25,10071  	0,05425  	0,02655  	-15815,93170  	0,01745  	0,05814  	0,21854  	0,21641  	483715679,94550  	52,40489  	5,15108  	-4667896,50935  	0,34449  	0,00425  	-Inf  	-Inf  	0,00377  	0,00408  	0,00397  	0,00451  	-244,98909  	0,00401  	0,00408  
66,10645  	1327,82048  	1327,75450  	1327,82053  	25,09979  	0,05023  	0,02669  	-15815,93170  	0,01635  	0,05840  	0,21969  	0,21757  	672361965,21221  	388,76212  	4,82449  	-4667896,50935  	0,08441  	0,00394  	-Inf  	-Inf  	0,00377  	0,00408  	0,00396  	0,00451  	-244,98909  	0,00400  	0,00408  
67,10879  	1327,82048  	1327,75450  	109,34937  	25,09977  	0,04310  	0,02633  	-15815,93170  	0,01661  	0,05802  	0,21668  	0,21456  	13166008,90079  	6155842,33785  	4,90336  	-4667896,50935  	0,08386  	0,04766  	NaN  	NaN  	0,00377  	0,00408  	0,00396  	0,00451  	-244,98909  	0,00398  	0,00408  
68,10963  	108,64923  	1327,75450  	974,18220  	25,09761  	0,04901  	0,02649  	-15815,93170  	0,01738  	0,05869  	0,21804  	0,21591  	17609872,62308  	72,53390  	5,12999  	-4667896,50935  	735,25789  	0,00704  	-Inf  	-Inf  	0,00377  	0,00408  	0,00397  	0,00451  	-244,98909  	0,00400  	0,00408  
69,11142  	975,83016  	1327,75450  	107,00125  	25,09403  	0,04261  	0,02643  	62986,09748  	0,01658  	0,05847  	0,21756  	0,21544  	9580018,59016  	811472,74886  	4,89222  	18589646,82609  	0,33166  	0,04746  	NaN  	NaN  	0,00377  	0,00408  	0,00396  	0,00451  	975,67586  	0,00398  	0,00408  
70,11470  	1327,82048  	1327,75450  	-244,98909  	25,09171  	0,04340  	0,02651  	6609,68572  	0,01634  	0,05820  	0,21823  	0,21610  	2015670,67192  	8000853,66406  	4,82137  	1950775,29953  	0,08412  	0,17141  	NaN  	NaN  	0,00377  	0,00408  	0,00396  	0,00451  	102,38985  	0,00398  	0,00408  
71,11655  	1327,82048  	96,42053  	-244,98909  	25,08920  	0,04441  	0,02618  	63668,14114  	0,01718  	0,05841  	0,21548  	0,21336  	1028,26202  	1776960,86666  	5,07119  	18790944,43502  	0,08442  	16,64521  	NaN  	NaN  	0,00377  	0,00408  	0,00396  	0,00450  	986,24091  	0,00398  	0,00408  
72,11713  	1327,82048  	-244,98909  	991,01432  	25,08812  	0,04415  	0,02626  	5924,39752  	0,01694  	0,05848  	0,21611  	0,21399  	152743,47265  	6396127,08906  	5,00043  	1748520,10019  	0,08452  	1,01257  	Inf  	-Inf  	0,00377  	0,00408  	0,00396  	0,00450  	91,77455  	0,00398  	0,00408  
73,11786  	88,54201  	994,23739  	88,54202  	25,08674  	0,04753  	0,02634  	64177,61212  	0,01728  	0,05890  	0,21677  	0,21465  	99365,70617  	180,02175  	5,09944  	18941309,13211  	635,45313  	0,18770  	-Inf  	-Inf  	0,00377  	0,00408  	0,00396  	0,00451  	994,13275  	0,00399  	0,00408  
74,11764  	-244,98909  	84,95712  	-244,98909  	25,08616  	0,05037  	0,02639  	85706,53851  	0,01887  	0,05954  	0,21716  	0,21504  	264,02387  	770,74187  	5,56896  	25295332,54600  	9,97529  	16,43436  	-Inf  	-Inf  	0,00377  	0,00409  	0,00396  	0,00451  	1327,62170  	0,00400  	0,00408  
75,11851  	1000,36153  	-244,98909  	1000,36157  	25,08447  	0,05078  	0,02642  	85706,53851  	0,01718  	0,05900  	0,21748  	0,21535  	126119,58752  	1163090,30054  	5,07151  	25295332,54600  	0,29921  	1,09582  	NaN  	NaN  	0,00377  	0,00408  	0,00396  	0,00451  	1327,62170  	0,00400  	0,00408  
76,12215  	1327,82048  	1001,63270  	81,14640  	25,08392  	0,04362  	0,02627  	5235,61831  	0,01755  	0,05836  	0,21621  	0,21409  	2021328,66180  	4705892,13654  	5,17837  	1545234,57052  	0,08435  	0,17226  	NaN  	NaN  	0,00377  	0,00408  	0,00396  	0,00450  	81,10517  	0,00398  	0,00408  
77,12354  	78,73239  	78,71880  	1004,09905  	25,08539  	0,04439  	0,02663  	64810,80870  	0,01678  	0,05867  	0,21919  	0,21706  	83704,19580  	171,74565  	4,95390  	19128190,06791  	586,36507  	0,17526  	-Inf  	-Inf  	0,00377  	0,00408  	0,00397  	0,00451  	1003,94114  	0,00398  	0,00408  
78,12377  	1009,80874  	1009,75609  	1327,82053  	25,08666  	0,04939  	0,02653  	4711,24373  	0,01680  	0,05851  	0,21832  	0,21620  	228045299,62871  	307515,80078  	4,95720  	1390471,23983  	0,28446  	0,00664  	-Inf  	-Inf  	0,00376  	0,00408  	0,00396  	0,00451  	72,98246  	0,00400  	0,00408  
79,12317  	1327,82048  	67,98688  	1327,82053  	25,08739  	0,04192  	0,02641  	-15815,93170  	0,01662  	0,05803  	0,21733  	0,21521  	10877263,88586  	6189795,03119  	4,90566  	-4667896,50935  	0,08387  	0,05274  	-Inf  	-Inf  	0,00377  	0,00408  	0,00396  	0,00451  	-244,98909  	0,00397  	0,00408  
80,12554  	1327,82048  	1016,09905  	66,67944  	25,08739  	0,04354  	0,02661  	65588,80846  	0,01711  	0,05790  	0,21905  	0,21693  	2005588,56039  	4844677,54946  	5,05114  	19357808,05213  	0,08369  	0,17193  	NaN  	NaN  	0,00377  	0,00408  	0,00396  	0,00451  	1015,99257  	0,00398  	0,00408  
81,12665  	1327,82048  	1327,75450  	1018,40507  	25,08685  	0,04757  	0,02669  	4156,36591  	0,01837  	0,05891  	0,21965  	0,21753  	310850454,79220  	1724714,01147  	5,42133  	1226705,21623  	0,08515  	0,00630  	NaN  	NaN  	0,00377  	0,00409  	0,00397  	0,00451  	64,38726  	0,00399  	0,00408  
82,12611  	1327,82048  	1327,75450  	60,19701  	25,08342  	0,04463  	0,02642  	-15815,93170  	0,01715  	0,05892  	0,21742  	0,21530  	10642777,22134  	6631130,97835  	5,06231  	-4667896,50935  	0,08516  	0,05758  	NaN  	NaN  	0,00377  	0,00408  	0,00397  	0,00451  	-244,98909  	0,00398  	0,00408  
83,12823  	58,94913  	1327,75450  	-244,98909  	25,07843  	0,04837  	0,02666  	-15815,93170  	0,01719  	0,05901  	0,21944  	0,21732  	53134,58219  	318,11858  	5,07449  	-4667896,50935  	498,85453  	0,19102  	NaN  	NaN  	0,00377  	0,00408  	0,00396  	0,00451  	-244,98909  	0,00400  	0,00408  
84,13068  	-244,98909  	56,42200  	-244,98909  	25,07539  	0,04604  	0,02630  	66250,09388  	0,01791  	0,05852  	0,21642  	0,21430  	426,80384  	643,62883  	5,28671  	19552979,09594  	9,80230  	10,80497  	-Inf  	-Inf  	0,00377  	0,00408  	0,00397  	0,00450  	1026,23606  	0,00399  	0,00408  
85,13172  	1029,56686  	1029,51339  	1029,56690  	25,06890  	0,05181  	0,02637  	85706,53851  	0,01739  	0,05800  	0,21705  	0,21493  	103138832,21728  	61,69302  	5,13187  	25295332,54600  	0,25846  	0,01198  	-Inf  	-Inf  	0,00377  	0,00408  	0,00396  	0,00451  	1327,62170  	0,00401  	0,00408  
86,13378  	1327,82048  	1327,75450  	1327,82053  	25,06519  	0,04875  	0,02635  	85706,53851  	0,01737  	0,05853  	0,21686  	0,21474  	673894229,45544  	377,27621  	5,12721  	25295332,54600  	0,08461  	0,00382  	-Inf  	-Inf  	0,00377  	0,00408  	0,00396  	0,00451  	1327,62170  	0,00400  	0,00408  
87,13581  	1327,82048  	1327,75450  	1327,82053  	25,06479  	0,04467  	0,02686  	85706,53851  	0,01720  	0,05857  	0,22109  	0,21896  	674347145,26842  	345,70774  	5,07543  	25295332,54600  	0,08466  	0,00350  	-Inf  	-Inf  	0,00377  	0,00408  	0,00397  	0,00452  	1327,62170  	0,00398  	0,00408  
88,13603  	40,80498  	40,79299  	40,80499  	25,06263  	0,04585  	0,02684  	85706,53851  	0,01596  	0,05878  	0,22095  	0,21882  	3,86979  	0,00230  	4,71010  	25295332,54600  	416,90271  	379,10018  	-Inf  	-Inf  	0,00377  	0,00407  	0,00397  	0,00452  	1327,62170  	0,00399  	0,00408  
89,13743  	1045,79512  	-244,98909  	1045,79516  	25,06214  	0,04152  	0,02658  	2388,37705  	0,01720  	0,05878  	0,21880  	0,21668  	199134,14336  	1322117,27457  	5,07600  	704902,94986  	0,24421  	0,67503  	NaN  	NaN  	0,00377  	0,00408  	0,00397  	0,00451  	37,00062  	0,00397  	0,00408  
90,13916  	1327,82048  	1049,28711  	1327,82053  	25,06538  	0,04964  	0,02661  	-15815,93170  	0,01742  	0,05904  	0,21903  	0,21690  	338408099,66901  	1620487,57137  	5,14220  	-4667896,50935  	0,08534  	0,00622  	-Inf  	-Inf  	0,00377  	0,00408  	0,00397  	0,00451  	-244,98909  	0,00400  	0,00408  
91,13991  	30,37019  	1327,75450  	1327,82053  	25,06673  	0,04575  	0,02665  	67932,51481  	0,01650  	0,05918  	0,21931  	0,21719  	2773724,59118  	0,01264  	4,86974  	20049526,94070  	375,09595  	0,00359  	-Inf  	-Inf  	0,00377  	0,00408  	0,00396  	0,00451  	1052,29722  	0,00399  	0,00408  
92,14030  	1057,77383  	1327,75450  	25,05758  	25,06778  	0,04919  	0,02635  	1615,17002  	0,01649  	0,05916  	0,21686  	0,21474  	7157365,37787  	1704469,38488  	4,86798  	476699,48477  	0,23357  	0,07112  	NaN  	NaN  	0,00377  	0,00408  	0,00396  	0,00451  	25,02344  	0,00400  	0,00408  
93,14388  	1327,82048  	22,84572  	1059,97448  	25,06549  	0,04692  	0,02655  	68417,48302  	0,01678  	0,05801  	0,21850  	0,21637  	2009635,40324  	5703342,75919  	4,95327  	20192659,91854  	0,08384  	0,18528  	Inf  	-Inf  	0,00376  	0,00408  	0,00396  	0,00451  	1059,80951  	0,00399  	0,00408  
94,14458  	1327,82048  	1062,43840  	1327,82053  	25,06196  	0,04894  	0,02675  	85706,53851  	0,01759  	0,05869  	0,22018  	0,21805  	348350997,72257  	1521924,40983  	5,19014  	25295332,54600  	0,08484  	0,00599  	-Inf  	-Inf  	0,00377  	0,00408  	0,00397  	0,00451  	1327,62170  	0,00400  	0,00408  
95,14481  	1327,82048  	1327,75450  	16,46498  	25,06004  	0,04719  	0,02628  	1060,53088  	0,01818  	0,05892  	0,21628  	0,21415  	8623363,46595  	7252200,94862  	5,36447  	313003,90505  	0,08517  	0,07019  	NaN  	NaN  	0,00377  	0,00408  	0,00396  	0,00450  	16,43192  	0,00399  	0,00408  
96,14416  	13,84360  	13,83274  	1068,98784  	25,05833  	0,04936  	0,02615  	-15815,93170  	0,01689  	0,05851  	0,21519  	0,21306  	17451,53012  	217,85428  	4,98482  	-4667896,50935  	304,75597  	0,19488  	NaN  	NaN  	0,00377  	0,00408  	0,00397  	0,00450  	-244,98909  	0,00400  	0,00408  
97,14502  	1070,56029  	-244,98909  	1327,82053  	25,05778  	0,04236  	0,02623  	69100,78353  	0,01858  	0,05826  	0,21589  	0,21377  	1620005,47262  	1918045,39625  	5,48401  	20394328,47336  	0,21800  	0,16726  	NaN  	NaN  	0,00376  	0,00409  	0,00397  	0,00450  	1070,39402  	0,00398  	0,00408  
98,15096  	10,29024  	-244,98909  	1327,82053  	25,05548  	0,04394  	0,02653  	85706,53851  	0,01778  	0,05887  	0,21839  	0,21627  	23119,88502  	289,12961  	5,24812  	25295332,54600  	293,14494  	0,17350  	NaN  	NaN  	0,00377  	0,00408  	0,00396  	0,00451  	1327,62170  	0,00398  	0,00408  
99,15454  	1076,92364  	-244,98909  	1327,82053  	25,05425  	0,04947  	0,02639  	85706,53851  	0,01758  	0,05742  	0,21719  	0,21507  	1606267,80983  	2329028,79651  	5,18770  	25295332,54600  	0,20924  	0,19533  	NaN  	NaN  	0,00377  	0,00408  	0,00397  	0,00451  	1327,62170  	0,00400  	0,00408  
100,15612  	-0,09988  	1082,87556  	-0,09987  	25,05384  	0,04895  	0,02663  	85706,53851  	0,01712  	0,05916  	0,21919  	0,21706  	39566,88946  	221,84191  	5,05323  	25295332,54600  	256,98947  	0,19331  	-Inf  	-Inf  	0,00377  	0,00408  	0,00397  	0,00451  	1327,62170  	0,00400  	0,00408  
