01/15/2025 12:07:30Time	T_hot_in(C)	T_cold_in(C)	T_cold_out(C)	T_hot_out(C)	mdot_cold(kg/s)	ASFASIFUAS(kg/s)	Diferencial_cold(bar)	Diferencial_hot(bar)	mdot_hot(kg/s)	ABS_cold(bar)	ABS_hot(bar)	q_cold(kW)	q_hot(kW)	ASFASYFY	Tau_cold_haste	Re_hot	Re_cold	U_global	PSIG_cold(bar)	R_fouling	PSIG_hot(bar)	PSID_hot(bar)	m_dot_hot	PSID_cold(bar)	m_dot_cold
2,05008  	0,00000  	0,00000  	0,00000  	0,00000  	-1,18512  	-0,20833  	-0,25900  	-0,86180  	-3,02442  	-1,72343  	-1,72415  	-0,00000  	-0,00000  	-254,35069  	-76,44127  	-9234,48090  	-3618,55272  	NaN  	NaN  	0,00000  	0,00000  	0,00000  	0,00000  	0,00000  	0,00000  	0,00000  
3,05037  	1327,82048  	-244,98909  	-244,98909  	25,05757  	0,04828  	0,04697  	-15815,93170  	0,03169  	0,08085  	0,38735  	0,38510  	166914,98025  	0,00000  	9,35289  	-4667896,50935  	0,11687  	0,93429  	Inf  	-Inf  	0,00376  	0,00415  	0,00397  	0,00490  	-244,98909  	0,00399  	0,00411  
4,05116  	199,44744  	-244,98909  	883,38398  	25,05644  	0,04129  	0,06975  	-15815,93170  	0,04828  	0,09546  	0,57569  	0,57331  	10753,58748  	198,16510  	14,24791  	-4667896,50935  	1464,78411  	2,05704  	NaN  	NaN  	0,00377  	0,00422  	0,00397  	0,00534  	-244,98909  	0,00397  	0,00413  
5,05194  	773,48760  	-244,98909  	309,34381  	25,05834  	0,04701  	0,07137  	-15815,93170  	0,04933  	0,10443  	0,58908  	0,58668  	326,92770  	84772,97717  	14,55961  	-4667896,50935  	1,72129  	328,18018  	Inf  	-Inf  	0,00376  	0,00423  	0,00397  	0,00537  	-244,98909  	0,00399  	0,00414  
6,05215  	1327,82048  	776,60334  	776,64623  	25,06003  	0,04118  	0,07143  	50129,07541  	0,05045  	0,10239  	0,58956  	0,58717  	38563215,84671  	206,98450  	14,88926  	14795039,61626  	0,14800  	0,03232  	NaN  	NaN  	0,00376  	0,00423  	0,00398  	0,00537  	776,51708  	0,00397  	0,00414  
7,05445  	1327,82048  	1327,75450  	303,18271  	25,05963  	0,04686  	0,07141  	19567,72468  	0,05066  	0,10273  	0,58937  	0,58698  	53094995,39518  	5626243,66136  	14,95146  	5775196,52074  	0,14849  	0,02970  	NaN  	NaN  	0,00377  	0,00423  	0,00397  	0,00537  	303,11341  	0,00399  	0,00414  
8,05588  	301,28250  	301,25958  	-244,98909  	25,06023  	0,05036  	0,07156  	50445,53666  	0,05144  	0,10250  	0,59068  	0,58829  	118,43875  	179,81201  	15,18066  	14888439,64069  	228,45718  	322,16624  	NaN  	NaN  	0,00377  	0,00424  	0,00396  	0,00537  	781,41915  	0,00400  	0,00414  
9,05797  	-244,98909  	-244,98909  	784,60619  	25,06041  	0,04633  	0,07130  	85706,53851  	0,05019  	0,10241  	0,58847  	0,58608  	5058,02403  	2212,96780  	14,81358  	25295332,54600  	17,15196  	5,52604  	NaN  	NaN  	0,00377  	0,00423  	0,00397  	0,00537  	1327,62170  	0,00399  	0,00414  
10,05805  	789,22574  	789,18235  	293,60567  	25,06035  	0,05333  	0,07128  	85706,53851  	0,05019  	0,10212  	0,58834  	0,58594  	2074830,76052  	98688,06448  	14,81391  	25295332,54600  	1,53225  	0,21061  	NaN  	NaN  	0,00377  	0,00423  	0,00396  	0,00537  	1327,62170  	0,00401  	0,00414  
11,06071  	289,13113  	289,10872  	793,70029  	25,06041  	0,04861  	0,07130  	85706,53851  	0,05053  	0,10224  	0,58850  	0,58611  	717950,52220  	142,58804  	14,91484  	25295332,54600  	289,40122  	0,19196  	-Inf  	-Inf  	0,00376  	0,00423  	0,00396  	0,00537  	1327,62170  	0,00400  	0,00414  
12,06310  	-244,98909  	-244,98909  	1327,82053  	25,06166  	0,04836  	0,07172  	18504,95133  	0,05060  	0,10287  	0,59197  	0,58957  	738823,46765  	3528,92873  	14,93272  	5461530,77570  	17,22945  	0,19094  	NaN  	NaN  	0,00377  	0,00423  	0,00396  	0,00538  	286,65076  	0,00400  	0,00414  
13,06470  	799,15291  	799,10911  	283,67849  	25,06188  	0,04965  	0,07125  	51581,84960  	0,05044  	0,10202  	0,58809  	0,58569  	2099863,54826  	104065,06726  	14,88578  	15223809,77785  	1,44439  	0,19607  	NaN  	NaN  	0,00377  	0,00423  	0,00396  	0,00537  	799,02095  	0,00400  	0,00413  
14,06463  	278,96740  	1327,75450  	803,86403  	25,06219  	0,04291  	0,07101  	85706,53851  	0,05085  	0,10189  	0,58609  	0,58370  	57078446,43077  	120,57233  	15,00892  	25295332,54600  	354,62653  	0,00855  	-Inf  	-Inf  	0,00377  	0,00424  	0,00397  	0,00536  	1327,62170  	0,00398  	0,00413  
15,06664  	-244,98909  	1327,75450  	273,51612  	25,06246  	0,05060  	0,07104  	17652,79148  	0,05017  	0,10206  	0,58634  	0,58395  	9709116,24922  	2475,08091  	14,80676  	5210025,26440  	17,09454  	0,03476  	-Inf  	-Inf  	0,00377  	0,00423  	0,00397  	0,00536  	273,45057  	0,00400  	0,00413  
16,06831  	-244,98909  	1327,75450  	-244,98909  	25,06214  	0,04559  	0,07111  	-15815,93170  	0,04965  	0,10218  	0,58691  	0,58452  	733564,78496  	3326,26837  	14,65351  	-4667896,50935  	17,11392  	0,18004  	-Inf  	-Inf  	0,00377  	0,00423  	0,00396  	0,00537  	-244,98909  	0,00399  	0,00414  
17,06869  	-244,98909  	1327,75450  	815,79409  	25,06113  	0,04155  	0,07135  	52656,00978  	0,04952  	0,10250  	0,58891  	0,58652  	63275367,89619  	986,81942  	14,61568  	15540836,22080  	17,16785  	0,00809  	-Inf  	-Inf  	0,00377  	0,00423  	0,00397  	0,00537  	815,65998  	0,00397  	0,00414  
18,07249  	819,68200  	1327,75450  	1327,82053  	25,05966  	0,04562  	0,07136  	85706,53851  	0,05077  	0,10308  	0,58900  	0,58660  	723872172,36277  	14,55827  	14,98475  	25295332,54600  	1,29745  	0,00358  	-Inf  	-Inf  	0,00377  	0,00424  	0,00397  	0,00537  	1327,62170  	0,00399  	0,00414  
19,07267  	1327,82048  	260,40094  	1327,82053  	25,05968  	0,05148  	0,07136  	85706,53851  	0,05083  	0,10206  	0,58901  	0,58662  	44418720,05367  	6439818,51083  	15,00207  	25295332,54600  	0,14753  	0,03665  	-Inf  	-Inf  	0,00377  	0,00424  	0,00396  	0,00537  	1327,62170  	0,00401  	0,00413  
20,07549  	1327,82048  	-244,98909  	1327,82053  	25,06015  	0,04337  	0,07109  	85706,53851  	0,04959  	0,10170  	0,58675  	0,58436  	3523873,40485  	7993388,87676  	14,63735  	25295332,54600  	0,14701  	0,17123  	NaN  	NaN  	0,00376  	0,00423  	0,00397  	0,00536  	1327,62170  	0,00398  	0,00413  
21,07566  	253,43869  	829,34763  	1327,82053  	25,06046  	0,04447  	0,07130  	85706,53851  	0,05104  	0,10236  	0,58852  	0,58613  	55629559,49266  	103,64583  	15,06282  	25295332,54600  	609,48778  	0,00842  	-Inf  	-Inf  	0,00376  	0,00424  	0,00396  	0,00537  	1327,62170  	0,00398  	0,00414  
22,07757  	833,41012  	249,40053  	249,42129  	25,06132  	0,04849  	0,07115  	16097,50668  	0,05075  	0,10248  	0,58725  	0,58486  	8305,89893  	5,44502  	14,97918  	4751000,23407  	1,19453  	8,83828  	NaN  	NaN  	0,00376  	0,00424  	0,00397  	0,00537  	249,35879  	0,00400  	0,00414  
23,07760  	246,41578  	-244,98909  	836,41565  	25,06232  	0,04209  	0,07136  	53987,10032  	0,05031  	0,10270  	0,58900  	0,58660  	8315,22335  	207,78870  	14,84760  	15933692,80321  	709,03742  	3,10234  	NaN  	NaN  	0,00377  	0,00423  	0,00396  	0,00537  	836,27894  	0,00397  	0,00414  
24,07921  	840,01064  	839,96512  	1327,82053  	25,06261  	0,04775  	0,07130  	85706,53851  	0,05032  	0,10168  	0,58846  	0,58607  	203432203,36850  	132929,79183  	14,85102  	25295332,54600  	1,14285  	0,00886  	-Inf  	-Inf  	0,00377  	0,00423  	0,00397  	0,00537  	1327,62170  	0,00399  	0,00413  
25,08102  	1327,82048  	240,18895  	1327,82053  	25,06348  	0,04278  	0,07155  	85706,53851  	0,05102  	0,10240  	0,59060  	0,58821  	41011113,51722  	5452869,93875  	15,05707  	25295332,54600  	0,14801  	0,03222  	-Inf  	-Inf  	0,00377  	0,00424  	0,00397  	0,00537  	1327,62170  	0,00398  	0,00414  
26,08147  	1327,82048  	-244,98909  	236,89969  	25,06387  	0,04588  	0,07140  	15289,25628  	0,05118  	0,10174  	0,58935  	0,58696  	560,15594  	2590995,45496  	15,10492  	4512454,10941  	0,14706  	124,32219  	Inf  	-Inf  	0,00377  	0,00424  	0,00397  	0,00537  	236,83877  	0,00399  	0,00413  
27,08128  	1327,82048  	-244,98909  	849,75430  	25,06333  	0,04541  	0,07109  	54848,08983  	0,05034  	0,10181  	0,58680  	0,58441  	57324,04826  	5825637,63138  	14,85621  	16187804,28997  	0,14716  	2,98283  	Inf  	-Inf  	0,00377  	0,00423  	0,00397  	0,00537  	849,61590  	0,00399  	0,00413  
28,08142  	1327,82048  	852,12766  	1327,82053  	25,06177  	0,04861  	0,07130  	85706,53851  	0,05163  	0,10282  	0,58849  	0,58610  	340730497,89104  	2709635,04160  	15,23694  	25295332,54600  	0,14862  	0,00880  	-Inf  	-Inf  	0,00377  	0,00424  	0,00396  	0,00537  	1327,62170  	0,00400  	0,00414  
29,08246  	229,12044  	1327,75450  	1327,82053  	25,06020  	0,04798  	0,07113  	85706,53851  	0,05119  	0,10203  	0,58712  	0,58473  	184005209,91767  	0,01389  	15,10749  	25295332,54600  	998,11567  	0,00376  	-Inf  	-Inf  	0,00377  	0,00424  	0,00396  	0,00537  	1327,62170  	0,00399  	0,00413  
30,08264  	854,75253  	1327,75450  	1327,82053  	25,05956  	0,04333  	0,07134  	14719,88618  	0,04995  	0,10297  	0,58886  	0,58647  	755041846,66312  	18,36652  	14,74192  	4344410,85182  	1,06834  	0,00340  	-Inf  	-Inf  	0,00377  	0,00423  	0,00396  	0,00537  	228,01907  	0,00398  	0,00414  
31,08378  	1327,82048  	224,97926  	1327,82053  	25,06012  	0,04415  	0,07106  	-15815,93170  	0,05115  	0,10248  	0,58652  	0,58412  	38525654,47198  	5705734,71455  	15,09503  	-4667896,50935  	0,14813  	0,03470  	-Inf  	-Inf  	0,00376  	0,00424  	0,00396  	0,00536  	-244,98909  	0,00398  	0,00414  
32,08367  	222,42466  	-244,98909  	1327,82053  	25,06207  	0,04588  	0,07130  	55535,69056  	0,05036  	0,10214  	0,58854  	0,58615  	536114,47562  	313,15844  	14,86453  	16390742,00588  	1129,79321  	0,18113  	NaN  	NaN  	0,00377  	0,00423  	0,00396  	0,00537  	860,26703  	0,00399  	0,00414  
33,08512  	-244,98909  	-244,98909  	1327,82053  	25,06333  	0,04495  	0,07147  	14167,80925  	0,05100  	0,10247  	0,58991  	0,58752  	735951,11153  	3279,73944  	15,05141  	4181471,48001  	17,16266  	0,17747  	NaN  	NaN  	0,00377  	0,00424  	0,00396  	0,00537  	219,46725  	0,00398  	0,00414  
34,08643  	-244,98909  	-244,98909  	1327,82053  	25,06500  	0,05019  	0,07080  	55794,39356  	0,05127  	0,10196  	0,58435  	0,58196  	732289,21442  	3661,93222  	15,13225  	16467095,32233  	17,07745  	0,19815  	NaN  	NaN  	0,00376  	0,00424  	0,00396  	0,00536  	864,27441  	0,00400  	0,00413  
35,08918  	865,43269  	-244,98909  	1327,82053  	25,06683  	0,04352  	0,07108  	85706,53851  	0,05042  	0,10190  	0,58669  	0,58430  	2277437,16025  	477793,06974  	14,88207  	25295332,54600  	0,99849  	0,17184  	NaN  	NaN  	0,00377  	0,00423  	0,00396  	0,00536  	1327,62170  	0,00398  	0,00413  
36,08980  	1327,82048  	870,12088  	1327,82053  	25,06723  	0,04860  	0,07106  	85706,53851  	0,05050  	0,10184  	0,58656  	0,58417  	355547907,37961  	2606666,87676  	14,90345  	25295332,54600  	0,14720  	0,00850  	-Inf  	-Inf  	0,00377  	0,00423  	0,00396  	0,00536  	1327,62170  	0,00400  	0,00413  
37,09222  	206,18042  	1327,75450  	206,18043  	25,06651  	0,05321  	0,07100  	85706,53851  	0,05141  	0,10111  	0,58604  	0,58365  	4880880,39266  	254,88844  	15,17294  	25295332,54600  	1435,81087  	0,04413  	-Inf  	-Inf  	0,00376  	0,00424  	0,00396  	0,00536  	1327,62170  	0,00401  	0,00413  
38,09252  	879,61376  	1327,75450  	879,61379  	25,06567  	0,04322  	0,07140  	13115,13195  	0,04963  	0,10202  	0,58935  	0,58696  	240063219,84450  	150828,64013  	14,64709  	3870785,47165  	0,92790  	0,00742  	-Inf  	-Inf  	0,00377  	0,00423  	0,00397  	0,00537  	203,16099  	0,00398  	0,00413  
39,09258  	200,52509  	1327,75450  	1327,82053  	25,06613  	0,04390  	0,07091  	-15815,93170  	0,05041  	0,10259  	0,58525  	0,58286  	159078027,12568  	0,01234  	14,87692  	-4667896,50935  	1556,43354  	0,00344  	-Inf  	-Inf  	0,00377  	0,00423  	0,00396  	0,00536  	-244,98909  	0,00398  	0,00414  
40,09271  	-244,98909  	197,89550  	1327,82053  	25,06617  	0,04639  	0,07114  	57117,81090  	0,05092  	0,10228  	0,58717  	0,58478  	7108879,89736  	2431,65662  	15,02992  	16857687,24401  	17,13216  	0,03939  	-Inf  	-Inf  	0,00376  	0,00424  	0,00396  	0,00537  	884,77450  	0,00399  	0,00414  
41,09268  	886,35214  	-244,98909  	1327,82053  	25,06665  	0,05082  	0,07135  	85706,53851  	0,05105  	0,10286  	0,58894  	0,58654  	2356129,46552  	655279,00516  	15,06741  	25295332,54600  	0,90340  	0,20065  	NaN  	NaN  	0,00377  	0,00424  	0,00396  	0,00537  	1327,62170  	0,00400  	0,00414  
42,09457  	194,76847  	888,01539  	194,76848  	25,06653  	0,04904  	0,07149  	85706,53851  	0,05119  	0,10296  	0,59010  	0,58770  	464579,44332  	144,25673  	15,10873  	25295332,54600  	1649,70794  	0,19365  	-Inf  	-Inf  	0,00377  	0,00424  	0,00396  	0,00537  	1327,62170  	0,00400  	0,00414  
43,09398  	890,02165  	1327,75450  	890,02169  	25,06594  	0,04212  	0,07131  	12443,31819  	0,04972  	0,10249  	0,58857  	0,58618  	251505206,67104  	155418,42298  	14,67454  	3672507,10550  	0,88336  	0,00709  	-Inf  	-Inf  	0,00377  	0,00423  	0,00397  	0,00537  	192,75441  	0,00397  	0,00414  
44,09363  	1327,82048  	189,97822  	1327,82053  	25,06770  	0,04925  	0,07143  	57628,88115  	0,05078  	0,10191  	0,58961  	0,58722  	33030902,10945  	6566952,42781  	14,98831  	17008523,94994  	0,14730  	0,04279  	-Inf  	-Inf  	0,00377  	0,00424  	0,00396  	0,00537  	892,69112  	0,00400  	0,00413  
45,09518  	1327,82048  	893,53641  	1327,82053  	25,06822  	0,04711  	0,07135  	85706,53851  	0,05029  	0,10213  	0,58892  	0,58653  	381354326,84820  	2397516,26529  	14,84285  	25295332,54600  	0,14763  	0,00787  	-Inf  	-Inf  	0,00377  	0,00423  	0,00396  	0,00537  	1327,62170  	0,00399  	0,00414  
46,09691  	1327,82048  	187,08332  	187,10147  	25,06984  	0,04397  	0,07173  	12074,85682  	0,05054  	0,10230  	0,59205  	0,58966  	1679,05321  	93,49093  	14,91768  	3563759,82454  	0,14787  	41,96468  	NaN  	NaN  	0,00376  	0,00423  	0,00397  	0,00538  	187,04684  	0,00398  	0,00414  
47,09859  	184,70249  	898,08095  	898,12894  	25,07003  	0,05226  	0,07126  	57970,59965  	0,05117  	0,10283  	0,58821  	0,58581  	12134588,03239  	0,01060  	15,10301  	17109378,36808  	1755,48968  	0,02177  	-Inf  	-Inf  	0,00377  	0,00424  	0,00396  	0,00537  	897,98443  	0,00401  	0,00414  
48,09772  	900,58342  	1327,75450  	1327,82053  	25,07055  	0,04622  	0,07105  	85706,53851  	0,04967  	0,10187  	0,58641  	0,58402  	788196491,41065  	27,85056  	14,66003  	25295332,54600  	0,83190  	0,00362  	-Inf  	-Inf  	0,00377  	0,00423  	0,00396  	0,00536  	1327,62170  	0,00399  	0,00413  
49,10023  	177,52861  	177,51089  	1327,82053  	25,07231  	0,04548  	0,07074  	11456,94456  	0,05115  	0,10220  	0,58386  	0,58148  	3673858,92359  	220,77853  	15,09595  	3381389,88889  	1782,19787  	0,04097  	-Inf  	-Inf  	0,00377  	0,00424  	0,00396  	0,00536  	177,47521  	0,00399  	0,00414  
50,10158  	908,00687  	-244,98909  	174,82454  	25,07343  	0,04596  	0,07102  	58608,20697  	0,05073  	0,10143  	0,58623  	0,58384  	456,13691  	186037,90612  	14,97137  	17297561,08523  	0,79782  	49,35512  	Inf  	-Inf  	0,00377  	0,00424  	0,00397  	0,00536  	907,86114  	0,00399  	0,00413  
51,10092  	1327,82048  	910,95856  	911,00709  	25,07422  	0,04919  	0,07107  	85706,53851  	0,05056  	0,10216  	0,58658  	0,58419  	107802526,58301  	279,79400  	14,92187  	25295332,54600  	0,14766  	0,01926  	NaN  	NaN  	0,00377  	0,00423  	0,00397  	0,00536  	1327,62170  	0,00400  	0,00414  
52,10248  	1327,82048  	1327,75450  	1327,82053  	25,07490  	0,04211  	0,07077  	11013,55943  	0,05057  	0,10273  	0,58415  	0,58176  	1182774227,10006  	325,88534  	14,92533  	3250529,69211  	0,14849  	0,00330  	-Inf  	-Inf  	0,00377  	0,00423  	0,00396  	0,00536  	170,60706  	0,00397  	0,00414  
53,10290  	167,08702  	1327,75450  	1327,82053  	25,07518  	0,04390  	0,07114  	59107,65131  	0,05053  	0,10267  	0,58721  	0,58482  	128856747,29118  	0,01221  	14,91305  	17444966,53350  	1789,76930  	0,00344  	-Inf  	-Inf  	0,00377  	0,00423  	0,00397  	0,00537  	915,59767  	0,00398  	0,00414  
54,10464  	917,49501  	165,31917  	1327,82053  	25,07615  	0,04310  	0,07098  	10669,95445  	0,05119  	0,10225  	0,58585  	0,58346  	20404814,33197  	517877,65077  	15,10845  	3149118,50190  	0,76709  	0,04024  	-Inf  	-Inf  	0,00376  	0,00424  	0,00396  	0,00536  	165,28452  	0,00398  	0,00414  
55,10567  	1327,82048  	920,34381  	1327,82053  	25,07730  	0,04638  	0,07121  	59407,69354  	0,05126  	0,10246  	0,58780  	0,58541  	412754192,30005  	2214948,35099  	15,12950  	17533520,66198  	0,14809  	0,00737  	-Inf  	-Inf  	0,00376  	0,00424  	0,00396  	0,00537  	920,24541  	0,00399  	0,00414  
56,10743  	1327,82048  	1327,75450  	1327,82053  	25,08028  	0,04563  	0,07114  	85706,53851  	0,05064  	0,10273  	0,58722  	0,58483  	1182691590,53130  	353,15220  	14,94660  	25295332,54600  	0,14848  	0,00358  	-Inf  	-Inf  	0,00377  	0,00423  	0,00397  	0,00537  	1327,62170  	0,00399  	0,00414  
57,10787  	1327,82048  	1327,75450  	1327,82053  	25,08250  	0,04425  	0,07119  	10081,41699  	0,05113  	0,10179  	0,58762  	0,58523  	1171861348,45735  	342,50155  	15,08902  	2975418,20777  	0,14712  	0,00347  	-Inf  	-Inf  	0,00377  	0,00424  	0,00397  	0,00537  	156,16791  	0,00398  	0,00413  
58,11158  	1327,82048  	1327,75450  	1327,82053  	25,08318  	0,04788  	0,07134  	-15815,93170  	0,05082  	0,10350  	0,58884  	0,58645  	1191540061,32558  	370,55670  	14,99912  	-4667896,50935  	0,14959  	0,00375  	-Inf  	-Inf  	0,00377  	0,00424  	0,00396  	0,00537  	-244,98909  	0,00399  	0,00414  
59,11219  	150,09917  	1327,75450  	150,09918  	25,08432  	0,04685  	0,07125  	60204,19138  	0,05121  	0,10250  	0,58810  	0,58571  	2679458,03434  	231,82306  	15,11419  	17768598,14900  	1684,19655  	0,04578  	-Inf  	-Inf  	0,00377  	0,00424  	0,00397  	0,00537  	932,58338  	0,00399  	0,00414  
60,11448  	935,87332  	1327,75450  	935,87336  	25,08539  	0,04711  	0,07102  	9483,66233  	0,04968  	0,10256  	0,58622  	0,58383  	301674837,02781  	217929,12879  	14,66360  	2798997,56291  	0,70301  	0,00727  	-Inf  	-Inf  	0,00377  	0,00423  	0,00396  	0,00536  	146,90853  	0,00399  	0,00414  
61,11397  	1327,82048  	1327,75450  	1327,82053  	25,08586  	0,04436  	0,07129  	60711,09007  	0,05180  	0,10221  	0,58840  	0,58601  	1176691333,94993  	343,30861  	15,28755  	17918203,66716  	0,14772  	0,00348  	-Inf  	-Inf  	0,00377  	0,00424  	0,00396  	0,00537  	940,43538  	0,00398  	0,00414  
62,11647  	138,55405  	1327,75450  	138,55406  	25,08498  	0,05033  	0,07094  	8941,19555  	0,05018  	0,10174  	0,58553  	0,58314  	2293317,72850  	251,15452  	14,81028  	2638894,51853  	1565,59642  	0,05092  	-Inf  	-Inf  	0,00376  	0,00423  	0,00397  	0,00536  	138,50557  	0,00400  	0,00413  
63,11849  	-244,98909  	1327,75450  	-244,98909  	25,08563  	0,05388  	0,07104  	61182,24445  	0,05193  	0,10262  	0,58636  	0,58397  	736813,55192  	3929,72507  	15,32571  	18057259,64583  	17,19240  	0,21278  	-Inf  	-Inf  	0,00376  	0,00424  	0,00396  	0,00536  	947,73369  	0,00401  	0,00414  
64,12030  	-244,98909  	1327,75450  	951,74120  	25,08606  	0,04938  	0,07166  	85706,53851  	0,05156  	0,10271  	0,59151  	0,58912  	93636918,50582  	861,11357  	15,21845  	25295332,54600  	17,20754  	0,00739  	-Inf  	-Inf  	0,00377  	0,00424  	0,00396  	0,00538  	1327,62170  	0,00400  	0,00414  
65,12155  	954,95750  	1327,75450  	1327,82053  	25,08489  	0,04862  	0,07116  	85706,53851  	0,05053  	0,10233  	0,58735  	0,58496  	840889453,21050  	43,36362  	14,91268  	25295332,54600  	0,64006  	0,00381  	-Inf  	-Inf  	0,00377  	0,00423  	0,00396  	0,00537  	1327,62170  	0,00400  	0,00414  
66,12292  	1327,82048  	1327,75450  	1327,82053  	25,08633  	0,04526  	0,07130  	85706,53851  	0,04923  	0,10281  	0,58849  	0,58610  	1183673267,93131  	350,26982  	14,52923  	25295332,54600  	0,14860  	0,00355  	-Inf  	-Inf  	0,00377  	0,00423  	0,00396  	0,00537  	1327,62170  	0,00398  	0,00414  
67,12447  	117,29080  	1327,75450  	117,29081  	25,08749  	0,05255  	0,07096  	7568,68519  	0,05010  	0,10238  	0,58568  	0,58329  	1704641,66016  	266,36579  	14,78513  	2233813,33694  	1364,75556  	0,05670  	-Inf  	-Inf  	0,00376  	0,00423  	0,00397  	0,00536  	117,24501  	0,00401  	0,00414  
68,12500  	-244,98909  	1327,75450  	969,00465  	25,08791  	0,04846  	0,07151  	-15815,93170  	0,05052  	0,10210  	0,59028  	0,58789  	97632760,96296  	806,29223  	14,90938  	-4667896,50935  	17,10577  	0,00703  	-Inf  	-Inf  	0,00377  	0,00423  	0,00397  	0,00537  	-244,98909  	0,00400  	0,00414  
69,12603  	-244,98909  	112,56679  	1327,82053  	25,08847  	0,04307  	0,07122  	-15815,93170  	0,05087  	0,10126  	0,58785  	0,58546  	4835058,62511  	2427,18605  	15,01319  	-4667896,50935  	16,96478  	0,04714  	-Inf  	-Inf  	0,00376  	0,00424  	0,00396  	0,00537  	-244,98909  	0,00398  	0,00413  
70,12718  	-244,98909  	974,02868  	1327,82053  	25,08813  	0,04717  	0,07130  	62873,11608  	0,05055  	0,10196  	0,58850  	0,58611  	98868124,76032  	773,86130  	14,91906  	18556301,62092  	17,08140  	0,00677  	-Inf  	-Inf  	0,00377  	0,00423  	0,00397  	0,00537  	973,92575  	0,00399  	0,00413  
71,12712  	-244,98909  	1327,75450  	1327,82053  	25,08811  	0,04783  	0,07147  	6854,92125  	0,04950  	0,10271  	0,58990  	0,58751  	245155479,98194  	0,14648  	14,60883  	2023153,84247  	17,20845  	0,00375  	-Inf  	-Inf  	0,00377  	0,00423  	0,00397  	0,00537  	106,18861  	0,00399  	0,00414  
72,12876  	-244,98909  	102,27269  	1327,82053  	25,08814  	0,04593  	0,07155  	-15815,93170  	0,05152  	0,10336  	0,59055  	0,58816  	4709081,71835  	2610,19805  	15,20509  	-4667896,50935  	17,31666  	0,05189  	-Inf  	-Inf  	0,00377  	0,00424  	0,00397  	0,00537  	-244,98909  	0,00399  	0,00414  
73,13086  	982,35512  	982,30363  	1327,82053  	25,08839  	0,05014  	0,07130  	-15815,93170  	0,04976  	0,10184  	0,58848  	0,58609  	358068717,71358  	282476,62649  	14,68509  	-4667896,50935  	0,56053  	0,00709  	-Inf  	-Inf  	0,00377  	0,00423  	0,00396  	0,00537  	-244,98909  	0,00400  	0,00413  
74,13324  	1327,82048  	96,69322  	1327,82053  	25,09080  	0,04473  	0,07116  	63650,53859  	0,04999  	0,10243  	0,58737  	0,58498  	21942409,99699  	6454024,01870  	14,75302  	18785749,23685  	0,14805  	0,05141  	-Inf  	-Inf  	0,00377  	0,00423  	0,00397  	0,00537  	985,96824  	0,00398  	0,00414  
75,13387  	93,00634  	989,77325  	1327,82053  	25,09269  	0,05146  	0,07096  	85706,53851  	0,04946  	0,10235  	0,58568  	0,58329  	26056016,65005  	72,75394  	14,59833  	25295332,54600  	1142,34905  	0,00718  	-Inf  	-Inf  	0,00376  	0,00423  	0,00397  	0,00536  	1327,62170  	0,00401  	0,00414  
76,13544  	993,61414  	1327,75450  	89,21726  	25,09502  	0,04671  	0,07168  	5756,58042  	0,05015  	0,10275  	0,59167  	0,58928  	15804507,69591  	1017525,25590  	14,80183  	1698990,75002  	0,53720  	0,05498  	NaN  	NaN  	0,00377  	0,00423  	0,00397  	0,00538  	89,17501  	0,00399  	0,00414  
77,13533  	1327,82048  	85,03852  	-244,98909  	25,09605  	0,04769  	0,07142  	-15815,93170  	0,05054  	0,10250  	0,58951  	0,58712  	2189,37993  	1844647,71974  	14,91778  	-4667896,50935  	0,14815  	15,57367  	NaN  	NaN  	0,00377  	0,00423  	0,00396  	0,00537  	-244,98909  	0,00399  	0,00414  
78,13503  	83,71397  	999,06523  	-244,98909  	25,09394  	0,04551  	0,07146  	-15815,93170  	0,04939  	0,10202  	0,58985  	0,58746  	12947,98733  	236,75123  	14,57784  	-4667896,50935  	1060,50381  	0,99043  	NaN  	NaN  	0,00377  	0,00423  	0,00396  	0,00537  	-244,98909  	0,00399  	0,00413  
79,13493  	-244,98909  	1327,75450  	-244,98909  	25,09397  	0,04466  	0,07127  	64646,56619  	0,04967  	0,10212  	0,58825  	0,58586  	733253,96453  	3256,96178  	14,65858  	19079715,71655  	17,11030  	0,17638  	-Inf  	-Inf  	0,00377  	0,00423  	0,00397  	0,00537  	1001,39698  	0,00398  	0,00414  
80,13809  	1002,75850  	80,05926  	-244,98909  	25,09401  	0,05001  	0,07134  	85706,53851  	0,05163  	0,10237  	0,58882  	0,58642  	1788,44123  	303819,10983  	15,23677  	25295332,54600  	0,51360  	15,39638  	NaN  	NaN  	0,00377  	0,00424  	0,00397  	0,00537  	1327,62170  	0,00400  	0,00414  
81,13866  	1327,82048  	1005,22901  	1005,28150  	25,09560  	0,04227  	0,07156  	5003,47263  	0,05059  	0,10262  	0,59062  	0,58822  	203290057,58519  	260,07233  	14,93180  	1476719,35324  	0,14832  	0,01083  	NaN  	NaN  	0,00377  	0,00423  	0,00396  	0,00537  	77,50917  	0,00398  	0,00414  
82,13996  	1327,82048  	1327,75450  	1327,82053  	25,09715  	0,04161  	0,07090  	-15815,93170  	0,05071  	0,10258  	0,58524  	0,58285  	1180985576,73559  	322,09812  	14,96685  	-4667896,50935  	0,14826  	0,00326  	-Inf  	-Inf  	0,00377  	0,00424  	0,00396  	0,00536  	-244,98909  	0,00397  	0,00414  
83,14289  	1327,82048  	71,25717  	1327,82053  	25,09618  	0,04837  	0,07122  	65292,46595  	0,05027  	0,10205  	0,58781  	0,58542  	19424398,57023  	7124508,31776  	14,83532  	19270345,85208  	0,14748  	0,06023  	-Inf  	-Inf  	0,00377  	0,00423  	0,00396  	0,00537  	1011,40214  	0,00400  	0,00413  
84,14398  	1327,82048  	1014,70990  	1327,82053  	25,09637  	0,04662  	0,07093  	85706,53851  	0,04993  	0,10254  	0,58548  	0,58309  	535803305,97187  	1711056,16224  	14,73622  	25295332,54600  	0,14820  	0,00622  	-Inf  	-Inf  	0,00376  	0,00423  	0,00397  	0,00536  	1327,62170  	0,00399  	0,00414  
85,14724  	61,77793  	1327,75450  	1327,82053  	25,09777  	0,04741  	0,07106  	3985,41341  	0,04990  	0,10187  	0,58655  	0,58416  	33021493,01084  	0,01309  	14,72739  	1176250,48466  	883,37944  	0,00372  	-Inf  	-Inf  	0,00377  	0,00423  	0,00396  	0,00536  	61,73915  	0,00399  	0,00413  
86,14795  	1024,29583  	58,52283  	1327,82053  	25,09884  	0,04205  	0,07139  	-15815,93170  	0,05064  	0,10235  	0,58927  	0,58688  	14072913,27780  	1148128,34191  	14,94694  	-4667896,50935  	0,46668  	0,05452  	-Inf  	-Inf  	0,00377  	0,00423  	0,00397  	0,00537  	-244,98909  	0,00397  	0,00414  
87,15061  	52,73924  	1030,03866  	1327,82053  	25,09927  	0,04908  	0,07121  	-15815,93170  	0,05144  	0,10300  	0,58780  	0,58541  	11899111,89768  	61,12682  	15,18081  	-4667896,50935  	822,38890  	0,00636  	-Inf  	-Inf  	0,00377  	0,00424  	0,00396  	0,00537  	-244,98909  	0,00400  	0,00414  
88,15205  	1033,56708  	49,25197  	1327,82053  	25,09677  	0,04910  	0,07131  	66712,92825  	0,05065  	0,10170  	0,58861  	0,58622  	13505541,87413  	1433271,19319  	14,94806  	19689579,51865  	0,44536  	0,06558  	-Inf  	-Inf  	0,00377  	0,00423  	0,00396  	0,00537  	1033,40549  	0,00400  	0,00413  
89,15456  	46,59744  	-244,98909  	1327,82053  	25,09759  	0,05102  	0,07109  	3005,53603  	0,05058  	0,10154  	0,58680  	0,58441  	58060,02077  	335,66180  	14,92671  	887050,56557  	763,95247  	0,20146  	NaN  	NaN  	0,00376  	0,00423  	0,00397  	0,00537  	46,56059  	0,00400  	0,00413  
90,15422  	-244,98909  	-244,98909  	41,94664  	25,09766  	0,04376  	0,07086  	67185,27348  	0,05024  	0,10253  	0,58485  	0,58246  	962,22625  	582,13510  	14,82736  	19828986,96584  	17,17905  	8,76167  	NaN  	NaN  	0,00377  	0,00423  	0,00396  	0,00536  	1040,72225  	0,00398  	0,00414  
91,15693  	-244,98909  	1044,94346  	-244,98909  	25,09863  	0,04956  	0,07124  	85706,53851  	0,05098  	0,10197  	0,58798  	0,58559  	90721,14657  	2964,00567  	15,04599  	25295332,54600  	17,08520  	0,80993  	-Inf  	-Inf  	0,00377  	0,00424  	0,00396  	0,00537  	1327,62170  	0,00400  	0,00413  
92,15955  	1047,88174  	1327,75450  	1047,88178  	25,09990  	0,04642  	0,07129  	2253,68894  	0,05078  	0,10316  	0,58839  	0,58600  	462427020,44016  	324818,12287  	14,98794  	665151,25101  	0,42473  	0,00583  	-Inf  	-Inf  	0,00377  	0,00424  	0,00397  	0,00537  	34,91427  	0,00399  	0,00414  
93,16146  	1327,82048  	31,29946  	31,31107  	25,09947  	0,04304  	0,07121  	67871,78352  	0,05092  	0,10254  	0,58773  	0,58534  	558,77225  	58,52600  	15,02812  	20031602,77576  	0,14820  	295,02176  	NaN  	NaN  	0,00377  	0,00424  	0,00396  	0,00537  	1051,35648  	0,00398  	0,00414  
94,16290  	1327,82048  	-244,98909  	1056,88490  	25,09946  	0,05117  	0,07117  	85706,53851  	0,05084  	0,10295  	0,58746  	0,58507  	490484,86582  	7808354,77150  	15,00551  	25295332,54600  	0,14878  	0,77872  	Inf  	-Inf  	0,00377  	0,00424  	0,00396  	0,00537  	1327,62170  	0,00400  	0,00414  
95,16419  	1327,82048  	1059,93336  	1327,82053  	25,09962  	0,04836  	0,07127  	85706,53851  	0,05091  	0,10253  	0,58822  	0,58583  	604522203,50302  	1518650,21848  	15,02555  	25295332,54600  	0,14819  	0,00594  	-Inf  	-Inf  	0,00377  	0,00424  	0,00397  	0,00537  	1327,62170  	0,00400  	0,00414  
96,16466  	1327,82048  	1327,75450  	1327,82053  	25,09886  	0,04740  	0,07091  	85706,53851  	0,05021  	0,10247  	0,58528  	0,58289  	1179704752,35283  	366,87298  	14,81795  	25295332,54600  	0,14810  	0,00371  	-Inf  	-Inf  	0,00377  	0,00423  	0,00396  	0,00536  	1327,62170  	0,00399  	0,00414  
97,16659  	1327,82048  	13,31623  	13,32708  	25,09791  	0,04515  	0,07117  	85706,53851  	0,05146  	0,10211  	0,58745  	0,58506  	556,62546  	57,39085  	15,18930  	25295332,54600  	0,14757  	200,59369  	Inf  	-Inf  	0,00377  	0,00424  	0,00397  	0,00537  	1327,62170  	0,00398  	0,00414  
98,16865  	1327,82048  	1073,64995  	-244,98909  	25,09815  	0,04696  	0,07146  	85706,53851  	0,05004  	0,10211  	0,58986  	0,58747  	561749,59961  	7258690,25328  	14,76747  	25295332,54600  	0,14757  	0,64796  	NaN  	NaN  	0,00377  	0,00423  	0,00396  	0,00537  	1327,62170  	0,00399  	0,00414  
99,17144  	1327,82048  	1327,75450  	-244,98909  	25,09849  	0,04794  	0,07123  	449,53988  	0,04976  	0,10283  	0,58791  	0,58552  	3561194,10626  	8837326,00443  	14,68631  	132676,70124  	0,14861  	0,18933  	NaN  	NaN  	0,00377  	0,00423  	0,00397  	0,00537  	6,96751  	0,00399  	0,00414  
100,17242  	1327,82048  	1327,75450  	1080,95153  	25,09748  	0,05492  	0,07121  	-15815,93170  	0,05217  	0,10279  	0,58775  	0,58536  	640389984,62358  	1588854,15182  	15,39702  	-4667896,50935  	0,14856  	0,00650  	NaN  	NaN  	0,00376  	0,00424  	0,00397  	0,00537  	-244,98909  	0,00402  	0,00414  
101,17258  	1327,82048  	1327,75450  	1327,82053  	25,09848  	0,04292  	0,07110  	70089,25913  	0,05001  	0,10195  	0,58681  	0,58442  	1173753173,40617  	332,21938  	14,75854  	20686066,06399  	0,14735  	0,00336  	-Inf  	-Inf  	0,00377  	0,00423  	0,00396  	0,00537  	1085,70578  	0,00398  	0,00413  
102,17363  	1327,82048  	1327,75450  	1327,82053  	25,09924  	0,04553  	0,07119  	85706,53851  	0,05028  	0,10256  	0,58760  	0,58521  	1180798243,69227  	352,40613  	14,84028  	25295332,54600  	0,14823  	0,00357  	-Inf  	-Inf  	0,00377  	0,00423  	0,00396  	0,00537  	1327,62170  	0,00399  	0,00414  
103,17653  	-7,58980  	1327,75450  	-7,58980  	25,09987  	0,04694  	0,07121  	-492,16821  	0,05098  	0,10286  	0,58778  	0,58539  	335347,02487  	262,50033  	15,04611  	-145257,97740  	403,45978  	0,07567  	-Inf  	-Inf  	0,00377  	0,00424  	0,00396  	0,00537  	-7,61981  	0,00399  	0,00414  
104,17718  	-244,98909  	1327,75450  	-244,98909  	25,10171  	0,04366  	0,07121  	70516,70028  	0,05129  	0,10228  	0,58778  	0,58539  	734445,61401  	3183,53708  	15,13799  	20812220,56788  	17,13899  	0,17243  	-Inf  	-Inf  	0,00377  	0,00424  	0,00396  	0,00537  	1092,32696  	0,00398  	0,00414  
105,18019  	-244,98909  	1327,75450  	-244,98909  	25,10322  	0,04945  	0,07152  	85706,53851  	0,05051  	0,10207  	0,59035  	0,58796  	732938,28747  	3605,84450  	14,90842  	25295332,54600  	17,10399  	0,19531  	-Inf  	-Inf  	0,00377  	0,00423  	0,00396  	0,00537  	1327,62170  	0,00400  	0,00414  
106,18078  	1100,48686  	1327,75450  	-244,98909  	25,10276  	0,04599  	0,07103  	85706,53851  	0,05018  	0,10184  	0,58625  	0,58386  	2911624,68547  	2496680,05675  	14,81028  	25295332,54600  	0,33692  	0,18163  	NaN  	NaN  	0,00377  	0,00423  	0,00397  	0,00536  	1327,62170  	0,00399  	0,00413  
107,18079  	-21,87105  	-21,88041  	1104,70249  	25,10210  	0,04858  	0,07152  	85706,53851  	0,05018  	0,10168  	0,59035  	0,58795  	127027,10413  	229,93008  	14,80872  	25295332,54600  	325,46033  	0,19180  	NaN  	NaN  	0,00376  	0,00423  	0,00396  	0,00537  	1327,62170  	0,00400  	0,00413  
108,18355  	1109,37471  	1109,31789  	1327,82053  	25,10120  	0,04564  	0,07128  	85706,53851  	0,05053  	0,10239  	0,58833  	0,58594  	571728197,18786  	362883,06532  	14,91358  	25295332,54600  	0,32683  	0,00514  	-Inf  	-Inf  	0,00377  	0,00423  	0,00396  	0,00537  	1327,62170  	0,00399  	0,00414  
109,18371  	-29,01464  	-29,02370  	1327,82053  	25,10079  	0,05463  	0,07145  	85706,53851  	0,05096  	0,10281  	0,58975  	0,58736  	498190,57968  	312,45915  	15,04087  	25295332,54600  	296,34612  	0,09474  	NaN  	NaN  	0,00377  	0,00424  	0,00396  	0,00537  	1327,62170  	0,00402  	0,00414  
110,18376  	1114,47308  	1114,41605  	1327,82053  	25,10211  	0,04755  	0,07112  	85706,53851  	0,05082  	0,10160  	0,58698  	0,58459  	577508482,26271  	380565,34985  	14,99887  	25295332,54600  	0,31774  	0,00531  	-Inf  	-Inf  	0,00376  	0,00424  	0,00397  	0,00537  	1327,62170  	0,00399  	0,00413  
111,18659  	-36,35109  	1327,75450  	-36,35108  	25,10192  	0,04626  	0,07134  	85706,53851  	0,04997  	0,10255  	0,58882  	0,58643  	543449,07104  	267,31958  	14,74889  	25295332,54600  	265,12572  	0,08230  	-Inf  	-Inf  	0,00377  	0,00423  	0,00396  	0,00537  	1327,62170  	0,00399  	0,00414  
112,18745  	1120,10277  	-37,28010  	-244,98909  	25,10062  	0,04663  	0,07149  	85706,53851  	0,05004  	0,10226  	0,59004  	0,58765  	14064,49744  	375398,51130  	14,76846  	25295332,54600  	0,31272  	4,26994  	Inf  	-Inf  	0,00377  	0,00423  	0,00396  	0,00537  	1327,62170  	0,00399  	0,00414  
113,18736  	1327,82048  	-244,98909  	1122,89010  	25,10194  	0,05144  	0,07147  	85706,53851  	0,05007  	0,10215  	0,58992  	0,58753  	841278,63228  	8247237,02729  	14,77879  	25295332,54600  	0,14763  	0,53917  	Inf  	-Inf  	0,00377  	0,00423  	0,00396  	0,00537  	1327,62170  	0,00400  	0,00414  
114,18899  	1327,82048  	1125,58945  	1327,82053  	25,10190  	0,04651  	0,07112  	-2765,93753  	0,05110  	0,10238  	0,58704  	0,58465  	716235972,11599  	1102517,06627  	15,08127  	-816335,72858  	0,14796  	0,00509  	-Inf  	-Inf  	0,00376  	0,00424  	0,00397  	0,00537  	-42,84112  	0,00399  	0,00414  
115,19064  	-46,81508  	1327,75450  	1327,82053  	25,10254  	0,04750  	0,07130  	72914,70726  	0,05107  	0,10226  	0,58851  	0,58612  	64990183,38498  	0,01344  	15,07385  	21519965,68503  	225,98662  	0,00372  	-Inf  	-Inf  	0,00377  	0,00424  	0,00397  	0,00537  	1129,47274  	0,00399  	0,00414  
116,19120  	-244,98909  	-48,63139  	-48,62315  	25,10140  	0,04372  	0,07123  	-3140,80878  	0,05038  	0,10255  	0,58791  	0,58552  	179,14448  	0,01671  	14,87015  	-926974,81237  	17,18341  	31,98642  	NaN  	NaN  	0,00376  	0,00423  	0,00396  	0,00537  	-48,64797  	0,00398  	0,00414  
117,19215  	1136,79607  	-244,98909  	1136,79611  	25,10039  	0,04884  	0,07118  	-15815,93170  	0,05089  	0,10225  	0,58755  	0,58516  	801516,43049  	2881889,12834  	15,01818  	-4667896,50935  	0,29281  	0,47528  	NaN  	NaN  	0,00377  	0,00424  	0,00396  	0,00537  	-244,98909  	0,00400  	0,00414  
118,19266  	1327,82048  	-244,98909  	-56,91867  	25,09889  	0,04572  	0,07145  	73566,87900  	0,05125  	0,10334  	0,58978  	0,58739  	22554,57732  	1007913,50033  	15,12679  	21712446,92810  	0,14935  	3,51777  	Inf  	-Inf  	0,00377  	0,00424  	0,00396  	0,00537  	1139,57506  	0,00399  	0,00414  
119,19348  	1327,82048  	1141,63657  	-244,98909  	25,09856  	0,04109  	0,07115  	85706,53851  	0,05011  	0,10207  	0,58726  	0,58487  	973457,92740  	6677964,65131  	14,78939  	25295332,54600  	0,14751  	0,38975  	NaN  	NaN  	0,00377  	0,00423  	0,00396  	0,00537  	1327,62170  	0,00397  	0,00413  
120,19541  	1327,82048  	1327,75450  	-244,98909  	25,09827  	0,05125  	0,07126  	-4072,88832  	0,05082  	0,10246  	0,58817  	0,58578  	3548433,31398  	9448058,91429  	14,99967  	-1202067,73328  	0,14808  	0,20241  	NaN  	NaN  	0,00377  	0,00424  	0,00396  	0,00537  	-63,08614  	0,00400  	0,00414  
