01/15/2025 12:09:38Time	T_hot_in(C)	T_cold_in(C)	T_cold_out(C)	T_hot_out(C)	mdot_cold(kg/s)	ASFASIFUAS(kg/s)	Diferencial_cold(bar)	Diferencial_hot(bar)	mdot_hot(kg/s)	ABS_cold(bar)	ABS_hot(bar)	q_cold(kW)	q_hot(kW)	ASFASYFY	Tau_cold_haste	Re_hot	Re_cold	U_global	PSIG_cold(bar)	R_fouling	PSIG_hot(bar)	PSID_hot(bar)	m_dot_hot	PSID_cold(bar)	m_dot_cold
2,04680  	0,00000  	0,00000  	0,00000  	0,00000  	-1,18512  	-0,20833  	-0,25900  	-0,86180  	-3,02442  	-1,72343  	-1,72415  	-0,00000  	-0,00000  	-254,35069  	-76,44127  	-9234,48090  	-3618,55272  	NaN  	NaN  	0,00000  	0,00000  	0,00000  	0,00000  	0,00000  	0,00000  	0,00000  
3,04806  	-244,98909  	-244,98909  	-244,98909  	25,10233  	0,04546  	0,07214  	85706,53851  	0,05032  	0,10163  	0,59546  	0,59307  	43500,14151  	0,00000  	14,85241  	25295332,54600  	17,02997  	0,87971  	Inf  	-Inf  	0,00377  	0,00423  	0,00397  	0,00539  	1327,62170  	0,00399  	0,00413  
4,05026  	883,67971  	883,63236  	883,67975  	25,10255  	0,04467  	0,09776  	85706,53851  	0,06862  	0,11619  	0,80724  	0,80469  	66445586,48401  	17,01148  	20,25329  	25295332,54600  	1,03455  	0,01996  	-Inf  	-Inf  	0,00376  	0,00432  	0,00397  	0,00588  	1327,62170  	0,00398  	0,00415  
5,05299  	1327,82048  	307,27441  	1327,82053  	25,10285  	0,04717  	0,10032  	19833,33451  	0,07136  	0,12570  	0,82840  	0,82584  	66043507,48468  	5642142,77515  	21,06048  	5853588,30949  	0,18166  	0,02957  	-Inf  	-Inf  	0,00377  	0,00433  	0,00397  	0,00593  	307,22778  	0,00399  	0,00417  
6,05424  	1327,82048  	780,02972  	302,75868  	25,10399  	0,04390  	0,09985  	-15815,93170  	0,07107  	0,12348  	0,82458  	0,82202  	4276967,38388  	2455716,52435  	20,97696  	-4667896,50935  	0,17845  	0,17335  	NaN  	NaN  	0,00376  	0,00433  	0,00396  	0,00592  	-244,98909  	0,00398  	0,00416  
7,05532  	1327,82048  	1327,75450  	783,26578  	25,10371  	0,04714  	0,10029  	50556,35736  	0,07215  	0,12349  	0,82816  	0,82559  	333692017,97729  	3008598,16543  	21,29408  	14921147,13713  	0,17847  	0,00980  	NaN  	NaN  	0,00377  	0,00433  	0,00396  	0,00593  	783,13579  	0,00399  	0,00416  
8,05726  	1327,82048  	1327,75450  	1327,82053  	25,10307  	0,04961  	0,10009  	18997,56207  	0,07135  	0,12348  	0,82656  	0,82400  	1421559283,87919  	384,00543  	21,05899  	5606919,36233  	0,17846  	0,00389  	-Inf  	-Inf  	0,00376  	0,00433  	0,00396  	0,00592  	294,28144  	0,00400  	0,00416  
9,05739  	291,34621  	1327,75450  	291,34623  	25,10275  	0,04933  	0,10015  	-15815,93170  	0,07167  	0,12257  	0,82707  	0,82451  	12351159,16115  	303,20292  	21,15406  	-4667896,50935  	331,66046  	0,03228  	-Inf  	-Inf  	0,00376  	0,00433  	0,00396  	0,00592  	-244,98909  	0,00400  	0,00416  
10,06120  	-244,98909  	1327,75450  	-244,98909  	25,10316  	0,05099  	0,10015  	-15815,93170  	0,07120  	0,12298  	0,82706  	0,82450  	883033,17943  	3718,18690  	21,01509  	-4667896,50935  	20,60662  	0,20139  	-Inf  	-Inf  	0,00376  	0,00433  	0,00397  	0,00592  	-244,98909  	0,00400  	0,00416  
11,06055  	-244,98909  	1327,75450  	799,04194  	25,10479  	0,04365  	0,10033  	-15815,93170  	0,07111  	0,12238  	0,82856  	0,82599  	71887671,06778  	1069,82494  	20,98689  	-4667896,50935  	20,50712  	0,00878  	-Inf  	-Inf  	0,00377  	0,00433  	0,00396  	0,00593  	-244,98909  	0,00398  	0,00416  
12,06087  	-244,98909  	281,14117  	1327,82053  	25,10527  	0,05094  	0,10045  	51744,20407  	0,07187  	0,12274  	0,82949  	0,82692  	12046109,94607  	2472,08826  	21,21158  	15271726,89553  	20,56667  	0,03427  	-Inf  	-Inf  	0,00376  	0,00433  	0,00397  	0,00593  	801,53586  	0,00400  	0,00416  
13,06133  	-244,98909  	-244,98909  	1327,82053  	25,10569  	0,04929  	0,10021  	17896,27085  	0,07115  	0,12223  	0,82751  	0,82494  	878051,30800  	3594,35589  	20,99850  	5281885,49343  	20,48228  	0,19463  	NaN  	NaN  	0,00377  	0,00433  	0,00397  	0,00592  	277,22214  	0,00400  	0,00416  
14,06390  	-244,98909  	806,54727  	276,24002  	25,10606  	0,04657  	0,09998  	52061,99188  	0,07189  	0,12295  	0,82567  	0,82310  	882998,20471  	1144,98943  	21,21892  	15365518,43706  	20,60339  	0,18392  	-Inf  	-Inf  	0,00377  	0,00433  	0,00397  	0,00592  	806,45848  	0,00399  	0,00416  
15,06447  	808,26528  	274,54431  	-244,98909  	25,10695  	0,04918  	0,10048  	85706,53851  	0,07162  	0,12338  	0,82980  	0,82723  	404,29123  	112275,26587  	21,13780  	25295332,54600  	1,65678  	227,11896  	NaN  	NaN  	0,00377  	0,00433  	0,00397  	0,00593  	1327,62170  	0,00400  	0,00416  
16,06619  	1327,82048  	-244,98909  	-244,98909  	25,10695  	0,04548  	0,10036  	85706,53851  	0,07164  	0,12333  	0,82877  	0,82620  	254595,91821  	0,00000  	21,14417  	25295332,54600  	0,17824  	0,87999  	Inf  	-Inf  	0,00377  	0,00433  	0,00396  	0,00593  	1327,62170  	0,00399  	0,00416  
17,06741  	265,67153  	-244,98909  	817,15990  	25,10546  	0,04974  	0,10005  	17146,43582  	0,07180  	0,12301  	0,82623  	0,82367  	8438,23754  	261,06799  	21,19106  	5060580,01701  	564,69578  	4,35604  	NaN  	NaN  	0,00377  	0,00433  	0,00396  	0,00592  	265,60699  	0,00400  	0,00416  
18,06936  	-244,98909  	821,18732  	1327,82053  	25,10431  	0,04371  	0,10012  	53007,02406  	0,07178  	0,12357  	0,82676  	0,82419  	77538971,91754  	1026,73406  	21,18388  	15644434,18333  	20,70675  	0,00842  	-Inf  	-Inf  	0,00377  	0,00433  	0,00397  	0,00592  	821,09729  	0,00398  	0,00416  
19,07139  	-244,98909  	1327,75450  	1327,82053  	25,10460  	0,04456  	0,10016  	16586,15011  	0,07143  	0,12321  	0,82715  	0,82458  	294104677,46958  	0,13643  	21,08281  	4895217,91371  	20,64667  	0,00349  	-Inf  	-Inf  	0,00376  	0,00433  	0,00397  	0,00592  	256,92801  	0,00398  	0,00416  
20,07404  	-244,98909  	253,57063  	253,59156  	25,10582  	0,04871  	0,10035  	53523,91545  	0,07219  	0,12292  	0,82866  	0,82609  	3779,97830  	0,04728  	21,30469  	15796988,93546  	20,59736  	8,11144  	-Inf  	-Inf  	0,00377  	0,00433  	0,00397  	0,00593  	829,10408  	0,00400  	0,00416  
21,07408  	831,09417  	831,04902  	-244,98909  	25,10584  	0,04553  	0,10010  	85706,53851  	0,07187  	0,12304  	0,82663  	0,82407  	33873,86327  	260163,26110  	21,21122  	25295332,54600  	1,45241  	3,51880  	NaN  	NaN  	0,00377  	0,00433  	0,00396  	0,00592  	1327,62170  	0,00399  	0,00416  
22,07512  	1327,82048  	247,88547  	834,92528  	25,10520  	0,04539  	0,09964  	85706,53851  	0,07201  	0,12281  	0,82283  	0,82027  	4254559,70867  	3123563,75776  	21,25424  	25295332,54600  	0,17749  	0,17924  	NaN  	NaN  	0,00376  	0,00433  	0,00396  	0,00591  	1327,62170  	0,00399  	0,00416  
23,07550  	244,13360  	838,65233  	1327,82053  	25,10392  	0,04678  	0,09987  	15756,19532  	0,07116  	0,12251  	0,82468  	0,82212  	65623916,63513  	103,77532  	21,00152  	4650265,97855  	886,23153  	0,00870  	-Inf  	-Inf  	0,00377  	0,00433  	0,00396  	0,00592  	244,07178  	0,00399  	0,00416  
24,07686  	840,57267  	242,23828  	1327,82053  	25,10561  	0,04495  	0,10031  	54255,43214  	0,07171  	0,12299  	0,82833  	0,82576  	31095710,84702  	279807,56305  	21,16382  	16012887,95734  	1,37783  	0,03366  	-Inf  	-Inf  	0,00377  	0,00433  	0,00397  	0,00593  	840,43547  	0,00398  	0,00416  
25,07824  	238,37135  	844,41433  	238,37137  	25,10669  	0,04797  	0,10026  	85706,53851  	0,07125  	0,12287  	0,82798  	0,82541  	696729,81269  	129,88990  	21,02928  	25295332,54600  	1000,63188  	0,18944  	-Inf  	-Inf  	0,00377  	0,00433  	0,00396  	0,00593  	1327,62170  	0,00399  	0,00416  
26,07939  	846,34176  	1327,75450  	846,34179  	25,10729  	0,04849  	0,10010  	85706,53851  	0,07128  	0,12258  	0,82659  	0,82403  	251742275,83343  	140207,80963  	21,03775  	25295332,54600  	1,33060  	0,00888  	-Inf  	-Inf  	0,00377  	0,00433  	0,00397  	0,00592  	1327,62170  	0,00400  	0,00416  
27,08196  	232,16245  	232,14243  	232,16246  	25,10698  	0,04669  	0,10024  	85706,53851  	0,07118  	0,12286  	0,82774  	0,82517  	1473,53714  	0,00412  	21,00922  	25295332,54600  	1132,39073  	12,65135  	-Inf  	-Inf  	0,00377  	0,00433  	0,00397  	0,00592  	1327,62170  	0,00399  	0,00416  
28,08196  	-244,98909  	854,36182  	854,40798  	25,10674  	0,04858  	0,10044  	14742,12919  	0,07109  	0,12344  	0,82941  	0,82684  	17875582,18336  	0,10395  	20,98043  	4350975,62947  	20,68467  	0,02513  	-Inf  	-Inf  	0,00377  	0,00433  	0,00396  	0,00593  	228,36362  	0,00400  	0,00416  
29,08230  	-244,98909  	224,85273  	1327,82053  	25,10718  	0,04894  	0,09971  	55377,69018  	0,07083  	0,12297  	0,82339  	0,82083  	9578939,32341  	2502,42959  	20,90338  	16344109,94878  	20,60557  	0,03848  	-Inf  	-Inf  	0,00376  	0,00433  	0,00396  	0,00591  	857,81956  	0,00400  	0,00416  
30,08178  	859,53145  	859,48511  	1327,82053  	25,10848  	0,04772  	0,09976  	85706,53851  	0,07242  	0,12316  	0,82380  	0,82123  	267055636,73257  	149008,21806  	21,37463  	25295332,54600  	1,24505  	0,00852  	-Inf  	-Inf  	0,00376  	0,00434  	0,00396  	0,00592  	1327,62170  	0,00399  	0,00416  
31,08375  	1327,82048  	1327,75450  	1327,82053  	25,10895  	0,05094  	0,10044  	14303,88953  	0,07304  	0,12316  	0,82940  	0,82683  	1417847599,58676  	394,34645  	21,55594  	4221634,06205  	0,17799  	0,00399  	-Inf  	-Inf  	0,00377  	0,00434  	0,00396  	0,00593  	221,57517  	0,00400  	0,00416  
32,08595  	1327,82048  	1327,75450  	1327,82053  	25,10795  	0,05197  	0,10036  	55714,49154  	0,07192  	0,12274  	0,82877  	0,82621  	1413076699,05486  	402,30854  	21,22769  	16443513,12889  	0,17739  	0,00407  	-Inf  	-Inf  	0,00376  	0,00433  	0,00396  	0,00593  	863,03670  	0,00401  	0,00416  
33,08557  	1327,82048  	1327,75450  	216,99233  	25,10820  	0,04785  	0,09961  	14004,26672  	0,07166  	0,12313  	0,82257  	0,82001  	44749073,84167  	6229691,63962  	21,14879  	4133203,71837  	0,17795  	0,03848  	NaN  	NaN  	0,00376  	0,00433  	0,00396  	0,00591  	216,93393  	0,00399  	0,00416  
34,08744  	1327,82048  	1327,75450  	-244,98909  	25,10926  	0,04640  	0,10006  	56147,31200  	0,07119  	0,12228  	0,82625  	0,82368  	4234891,13260  	8553651,90417  	21,01040  	16571255,27764  	0,17672  	0,18324  	NaN  	NaN  	0,00376  	0,00433  	0,00397  	0,00592  	869,74121  	0,00399  	0,00416  
35,08933  	1327,82048  	209,21926  	873,59311  	25,11126  	0,04639  	0,10005  	13503,75769  	0,07119  	0,12282  	0,82623  	0,82367  	4254982,11068  	3612922,33260  	21,00965  	3985484,04184  	0,17751  	0,18318  	NaN  	NaN  	0,00376  	0,00433  	0,00396  	0,00592  	209,18091  	0,00399  	0,00416  
36,09020  	1327,82048  	876,06906  	1327,82053  	25,10947  	0,04743  	0,10021  	-15815,93170  	0,07198  	0,12324  	0,82755  	0,82499  	437674364,54672  	2511774,74507  	21,24531  	-4667896,50935  	0,17810  	0,00820  	-Inf  	-Inf  	0,00377  	0,00433  	0,00396  	0,00592  	-244,98909  	0,00399  	0,00416  
37,08976  	202,40743  	1327,75450  	202,40745  	25,10960  	0,04739  	0,10033  	-15815,93170  	0,07201  	0,12330  	0,82853  	0,82597  	5733640,85791  	227,22766  	21,25296  	-4667896,50935  	1831,38552  	0,03973  	-Inf  	-Inf  	0,00377  	0,00433  	0,00396  	0,00593  	-244,98909  	0,00399  	0,00416  
38,08996  	881,72478  	201,08789  	-244,98909  	25,11039  	0,04508  	0,10008  	-15815,93170  	0,07202  	0,12354  	0,82641  	0,82385  	475,52329  	159215,16389  	21,25726  	-4667896,50935  	1,11114  	71,35380  	NaN  	NaN  	0,00376  	0,00433  	0,00396  	0,00592  	-244,98909  	0,00398  	0,00416  
39,09055  	199,17233  	883,61171  	-244,98909  	25,11086  	0,05321  	0,10013  	-15815,93170  	0,07125  	0,12349  	0,82684  	0,82428  	13921,30955  	255,39657  	21,02937  	-4667896,50935  	1899,11315  	2,64611  	NaN  	NaN  	0,00376  	0,00433  	0,00396  	0,00592  	-244,98909  	0,00401  	0,00416  
40,09217  	884,91731  	197,89550  	884,91734  	25,11190  	0,04999  	0,10047  	57117,81090  	0,07181  	0,12124  	0,82965  	0,82709  	2772219,38026  	278591,46089  	21,19303  	16857687,24401  	1,07257  	0,19738  	-Inf  	-Inf  	0,00376  	0,00433  	0,00396  	0,00593  	884,77450  	0,00400  	0,00416  
41,09422  	195,59843  	-244,98909  	1327,82053  	25,11373  	0,04608  	0,10018  	12623,32372  	0,07262  	0,12327  	0,82730  	0,82474  	558948,66159  	307,69764  	21,43335  	3725633,73681  	1960,43030  	0,18195  	NaN  	NaN  	0,00377  	0,00434  	0,00396  	0,00592  	195,54274  	0,00399  	0,00416  
42,09551  	-244,98909  	890,98617  	191,79758  	25,11613  	0,04836  	0,09984  	57512,62321  	0,07248  	0,12294  	0,82445  	0,82189  	882913,78489  	1567,21440  	21,39042  	16974211,71190  	20,60326  	0,19097  	-Inf  	-Inf  	0,00376  	0,00434  	0,00397  	0,00592  	890,89025  	0,00400  	0,00416  
43,09740  	893,05501  	1327,75450  	893,05505  	25,11877  	0,04692  	0,10030  	85706,53851  	0,07156  	0,12294  	0,82826  	0,82570  	305345553,00051  	175965,82719  	21,12128  	25295332,54600  	1,04293  	0,00785  	-Inf  	-Inf  	0,00377  	0,00433  	0,00396  	0,00593  	1327,62170  	0,00399  	0,00416  
44,09949  	1327,82048  	1327,75450  	1327,82053  	25,12019  	0,04792  	0,10038  	85706,53851  	0,07175  	0,12319  	0,82890  	0,82634  	1418179854,04737  	370,91919  	21,17602  	25295332,54600  	0,17802  	0,00375  	-Inf  	-Inf  	0,00377  	0,00433  	0,00397  	0,00593  	1327,62170  	0,00399  	0,00416  
45,10175  	178,96656  	1327,75450  	1327,82053  	25,12229  	0,04943  	0,09991  	85706,53851  	0,07188  	0,12234  	0,82506  	0,82250  	166329390,95367  	0,01378  	21,21313  	25295332,54600  	2127,23230  	0,00387  	-Inf  	-Inf  	0,00376  	0,00433  	0,00396  	0,00592  	1327,62170  	0,00400  	0,00416  
46,10262  	908,96934  	1327,75450  	1327,82053  	25,12355  	0,04670  	0,09978  	85706,53851  	0,07134  	0,12247  	0,82400  	0,82144  	956580597,52276  	29,95373  	21,05405  	25295332,54600  	0,95844  	0,00366  	-Inf  	-Inf  	0,00376  	0,00433  	0,00396  	0,00592  	1327,62170  	0,00399  	0,00416  
47,10443  	169,93545  	169,91805  	1327,82053  	25,12539  	0,04599  	0,10025  	85706,53851  	0,07183  	0,12276  	0,82782  	0,82525  	4055615,45532  	224,37888  	21,20065  	25295332,54600  	2147,26323  	0,04237  	-Inf  	-Inf  	0,00376  	0,00433  	0,00396  	0,00592  	1327,62170  	0,00399  	0,00416  
48,10589  	914,30302  	914,25439  	168,52838  	25,12713  	0,04236  	0,09994  	85706,53851  	0,07105  	0,12331  	0,82527  	0,82271  	2915278,97066  	319123,07793  	20,96956  	25295332,54600  	0,93965  	0,16728  	NaN  	NaN  	0,00376  	0,00433  	0,00396  	0,00592  	1327,62170  	0,00398  	0,00416  
49,10587  	1327,82048  	163,34047  	919,47383  	25,12894  	0,04831  	0,10006  	85706,53851  	0,07214  	0,12346  	0,82628  	0,82371  	4276969,31180  	4282169,53959  	21,29229  	25295332,54600  	0,17841  	0,19075  	NaN  	NaN  	0,00377  	0,00433  	0,00397  	0,00592  	1327,62170  	0,00399  	0,00416  
50,10637  	1327,82048  	923,00200  	159,78041  	25,12897  	0,04835  	0,10049  	10311,32399  	0,07165  	0,12306  	0,82981  	0,82724  	4262285,85001  	4325973,21022  	21,14724  	3043272,70522  	0,17784  	0,19094  	NaN  	NaN  	0,00377  	0,00433  	0,00396  	0,00593  	159,72924  	0,00399  	0,00416  
51,10824  	158,41616  	1327,75450  	924,41527  	25,13033  	0,04465  	0,10059  	59667,34206  	0,07187  	0,12321  	0,83071  	0,82814  	51358751,62554  	75,75262  	21,21145  	17610153,03779  	2099,33198  	0,00704  	-Inf  	-Inf  	0,00377  	0,00433  	0,00397  	0,00593  	924,26744  	0,00398  	0,00416  
52,10760  	927,77226  	1327,75450  	1327,82053  	25,13109  	0,04558  	0,10046  	85706,53851  	0,07152  	0,12298  	0,82958  	0,82702  	981014287,65157  	33,53490  	21,10773  	25295332,54600  	0,87677  	0,00357  	-Inf  	-Inf  	0,00377  	0,00433  	0,00396  	0,00593  	1327,62170  	0,00399  	0,00416  
53,10897  	153,86637  	1327,75450  	1327,82053  	25,13364  	0,04897  	0,09995  	85706,53851  	0,07086  	0,12242  	0,82538  	0,82282  	139268910,94793  	0,01359  	20,91257  	25295332,54600  	2047,99105  	0,00384  	-Inf  	-Inf  	0,00376  	0,00433  	0,00396  	0,00592  	1327,62170  	0,00400  	0,00416  
54,10844  	932,25982  	150,55498  	1327,82053  	25,13436  	0,04880  	0,10016  	85706,53851  	0,07171  	0,12317  	0,82708  	0,82451  	23415579,55270  	661066,23355  	21,16445  	25295332,54600  	0,85903  	0,04761  	-Inf  	-Inf  	0,00376  	0,00433  	0,00396  	0,00592  	1327,62170  	0,00400  	0,00416  
55,10846  	148,52761  	934,25430  	1327,82053  	25,13586  	0,04471  	0,09986  	85706,53851  	0,07107  	0,12285  	0,82462  	0,82206  	48743471,21957  	73,91490  	20,97598  	25295332,54600  	2002,84145  	0,00692  	-Inf  	-Inf  	0,00377  	0,00433  	0,00396  	0,00592  	1327,62170  	0,00398  	0,00416  
56,10913  	936,50546  	1327,75450  	1327,82053  	25,13661  	0,04553  	0,09998  	85706,53851  	0,07106  	0,12313  	0,82560  	0,82303  	991674077,98547  	35,66383  	20,97380  	25295332,54600  	0,84120  	0,00357  	-Inf  	-Inf  	0,00377  	0,00433  	0,00396  	0,00592  	1327,62170  	0,00399  	0,00416  
57,10987  	145,06768  	1327,75450  	1327,82053  	25,13740  	0,04485  	0,10028  	85706,53851  	0,07110  	0,12276  	0,82809  	0,82552  	130114271,67578  	0,01244  	20,98568  	25295332,54600  	1964,27792  	0,00352  	-Inf  	-Inf  	0,00377  	0,00433  	0,00396  	0,00593  	1327,62170  	0,00398  	0,00416  
58,11056  	938,71067  	1327,75450  	1327,82053  	25,13775  	0,04792  	0,10035  	9300,51609  	0,07132  	0,12278  	0,82865  	0,82609  	991261928,69340  	38,13396  	21,04784  	2744943,98553  	0,82991  	0,00376  	-Inf  	-Inf  	0,00376  	0,00433  	0,00397  	0,00593  	144,07155  	0,00399  	0,00416  
59,11406  	1327,82048  	142,70757  	142,72385  	25,13814  	0,04623  	0,10031  	60680,25746  	0,07158  	0,12321  	0,82839  	0,82583  	772,51025  	88,22102  	21,12582  	17909103,76411  	0,17805  	237,63629  	NaN  	NaN  	0,00377  	0,00433  	0,00396  	0,00593  	939,95777  	0,00399  	0,00416  
60,11549  	1327,82048  	944,78735  	944,83730  	25,14076  	0,04638  	0,10029  	85706,53851  	0,07131  	0,12305  	0,82816  	0,82559  	164023275,23178  	271,65174  	21,04596  	25295332,54600  	0,17782  	0,01552  	NaN  	NaN  	0,00376  	0,00433  	0,00396  	0,00593  	1327,62170  	0,00399  	0,00416  
61,11611  	1327,82048  	1327,75450  	1327,82053  	25,14348  	0,04645  	0,10007  	8739,09402  	0,07190  	0,12317  	0,82635  	0,82379  	1418003715,81820  	359,64394  	21,22059  	2579246,49905  	0,17799  	0,00364  	-Inf  	-Inf  	0,00377  	0,00433  	0,00397  	0,00592  	135,37497  	0,00399  	0,00416  
62,11675  	1327,82048  	130,99934  	1327,82053  	25,14433  	0,04071  	0,10032  	-15815,93170  	0,07198  	0,12332  	0,82841  	0,82585  	30863497,83203  	5711551,88380  	21,24324  	-4667896,50935  	0,17820  	0,04212  	-Inf  	-Inf  	0,00377  	0,00433  	0,00396  	0,00593  	-244,98909  	0,00397  	0,00416  
63,11723  	128,00674  	954,77431  	128,00675  	25,14609  	0,04626  	0,09980  	-15815,93170  	0,07229  	0,12281  	0,82413  	0,82157  	335862,98506  	160,32312  	21,33578  	-4667896,50935  	1764,62216  	0,18270  	-Inf  	-Inf  	0,00377  	0,00434  	0,00397  	0,00592  	-244,98909  	0,00399  	0,00416  
64,11791  	956,61982  	126,19600  	956,61986  	25,14541  	0,04588  	0,10042  	61746,09940  	0,07149  	0,12285  	0,82927  	0,82671  	3043228,37673  	520831,83120  	21,10003  	18223675,16903  	0,76221  	0,18116  	-Inf  	-Inf  	0,00377  	0,00433  	0,00396  	0,00593  	956,46795  	0,00399  	0,00416  
65,11948  	1327,82048  	959,45180  	1327,82053  	25,14540  	0,04952  	0,09993  	7958,44593  	0,07195  	0,12281  	0,82517  	0,82261  	551814945,42530  	2138522,76305  	21,23651  	2348846,88892  	0,17747  	0,00731  	-Inf  	-Inf  	0,00376  	0,00433  	0,00396  	0,00592  	123,28251  	0,00400  	0,00416  
66,12200  	119,61105  	1327,75450  	119,61106  	25,14660  	0,04575  	0,09992  	-15815,93170  	0,07205  	0,12336  	0,82513  	0,82257  	2126388,30832  	231,51308  	21,26337  	-4667896,50935  	1672,24513  	0,04901  	-Inf  	-Inf  	0,00377  	0,00433  	0,00397  	0,00592  	-244,98909  	0,00399  	0,00416  
67,12451  	965,73482  	1327,75450  	965,73486  	25,14705  	0,04611  	0,10028  	62334,45904  	0,07221  	0,12248  	0,82809  	0,82553  	404215785,46660  	243054,01622  	21,31096  	18397322,97930  	0,72794  	0,00673  	-Inf  	-Inf  	0,00377  	0,00433  	0,00396  	0,00593  	965,58181  	0,00399  	0,00416  
68,12679  	1327,82048  	1327,75450  	114,22317  	25,14867  	0,05183  	0,09956  	7370,67359  	0,07144  	0,12223  	0,82216  	0,81960  	28354342,07784  	7374577,26360  	21,08606  	2175372,41446  	0,17662  	0,05645  	NaN  	NaN  	0,00377  	0,00433  	0,00396  	0,00591  	114,17776  	0,00401  	0,00416  
69,12879  	1327,82048  	1327,75450  	973,53898  	25,14962  	0,05081  	0,10002  	-15815,93170  	0,07194  	0,12286  	0,82593  	0,82337  	573751705,67894  	2110259,91951  	21,23189  	-4667896,50935  	0,17753  	0,00731  	NaN  	NaN  	0,00376  	0,00433  	0,00396  	0,00592  	-244,98909  	0,00400  	0,00416  
70,13070  	1327,82048  	1327,75450  	1327,82053  	25,15050  	0,04716  	0,10007  	63308,00429  	0,07143  	0,12275  	0,82640  	0,82383  	1413104076,80141  	365,14306  	21,08230  	18684654,04306  	0,17737  	0,00370  	-Inf  	-Inf  	0,00376  	0,00433  	0,00397  	0,00592  	980,66229  	0,00399  	0,00416  
71,13183  	1327,82048  	1327,75450  	1327,82053  	25,14997  	0,04347  	0,09996  	6225,13091  	0,07201  	0,12270  	0,82546  	0,82289  	1412494609,00769  	336,55315  	21,25219  	1837278,21978  	0,17730  	0,00341  	-Inf  	-Inf  	0,00376  	0,00433  	0,00396  	0,00592  	96,43299  	0,00398  	0,00416  
72,13463  	91,07596  	1327,75450  	1327,82053  	25,14976  	0,04687  	0,10017  	64014,04987  	0,07127  	0,12318  	0,82716  	0,82460  	71768481,04395  	0,01294  	21,03573  	18893035,55216  	1355,59067  	0,00367  	-Inf  	-Inf  	0,00377  	0,00433  	0,00396  	0,00592  	991,59913  	0,00399  	0,00416  
73,13659  	993,95605  	1327,75450  	1327,82053  	25,15088  	0,04829  	0,09999  	5734,51071  	0,07058  	0,12329  	0,82572  	0,82315  	1055542142,48104  	56,23388  	20,83058  	1692477,11783  	0,64340  	0,00378  	-Inf  	-Inf  	0,00377  	0,00433  	0,00397  	0,00592  	88,83315  	0,00399  	0,00416  
74,13776  	1327,82048  	1327,75450  	85,48575  	25,15056  	0,04649  	0,10046  	-15815,93170  	0,07267  	0,12412  	0,82959  	0,82702  	25238034,40778  	6771011,34078  	21,44818  	-4667896,50935  	0,17936  	0,05535  	NaN  	NaN  	0,00377  	0,00434  	0,00396  	0,00593  	-244,98909  	0,00399  	0,00416  
75,13994  	1327,82048  	1327,75450  	1004,14543  	25,15052  	0,04693  	0,09998  	-15815,93170  	0,07049  	0,12349  	0,82563  	0,82307  	626932371,81081  	1780457,48407  	20,80479  	-4667896,50935  	0,17844  	0,00638  	NaN  	NaN  	0,00377  	0,00433  	0,00396  	0,00592  	-244,98909  	0,00399  	0,00416  
76,14260  	75,79369  	75,78023  	1327,82053  	25,15018  	0,04824  	0,10063  	65000,49734  	0,07201  	0,12328  	0,83100  	0,82843  	931792,80729  	252,53479  	21,25288  	19184174,56248  	1203,97677  	0,05920  	-Inf  	-Inf  	0,00377  	0,00433  	0,00396  	0,00593  	1006,87947  	0,00399  	0,00416  
77,14554  	1010,30641  	1010,25374  	1327,82053  	25,15134  	0,04459  	0,10040  	85706,53851  	0,07261  	0,12271  	0,82907  	0,82651  	479075757,91906  	278214,34623  	21,43047  	25295332,54600  	0,59503  	0,00599  	-Inf  	-Inf  	0,00377  	0,00434  	0,00397  	0,00593  	1327,62170  	0,00398  	0,00416  
78,15033  	1327,82048  	1327,75450  	1327,82053  	25,15342  	0,04835  	0,10050  	85706,53851  	0,07184  	0,12287  	0,82992  	0,82736  	1414505393,62046  	374,32721  	21,20158  	25295332,54600  	0,17755  	0,00379  	-Inf  	-Inf  	0,00377  	0,00433  	0,00396  	0,00593  	1327,62170  	0,00399  	0,00416  
79,15108  	1327,82048  	61,40582  	1327,82053  	25,15424  	0,05034  	0,10010  	3962,22451  	0,07132  	0,12287  	0,82658  	0,82402  	22328582,41527  	7475024,95657  	21,05044  	1169406,53892  	0,17755  	0,06468  	-Inf  	-Inf  	0,00377  	0,00433  	0,00396  	0,00592  	61,37995  	0,00400  	0,00416  
80,15346  	1327,82048  	1027,07831  	1327,82053  	25,15472  	0,04710  	0,10050  	66297,53303  	0,07221  	0,12314  	0,82993  	0,82737  	665174639,16213  	1660908,24208  	21,31214  	19566980,23408  	0,17794  	0,00614  	-Inf  	-Inf  	0,00377  	0,00433  	0,00397  	0,00593  	1026,97090  	0,00399  	0,00416  
81,15506  	1327,82048  	1327,75450  	1327,82053  	25,15455  	0,04439  	0,09983  	85706,53851  	0,07137  	0,12358  	0,82435  	0,82179  	1422672849,83739  	343,69441  	21,06494  	25295332,54600  	0,17857  	0,00348  	-Inf  	-Inf  	0,00377  	0,00433  	0,00396  	0,00592  	1327,62170  	0,00398  	0,00416  
82,15573  	44,00328  	1327,75450  	1327,82053  	25,15604  	0,04878  	0,10007  	85706,53851  	0,07081  	0,12354  	0,82635  	0,82378  	20576874,91984  	0,01347  	20,89864  	25295332,54600  	906,22443  	0,00382  	-Inf  	-Inf  	0,00377  	0,00433  	0,00396  	0,00592  	1327,62170  	0,00400  	0,00416  
83,15639  	1042,05516  	1327,75450  	1327,82053  	25,15729  	0,04313  	0,10034  	85706,53851  	0,07106  	0,12238  	0,82864  	0,82607  	1099781826,60589  	68,66336  	20,97225  	25295332,54600  	0,51646  	0,00338  	-Inf  	-Inf  	0,00377  	0,00433  	0,00397  	0,00593  	1327,62170  	0,00398  	0,00416  
84,15770  	38,40568  	38,39379  	1327,82053  	25,15684  	0,04837  	0,09990  	2476,77068  	0,07138  	0,12305  	0,82498  	0,82242  	203783,31499  	260,90781  	21,06780  	730991,34681  	851,96125  	0,06694  	-Inf  	-Inf  	0,00377  	0,00433  	0,00397  	0,00592  	38,36987  	0,00400  	0,00416  
85,15948  	-244,98909  	1047,28923  	1327,82053  	25,15735  	0,04565  	0,10035  	67602,17157  	0,07153  	0,12408  	0,82871  	0,82615  	146708872,61652  	593,12856  	21,10996  	19952029,80362  	20,80380  	0,00574  	-Inf  	-Inf  	0,00377  	0,00433  	0,00397  	0,00593  	1047,18011  	0,00399  	0,00416  
86,16085  	-244,98909  	32,81211  	32,82377  	25,15749  	0,04825  	0,10003  	85706,53851  	0,07102  	0,12309  	0,82606  	0,82350  	139,08645  	0,02607  	20,96199  	25295332,54600  	20,63670  	341,41233  	-Inf  	-Inf  	0,00376  	0,00433  	0,00396  	0,00592  	1327,62170  	0,00399  	0,00416  
87,16054  	1055,73636  	1055,68180  	-244,98909  	25,15657  	0,04234  	0,10054  	1746,68500  	0,07121  	0,12275  	0,83024  	0,82767  	457865,36915  	1447218,55512  	21,01648  	515514,66963  	0,48866  	0,64903  	NaN  	NaN  	0,00377  	0,00433  	0,00397  	0,00593  	27,06064  	0,00398  	0,00416  
88,16052  	24,22207  	1327,75450  	1058,60937  	25,15704  	0,04760  	0,09990  	68329,36704  	0,07048  	0,12255  	0,82496  	0,82240  	516656,41751  	53,58661  	20,80042  	20166653,46754  	724,65324  	0,00586  	-Inf  	-Inf  	0,00376  	0,00433  	0,00397  	0,00592  	1058,44457  	0,00399  	0,00416  
89,16200  	1060,02117  	1327,75450  	22,81023  	25,15704  	0,04783  	0,09998  	85706,53851  	0,07134  	0,12362  	0,82565  	0,82309  	14824313,09809  	1684475,75649  	21,05592  	25295332,54600  	0,48328  	0,06967  	NaN  	NaN  	0,00377  	0,00433  	0,00396  	0,00592  	1327,62170  	0,00399  	0,00416  
90,16411  	1327,82048  	1327,75450  	1060,70404  	25,15793  	0,04683  	0,10004  	85706,53851  	0,07171  	0,12293  	0,82610  	0,82354  	726080380,94750  	1466383,75841  	21,16534  	25295332,54600  	0,17763  	0,00575  	NaN  	NaN  	0,00376  	0,00433  	0,00397  	0,00592  	1327,62170  	0,00399  	0,00416  
91,16565  	20,54611  	1327,75450  	1327,82053  	25,15825  	0,04549  	0,10020  	85706,53851  	0,07069  	0,12298  	0,82741  	0,82485  	5012757,16823  	0,01257  	20,86443  	25295332,54600  	696,25120  	0,00357  	-Inf  	-Inf  	0,00377  	0,00433  	0,00396  	0,00592  	1327,62170  	0,00399  	0,00416  
92,16932  	-244,98909  	15,87916  	1327,82053  	25,15828  	0,04567  	0,09974  	85706,53851  	0,07160  	0,12287  	0,82361  	0,82105  	3719385,39023  	2775,11405  	21,13288  	25295332,54600  	20,60010  	0,06804  	NaN  	NaN  	0,00376  	0,00433  	0,00397  	0,00591  	1327,62170  	0,00399  	0,00416  
93,16951  	1071,23394  	1071,17872  	1327,82053  	25,15999  	0,04703  	0,09984  	85706,53851  	0,07079  	0,12306  	0,82449  	0,82193  	600156804,32873  	349091,07426  	20,89240  	25295332,54600  	0,45899  	0,00567  	-Inf  	-Inf  	0,00377  	0,00433  	0,00396  	0,00592  	1327,62170  	0,00399  	0,00416  
94,17065  	1327,82048  	1327,75450  	7,57659  	25,15966  	0,05129  	0,10045  	85706,53851  	0,07186  	0,12324  	0,82948  	0,82692  	17264568,33383  	7939213,71908  	21,20782  	25295332,54600  	0,17809  	0,07858  	NaN  	NaN  	0,00377  	0,00433  	0,00396  	0,00593  	1327,62170  	0,00400  	0,00416  
95,17230  	1327,82048  	2,28185  	-244,98909  	25,15874  	0,04572  	0,09983  	85706,53851  	0,07100  	0,12261  	0,82436  	0,82180  	10814,62348  	1325584,27507  	20,95628  	25295332,54600  	0,17717  	6,08282  	Inf  	-Inf  	0,00377  	0,00433  	0,00397  	0,00592  	1327,62170  	0,00399  	0,00416  
96,17465  	-2,00150  	-244,98909  	1084,83293  	25,15926  	0,04754  	0,10009  	85706,53851  	0,07128  	0,12300  	0,82654  	0,82398  	15499,61018  	264,62440  	21,03619  	25295332,54600  	521,43321  	0,61525  	NaN  	NaN  	0,00376  	0,00433  	0,00396  	0,00592  	1327,62170  	0,00399  	0,00416  
97,17723  	-244,98909  	1085,62484  	1327,82053  	25,16045  	0,04623  	0,10015  	-186,17441  	0,07222  	0,12345  	0,82703  	0,82447  	161486221,64711  	518,65518  	21,31426  	-54947,30773  	20,69880  	0,00543  	-Inf  	-Inf  	0,00377  	0,00433  	0,00396  	0,00592  	-2,87988  	0,00399  	0,00416  
98,17822  	1090,20853  	1327,75450  	-7,37713  	25,16091  	0,04661  	0,10013  	70369,04749  	0,07100  	0,12369  	0,82682  	0,82426  	13152838,18205  	2020329,02235  	20,95405  	20768642,48768  	0,42657  	0,07509  	NaN  	NaN  	0,00377  	0,00433  	0,00396  	0,00592  	1090,03978  	0,00399  	0,00416  
99,17941  	1327,82048  	1327,75450  	1098,05957  	25,16069  	0,04446  	0,10010  	85706,53851  	0,07101  	0,12302  	0,82666  	0,82409  	801376787,79750  	1197473,09464  	20,95639  	25295332,54600  	0,17776  	0,00511  	NaN  	NaN  	0,00376  	0,00433  	0,00396  	0,00592  	1327,62170  	0,00398  	0,00416  
100,18139  	-18,06007  	-18,06959  	-18,06006  	25,16077  	0,04222  	0,09998  	85706,53851  	0,07189  	0,12283  	0,82565  	0,82308  	23,34851  	0,00169  	21,21884  	25295332,54600  	415,77572  	75,10147  	NaN  	NaN  	0,00376  	0,00433  	0,00396  	0,00592  	1327,62170  	0,00398  	0,00416  
101,18242  	1105,19969  	1105,14305  	-244,98909  	25,16188  	0,04309  	0,10016  	-1446,09785  	0,07119  	0,12297  	0,82713  	0,82456  	728250,82157  	2066179,60552  	21,01211  	-426799,71383  	0,39904  	0,49767  	NaN  	NaN  	0,00376  	0,00433  	0,00397  	0,00592  	-22,39644  	0,00398  	0,00416  
102,18339  	1327,82048  	1327,75450  	1107,39483  	25,16328  	0,04950  	0,10039  	71478,39435  	0,07195  	0,12237  	0,82903  	0,82646  	816705046,93155  	1278907,66317  	21,23411  	21096053,88821  	0,17683  	0,00560  	NaN  	NaN  	0,00376  	0,00433  	0,00396  	0,00593  	1107,22386  	0,00400  	0,00416  
103,18492  	-28,55893  	-28,56801  	1327,82053  	25,16348  	0,04884  	0,10042  	85706,53851  	0,07168  	0,12262  	0,82930  	0,82673  	591289,35154  	279,17378  	21,15436  	25295332,54600  	356,19101  	0,08457  	NaN  	NaN  	0,00377  	0,00433  	0,00396  	0,00593  	1327,62170  	0,00400  	0,00416  
104,18541  	1114,46216  	-244,98909  	1327,82053  	25,16239  	0,04792  	0,09976  	85706,53851  	0,07202  	0,12345  	0,82378  	0,82122  	3576374,59186  	2827372,59089  	21,25550  	25295332,54600  	0,38600  	0,18922  	NaN  	NaN  	0,00376  	0,00433  	0,00396  	0,00592  	1327,62170  	0,00399  	0,00416  
105,18603  	1327,82048  	1115,37442  	-32,60010  	25,16303  	0,04854  	0,10007  	-2106,54499  	0,07205  	0,12384  	0,82635  	0,82378  	4288859,52110  	6533471,23974  	21,26610  	-621723,34886  	0,17894  	0,19170  	NaN  	NaN  	0,00376  	0,00433  	0,00396  	0,00592  	-32,62695  	0,00400  	0,00416  
106,18933  	1327,82048  	1327,75450  	1118,57339  	25,16261  	0,04639  	0,09998  	72199,95338  	0,07106  	0,12317  	0,82564  	0,82307  	846105542,55044  	1137844,98229  	20,97361  	21309014,01806  	0,17798  	0,00514  	NaN  	NaN  	0,00377  	0,00433  	0,00397  	0,00592  	1118,40101  	0,00399  	0,00416  
107,19018  	1327,82048  	1327,75450  	1327,82053  	25,16198  	0,05044  	0,10003  	85706,53851  	0,07074  	0,12230  	0,82601  	0,82344  	1407960569,77022  	390,50809  	20,87681  	25295332,54600  	0,17672  	0,00395  	-Inf  	-Inf  	0,00376  	0,00433  	0,00396  	0,00592  	1327,62170  	0,00400  	0,00416  
108,19085  	1327,82048  	-41,80117  	1327,82053  	25,16176  	0,05030  	0,09968  	85706,53851  	0,07161  	0,12328  	0,82317  	0,82061  	13470943,23119  	8078181,75004  	21,13344  	25295332,54600  	0,17814  	0,09118  	NaN  	NaN  	0,00377  	0,00433  	0,00396  	0,00591  	1327,62170  	0,00400  	0,00416  
109,19046  	-45,44182  	1128,21560  	1327,82053  	25,16202  	0,05234  	0,10019  	85706,53851  	0,07112  	0,12296  	0,82732  	0,82476  	46937813,22124  	44,66972  	20,98989  	25295332,54600  	277,66221  	0,00571  	-Inf  	-Inf  	0,00377  	0,00433  	0,00396  	0,00592  	1327,62170  	0,00401  	0,00416  
110,19321  	1131,25853  	1327,75450  	-48,42714  	25,16316  	0,04757  	0,10018  	85706,53851  	0,07188  	0,12359  	0,82726  	0,82470  	11078052,57697  	2708665,26476  	21,21368  	25295332,54600  	0,36160  	0,08827  	NaN  	NaN  	0,00377  	0,00433  	0,00396  	0,00592  	1327,62170  	0,00399  	0,00416  
111,19419  	1327,82048  	-52,28635  	1135,10970  	25,16304  	0,04381  	0,09991  	85706,53851  	0,07177  	0,12300  	0,82508  	0,82252  	4261278,67814  	6098801,51600  	21,18179  	25295332,54600  	0,17773  	0,17297  	Inf  	-Inf  	0,00377  	0,00433  	0,00397  	0,00592  	1327,62170  	0,00398  	0,00416  
112,19568  	1327,82048  	-244,98909  	1327,82053  	25,16328  	0,04738  	0,10025  	85706,53851  	0,07281  	0,12320  	0,82787  	0,82531  	4268263,47628  	8738081,69363  	21,48808  	25295332,54600  	0,17802  	0,18708  	NaN  	NaN  	0,00376  	0,00434  	0,00397  	0,00592  	1327,62170  	0,00399  	0,00416  
113,19694  	1327,82048  	1139,84228  	1327,82053  	25,16360  	0,04582  	0,10060  	-3685,97422  	0,07188  	0,12289  	0,83073  	0,82816  	891692766,13225  	1009960,92167  	21,21333  	-1087874,33650  	0,17758  	0,00490  	-Inf  	-Inf  	0,00376  	0,00433  	0,00396  	0,00593  	-57,09274  	0,00399  	0,00416  
114,19804  	1327,82048  	1327,75450  	-60,26628  	25,16433  	0,04689  	0,09968  	73782,96225  	0,07085  	0,12276  	0,82317  	0,82061  	12184790,45891  	7631185,85491  	20,91023  	21776221,49643  	0,17738  	0,09070  	NaN  	NaN  	0,00376  	0,00433  	0,00396  	0,00591  	1142,92225  	0,00399  	0,00416  
115,19796  	-65,90370  	1327,75450  	-244,98909  	25,16442  	0,04531  	0,10017  	85706,53851  	0,07232  	0,12245  	0,82717  	0,82461  	296451,10482  	317,16127  	21,34297  	25295332,54600  	203,21712  	0,17893  	NaN  	NaN  	0,00376  	0,00434  	0,00396  	0,00592  	1327,62170  	0,00399  	0,00416  
116,19933  	1151,63057  	1327,75450  	-244,98909  	25,16526  	0,05017  	0,10008  	-4443,14048  	0,07176  	0,12302  	0,82648  	0,82391  	3684015,48867  	3668752,60560  	21,18026  	-1311343,54455  	0,33253  	0,19812  	NaN  	NaN  	0,00377  	0,00433  	0,00396  	0,00592  	-68,82145  	0,00400  	0,00416  
117,19955  	1327,82048  	1327,75450  	1152,88943  	25,16523  	0,04900  	0,10036  	74415,00179  	0,07115  	0,12354  	0,82878  	0,82621  	926483799,86176  	1004681,28147  	20,99953  	21962760,94380  	0,17850  	0,00512  	NaN  	NaN  	0,00376  	0,00433  	0,00397  	0,00593  	1152,71271  	0,00400  	0,00416  
118,20418  	1327,82048  	1327,75450  	1327,82053  	25,16521  	0,04910  	0,09993  	85706,53851  	0,07166  	0,12352  	0,82524  	0,82268  	1421960596,61724  	380,18616  	21,15065  	25295332,54600  	0,17848  	0,00385  	-Inf  	-Inf  	0,00377  	0,00433  	0,00396  	0,00592  	1327,62170  	0,00400  	0,00416  
119,20460  	-75,53235  	1327,75450  	-75,53235  	25,16451  	0,05092  	0,10003  	85706,53851  	0,07223  	0,12277  	0,82601  	0,82344  	869313,07237  	328,40552  	21,31645  	25295332,54600  	176,42691  	0,10400  	-Inf  	-Inf  	0,00376  	0,00434  	0,00396  	0,00592  	1327,62170  	0,00400  	0,00416  
120,20704  	1163,58130  	1327,75450  	1163,58134  	25,16273  	0,04837  	0,10034  	-5214,54183  	0,07248  	0,12325  	0,82863  	0,82607  	829996232,88146  	395014,81535  	21,39213  	-1539014,08109  	0,31828  	0,00497  	-Inf  	-Inf  	0,00377  	0,00434  	0,00397  	0,00593  	-80,77067  	0,00400  	0,00416  
121,20873  	1327,82048  	1327,75450  	1327,82053  	25,16253  	0,04546  	0,09964  	75525,89927  	0,07035  	0,12284  	0,82284  	0,82027  	1414094483,63958  	351,94950  	20,76273  	22290629,99191  	0,17749  	0,00356  	-Inf  	-Inf  	0,00376  	0,00433  	0,00397  	0,00591  	1169,92082  	0,00399  	0,00416  
122,20946  	-90,37924  	-90,38572  	-90,37923  	25,16296  	0,05253  	0,10050  	85706,53851  	0,07221  	0,12247  	0,82994  	0,82738  	333,36148  	0,00168  	21,31238  	25295332,54600  	141,33409  	13,46001  	NaN  	NaN  	0,00377  	0,00433  	0,00396  	0,00593  	1327,62170  	0,00401  	0,00416  
