01/15/2025 12:11:47Time	T_hot_in(C)	T_cold_in(C)	T_cold_out(C)	T_hot_out(C)	mdot_cold(kg/s)	ASFASIFUAS(kg/s)	Diferencial_cold(bar)	Diferencial_hot(bar)	mdot_hot(kg/s)	ABS_cold(bar)	ABS_hot(bar)	q_cold(kW)	q_hot(kW)	ASFASYFY	Tau_cold_haste	Re_hot	Re_cold	U_global	PSIG_cold(bar)	R_fouling	PSIG_hot(bar)	PSID_hot(bar)	m_dot_hot	PSID_cold(bar)	m_dot_cold
2,04242  	0,00000  	0,00000  	0,00000  	0,00000  	-1,18512  	-0,20833  	-0,25900  	-0,86180  	-3,02442  	-1,72343  	-1,72415  	-0,00000  	-0,00000  	-254,35069  	-76,44127  	-9234,48090  	-3618,55272  	NaN  	NaN  	0,00000  	0,00000  	0,00000  	0,00000  	0,00000  	0,00000  	0,00000  
3,04320  	1327,82048  	1327,75450  	1327,82053  	25,16442  	0,04870  	0,10069  	85706,53851  	0,07099  	0,12305  	0,83151  	0,82895  	1416605414,95493  	377,05539  	20,95288  	25295332,54600  	0,17781  	0,00382  	-Inf  	-Inf  	0,00377  	0,00433  	0,00396  	0,00593  	1327,62170  	0,00400  	0,00416  
4,04554  	199,34881  	1327,75450  	199,34883  	25,16408  	0,04730  	0,13052  	85706,53851  	0,09181  	0,13513  	1,07813  	1,07539  	6093890,29750  	226,99654  	27,09661  	25295332,54600  	2073,29498  	0,04000  	-Inf  	-Inf  	0,00376  	0,00443  	0,00396  	0,00651  	1327,62170  	0,00399  	0,00418  
5,04705  	-244,98909  	309,00630  	773,80188  	25,16558  	0,04580  	0,13310  	85706,53851  	0,09467  	0,14546  	1,09944  	1,09668  	1044972,99727  	985,95173  	27,93984  	25295332,54600  	24,38933  	0,18086  	-Inf  	-Inf  	0,00376  	0,00444  	0,00396  	0,00656  	1327,62170  	0,00399  	0,00419  
6,04986  	777,39989  	777,35700  	305,43152  	25,16657  	0,04606  	0,13360  	85706,53851  	0,09436  	0,14442  	1,10357  	1,10080  	2888617,58831  	73274,03321  	27,84988  	25295332,54600  	2,32356  	0,18189  	NaN  	NaN  	0,00376  	0,00444  	0,00397  	0,00657  	1327,62170  	0,00399  	0,00419  
7,04969  	301,39169  	301,36877  	781,43974  	25,16622  	0,04691  	0,13362  	19452,11811  	0,09479  	0,14239  	1,10375  	1,10099  	1045913,57764  	147,53852  	27,97693  	5741076,52647  	316,03689  	0,18523  	-Inf  	-Inf  	0,00376  	0,00444  	0,00397  	0,00657  	301,32263  	0,00399  	0,00419  
8,05179  	784,61750  	784,57430  	1327,82053  	25,16672  	0,04724  	0,13341  	50643,61035  	0,09358  	0,14266  	1,10201  	1,09924  	225662458,46051  	92148,15110  	27,61767  	14946898,88782  	2,19833  	0,00979  	-Inf  	-Inf  	0,00377  	0,00443  	0,00396  	0,00656  	784,48737  	0,00399  	0,00419  
9,05389  	293,94566  	1327,75450  	1327,82053  	25,16627  	0,04656  	0,13349  	18971,48816  	0,09435  	0,14292  	1,10266  	1,09990  	339480893,91116  	0,01869  	27,84780  	5599223,93619  	366,81941  	0,00365  	-Inf  	-Inf  	0,00377  	0,00444  	0,00396  	0,00656  	293,87754  	0,00399  	0,00419  
10,05599  	792,35588  	1327,75450  	290,47553  	25,16626  	0,04830  	0,13334  	-15815,93170  	0,09462  	0,14381  	1,10141  	1,09865  	41610649,95363  	192367,03992  	27,92551  	-4667896,50935  	2,11715  	0,03168  	NaN  	NaN  	0,00377  	0,00444  	0,00396  	0,00656  	-244,98909  	0,00399  	0,00419  
11,05804  	1327,82048  	1327,75450  	-244,98909  	25,16616  	0,04917  	0,13346  	51481,16029  	0,09479  	0,14319  	1,10241  	1,09965  	4958731,23250  	9066734,72441  	27,97690  	15194092,44780  	0,20690  	0,19418  	NaN  	NaN  	0,00377  	0,00444  	0,00396  	0,00656  	797,46124  	0,00400  	0,00419  
12,05896  	1327,82048  	1327,75450  	-244,98909  	25,16526  	0,04495  	0,13303  	18051,91572  	0,09391  	0,14323  	1,09891  	1,09615  	4960370,91699  	8289543,42560  	27,71762  	5327822,34701  	0,20697  	0,17754  	NaN  	NaN  	0,00377  	0,00444  	0,00396  	0,00655  	279,63312  	0,00398  	0,00419  
13,06049  	1327,82048  	276,11580  	806,69376  	25,16669  	0,04551  	0,13323  	52068,59774  	0,09416  	0,14252  	1,10052  	1,09775  	4937122,05689  	2830952,03757  	27,78956  	15367468,08282  	0,20594  	0,17968  	NaN  	NaN  	0,00376  	0,00444  	0,00396  	0,00656  	806,56081  	0,00399  	0,00419  
14,06250  	1327,82048  	809,47471  	1327,82053  	25,16715  	0,04963  	0,13344  	17639,64566  	0,09413  	0,14318  	1,10229  	1,09952  	418532735,81177  	3016280,58908  	27,78244  	5206145,42022  	0,20689  	0,00978  	-Inf  	-Inf  	0,00376  	0,00444  	0,00396  	0,00656  	273,24694  	0,00400  	0,00419  
15,06377  	269,95995  	1327,75450  	1327,82053  	25,16853  	0,04585  	0,13347  	-15815,93170  	0,09366  	0,14400  	1,10249  	1,09972  	311526140,16363  	0,01533  	27,64210  	-4667896,50935  	603,19872  	0,00359  	-Inf  	-Inf  	0,00377  	0,00443  	0,00397  	0,00656  	-244,98909  	0,00399  	0,00419  
16,06530  	816,01329  	266,79663  	266,81812  	25,16888  	0,04612  	0,13381  	-15815,93170  	0,09425  	0,14359  	1,10536  	1,10259  	19072,65112  	4,64973  	27,81738  	-4667896,50935  	1,84414  	5,83979  	NaN  	NaN  	0,00377  	0,00444  	0,00396  	0,00657  	-244,98909  	0,00399  	0,00419  
17,06787  	263,57466  	819,21208  	-244,98909  	25,16793  	0,04745  	0,13322  	-15815,93170  	0,09528  	0,14396  	1,10043  	1,09766  	10054,75097  	246,90345  	28,12102  	-4667896,50935  	689,91958  	4,07783  	NaN  	NaN  	0,00377  	0,00444  	0,00396  	0,00656  	-244,98909  	0,00399  	0,00419  
18,06945  	823,31663  	1327,75450  	823,31667  	25,16779  	0,04414  	0,13351  	-15815,93170  	0,09384  	0,14305  	1,10281  	1,10005  	266877268,47542  	110989,11333  	27,69620  	-4667896,50935  	1,76305  	0,00846  	-Inf  	-Inf  	0,00377  	0,00444  	0,00396  	0,00656  	-244,98909  	0,00398  	0,00419  
19,07143  	1327,82048  	254,65848  	254,67946  	25,16767  	0,04520  	0,13373  	53453,69304  	0,09438  	0,14381  	1,10467  	1,10191  	22040,07038  	111,19628  	27,85468  	15776263,57095  	0,20780  	7,35425  	NaN  	NaN  	0,00376  	0,00444  	0,00397  	0,00657  	828,01632  	0,00398  	0,00419  
20,07391  	250,51496  	832,27123  	832,31646  	25,16779  	0,04515  	0,13346  	16168,10271  	0,09454  	0,14418  	1,10241  	1,09965  	14710609,17598  	0,00945  	27,90283  	4771835,86863  	911,21238  	0,02618  	-Inf  	-Inf  	0,00376  	0,00444  	0,00397  	0,00656  	250,45234  	0,00398  	0,00419  
21,07417  	836,55322  	246,25756  	1327,82053  	25,16746  	0,04610  	0,13320  	53995,98277  	0,09450  	0,14277  	1,10030  	1,09754  	36515634,51225  	276883,61392  	27,89180  	15936314,35785  	1,63454  	0,03413  	-Inf  	-Inf  	0,00376  	0,00444  	0,00396  	0,00656  	836,41653  	0,00399  	0,00419  
22,07801  	242,30298  	-244,98909  	242,30299  	25,16911  	0,04326  	0,13355  	85706,53851  	0,09476  	0,14322  	1,10316  	1,10040  	130,99219  	95,13607  	27,96832  	25295332,54600  	1074,64583  	126,97823  	NaN  	NaN  	0,00377  	0,00444  	0,00396  	0,00656  	1327,62170  	0,00398  	0,00419  
23,07788  	845,91163  	-244,98909  	-244,98909  	25,16983  	0,04107  	0,13348  	85706,53851  	0,09432  	0,14342  	1,10259  	1,09983  	186531,25651  	0,00000  	27,83894  	25295332,54600  	1,55992  	0,79472  	Inf  	-Inf  	0,00377  	0,00444  	0,00397  	0,00656  	1327,62170  	0,00397  	0,00419  
24,07849  	1327,82048  	848,17912  	848,22502  	25,16858  	0,05081  	0,13336  	85706,53851  	0,09413  	0,14374  	1,10164  	1,09888  	95799146,60688  	273,43038  	27,78148  	25295332,54600  	0,20770  	0,02713  	NaN  	NaN  	0,00377  	0,00444  	0,00396  	0,00656  	1327,62170  	0,00400  	0,00419  
25,07914  	1327,82048  	1327,75450  	230,46765  	25,16838  	0,04491  	0,13359  	14874,07777  	0,09524  	0,14347  	1,10350  	1,10074  	55166148,99308  	5777912,33009  	28,10767  	4389918,78751  	0,20731  	0,03476  	NaN  	NaN  	0,00377  	0,00444  	0,00396  	0,00656  	230,40754  	0,00398  	0,00419  
26,08295  	1327,82048  	1327,75450  	-244,98909  	25,16852  	0,04356  	0,13324  	55199,08692  	0,09426  	0,14314  	1,10065  	1,09788  	4957183,90575  	8033486,23503  	27,81885  	16291397,18152  	0,20683  	0,17205  	NaN  	NaN  	0,00376  	0,00444  	0,00397  	0,00656  	855,05294  	0,00398  	0,00419  
27,08295  	1327,82048  	1327,75450  	858,02026  	25,16940  	0,04561  	0,13314  	85706,53851  	0,09340  	0,14272  	1,09975  	1,09699  	480990740,13499  	2512170,14530  	27,56583  	25295332,54600  	0,20622  	0,00817  	NaN  	NaN  	0,00377  	0,00443  	0,00396  	0,00656  	1327,62170  	0,00399  	0,00419  
28,08394  	1327,82048  	1327,75450  	1327,82053  	25,16878  	0,04709  	0,13350  	14290,31271  	0,09390  	0,14344  	1,10272  	1,09996  	1651278985,62971  	364,65123  	27,71325  	4217627,01415  	0,20726  	0,00369  	-Inf  	-Inf  	0,00376  	0,00444  	0,00396  	0,00656  	221,36486  	0,00399  	0,00419  
29,08612  	1327,82048  	217,80463  	217,82406  	25,16870  	0,04900  	0,13358  	55832,65300  	0,09655  	0,14387  	1,10344  	1,10067  	6711,49747  	111,63489  	28,49498  	16478387,16884  	0,20788  	19,05572  	NaN  	NaN  	0,00377  	0,00445  	0,00397  	0,00656  	864,86706  	0,00400  	0,00419  
30,08916  	1327,82048  	-244,98909  	866,96534  	25,16895  	0,04981  	0,13310  	13931,57055  	0,09477  	0,14335  	1,09943  	1,09667  	99453,30167  	6493636,10013  	27,96991  	4111748,25178  	0,20713  	2,83317  	Inf  	-Inf  	0,00377  	0,00444  	0,00396  	0,00656  	215,80784  	0,00400  	0,00419  
31,09218  	1327,82048  	-244,98909  	210,83415  	25,17022  	0,04718  	0,13345  	56283,84134  	0,09432  	0,14316  	1,10234  	1,09958  	816,46053  	2521880,32075  	27,83622  	16611550,39601  	0,20686  	86,45885  	Inf  	-Inf  	0,00377  	0,00444  	0,00396  	0,00656  	871,85609  	0,00399  	0,00419  
32,09405  	204,60918  	878,17509  	878,22225  	25,17151  	0,04479  	0,13318  	85706,53851  	0,09458  	0,14335  	1,10009  	1,09733  	16462394,84905  	0,00901  	27,91364  	25295332,54600  	2073,08609  	0,02056  	-Inf  	-Inf  	0,00377  	0,00444  	0,00396  	0,00656  	1327,62170  	0,00398  	0,00419  
33,09494  	883,64450  	199,16825  	1327,82053  	25,17183  	0,04815  	0,13335  	12854,95338  	0,09491  	0,14311  	1,10153  	1,09877  	31790934,15329  	436822,89070  	28,01069  	3793996,65826  	1,27397  	0,04074  	-Inf  	-Inf  	0,00377  	0,00444  	0,00396  	0,00656  	199,13075  	0,00399  	0,00419  
34,09585  	1327,82048  	-244,98909  	193,89072  	25,17308  	0,04856  	0,13300  	-15815,93170  	0,09428  	0,14320  	1,09863  	1,09587  	859,84624  	2499090,33070  	27,82632  	-4667896,50935  	0,20691  	69,02951  	Inf  	-Inf  	0,00377  	0,00444  	0,00396  	0,00655  	-244,98909  	0,00400  	0,00419  
35,09607  	1327,82048  	892,33199  	892,37974  	25,17573  	0,04975  	0,13298  	-15815,93170  	0,09491  	0,14316  	1,09848  	1,09572  	132280558,61007  	278,57596  	28,01307  	-4667896,50935  	0,20685  	0,02131  	NaN  	NaN  	0,00376  	0,00444  	0,00396  	0,00655  	-244,98909  	0,00400  	0,00419  
36,09630  	1327,82048  	1327,75450  	188,46732  	25,17964  	0,04762  	0,13368  	57727,58593  	0,09460  	0,14304  	1,10428  	1,10152  	46044915,34340  	6361505,34362  	27,91900  	17037655,57026  	0,20667  	0,04156  	NaN  	NaN  	0,00377  	0,00444  	0,00396  	0,00657  	894,22008  	0,00399  	0,00419  
37,09753  	1327,82048  	1327,75450  	-244,98909  	25,18013  	0,04521  	0,13334  	11936,65871  	0,09450  	0,14314  	1,10141  	1,09865  	4957117,67187  	8337495,82810  	27,89032  	3522972,18979  	0,20682  	0,17855  	NaN  	NaN  	0,00377  	0,00444  	0,00396  	0,00656  	184,90612  	0,00398  	0,00419  
38,09801  	184,04470  	1327,75450  	-244,98909  	25,18193  	0,04965  	0,13297  	58013,05892  	0,09463  	0,14356  	1,09836  	1,09560  	606316,89254  	330,08964  	27,92911  	17121909,75213  	2456,46166  	0,19608  	NaN  	NaN  	0,00377  	0,00444  	0,00397  	0,00655  	898,64214  	0,00400  	0,00419  
39,09842  	901,38640  	1327,75450  	901,38644  	25,18603  	0,04634  	0,13362  	11709,74104  	0,09416  	0,14348  	1,10375  	1,10099  	368408668,16375  	181520,25577  	27,79128  	3455999,95981  	1,16630  	0,00763  	-Inf  	-Inf  	0,00376  	0,00444  	0,00396  	0,00657  	181,39110  	0,00399  	0,00419  
40,09878  	179,12519  	1327,75450  	1327,82053  	25,18877  	0,04576  	0,13334  	58330,60535  	0,09464  	0,14332  	1,10146  	1,09869  	194969185,91317  	0,01276  	27,93077  	17215630,05218  	2490,77484  	0,00359  	-Inf  	-Inf  	0,00377  	0,00444  	0,00397  	0,00656  	903,56102  	0,00399  	0,00419  
41,09824  	904,98841  	1327,75450  	177,84300  	25,19036  	0,04653  	0,13362  	85706,53851  	0,09444  	0,14321  	1,10374  	1,10098  	29742109,29477  	504870,38456  	27,87377  	25295332,54600  	1,14306  	0,04189  	NaN  	NaN  	0,00377  	0,00444  	0,00397  	0,00657  	1327,62170  	0,00399  	0,00419  
42,10188  	175,64237  	1327,75450  	907,18906  	25,19132  	0,04489  	0,13331  	11335,19065  	0,09437  	0,14440  	1,10122  	1,09845  	64720490,88576  	79,63410  	27,85327  	3345455,57462  	2524,07230  	0,00731  	-Inf  	-Inf  	0,00377  	0,00444  	0,00396  	0,00656  	175,58921  	0,00398  	0,00419  
43,10201  	909,22229  	1327,75450  	173,60911  	25,19257  	0,04989  	0,13348  	-15815,93170  	0,09368  	0,14441  	1,10260  	1,09983  	29587499,72532  	560600,04578  	27,64815  	-4667896,50935  	1,12835  	0,04547  	NaN  	NaN  	0,00377  	0,00443  	0,00396  	0,00656  	-244,98909  	0,00400  	0,00419  
44,10264  	1327,82048  	1327,75450  	911,71009  	25,19492  	0,04732  	0,13334  	-15815,93170  	0,09530  	0,14438  	1,10145  	1,09869  	567475062,17496  	2308934,16231  	28,12672  	-4667896,50935  	0,20860  	0,00764  	NaN  	NaN  	0,00377  	0,00444  	0,00396  	0,00656  	-244,98909  	0,00399  	0,00419  
45,10556  	166,67535  	1327,75450  	1327,82053  	25,19807  	0,04272  	0,13308  	59134,22363  	0,09551  	0,14499  	1,09933  	1,09657  	181278035,16293  	0,01188  	28,18981  	17452809,05699  	2526,20877  	0,00335  	-Inf  	-Inf  	0,00377  	0,00444  	0,00396  	0,00656  	916,00929  	0,00398  	0,00419  
46,10530  	919,39229  	1327,75450  	1327,82053  	25,19847  	0,04535  	0,13293  	85706,53851  	0,09507  	0,14379  	1,09801  	1,09525  	1136303491,03868  	31,41844  	28,05883  	25295332,54600  	1,06799  	0,00355  	-Inf  	-Inf  	0,00376  	0,00444  	0,00396  	0,00655  	1327,62170  	0,00399  	0,00419  
47,10725  	1327,82048  	159,51151  	1327,82053  	25,19995  	0,04682  	0,13346  	85706,53851  	0,09443  	0,14347  	1,10240  	1,09964  	40742912,67583  	6415278,68082  	27,87047  	25295332,54600  	0,20729  	0,04448  	-Inf  	-Inf  	0,00377  	0,00444  	0,00396  	0,00656  	1327,62170  	0,00399  	0,00419  
48,10892  	1327,82048  	-244,98909  	1327,82053  	25,20145  	0,04133  	0,13367  	85706,53851  	0,09469  	0,14348  	1,10417  	1,10140  	4970951,41935  	7622989,96666  	27,94602  	25295332,54600  	0,20730  	0,16318  	NaN  	NaN  	0,00377  	0,00444  	0,00397  	0,00657  	1327,62170  	0,00397  	0,00419  
49,11074  	154,26499  	928,51717  	1327,82053  	25,20318  	0,04345  	0,13323  	9955,31298  	0,09460  	0,14397  	1,10053  	1,09777  	58794344,47804  	72,92611  	27,92135  	2938200,01280  	2413,46244  	0,00679  	-Inf  	-Inf  	0,00376  	0,00444  	0,00396  	0,00656  	154,21453  	0,00398  	0,00419  
50,11168  	931,63809  	1327,75450  	1327,82053  	25,20543  	0,04370  	0,13382  	-15815,93170  	0,09379  	0,14365  	1,10537  	1,10261  	1150750190,37479  	33,07729  	27,68169  	-4667896,50935  	1,00462  	0,00342  	-Inf  	-Inf  	0,00377  	0,00444  	0,00396  	0,00657  	-244,98909  	0,00398  	0,00419  
51,11329  	1327,82048  	1327,75450  	146,24927  	25,20804  	0,04861  	0,13330  	60452,69727  	0,09326  	0,14388  	1,10108  	1,09832  	38528028,26319  	6735926,27385  	27,52549  	17841941,90186  	0,20788  	0,04805  	NaN  	NaN  	0,00377  	0,00443  	0,00397  	0,00656  	936,43280  	0,00400  	0,00419  
52,11409  	1327,82048  	142,63027  	940,18490  	25,20942  	0,05005  	0,13345  	85706,53851  	0,09571  	0,14345  	1,10233  	1,09956  	4969314,86841  	4681361,43657  	28,24710  	25295332,54600  	0,20725  	0,19762  	NaN  	NaN  	0,00376  	0,00444  	0,00396  	0,00656  	1327,62170  	0,00400  	0,00419  
53,11422  	1327,82048  	-244,98909  	1327,82053  	25,21156  	0,04133  	0,13366  	85706,53851  	0,09404  	0,14355  	1,10408  	1,10131  	4973325,86107  	7624281,32450  	27,75611  	25295332,54600  	0,20740  	0,16320  	NaN  	NaN  	0,00377  	0,00444  	0,00397  	0,00657  	1327,62170  	0,00397  	0,00419  
54,11524  	1327,82048  	-244,98909  	1327,82053  	25,21337  	0,04548  	0,13343  	85706,53851  	0,09400  	0,14344  	1,10220  	1,09943  	4969420,47442  	8389781,43817  	27,74437  	25295332,54600  	0,20723  	0,17958  	NaN  	NaN  	0,00377  	0,00444  	0,00397  	0,00656  	1327,62170  	0,00399  	0,00419  
55,11687  	1327,82048  	949,12521  	1327,82053  	25,21375  	0,04519  	0,13314  	85706,53851  	0,09458  	0,14366  	1,09980  	1,09704  	627237297,54864  	2006893,81846  	27,91415  	25295332,54600  	0,20755  	0,00680  	-Inf  	-Inf  	0,00376  	0,00444  	0,00396  	0,00656  	1327,62170  	0,00398  	0,00419  
56,11740  	132,51033  	1327,75450  	1327,82053  	25,21411  	0,04713  	0,13378  	8551,08291  	0,09498  	0,14372  	1,10508  	1,10231  	136279272,03774  	0,01305  	28,03309  	2523757,10977  	2129,32611  	0,00369  	-Inf  	-Inf  	0,00376  	0,00444  	0,00397  	0,00657  	132,46262  	0,00399  	0,00419  
57,11958  	953,79103  	129,02467  	1327,82053  	25,21410  	0,04678  	0,13302  	61563,50503  	0,09588  	0,14325  	1,09881  	1,09605  	25331608,04750  	752010,57056  	28,29889  	18169784,46929  	0,90048  	0,04870  	-Inf  	-Inf  	0,00377  	0,00444  	0,00396  	0,00655  	953,63952  	0,00399  	0,00419  
58,12105  	125,71099  	957,06997  	125,71100  	25,21503  	0,04789  	0,13325  	85706,53851  	0,09495  	0,14323  	1,10071  	1,09795  	382703,42976  	166,83819  	28,02388  	25295332,54600  	2026,92852  	0,18911  	-Inf  	-Inf  	0,00377  	0,00444  	0,00397  	0,00656  	1327,62170  	0,00399  	0,00419  
59,12210  	962,49643  	1327,75450  	-244,98909  	25,21630  	0,04933  	0,13402  	85706,53851  	0,09515  	0,14368  	1,10708  	1,10431  	3580082,47670  	1105235,13917  	28,08256  	25295332,54600  	0,86673  	0,19482  	NaN  	NaN  	0,00377  	0,00444  	0,00396  	0,00657  	1327,62170  	0,00400  	0,00419  
60,12494  	1327,82048  	1327,75450  	965,73486  	25,21768  	0,04381  	0,13346  	85706,53851  	0,09535  	0,14409  	1,10245  	1,09969  	658597490,58266  	1859901,66804  	28,14289  	25295332,54600  	0,20817  	0,00639  	NaN  	NaN  	0,00377  	0,00444  	0,00396  	0,00656  	1327,62170  	0,00398  	0,00419  
61,12421  	114,07979  	1327,75450  	114,07980  	25,21898  	0,04760  	0,13331  	85706,53851  	0,09546  	0,14396  	1,10117  	1,09841  	2276540,49864  	241,89270  	28,17329  	25295332,54600  	1877,20900  	0,05187  	-Inf  	-Inf  	0,00377  	0,00444  	0,00396  	0,00656  	1327,62170  	0,00399  	0,00419  
62,12800  	-244,98909  	109,78164  	-244,98909  	25,22098  	0,04588  	0,13369  	85706,53851  	0,09541  	0,14370  	1,10435  	1,10158  	421,95909  	753,15262  	28,16045  	25295332,54600  	24,10838  	20,31549  	-Inf  	-Inf  	0,00377  	0,00444  	0,00397  	0,00657  	1327,62170  	0,00399  	0,00419  
63,12809  	975,86310  	975,81188  	975,86313  	25,22160  	0,04734  	0,13324  	6902,38331  	0,09424  	0,14378  	1,10060  	1,09784  	171958367,40579  	37,89439  	27,81276  	2037161,74080  	0,81493  	0,01378  	-Inf  	-Inf  	0,00377  	0,00444  	0,00396  	0,00656  	106,92381  	0,00399  	0,00419  
64,12964  	1327,82048  	1327,75450  	1327,82053  	25,22274  	0,04666  	0,13369  	63206,74509  	0,09520  	0,14360  	1,10433  	1,10156  	1653119224,30754  	361,36014  	28,09674  	18654768,51638  	0,20746  	0,00366  	-Inf  	-Inf  	0,00377  	0,00444  	0,00396  	0,00657  	979,09376  	0,00399  	0,00419  
65,13122  	98,86656  	1327,75450  	1327,82053  	25,22280  	0,04243  	0,13325  	6379,42849  	0,09451  	0,14345  	1,10069  	1,09792  	93359001,30639  	0,01172  	27,89299  	1882817,43681  	1674,38522  	0,00333  	-Inf  	-Inf  	0,00376  	0,00444  	0,00396  	0,00656  	98,82310  	0,00398  	0,00419  
66,13224  	-244,98909  	1327,75450  	96,14757  	25,22212  	0,05257  	0,13354  	63686,68577  	0,09410  	0,14411  	1,10306  	1,10029  	6384925,92438  	2995,98479  	27,77220  	18796417,67600  	24,17732  	0,06055  	-Inf  	-Inf  	0,00377  	0,00444  	0,00396  	0,00656  	986,52817  	0,00401  	0,00419  
67,13439  	990,07172  	92,74550  	990,07176  	25,22356  	0,05300  	0,13320  	85706,53851  	0,09473  	0,14327  	1,10028  	1,09752  	3676053,85420  	817485,28510  	27,95884  	25295332,54600  	0,76073  	0,20926  	-Inf  	-Inf  	0,00377  	0,00444  	0,00396  	0,00656  	1327,62170  	0,00401  	0,00419  
68,13518  	1327,82048  	993,22845  	89,55100  	25,22375  	0,04908  	0,13307  	85706,53851  	0,09398  	0,14300  	1,09923  	1,09647  	4952346,62823  	5201531,89770  	27,73755  	25295332,54600  	0,20658  	0,19381  	NaN  	NaN  	0,00376  	0,00444  	0,00396  	0,00656  	1327,62170  	0,00400  	0,00419  
69,13787  	85,76536  	1327,75450  	997,06607  	25,22530  	0,04916  	0,13325  	85706,53851  	0,09533  	0,14318  	1,10065  	1,09789  	33140979,55401  	67,98543  	28,13601  	25295332,54600  	1513,85337  	0,00677  	-Inf  	-Inf  	0,00376  	0,00444  	0,00397  	0,00656  	1327,62170  	0,00400  	0,00419  
70,13800  	-244,98909  	81,12115  	81,13484  	25,22635  	0,05199  	0,13320  	5234,87215  	0,09514  	0,14390  	1,10027  	1,09751  	163,12507  	0,03294  	28,08048  	1545014,34951  	24,14249  	793,14660  	-Inf  	-Inf  	0,00376  	0,00444  	0,00396  	0,00656  	81,09361  	0,00401  	0,00419  
71,13791  	1004,45083  	-244,98909  	1004,45087  	25,22802  	0,04548  	0,13332  	-15815,93170  	0,09447  	0,14360  	1,10127  	1,09850  	320316,20858  	1074795,42409  	27,88322  	-4667896,50935  	0,71454  	0,95597  	NaN  	NaN  	0,00376  	0,00444  	0,00396  	0,00656  	-244,98909  	0,00399  	0,00419  
72,13912  	76,80052  	-244,98909  	76,80053  	25,22954  	0,04763  	0,13327  	-15815,93170  	0,09429  	0,14336  	1,10085  	1,09809  	139,80101  	64,08342  	27,82791  	-4667896,50935  	1412,35939  	14,11044  	NaN  	NaN  	0,00376  	0,00444  	0,00396  	0,00656  	-244,98909  	0,00399  	0,00419  
73,14074  	1008,79536  	1008,74276  	-244,98909  	25,22920  	0,05032  	0,13313  	65113,95113  	0,09503  	0,14306  	1,09971  	1,09695  	333679,83961  	1227857,02804  	28,04678  	19217659,18645  	0,69818  	1,02905  	NaN  	NaN  	0,00377  	0,00444  	0,00396  	0,00656  	1008,63690  	0,00400  	0,00419  
74,14293  	1327,82048  	71,57153  	-244,98909  	25,23017  	0,04771  	0,13339  	4618,43318  	0,09533  	0,14311  	1,10185  	1,09909  	3861,80642  	1771399,57869  	28,13500  	1363079,23695  	0,20675  	13,30036  	NaN  	NaN  	0,00377  	0,00444  	0,00396  	0,00656  	71,54480  	0,00399  	0,00419  
75,14499  	69,07033  	1013,70825  	-244,98909  	25,22869  	0,04582  	0,13319  	-15815,93170  	0,09473  	0,14382  	1,10020  	1,09744  	15658,65540  	241,14558  	27,95995  	-4667896,50935  	1329,61947  	0,90797  	NaN  	NaN  	0,00377  	0,00444  	0,00396  	0,00656  	-244,98909  	0,00399  	0,00419  
76,14685  	1017,59172  	1327,75450  	1017,59176  	25,22914  	0,04593  	0,13326  	65681,74303  	0,09461  	0,14264  	1,10074  	1,09798  	572090843,40491  	293706,00889  	27,92274  	19385236,65726  	0,66947  	0,00609  	-Inf  	-Inf  	0,00376  	0,00444  	0,00397  	0,00656  	1017,43215  	0,00399  	0,00419  
77,14704  	60,73047  	60,71765  	1327,82053  	25,23062  	0,04283  	0,13342  	3917,80204  	0,09339  	0,14394  	1,10212  	1,09935  	710472,30646  	226,93991  	27,56206  	1156295,74125  	1238,08545  	0,05514  	-Inf  	-Inf  	0,00377  	0,00443  	0,00397  	0,00656  	60,69184  	0,00398  	0,00419  
78,14991  	-244,98909  	1027,96006  	54,81793  	25,23131  	0,04717  	0,13362  	66354,45087  	0,09390  	0,14402  	1,10376  	1,10099  	1034708,44207  	2123,52946  	27,71282  	19583778,90371  	24,16490  	0,18628  	-Inf  	-Inf  	0,00376  	0,00444  	0,00396  	0,00657  	1027,85258  	0,00399  	0,00419  
79,15034  	-244,98909  	51,06046  	1031,75855  	25,23191  	0,04660  	0,13307  	3294,41926  	0,09579  	0,14460  	1,09920  	1,09644  	1039147,55315  	2114,40987  	28,27054  	972311,24042  	24,26247  	0,18402  	-Inf  	-Inf  	0,00377  	0,00444  	0,00396  	0,00655  	51,03547  	0,00399  	0,00419  
80,15254  	1033,11505  	-244,98909  	1327,82053  	25,23280  	0,05139  	0,13297  	-15815,93170  	0,09503  	0,14401  	1,09839  	1,09563  	3860333,75783  	1841962,95521  	28,04584  	-4667896,50935  	0,63149  	0,20292  	NaN  	NaN  	0,00377  	0,00444  	0,00397  	0,00655  	-244,98909  	0,00400  	0,00419  
81,15352  	1327,82048  	1036,84239  	1327,82053  	25,23234  	0,04647  	0,13346  	-15815,93170  	0,09417  	0,14343  	1,10239  	1,09963  	795266061,49741  	1585986,50860  	27,79335  	-4667896,50935  	0,20721  	0,00595  	-Inf  	-Inf  	0,00377  	0,00444  	0,00396  	0,00656  	-244,98909  	0,00399  	0,00419  
82,15432  	40,37564  	40,36367  	1327,82053  	25,23232  	0,04813  	0,13310  	67286,67844  	0,09477  	0,14370  	1,09945  	1,09669  	274611,27393  	259,20736  	27,97114  	19858915,51195  	1016,49904  	0,06618  	-Inf  	-Inf  	0,00377  	0,00444  	0,00397  	0,00656  	1042,29304  	0,00399  	0,00419  
83,15549  	-244,98909  	-244,98909  	1327,82053  	25,23235  	0,05043  	0,13292  	2495,38375  	0,09471  	0,14269  	1,09797  	1,09521  	1025496,66700  	3669,46137  	27,95367  	736484,78875  	23,94196  	0,19912  	NaN  	NaN  	0,00376  	0,00444  	0,00396  	0,00655  	38,65819  	0,00400  	0,00419  
84,15663  	1048,76855  	1048,71428  	1327,82053  	25,23377  	0,04881  	0,13333  	67694,16018  	0,09438  	0,14352  	1,10136  	1,09860  	645337900,29921  	342861,85689  	27,85586  	19979179,21910  	0,58830  	0,00612  	-Inf  	-Inf  	0,00377  	0,00444  	0,00396  	0,00656  	1048,60504  	0,00400  	0,00419  
85,15996  	1327,82048  	1327,75450  	1327,82053  	25,23369  	0,04501  	0,13374  	2035,28880  	0,09542  	0,14410  	1,10472  	1,10196  	1658755934,78521  	348,62783  	28,16290  	600692,87646  	0,20816  	0,00353  	-Inf  	-Inf  	0,00377  	0,00444  	0,00397  	0,00657  	31,53119  	0,00398  	0,00419  
86,15926  	1327,82048  	1327,75450  	29,96226  	25,23387  	0,04970  	0,13323  	67958,84665  	0,09468  	0,14360  	1,10056  	1,09780  	22441438,71701  	7565791,17473  	27,94415  	20057298,49042  	0,20745  	0,07071  	NaN  	NaN  	0,00377  	0,00444  	0,00396  	0,00656  	1052,70511  	0,00400  	0,00419  
87,16192  	25,47008  	1327,75450  	-244,98909  	25,23301  	0,04501  	0,13280  	85706,53851  	0,09454  	0,14299  	1,09693  	1,09417  	901,15179  	296,11963  	27,90118  	25295332,54600  	858,64845  	0,17776  	NaN  	NaN  	0,00376  	0,00444  	0,00397  	0,00655  	1327,62170  	0,00398  	0,00419  
88,16206  	1061,24259  	1327,75450  	-244,98909  	25,23282  	0,04302  	0,13372  	1391,26664  	0,09412  	0,14430  	1,10461  	1,10185  	3974512,06064  	1840710,55645  	27,77785  	410616,88987  	0,56106  	0,16990  	NaN  	NaN  	0,00377  	0,00444  	0,00396  	0,00657  	21,55511  	0,00398  	0,00419  
89,16481  	1327,82048  	1327,75450  	1066,31497  	25,23335  	0,04507  	0,13284  	68826,75205  	0,09531  	0,14395  	1,09730  	1,09454  	862916938,43378  	1382104,21941  	28,12945  	20313451,12443  	0,20796  	0,00548  	NaN  	NaN  	0,00377  	0,00444  	0,00396  	0,00655  	1066,14920  	0,00398  	0,00419  
90,16626  	1327,82048  	1327,75450  	1327,82053  	25,23450  	0,04896  	0,13319  	85706,53851  	0,09575  	0,14336  	1,10020  	1,09744  	1650310264,37375  	379,23635  	28,25917  	25295332,54600  	0,20710  	0,00384  	-Inf  	-Inf  	0,00377  	0,00444  	0,00396  	0,00656  	1327,62170  	0,00400  	0,00419  
91,16727  	10,12904  	1327,75450  	1327,82053  	25,23498  	0,04718  	0,13346  	651,55647  	0,09445  	0,14416  	1,10244  	1,09968  	19245469,69675  	0,01303  	27,87503  	192299,65385  	717,98034  	0,00370  	-Inf  	-Inf  	0,00376  	0,00444  	0,00397  	0,00656  	10,09680  	0,00399  	0,00419  
92,16938  	1076,14585  	1327,75450  	1327,82053  	25,23635  	0,04897  	0,13273  	69461,32280  	0,09472  	0,14328  	1,09636  	1,09360  	1330643339,09830  	96,44160  	27,95540  	20500737,63331  	0,52341  	0,00384  	-Inf  	-Inf  	0,00377  	0,00444  	0,00397  	0,00655  	1075,97887  	0,00400  	0,00419  
93,16907  	1327,82048  	1,94988  	1,96024  	25,23634  	0,04740  	0,13324  	85706,53851  	0,09434  	0,14387  	1,10064  	1,09788  	787,20062  	57,64522  	27,84294  	25295332,54600  	0,20784  	153,21899  	Inf  	-Inf  	0,00377  	0,00444  	0,00396  	0,00656  	1327,62170  	0,00399  	0,00419  
94,17126  	1327,82048  	1083,90854  	-244,98909  	25,23642  	0,04683  	0,13327  	85706,53851  	0,09485  	0,14286  	1,10085  	1,09809  	856718,80705  	7299968,55995  	27,99329  	25295332,54600  	0,20638  	0,60927  	NaN  	NaN  	0,00376  	0,00444  	0,00396  	0,00656  	1327,62170  	0,00399  	0,00419  
95,17307  	-3,47859  	-3,48872  	1086,31003  	25,23751  	0,04867  	0,13326  	-226,79564  	0,09503  	0,14384  	1,10078  	1,09802  	109845,24814  	222,01948  	28,04825  	-66936,21196  	598,24546  	0,19217  	NaN  	NaN  	0,00377  	0,00444  	0,00396  	0,00656  	-3,50911  	0,00400  	0,00419  
96,17502  	1087,10351  	-244,98909  	-4,27211  	25,23704  	0,04639  	0,13300  	70168,62358  	0,09442  	0,14461  	1,09863  	1,09587  	11557,95283  	355965,74016  	27,86766  	20709489,59771  	0,50493  	5,78826  	Inf  	-Inf  	0,00377  	0,00444  	0,00396  	0,00655  	1086,93515  	0,00399  	0,00419  
97,17575  	1327,82048  	-244,98909  	-244,98909  	25,23491  	0,04156  	0,13373  	85706,53851  	0,09420  	0,14449  	1,10468  	1,10191  	298253,37873  	0,00000  	27,80166  	25295332,54600  	0,20873  	0,80419  	Inf  	-Inf  	0,00376  	0,00444  	0,00396  	0,00657  	1327,62170  	0,00397  	0,00419  
98,17859  	1327,82048  	-244,98909  	-244,98909  	25,23482  	0,04841  	0,13383  	85706,53851  	0,09452  	0,14446  	1,10547  	1,10271  	298184,75996  	0,00000  	27,89565  	25295332,54600  	0,20868  	0,93671  	Inf  	-Inf  	0,00376  	0,00444  	0,00396  	0,00657  	1327,62170  	0,00400  	0,00419  
99,17849  	-18,68781  	-244,98909  	1101,51925  	25,23649  	0,04163  	0,13293  	85706,53851  	0,09468  	0,14374  	1,09805  	1,09529  	33616,24520  	235,27048  	27,94498  	25295332,54600  	482,71507  	0,49053  	NaN  	NaN  	0,00376  	0,00444  	0,00397  	0,00655  	1327,62170  	0,00397  	0,00419  
100,17968  	1106,00595  	1105,94927  	1327,82053  	25,23771  	0,04539  	0,13335  	85706,53851  	0,09411  	0,14406  	1,10154  	1,09878  	794800453,22251  	359544,35211  	27,77446  	25295332,54600  	0,46582  	0,00515  	-Inf  	-Inf  	0,00377  	0,00444  	0,00396  	0,00656  	1327,62170  	0,00399  	0,00419  
101,17956  	1327,82048  	1327,75450  	1327,82053  	25,23814  	0,04318  	0,13346  	-1686,82967  	0,09486  	0,14414  	1,10246  	1,09969  	1659307463,77969  	334,47776  	27,99792  	-497849,03434  	0,20823  	0,00338  	-Inf  	-Inf  	0,00376  	0,00444  	0,00396  	0,00656  	-26,12544  	0,00398  	0,00419  
102,18038  	-27,62681  	1327,75450  	1327,82053  	25,23872  	0,04493  	0,13334  	71676,13313  	0,09429  	0,14354  	1,10147  	1,09871  	67061352,83066  	0,01250  	27,82887  	21154414,29055  	423,17690  	0,00352  	-Inf  	-Inf  	0,00377  	0,00444  	0,00396  	0,00656  	1110,28689  	0,00398  	0,00419  
103,18316  	1112,06166  	1327,75450  	1327,82053  	25,23976  	0,04713  	0,13335  	85706,53851  	0,09572  	0,14387  	1,10149  	1,09873  	1381805080,20612  	115,16862  	28,25016  	25295332,54600  	0,45405  	0,00369  	-Inf  	-Inf  	0,00377  	0,00444  	0,00396  	0,00656  	1327,62170  	0,00399  	0,00419  
104,18614  	1327,82048  	1327,75450  	-32,95664  	25,23964  	0,04473  	0,13365  	-2129,55915  	0,09552  	0,14368  	1,10398  	1,10121  	16421030,16301  	7138862,36967  	28,19209  	-628515,71998  	0,20756  	0,07864  	NaN  	NaN  	0,00377  	0,00444  	0,00396  	0,00657  	-32,98344  	0,00398  	0,00419  
105,18888  	1327,82048  	1327,75450  	1119,65916  	25,24042  	0,05387  	0,13365  	72270,03856  	0,09414  	0,14420  	1,10401  	1,10124  	993314724,90248  	1314804,86789  	27,78561  	21329698,88191  	0,20832  	0,00596  	NaN  	NaN  	0,00377  	0,00444  	0,00397  	0,00657  	1119,48665  	0,00401  	0,00419  
106,19050  	1327,82048  	-43,17825  	1327,82053  	25,24137  	0,05074  	0,13358  	-2788,80172  	0,09558  	0,14461  	1,10344  	1,10068  	15689425,71022  	8160298,21999  	28,20831  	-823083,84070  	0,20891  	0,09242  	NaN  	NaN  	0,00377  	0,00444  	0,00396  	0,00656  	-43,19529  	0,00400  	0,00419  
107,19107  	1327,82048  	-244,98909  	1327,82053  	25,23997  	0,04466  	0,13319  	72980,76779  	0,09604  	0,14421  	1,10020  	1,09744  	4996062,97405  	8238511,27480  	28,34424  	21539462,71631  	0,20833  	0,17632  	NaN  	NaN  	0,00376  	0,00445  	0,00396  	0,00656  	1130,49604  	0,00398  	0,00419  
108,19414  	1327,82048  	1134,89159  	1327,82053  	25,24059  	0,04890  	0,13326  	85706,53851  	0,09438  	0,14364  	1,10077  	1,09801  	1029027797,46514  	1106557,83127  	27,85389  	25295332,54600  	0,20750  	0,00527  	-Inf  	-Inf  	0,00376  	0,00444  	0,00397  	0,00656  	1327,62170  	0,00400  	0,00419  
109,19522  	1327,82048  	-55,61920  	1327,82053  	25,24056  	0,04791  	0,13325  	85706,53851  	0,09457  	0,14359  	1,10071  	1,09795  	14606093,20160  	7774040,59838  	27,91094  	25295332,54600  	0,20742  	0,09114  	NaN  	NaN  	0,00377  	0,00444  	0,00397  	0,00656  	1327,62170  	0,00399  	0,00419  
110,19621  	-59,52810  	1142,30129  	-59,52810  	25,23874  	0,04909  	0,13394  	-3844,70666  	0,09449  	0,14401  	1,10644  	1,10367  	324555,80156  	258,38918  	27,88622  	-1134722,45274  	263,35159  	0,19388  	-Inf  	-Inf  	0,00376  	0,00444  	0,00396  	0,00657  	-59,55154  	0,00400  	0,00419  
111,19604  	-244,98909  	1327,75450  	-244,98909  	25,23975  	0,04602  	0,13339  	74026,78253  	0,09521  	0,14393  	1,10183  	1,09907  	1034037,24674  	3348,05018  	28,10083  	21848182,34455  	24,15248  	0,18176  	-Inf  	-Inf  	0,00376  	0,00444  	0,00396  	0,00656  	1146,69909  	0,00399  	0,00419  
112,19708  	-244,98909  	1327,75450  	-244,98909  	25,24117  	0,05370  	0,13323  	85706,53851  	0,09549  	0,14405  	1,10055  	1,09779  	1034877,67803  	3906,29997  	28,18334  	25295332,54600  	24,17234  	0,21207  	-Inf  	-Inf  	0,00377  	0,00444  	0,00396  	0,00656  	1327,62170  	0,00401  	0,00419  
113,20201  	1152,12093  	1327,75450  	1152,12098  	25,24105  	0,04677  	0,13325  	-4474,79244  	0,09538  	0,14326  	1,10071  	1,09795  	927630655,55363  	383203,84517  	28,15027  	-1320685,26995  	0,38641  	0,00490  	-Inf  	-Inf  	0,00376  	0,00444  	0,00396  	0,00656  	-69,31175  	0,00399  	0,00419  
114,20308  	1327,82048  	1327,75450  	1327,82053  	25,24102  	0,04443  	0,13304  	74532,17153  	0,09460  	0,14385  	1,09896  	1,09620  	1655944169,42214  	344,15889  	27,92155  	21997342,29240  	0,20781  	0,00348  	-Inf  	-Inf  	0,00376  	0,00444  	0,00397  	0,00655  	1154,52770  	0,00398  	0,00419  
115,20588  	-75,45532  	1327,75450  	1327,82053  	25,24186  	0,04390  	0,13381  	85706,53851  	0,09494  	0,14414  	1,10532  	1,10256  	128272729,14488  	0,01332  	28,01974  	25295332,54600  	207,61079  	0,00344  	-Inf  	-Inf  	0,00377  	0,00444  	0,00396  	0,00657  	1327,62170  	0,00398  	0,00419  
116,20514  	1165,39716  	1327,75450  	-82,56577  	25,24041  	0,04589  	0,13304  	-5331,75316  	0,09495  	0,14382  	1,09894  	1,09618  	11106910,47847  	3253757,79198  	28,02317  	-1573607,70339  	0,36871  	0,09613  	NaN  	NaN  	0,00376  	0,00444  	0,00397  	0,00655  	-82,58630  	0,00399  	0,00419  
117,20517  	1327,82048  	-88,31249  	1171,13736  	25,24193  	0,04853  	0,13330  	75592,87774  	0,09453  	0,14404  	1,10110  	1,09834  	4989692,86132  	7169195,66204  	27,89988  	22310397,94517  	0,20807  	0,19162  	Inf  	-Inf  	0,00377  	0,00444  	0,00397  	0,00656  	1170,95833  	0,00400  	0,00419  
118,20886  	1327,82048  	-244,98909  	-89,34320  	25,24184  	0,04165  	0,13331  	85706,53851  	0,09565  	0,14381  	1,10116  	1,09840  	49214,80597  	760432,83246  	28,23134  	25295332,54600  	0,20775  	2,43952  	Inf  	-Inf  	0,00376  	0,00444  	0,00396  	0,00656  	1327,62170  	0,00397  	0,00419  
119,20955  	1327,82048  	1174,15521  	1174,21480  	25,24252  	0,05139  	0,13341  	85706,53851  	0,09578  	0,14378  	1,10204  	1,09927  	763107928,25226  	359,20365  	28,26951  	25295332,54600  	0,20770  	0,00678  	NaN  	NaN  	0,00377  	0,00444  	0,00396  	0,00656  	1327,62170  	0,00400  	0,00419  
120,21012  	-94,98850  	1327,75450  	1327,82053  	25,24331  	0,04579  	0,13316  	85706,53851  	0,09476  	0,14360  	1,09991  	1,09715  	152584218,82755  	0,01536  	27,96648  	25295332,54600  	155,14439  	0,00359  	-Inf  	-Inf  	0,00376  	0,00444  	0,00397  	0,00656  	1327,62170  	0,00399  	0,00419  
121,21373  	1182,46381  	1327,75450  	1327,82053  	25,24481  	0,04487  	0,13285  	85706,53851  	0,09616  	0,14445  	1,09736  	1,09460  	1477261527,83576  	163,80188  	28,38058  	25295332,54600  	0,34728  	0,00352  	-Inf  	-Inf  	0,00376  	0,00445  	0,00396  	0,00655  	1327,62170  	0,00398  	0,00419  
122,21438  	1327,82048  	1327,75450  	1327,82053  	25,24438  	0,04311  	0,13350  	85706,53851  	0,09466  	0,14328  	1,10278  	1,10002  	1649353620,78899  	333,91843  	27,93824  	25295332,54600  	0,20698  	0,00338  	-Inf  	-Inf  	0,00377  	0,00444  	0,00397  	0,00656  	1327,62170  	0,00398  	0,00419  
123,21565  	1327,82048  	-104,52076  	-104,51486  	25,24519  	0,04697  	0,13322  	-6748,53404  	0,09511  	0,14324  	1,10048  	1,09772  	7189,32371  	32,49243  	28,07043  	-1991754,83933  	0,20693  	8,82014  	Inf  	-Inf  	0,00376  	0,00444  	0,00396  	0,00656  	-104,53262  	0,00399  	0,00419  
124,21607  	1327,82048  	1193,18148  	-244,98909  	25,24628  	0,04565  	0,13339  	-15815,93170  	0,09479  	0,14367  	1,10184  	1,09908  	2015177,21859  	7700710,91185  	27,97635  	-4667896,50935  	0,20753  	0,33307  	NaN  	NaN  	0,00377  	0,00444  	0,00396  	0,00656  	-244,98909  	0,00399  	0,00419  
125,21767  	1327,82048  	1327,75450  	-244,98909  	25,24479  	0,04900  	0,13362  	77158,55718  	0,09396  	0,14447  	1,10372  	1,10095  	5002787,99199  	9040344,02460  	27,73001  	22772490,83384  	0,20869  	0,19354  	NaN  	NaN  	0,00377  	0,00444  	0,00396  	0,00657  	1195,21114  	0,00400  	0,00419  
126,21805  	1327,82048  	1327,75450  	-244,98909  	25,24609  	0,04667  	0,13300  	85706,53851  	0,09521  	0,14321  	1,09862  	1,09586  	4959075,53056  	8608816,69260  	28,10088  	25295332,54600  	0,20687  	0,18430  	NaN  	NaN  	0,00377  	0,00444  	0,00396  	0,00655  	1327,62170  	0,00399  	0,00419  
127,21925  	-119,79345  	1327,75450  	1202,62489  	25,24651  	0,04597  	0,13366  	85706,53851  	0,09384  	0,14278  	1,10407  	1,10131  	135098469,26848  	36,12801  	27,69707  	25295332,54600  	108,44929  	0,00442  	-Inf  	-Inf  	0,00377  	0,00444  	0,00397  	0,00657  	1327,62170  	0,00399  	0,00419  
128,22196  	-244,98909  	1327,75450  	1327,82053  	25,24508  	0,04544  	0,13349  	-7830,33512  	0,09466  	0,14407  	1,10265  	1,09989  	344066487,86579  	0,13879  	27,93760  	-2311036,40797  	24,17673  	0,00356  	-Inf  	-Inf  	0,00377  	0,00444  	0,00396  	0,00656  	-121,29002  	0,00399  	0,00419  
129,22246  	1208,04426  	1327,75450  	1327,82053  	25,24685  	0,04389  	0,13338  	77975,16510  	0,09560  	0,14364  	1,10181  	1,09904  	1501430613,91047  	184,19598  	28,21565  	23013503,58936  	0,31419  	0,00344  	-Inf  	-Inf  	0,00377  	0,00444  	0,00397  	0,00656  	1207,86062  	0,00398  	0,00419  
130,22714  	1327,82048  	1327,75450  	1327,82053  	25,24788  	0,04320  	0,13333  	85706,53851  	0,09472  	0,14427  	1,10138  	1,09862  	1660727088,95563  	334,60453  	27,95682  	25295332,54600  	0,20840  	0,00339  	-Inf  	-Inf  	0,00377  	0,00444  	0,00397  	0,00656  	1327,62170  	0,00398  	0,00419  
131,22890  	-131,68152  	-131,68627  	1327,82053  	25,24634  	0,04674  	0,13303  	85706,53851  	0,09405  	0,14345  	1,09888  	1,09612  	1167087,07795  	491,44232  	27,75920  	25295332,54600  	92,58423  	0,11736  	NaN  	NaN  	0,00377  	0,00444  	0,00396  	0,00655  	1327,62170  	0,00399  	0,00419  
132,22904  	1219,39408  	1219,33264  	-136,56268  	25,24622  	0,04717  	0,13334  	85706,53851  	0,09466  	0,14343  	1,10144  	1,09867  	4553632,83343  	4319296,80667  	27,93768  	25295332,54600  	0,30108  	0,18628  	NaN  	NaN  	0,00377  	0,00444  	0,00396  	0,00656  	1327,62170  	0,00399  	0,00419  
133,22941  	1327,82048  	-143,53189  	-244,98909  	25,24592  	0,04525  	0,13328  	85706,53851  	0,09581  	0,14341  	1,10094  	1,09818  	97568,33031  	538543,89579  	28,27592  	25295332,54600  	0,20717  	1,74161  	Inf  	-Inf  	0,00377  	0,00444  	0,00396  	0,00656  	1327,62170  	0,00398  	0,00419  
134,23048  	-146,88501  	-244,98909  	1229,71645  	25,24708  	0,04669  	0,13324  	85706,53851  	0,09498  	0,14438  	1,10058  	1,09782  	346810,02230  	609,02227  	28,03169  	25295332,54600  	76,12882  	0,28566  	NaN  	NaN  	0,00377  	0,00444  	0,00397  	0,00656  	1327,62170  	0,00399  	0,00419  
135,23241  	-244,98909  	1231,44480  	-148,67535  	25,24716  	0,04628  	0,13368  	-9599,02638  	0,09478  	0,14377  	1,10428  	1,10151  	1032882,64449  	2953,96924  	27,97379  	-2833045,98084  	24,12610  	0,18277  	-Inf  	-Inf  	0,00377  	0,00444  	0,00396  	0,00657  	-148,68753  	0,00399  	0,00419  
136,23541  	1232,18513  	1327,75450  	-244,98909  	25,24776  	0,03982  	0,13324  	79533,42180  	0,09528  	0,14363  	1,10063  	1,09787  	4608573,81165  	4526297,18410  	28,12042  	23473405,73940  	0,28795  	0,15725  	NaN  	NaN  	0,00377  	0,00444  	0,00397  	0,00656  	1231,99844  	0,00397  	0,00419  
137,23690  	1327,82048  	1327,75450  	1238,33146  	25,24794  	0,04691  	0,13333  	85706,53851  	0,09590  	0,14398  	1,10137  	1,09860  	1336271120,84883  	492050,86997  	28,30459  	25295332,54600  	0,20799  	0,00425  	NaN  	NaN  	0,00377  	0,00444  	0,00396  	0,00656  	1327,62170  	0,00399  	0,00419  
138,23888  	-159,58198  	1327,75450  	1327,82053  	25,24676  	0,05390  	0,13321  	85706,53851  	0,09576  	0,14424  	1,10040  	1,09764  	235609498,46502  	0,03815  	28,26128  	25295332,54600  	64,57951  	0,00422  	-Inf  	-Inf  	0,00377  	0,00444  	0,00396  	0,00656  	1327,62170  	0,00401  	0,00419  
139,24134  	1246,38152  	-163,55355  	1327,82053  	25,24804  	0,04490  	0,13311  	85706,53851  	0,09588  	0,14440  	1,09955  	1,09679  	7633174,30462  	5214352,02297  	28,29897  	25295332,54600  	0,27527  	0,12741  	NaN  	NaN  	0,00376  	0,00444  	0,00396  	0,00656  	1327,62170  	0,00398  	0,00419  
140,24216  	-165,61131  	-244,98909  	-165,61130  	25,24676  	0,04367  	0,13327  	85706,53851  	0,09551  	0,14409  	1,10082  	1,09806  	18617,25372  	40,91460  	28,18976  	25295332,54600  	59,78884  	1,43263  	NaN  	NaN  	0,00376  	0,00444  	0,00396  	0,00656  	1327,62170  	0,00398  	0,00419  
141,24335  	1253,86490  	1253,80202  	1253,86495  	25,24969  	0,03893  	0,13340  	85706,53851  	0,09516  	0,14398  	1,10190  	1,09914  	1090341366,51862  	198,28801  	28,08513  	25295332,54600  	0,26735  	0,00389  	-Inf  	-Inf  	0,00376  	0,00444  	0,00396  	0,00656  	1327,62170  	0,00396  	0,00419  
142,24801  	-178,05434  	1327,75450  	1327,82053  	25,25135  	0,04663  	0,13301  	85706,53851  	0,09556  	0,14380  	1,09867  	1,09591  	258359156,52689  	0,04468  	28,20493  	25295332,54600  	51,18490  	0,00365  	-Inf  	-Inf  	0,00376  	0,00444  	0,00396  	0,00655  	1327,62170  	0,00399  	0,00419  
