01/15/2025 12:14:16Time	T_hot_in(C)	T_cold_in(C)	T_cold_out(C)	T_hot_out(C)	mdot_cold(kg/s)	ASFASIFUAS(kg/s)	Diferencial_cold(bar)	Diferencial_hot(bar)	mdot_hot(kg/s)	ABS_cold(bar)	ABS_hot(bar)	q_cold(kW)	q_hot(kW)	ASFASYFY	Tau_cold_haste	Re_hot	Re_cold	U_global	PSIG_cold(bar)	R_fouling	PSIG_hot(bar)	PSID_hot(bar)	m_dot_hot	PSID_cold(bar)	m_dot_cold
2,04279  	0,00000  	0,00000  	0,00000  	0,00000  	-1,18512  	-0,20833  	-0,25900  	-0,86180  	-3,02442  	-1,72343  	-1,72415  	-0,00000  	-0,00000  	-254,35069  	-76,44127  	-9234,48090  	-3618,55272  	NaN  	NaN  	0,00000  	0,00000  	0,00000  	0,00000  	0,00000  	0,00000  	0,00000  
3,04708  	-244,98909  	1327,75450  	-244,98909  	25,25142  	0,04364  	0,13392  	-15815,93170  	0,09567  	0,14345  	1,10621  	1,10345  	1030589,69763  	3174,38683  	28,23501  	-4667896,50935  	24,07383  	0,17237  	-Inf  	-Inf  	0,00377  	0,00444  	0,00396  	0,00657  	-244,98909  	0,00398  	0,00419  
4,04917  	883,97508  	1327,75450  	883,97512  	25,25176  	0,04811  	0,16779  	57056,99194  	0,11880  	0,15611  	1,38622  	1,38326  	373796144,05780  	172151,64567  	35,06129  	16839737,20407  	1,38678  	0,00819  	-Inf  	-Inf  	0,00377  	0,00455  	0,00397  	0,00722  	883,83240  	0,00399  	0,00421  
5,05015  	1327,82048  	1327,75450  	305,91733  	25,25271  	0,04692  	0,17058  	19744,24017  	0,12134  	0,16502  	1,40934  	1,40635  	86206744,33768  	5624166,34401  	35,81345  	5827293,10598  	0,23837  	0,02953  	NaN  	NaN  	0,00377  	0,00456  	0,00396  	0,00728  	305,84768  	0,00399  	0,00422  
6,05241  	299,90400  	299,88114  	782,92742  	25,25459  	0,04144  	0,17120  	50534,51658  	0,11961  	0,16450  	1,41441  	1,41143  	1201432,66361  	129,21692  	35,30281  	14914701,07415  	375,11610  	0,16362  	-Inf  	-Inf  	0,00377  	0,00455  	0,00397  	0,00729  	782,79748  	0,00397  	0,00422  
7,05368  	786,47991  	786,43664  	1327,82053  	25,25495  	0,04655  	0,17058  	19126,78028  	0,12009  	0,16304  	1,40929  	1,40630  	259969126,42378  	92039,63328  	35,44256  	5645056,67930  	2,48363  	0,00961  	-Inf  	-Inf  	0,00376  	0,00456  	0,00397  	0,00728  	296,28306  	0,00399  	0,00422  
8,05432  	1327,82048  	1327,75450  	1327,82053  	25,25597  	0,05069  	0,17065  	50973,56638  	0,12056  	0,16371  	1,40993  	1,40695  	1884472889,33645  	392,67435  	35,58289  	15044281,74276  	0,23648  	0,00397  	-Inf  	-Inf  	0,00376  	0,00456  	0,00396  	0,00728  	789,59848  	0,00400  	0,00422  
9,05682  	1327,82048  	290,26578  	1327,82053  	25,25620  	0,04616  	0,17048  	85706,53851  	0,12045  	0,16394  	1,40851  	1,40552  	80490482,50543  	5618462,42449  	35,54968  	25295332,54600  	0,23681  	0,03029  	-Inf  	-Inf  	0,00376  	0,00456  	0,00396  	0,00727  	1327,62170  	0,00399  	0,00422  
10,06054  	1327,82048  	795,34958  	1327,82053  	25,25568  	0,04174  	0,17088  	85706,53851  	0,11961  	0,16321  	1,41183  	1,40884  	457358590,82259  	2607271,64362  	35,30228  	25295332,54600  	0,23576  	0,00846  	-Inf  	-Inf  	0,00376  	0,00455  	0,00397  	0,00728  	1327,62170  	0,00397  	0,00422  
11,06227  	1327,82048  	281,24258  	281,26468  	25,25573  	0,04441  	0,17117  	85706,53851  	0,12108  	0,16420  	1,41421  	1,41123  	53624,29819  	115,10200  	35,73592  	25295332,54600  	0,23719  	4,25223  	NaN  	NaN  	0,00377  	0,00456  	0,00397  	0,00729  	1327,62170  	0,00398  	0,00422  
12,06220  	1327,82048  	807,38452  	807,42870  	25,25604  	0,04292  	0,17070  	17774,56974  	0,11974  	0,16400  	1,41033  	1,40735  	79471617,44192  	222,48173  	35,33910  	5245966,76267  	0,23690  	0,02842  	NaN  	NaN  	0,00377  	0,00456  	0,00396  	0,00728  	275,33695  	0,00398  	0,00422  
13,06211  	1327,82048  	1327,75450  	272,58486  	25,25668  	0,05126  	0,17072  	-15815,93170  	0,12166  	0,16360  	1,41049  	1,40751  	74786780,57407  	6345183,28399  	35,90672  	-4667896,50935  	0,23633  	0,03530  	NaN  	NaN  	0,00376  	0,00456  	0,00397  	0,00728  	-244,98909  	0,00400  	0,00422  
14,06365  	269,21076  	269,18919  	-244,98909  	25,25566  	0,04445  	0,17110  	-15815,93170  	0,12157  	0,16433  	1,41362  	1,41063  	167,78069  	115,23938  	35,87964  	-4667896,50935  	697,97718  	191,10179  	NaN  	NaN  	0,00377  	0,00456  	0,00396  	0,00729  	-244,98909  	0,00398  	0,00422  
15,06448  	815,27551  	815,23103  	815,27554  	25,25547  	0,05188  	0,17052  	-15815,93170  	0,12189  	0,16466  	1,40885  	1,40587  	51523026,71531  	10,77668  	35,97446  	-4667896,50935  	2,12261  	0,03293  	-Inf  	-Inf  	0,00376  	0,00457  	0,00397  	0,00727  	-244,98909  	0,00401  	0,00422  
16,06743  	264,80513  	1327,75450  	264,80515  	25,25685  	0,05005  	0,17062  	52800,09558  	0,12203  	0,16511  	1,40966  	1,40668  	13449076,26747  	261,91562  	36,01536  	15583361,54367  	769,52040  	0,03521  	-Inf  	-Inf  	0,00377  	0,00457  	0,00396  	0,00728  	817,89191  	0,00400  	0,00422  
17,07069  	-244,98909  	263,03629  	-244,98909  	25,25698  	0,04782  	0,17105  	16977,71110  	0,12208  	0,16476  	1,41323  	1,41025  	186,45245  	1123,48153  	36,03058  	5010782,79023  	27,65156  	188,99520  	-Inf  	-Inf  	0,00377  	0,00457  	0,00397  	0,00728  	262,99339  	0,00399  	0,00422  
18,07198  	-244,98909  	-244,98909  	-244,98909  	25,25699  	0,05135  	0,17079  	-15815,93170  	0,12267  	0,16642  	1,41110  	1,40811  	71272,09705  	0,00000  	36,20563  	-4667896,50935  	27,93129  	0,99365  	Inf  	-Inf  	0,00377  	0,00457  	0,00396  	0,00728  	-244,98909  	0,00400  	0,00422  
19,07336  	-244,98909  	830,83411  	830,87929  	25,25763  	0,04202  	0,17075  	-15815,93170  	0,12283  	0,16568  	1,41074  	1,40776  	20046613,08606  	0,08776  	36,25214  	-4667896,50935  	27,80665  	0,02455  	-Inf  	-Inf  	0,00377  	0,00457  	0,00396  	0,00728  	-244,98909  	0,00397  	0,00422  
20,07387  	-244,98909  	1327,75450  	1327,82053  	25,25788  	0,04581  	0,17046  	53871,84775  	0,12228  	0,16605  	1,40838  	1,40539  	396564285,59075  	0,13987  	36,09040  	15899677,28733  	27,86801  	0,00359  	-Inf  	-Inf  	0,00377  	0,00457  	0,00397  	0,00727  	834,49365  	0,00399  	0,00422  
21,07513  	838,92759  	1327,75450  	1327,82053  	25,25886  	0,04898  	0,17081  	85706,53851  	0,12174  	0,16527  	1,41120  	1,40822  	1188383258,93582  	18,32316  	35,93054  	25295332,54600  	1,86665  	0,00384  	-Inf  	-Inf  	0,00376  	0,00456  	0,00397  	0,00728  	1327,62170  	0,00400  	0,00422  
22,07663  	1327,82048  	240,57702  	240,59740  	25,25886  	0,04297  	0,17044  	85706,53851  	0,12253  	0,16567  	1,40814  	1,40516  	16418,58674  	102,77266  	36,16276  	25295332,54600  	0,23932  	9,54666  	NaN  	NaN  	0,00377  	0,00457  	0,00397  	0,00727  	1327,62170  	0,00398  	0,00422  
23,07654  	1327,82048  	-244,98909  	-244,98909  	25,25932  	0,04408  	0,17022  	85706,53851  	0,12329  	0,16560  	1,40638  	1,40340  	341832,33737  	0,00000  	36,38854  	25295332,54600  	0,23922  	0,85302  	Inf  	-Inf  	0,00376  	0,00457  	0,00396  	0,00727  	1327,62170  	0,00398  	0,00422  
24,07791  	1327,82048  	-244,98909  	848,42816  	25,26005  	0,04926  	0,17075  	15128,11722  	0,12320  	0,16596  	1,41070  	1,40772  	91907,61091  	6317722,87117  	36,36258  	4464895,70672  	0,23973  	3,27240  	Inf  	-Inf  	0,00377  	0,00457  	0,00396  	0,00728  	234,34268  	0,00400  	0,00422  
25,08049  	1327,82048  	-244,98909  	232,85833  	25,26101  	0,04862  	0,17028  	54862,21416  	0,12099  	0,16502  	1,40682  	1,40384  	911,20190  	2725507,04619  	35,70845  	16191972,92894  	0,23836  	124,05931  	Inf  	-Inf  	0,00377  	0,00456  	0,00397  	0,00727  	849,83469  	0,00400  	0,00422  
26,08014  	229,14139  	-244,98909  	-244,98909  	25,26223  	0,04540  	0,17075  	85706,53851  	0,12295  	0,16587  	1,41070  	1,40772  	53590,28596  	0,00000  	36,28820  	25295332,54600  	1615,69988  	0,87849  	Inf  	-Inf  	0,00377  	0,00457  	0,00396  	0,00728  	1327,62170  	0,00399  	0,00422  
27,08262  	858,93568  	-244,98909  	-244,98909  	25,26272  	0,04563  	0,17045  	14449,87074  	0,12166  	0,16579  	1,40823  	1,40525  	219031,02942  	0,00000  	35,90524  	4264718,79527  	1,68007  	0,88299  	Inf  	-Inf  	0,00376  	0,00456  	0,00396  	0,00727  	223,83646  	0,00399  	0,00422  
28,08329  	1327,82048  	860,26699  	-244,98909  	25,26476  	0,04818  	0,17100  	55529,66362  	0,12373  	0,16585  	1,41279  	1,40980  	106164,34167  	6246201,02861  	36,51732  	16388963,22232  	0,23957  	2,89656  	NaN  	NaN  	0,00376  	0,00457  	0,00397  	0,00728  	860,17367  	0,00399  	0,00422  
29,08433  	1327,82048  	219,35670  	-244,98909  	25,26660  	0,04592  	0,17042  	85706,53851  	0,12346  	0,16639  	1,40802  	1,40504  	933,67329  	2501568,62093  	36,43749  	25295332,54600  	0,24034  	95,67661  	NaN  	NaN  	0,00377  	0,00457  	0,00396  	0,00727  	1327,62170  	0,00399  	0,00422  
30,08643  	1327,82048  	866,82665  	866,87333  	25,26769  	0,04230  	0,17079  	13937,50936  	0,12349  	0,16744  	1,41104  	1,40805  	128373354,39990  	231,66969  	36,44568  	4113501,02574  	0,24186  	0,02055  	NaN  	NaN  	0,00377  	0,00457  	0,00396  	0,00728  	215,89984  	0,00398  	0,00422  
31,08659  	1327,82048  	212,03945  	1327,82053  	25,26953  	0,05284  	0,17069  	56204,80211  	0,12308  	0,16611  	1,41022  	1,40723  	59128890,35332  	6917010,40221  	36,32631  	16588222,84448  	0,23993  	0,04309  	-Inf  	-Inf  	0,00376  	0,00457  	0,00397  	0,00728  	870,63175  	0,00401  	0,00422  
32,08742  	1327,82048  	-244,98909  	209,23833  	25,27309  	0,04609  	0,17048  	13503,75769  	0,12321  	0,16535  	1,40854  	1,40555  	946,36953  	2455807,07760  	36,36443  	3985484,04184  	0,23883  	82,44280  	Inf  	-Inf  	0,00376  	0,00457  	0,00396  	0,00727  	209,18091  	0,00399  	0,00422  
33,08745  	1327,82048  	874,98545  	-244,98909  	25,27539  	0,04736  	0,17089  	56479,75780  	0,12261  	0,16576  	1,41192  	1,40893  	126453,70278  	6222738,86705  	36,18606  	16669372,96189  	0,23943  	2,52370  	NaN  	NaN  	0,00377  	0,00457  	0,00396  	0,00728  	874,89089  	0,00399  	0,00422  
34,08796  	1327,82048  	205,44317  	-244,98909  	25,27956  	0,05126  	0,17082  	13260,00644  	0,12406  	0,16617  	1,41132  	1,40833  	960,26583  	2708549,63358  	36,61379  	3913543,56762  	0,24002  	86,60480  	NaN  	NaN  	0,00376  	0,00458  	0,00396  	0,00728  	205,40513  	0,00400  	0,00422  
35,08988  	1327,82048  	880,50947  	880,55672  	25,28376  	0,04851  	0,17054  	-15815,93170  	0,12279  	0,16612  	1,40900  	1,40601  	140874161,19703  	268,92705  	36,24109  	-4667896,50935  	0,23995  	0,02201  	NaN  	NaN  	0,00377  	0,00457  	0,00395  	0,00727  	-244,98909  	0,00400  	0,00422  
36,09274  	199,49374  	1327,75450  	199,49376  	25,28664  	0,04737  	0,17146  	57015,84641  	0,12326  	0,16697  	1,41663  	1,41364  	7535372,00300  	227,33976  	36,37898  	16827593,55792  	2554,79696  	0,04005  	-Inf  	-Inf  	0,00377  	0,00457  	0,00396  	0,00729  	883,19504  	0,00399  	0,00422  
37,09303  	887,05708  	1327,75450  	887,05712  	25,28985  	0,04208  	0,17064  	85706,53851  	0,12345  	0,16610  	1,40982  	1,40683  	402663534,04452  	153115,23661  	36,43630  	25295332,54600  	1,45193  	0,00712  	-Inf  	-Inf  	0,00376  	0,00457  	0,00396  	0,00728  	1327,62170  	0,00397  	0,00422  
38,09372  	1327,82048  	191,44804  	191,46637  	25,29241  	0,04512  	0,17075  	85706,53851  	0,12272  	0,16685  	1,41073  	1,40775  	3158,06378  	97,01420  	36,21967  	25295332,54600  	0,24100  	37,45771  	NaN  	NaN  	0,00377  	0,00457  	0,00397  	0,00728  	1327,62170  	0,00398  	0,00422  
39,09511  	188,24931  	894,53427  	-244,98909  	25,29497  	0,04853  	0,17069  	85706,53851  	0,12153  	0,16655  	1,41024  	1,40726  	19918,29324  	234,08512  	35,86894  	25295332,54600  	2789,75151  	2,21460  	NaN  	NaN  	0,00377  	0,00456  	0,00396  	0,00728  	1327,62170  	0,00400  	0,00422  
40,09764  	-244,98909  	1327,75450  	896,21669  	25,29754  	0,05314  	0,17060  	12043,43999  	0,12295  	0,16551  	1,40945  	1,40647  	129173013,50943  	1059,78664  	36,28630  	3554487,49745  	27,78891  	0,00884  	-Inf  	-Inf  	0,00377  	0,00457  	0,00396  	0,00728  	186,56019  	0,00401  	0,00422  
41,09776  	899,75749  	1327,75450  	1327,82053  	25,29995  	0,04330  	0,17069  	58075,72243  	0,12299  	0,16583  	1,41027  	1,40728  	1281553181,82508  	25,97629  	36,29859  	17140404,19088  	1,35835  	0,00339  	-Inf  	-Inf  	0,00376  	0,00457  	0,00396  	0,00728  	899,61281  	0,00398  	0,00422  
42,09965  	1327,82048  	1327,75450  	179,81415  	25,30140  	0,04277  	0,17106  	85706,53851  	0,12346  	0,16689  	1,41331  	1,41032  	51751106,88304  	5761211,17704  	36,43679  	25295332,54600  	0,24103  	0,03829  	NaN  	NaN  	0,00377  	0,00457  	0,00396  	0,00728  	1327,62170  	0,00398  	0,00422  
43,10019  	1327,82048  	1327,75450  	-244,98909  	25,30354  	0,04831  	0,17036  	85706,53851  	0,12442  	0,16732  	1,40753  	1,40454  	5794017,59856  	8914994,50292  	36,72080  	25295332,54600  	0,24166  	0,19080  	NaN  	NaN  	0,00377  	0,00458  	0,00396  	0,00727  	1327,62170  	0,00399  	0,00422  
44,10074  	1327,82048  	1327,75450  	-244,98909  	25,30560  	0,04836  	0,17118  	85706,53851  	0,12451  	0,16693  	1,41427  	1,41128  	5780263,05476  	8923410,08072  	36,74780  	25295332,54600  	0,24109  	0,19098  	NaN  	NaN  	0,00377  	0,00458  	0,00396  	0,00729  	1327,62170  	0,00400  	0,00422  
45,10349  	170,25027  	1327,75450  	-244,98909  	25,30762  	0,04638  	0,17097  	10987,13840  	0,12425  	0,16769  	1,41254  	1,40955  	646173,23758  	307,37364  	36,67202  	3242731,81812  	2934,22266  	0,18317  	NaN  	NaN  	0,00377  	0,00458  	0,00396  	0,00728  	170,19779  	0,00399  	0,00422  
46,10393  	914,56633  	1327,75450  	914,56637  	25,30792  	0,04799  	0,17042  	59031,61058  	0,12419  	0,16763  	1,40802  	1,40504  	453431446,16112  	200974,48634  	36,65449  	17422523,95556  	1,27451  	0,00771  	-Inf  	-Inf  	0,00377  	0,00458  	0,00397  	0,00727  	914,41978  	0,00399  	0,00422  
47,10531  	1327,82048  	1327,75450  	162,28715  	25,30971  	0,03987  	0,17026  	85706,53851  	0,12426  	0,16759  	1,40672  	1,40373  	48154921,11371  	5452356,98903  	36,67413  	25295332,54600  	0,24204  	0,03757  	NaN  	NaN  	0,00377  	0,00458  	0,00396  	0,00727  	1327,62170  	0,00397  	0,00422  
48,10562  	160,30942  	1327,75450  	922,52201  	25,31188  	0,04395  	0,17092  	85706,53851  	0,12522  	0,16708  	1,41213  	1,40914  	70164874,45500  	74,93802  	36,95583  	25295332,54600  	2866,89826  	0,00695  	-Inf  	-Inf  	0,00377  	0,00458  	0,00397  	0,00728  	1327,62170  	0,00398  	0,00422  
49,10696  	925,26174  	1327,75450  	1327,82053  	25,31300  	0,04281  	0,17105  	85706,53851  	0,12498  	0,16734  	1,41322  	1,41023  	1330858239,01400  	30,97502  	36,88561  	25295332,54600  	1,20670  	0,00336  	-Inf  	-Inf  	0,00377  	0,00458  	0,00397  	0,00728  	1327,62170  	0,00398  	0,00422  
50,10967  	1327,82048  	1327,75450  	155,83687  	25,31414  	0,04794  	0,17062  	10056,77458  	0,12555  	0,16704  	1,40970  	1,40671  	46658381,15396  	6592699,90060  	37,05349  	2968145,27470  	0,24125  	0,04605  	NaN  	NaN  	0,00377  	0,00458  	0,00397  	0,00728  	155,78620  	0,00399  	0,00422  
51,11003  	152,68240  	1327,75450  	930,14903  	25,31411  	0,04657  	0,17073  	60037,44734  	0,12439  	0,16739  	1,41055  	1,40756  	67762173,56653  	77,83050  	36,71221  	17719385,49871  	2787,80226  	0,00726  	-Inf  	-Inf  	0,00377  	0,00458  	0,00397  	0,00728  	930,00047  	0,00399  	0,00422  
52,11134  	-244,98909  	147,41138  	147,42785  	25,31553  	0,05087  	0,17055  	85706,53851  	0,12506  	0,16701  	1,40905  	1,40606  	228,13253  	0,03872  	36,90985  	25295332,54600  	28,04664  	214,38354  	-Inf  	-Inf  	0,00377  	0,00458  	0,00397  	0,00727  	1327,62170  	0,00400  	0,00422  
53,11140  	938,70086  	938,65120  	-244,98909  	25,31675  	0,04610  	0,17066  	9301,14909  	0,12441  	0,16765  	1,40998  	1,40700  	181683,14356  	658352,99911  	36,71753  	2745130,80686  	1,13231  	1,51367  	NaN  	NaN  	0,00377  	0,00458  	0,00396  	0,00728  	144,08135  	0,00399  	0,00422  
54,11086  	140,97838  	1327,75450  	941,85305  	25,31841  	0,05153  	0,17069  	60792,92432  	0,12553  	0,16782  	1,41021  	1,40722  	63741483,17330  	83,45823  	37,04920  	17942356,13582  	2624,79843  	0,00786  	-Inf  	-Inf  	0,00377  	0,00458  	0,00396  	0,00728  	941,70301  	0,00401  	0,00422  
55,11096  	942,95732  	139,85793  	1327,82053  	25,31947  	0,04584  	0,17027  	85706,53851  	0,12461  	0,16761  	1,40680  	1,40382  	30740778,80395  	677108,02012  	36,77869  	25295332,54600  	1,10898  	0,04618  	-Inf  	-Inf  	0,00376  	0,00458  	0,00396  	0,00727  	1327,62170  	0,00399  	0,00422  
56,11109  	1327,82048  	943,84408  	138,93745  	25,32169  	0,04145  	0,17054  	85706,53851  	0,12596  	0,16740  	1,40900  	1,40602  	5797195,18712  	3915063,25993  	37,17452  	25295332,54600  	0,24176  	0,16370  	NaN  	NaN  	0,00376  	0,00458  	0,00396  	0,00727  	1327,62170  	0,00397  	0,00422  
57,11215  	1327,82048  	1327,75450  	-244,98909  	25,32330  	0,04785  	0,17134  	85706,53851  	0,12506  	0,16761  	1,41558  	1,41259  	5803880,45678  	8831077,69787  	36,91135  	25295332,54600  	0,24206  	0,18899  	NaN  	NaN  	0,00377  	0,00458  	0,00396  	0,00729  	1327,62170  	0,00399  	0,00422  
58,11204  	135,96499  	135,94900  	946,86644  	25,32372  	0,04703  	0,17089  	85706,53851  	0,12475  	0,16875  	1,41191  	1,40893  	496511,64626  	159,97115  	36,81799  	25295332,54600  	2558,62234  	0,18569  	-Inf  	-Inf  	0,00376  	0,00458  	0,00396  	0,00728  	1327,62170  	0,00399  	0,00422  
59,11507  	-244,98909  	949,83032  	132,95096  	25,32400  	0,04742  	0,17084  	8579,52382  	0,12591  	0,16796  	1,41148  	1,40849  	1207160,87932  	1789,16937  	37,16148  	2532151,12880  	28,20929  	0,18726  	-Inf  	-Inf  	0,00377  	0,00458  	0,00397  	0,00728  	132,90318  	0,00399  	0,00422  
60,11742  	951,18803  	1327,75450  	951,18807  	25,32539  	0,04542  	0,17025  	-15815,93170  	0,12518  	0,16728  	1,40656  	1,40358  	521991673,40694  	225369,61051  	36,94596  	-4667896,50935  	1,06402  	0,00681  	-Inf  	-Inf  	0,00377  	0,00458  	0,00396  	0,00727  	-244,98909  	0,00399  	0,00422  
61,11967  	1327,82048  	128,17236  	1327,82053  	25,32617  	0,05254  	0,17066  	61618,52281  	0,12389  	0,16682  	1,40995  	1,40697  	41218963,44951  	7396757,34725  	36,56618  	18186022,35671  	0,24092  	0,05483  	-Inf  	-Inf  	0,00376  	0,00457  	0,00396  	0,00728  	954,49176  	0,00401  	0,00422  
62,11909  	123,84870  	958,93218  	123,84871  	25,32737  	0,04798  	0,17022  	7991,98769  	0,12482  	0,16721  	1,40638  	1,40339  	438001,04539  	167,87059  	36,83995  	2358746,36735  	2337,86910  	0,18946  	-Inf  	-Inf  	0,00377  	0,00458  	0,00396  	0,00727  	123,80208  	0,00399  	0,00422  
63,11973  	964,88862  	1327,75450  	964,88866  	25,32734  	0,05155  	0,17043  	-15815,93170  	0,12494  	0,16726  	1,40807  	1,40509  	550130050,86333  	271143,48415  	36,87370  	-4667896,50935  	0,99721  	0,00753  	-Inf  	-Inf  	0,00376  	0,00458  	0,00397  	0,00727  	-244,98909  	0,00401  	0,00422  
64,12168  	1327,82048  	1327,75450  	1327,82053  	25,32796  	0,04879  	0,17057  	-15815,93170  	0,12601  	0,16750  	1,40927  	1,40629  	1928084111,29968  	378,04615  	37,18905  	-4667896,50935  	0,24191  	0,00382  	-Inf  	-Inf  	0,00376  	0,00458  	0,00396  	0,00728  	-244,98909  	0,00400  	0,00422  
65,12098  	114,92300  	114,90791  	114,92302  	25,32890  	0,04127  	0,17037  	62474,75918  	0,12518  	0,16738  	1,40761  	1,40463  	63,98575  	0,00261  	36,94409  	18438731,00897  	2197,60397  	596,53109  	-Inf  	-Inf  	0,00376  	0,00458  	0,00397  	0,00727  	967,75509  	0,00397  	0,00422  
66,12522  	-244,98909  	971,34138  	-244,98909  	25,32997  	0,04531  	0,17034  	85706,53851  	0,12441  	0,16749  	1,40736  	1,40438  	74935,24828  	2545,60543  	36,71769  	25295332,54600  	28,13106  	1,18480  	-Inf  	-Inf  	0,00377  	0,00458  	0,00396  	0,00727  	1327,62170  	0,00399  	0,00422  
67,12672  	974,54229  	1327,75450  	974,54233  	25,32973  	0,04824  	0,17104  	85706,53851  	0,12499  	0,16740  	1,41313  	1,41015  	571234166,99725  	263897,04922  	36,88942  	25295332,54600  	0,95414  	0,00692  	-Inf  	-Inf  	0,00376  	0,00458  	0,00396  	0,00728  	1327,62170  	0,00399  	0,00422  
68,12855  	1327,82048  	1327,75450  	102,47025  	25,32959  	0,04611  	0,17082  	85706,53851  	0,12634  	0,16689  	1,41131  	1,40832  	36690625,47880  	6629255,06371  	37,28822  	25295332,54600  	0,24101  	0,05207  	NaN  	NaN  	0,00376  	0,00459  	0,00396  	0,00728  	1327,62170  	0,00399  	0,00422  
69,13041  	1327,82048  	1327,75450  	986,11079  	25,32984  	0,04687  	0,17033  	85706,53851  	0,12479  	0,16698  	1,40726  	1,40428  	807066003,80285  	1878849,96293  	36,83172  	25295332,54600  	0,24115  	0,00658  	NaN  	NaN  	0,00376  	0,00458  	0,00397  	0,00727  	1327,62170  	0,00399  	0,00422  
70,12992  	1327,82048  	1327,75450  	1327,82053  	25,33052  	0,04278  	0,17069  	85706,53851  	0,12415  	0,16696  	1,41020  	1,40721  	1921801060,34422  	331,47338  	36,64194  	25295332,54600  	0,24112  	0,00335  	-Inf  	-Inf  	0,00377  	0,00458  	0,00397  	0,00728  	1327,62170  	0,00398  	0,00422  
71,13254  	1327,82048  	1327,75450  	1327,82053  	25,33194  	0,04415  	0,17060  	85706,53851  	0,12432  	0,16772  	1,40953  	1,40655  	1930571055,80002  	342,15345  	36,69223  	25295332,54600  	0,24222  	0,00346  	-Inf  	-Inf  	0,00377  	0,00458  	0,00396  	0,00728  	1327,62170  	0,00398  	0,00422  
72,13312  	88,16143  	88,14745  	1327,82053  	25,33177  	0,04966  	0,17081  	85706,53851  	0,12513  	0,16735  	1,41124  	1,40826  	1662064,17250  	257,42466  	36,92960  	25295332,54600  	1803,67361  	0,05862  	-Inf  	-Inf  	0,00377  	0,00458  	0,00396  	0,00728  	1327,62170  	0,00400  	0,00422  
73,13413  	998,55471  	-244,98909  	1327,82053  	25,33276  	0,04785  	0,17078  	5437,67373  	0,12521  	0,16744  	1,41096  	1,40798  	4334051,11953  	1370090,61714  	36,95420  	1604868,98207  	0,85515  	0,18894  	NaN  	NaN  	0,00377  	0,00458  	0,00396  	0,00728  	84,23506  	0,00399  	0,00422  
74,13553  	1327,82048  	-244,98909  	1327,82053  	25,33293  	0,04222  	0,17054  	64626,25764  	0,12534  	0,16703  	1,40904  	1,40605  	5785962,87427  	7793220,19564  	36,99304  	19073721,87197  	0,24121  	0,16672  	NaN  	NaN  	0,00377  	0,00458  	0,00396  	0,00727  	1001,08239  	0,00398  	0,00422  
75,13669  	79,86781  	-244,98909  	1327,82053  	25,33290  	0,04935  	0,17118  	85706,53851  	0,12515  	0,16770  	1,41429  	1,41131  	243229,03878  	324,55216  	36,93621  	25295332,54600  	1694,51318  	0,19485  	NaN  	NaN  	0,00376  	0,00458  	0,00396  	0,00729  	1327,62170  	0,00400  	0,00422  
76,13779  	1007,41590  	1007,36335  	1327,82053  	25,33441  	0,05220  	0,17082  	85706,53851  	0,12542  	0,16830  	1,41129  	1,40830  	649939876,60315  	322875,93663  	37,01624  	25295332,54600  	0,82604  	0,00705  	-Inf  	-Inf  	0,00376  	0,00458  	0,00397  	0,00728  	1327,62170  	0,00401  	0,00422  
77,14042  	1327,82048  	1327,75450  	1327,82053  	25,33517  	0,05315  	0,17058  	85706,53851  	0,12601  	0,16804  	1,40936  	1,40638  	1934239073,81417  	411,86973  	37,19140  	25295332,54600  	0,24267  	0,00417  	-Inf  	-Inf  	0,00377  	0,00458  	0,00396  	0,00728  	1327,62170  	0,00401  	0,00422  
78,14100  	1327,82048  	69,05715  	1327,82053  	25,33539  	0,04130  	0,17089  	85706,53851  	0,12544  	0,16808  	1,41192  	1,40893  	31658844,54630  	6100387,52275  	37,02122  	25295332,54600  	0,24272  	0,05178  	-Inf  	-Inf  	0,00377  	0,00458  	0,00397  	0,00728  	1327,62170  	0,00397  	0,00422  
79,14366  	64,93031  	-244,98909  	1327,82053  	25,33618  	0,04877  	0,17074  	85706,53851  	0,12524  	0,16826  	1,41069  	1,40770  	177183,14687  	320,77201  	36,96418  	25295332,54600  	1502,96556  	0,19257  	NaN  	NaN  	0,00376  	0,00458  	0,00396  	0,00728  	1327,62170  	0,00400  	0,00422  
80,14756  	-244,98909  	-244,98909  	60,13598  	25,33688  	0,04393  	0,17076  	85706,53851  	0,12575  	0,16825  	1,41078  	1,40780  	1151,03969  	619,04865  	37,11296  	25295332,54600  	28,26043  	10,74958  	NaN  	NaN  	0,00377  	0,00458  	0,00397  	0,00728  	1327,62170  	0,00398  	0,00422  
81,14789  	-244,98909  	-244,98909  	-244,98909  	25,33674  	0,04614  	0,17050  	3735,64450  	0,12455  	0,16735  	1,40868  	1,40570  	71690,56824  	0,00000  	36,75902  	1102533,96662  	28,11026  	0,89286  	Inf  	-Inf  	0,00376  	0,00458  	0,00396  	0,00727  	57,87017  	0,00399  	0,00422  
82,14961  	1030,83887  	-244,98909  	-244,98909  	25,33758  	0,04426  	0,17044  	66536,82657  	0,12524  	0,16871  	1,40815  	1,40517  	268823,67539  	0,00000  	36,96431  	19637605,06369  	0,74681  	0,85645  	Inf  	-Inf  	0,00377  	0,00458  	0,00396  	0,00727  	1030,67763  	0,00398  	0,00422  
83,15115  	47,53905  	1035,23863  	1035,29238  	25,33740  	0,05072  	0,17107  	3066,31580  	0,12417  	0,16702  	1,41340  	1,41041  	6800570,88611  	0,01140  	36,64658  	904989,03837  	1271,37630  	0,01145  	-Inf  	-Inf  	0,00377  	0,00458  	0,00396  	0,00728  	47,50208  	0,00400  	0,00422  
84,15333  	1039,54017  	1327,75450  	1327,82053  	25,33809  	0,04139  	0,17085  	67098,48231  	0,12517  	0,16817  	1,41152  	1,40853  	1507324340,15481  	64,93437  	36,94152  	19803371,51387  	0,71690  	0,00324  	-Inf  	-Inf  	0,00377  	0,00458  	0,00397  	0,00728  	1039,37783  	0,00397  	0,00422  
85,15421  	1327,82048  	1327,75450  	1327,82053  	25,33826  	0,04921  	0,17054  	2613,24202  	0,12468  	0,16753  	1,40899  	1,40600  	1928323264,62796  	381,33482  	36,79715  	771269,34750  	0,24193  	0,00386  	-Inf  	-Inf  	0,00377  	0,00458  	0,00397  	0,00727  	40,48384  	0,00400  	0,00422  
86,15655  	35,80238  	1327,75450  	1327,82053  	25,33813  	0,04490  	0,17075  	-15815,93170  	0,12422  	0,16793  	1,41073  	1,40775  	15529338,32448  	0,01240  	36,66176  	-4667896,50935  	1133,09827  	0,00352  	-Inf  	-Inf  	0,00377  	0,00458  	0,00396  	0,00728  	-244,98909  	0,00398  	0,00422  
87,15634  	1049,47210  	33,34761  	1327,82053  	25,33940  	0,04754  	0,17061  	67739,57301  	0,12516  	0,16735  	1,40959  	1,40661  	20909024,45368  	1556694,29653  	36,94093  	19992582,31214  	0,68365  	0,06688  	-Inf  	-Inf  	0,00377  	0,00458  	0,00396  	0,00728  	1049,30850  	0,00399  	0,00422  
88,15586  	1327,82048  	-244,98909  	1327,82053  	25,34046  	0,04980  	0,17064  	1844,55792  	0,12482  	0,16819  	1,40982  	1,40684  	5826242,43768  	9191875,02747  	36,84021  	544400,77590  	0,24289  	0,19663  	NaN  	NaN  	0,00377  	0,00458  	0,00396  	0,00728  	28,57672  	0,00400  	0,00422  
89,15734  	1327,82048  	1057,18849  	1327,82053  	25,34128  	0,04616  	0,17092  	68241,18056  	0,12533  	0,16798  	1,41215  	1,40917  	983042882,64804  	1465923,70097  	36,99103  	20140626,20721  	0,24258  	0,00570  	-Inf  	-Inf  	0,00377  	0,00458  	0,00397  	0,00728  	1057,07854  	0,00399  	0,00422  
90,15858  	24,15983  	24,14854  	1327,82053  	25,34167  	0,04849  	0,17112  	1557,22264  	0,12478  	0,16767  	1,41377  	1,41078  	23120,42135  	264,42511  	36,82809  	459596,96119  	992,91751  	0,07030  	NaN  	NaN  	0,00377  	0,00458  	0,00396  	0,00729  	24,12582  	0,00400  	0,00422  
91,15964  	-244,98909  	1061,69477  	1327,82053  	25,34029  	0,04391  	0,17070  	-15815,93170  	0,12491  	0,16824  	1,41028  	1,40730  	206800794,27292  	539,60246  	36,86588  	-4667896,50935  	28,26122  	0,00538  	-Inf  	-Inf  	0,00377  	0,00458  	0,00396  	0,00728  	-244,98909  	0,00398  	0,00422  
92,16019  	1062,49707  	20,32319  	1327,82053  	25,33881  	0,04242  	0,17044  	68580,31522  	0,12486  	0,16699  	1,40814  	1,40516  	19833413,39998  	1521815,00741  	36,85187  	20240718,03337  	0,64554  	0,06228  	NaN  	NaN  	0,00377  	0,00458  	0,00396  	0,00727  	1062,33182  	0,00398  	0,00422  
93,16203  	1327,82048  	1067,41444  	1327,82053  	25,34081  	0,03953  	0,17078  	989,32908  	0,12512  	0,16804  	1,41101  	1,40802  	1010334138,25364  	1207913,58534  	36,92663  	291989,48520  	0,24268  	0,00479  	-Inf  	-Inf  	0,00376  	0,00458  	0,00397  	0,00728  	15,32899  	0,00397  	0,00422  
94,16532  	14,53077  	1327,75450  	1327,82053  	25,34191  	0,04872  	0,17099  	-15815,93170  	0,12430  	0,16844  	1,41270  	1,40971  	16092787,70472  	0,01346  	36,68524  	-4667896,50935  	887,96053  	0,00382  	-Inf  	-Inf  	0,00377  	0,00458  	0,00396  	0,00728  	-244,98909  	0,00400  	0,00422  
95,16671  	-244,98909  	1327,75450  	1327,82053  	25,34191  	0,05135  	0,17037  	69272,46199  	0,12484  	0,16763  	1,40761  	1,40463  	400467779,52745  	0,15658  	36,84646  	20444997,46339  	28,15812  	0,00402  	-Inf  	-Inf  	0,00376  	0,00458  	0,00397  	0,00727  	1073,05337  	0,00400  	0,00422  
96,16855  	-244,98909  	1327,75450  	5,31628  	25,34268  	0,04943  	0,17049  	85706,53851  	0,12492  	0,16741  	1,40856  	1,40557  	4812573,08866  	3018,23071  	36,86781  	25295332,54600  	28,12106  	0,07630  	-Inf  	-Inf  	0,00376  	0,00458  	0,00396  	0,00727  	1327,62170  	0,00400  	0,00422  
97,16897  	-244,98909  	1327,75450  	1081,43148  	25,34323  	0,04805  	0,17073  	85706,53851  	0,12448  	0,16749  	1,41053  	1,40755  	216804001,18892  	546,56260  	36,73754  	25295332,54600  	28,13498  	0,00569  	-Inf  	-Inf  	0,00377  	0,00458  	0,00396  	0,00728  	1327,62170  	0,00399  	0,00422  
98,17165  	-244,98909  	1327,75450  	1327,82053  	25,34450  	0,04658  	0,17027  	85706,53851  	0,12467  	0,16708  	1,40676  	1,40378  	399161010,24929  	0,14202  	36,79358  	25295332,54600  	28,06672  	0,00365  	-Inf  	-Inf  	0,00376  	0,00458  	0,00396  	0,00727  	1327,62170  	0,00399  	0,00422  
99,17178  	-244,98909  	1327,75450  	1327,82053  	25,34499  	0,04572  	0,17023  	85706,53851  	0,12376  	0,16718  	1,40646  	1,40348  	399397812,27050  	0,13939  	36,52636  	25295332,54600  	28,08346  	0,00358  	-Inf  	-Inf  	0,00377  	0,00457  	0,00397  	0,00727  	1327,62170  	0,00399  	0,00422  
100,17274  	1094,00745  	1327,75450  	-11,17605  	25,34584  	0,04668  	0,17068  	85706,53851  	0,12405  	0,16632  	1,41016  	1,40718  	17412168,29603  	2078239,18256  	36,61342  	25295332,54600  	0,56435  	0,07617  	NaN  	NaN  	0,00377  	0,00458  	0,00397  	0,00728  	1327,62170  	0,00399  	0,00422  
101,17558  	1327,82048  	-12,51293  	1095,33461  	25,34652  	0,04735  	0,17041  	85706,53851  	0,12407  	0,16620  	1,40795  	1,40497  	5757085,74528  	6155682,51112  	36,61899  	25295332,54600  	0,24001  	0,18695  	Inf  	-Inf  	0,00377  	0,00458  	0,00397  	0,00727  	1327,62170  	0,00399  	0,00422  
102,17614  	-17,38283  	1100,15778  	-17,38282  	25,34661  	0,04630  	0,17067  	85706,53851  	0,12579  	0,16773  	1,41008  	1,40709  	190552,52566  	217,05948  	37,12419  	25295332,54600  	574,86098  	0,18283  	-Inf  	-Inf  	0,00377  	0,00458  	0,00396  	0,00728  	1327,62170  	0,00399  	0,00422  
103,17858  	1102,81959  	1327,75450  	-244,98909  	25,34621  	0,04455  	0,17079  	85706,53851  	0,12495  	0,16727  	1,41106  	1,40808  	4791445,74094  	2455879,36037  	36,87715  	25295332,54600  	0,54765  	0,17594  	NaN  	NaN  	0,00376  	0,00458  	0,00397  	0,00728  	1327,62170  	0,00398  	0,00422  
104,18165  	1327,82048  	1327,75450  	1107,35672  	25,34614  	0,04531  	0,17021  	85706,53851  	0,12481  	0,16739  	1,40626  	1,40328  	1116888886,51412  	1171987,52165  	36,83516  	25295332,54600  	0,24173  	0,00512  	NaN  	NaN  	0,00376  	0,00458  	0,00396  	0,00727  	1327,62170  	0,00399  	0,00422  
105,18359  	1327,82048  	-26,63091  	-26,62175  	25,34614  	0,04831  	0,17065  	85706,53851  	0,12408  	0,16719  	1,40991  	1,40692  	1012,61928  	51,97562  	36,62231  	25295332,54600  	0,24143  	66,50191  	Inf  	-Inf  	0,00377  	0,00458  	0,00396  	0,00728  	1327,62170  	0,00399  	0,00422  
106,18542  	1327,82048  	1114,64476  	-244,98909  	25,34669  	0,04747  	0,17098  	-2059,44452  	0,12486  	0,16688  	1,41260  	1,40962  	1286810,80688  	7574342,25233  	36,85019  	-607822,16718  	0,24100  	0,52035  	NaN  	NaN  	0,00376  	0,00458  	0,00397  	0,00728  	-31,89735  	0,00399  	0,00422  
107,18722  	1327,82048  	-36,71192  	-244,98909  	25,34718  	0,04932  	0,17063  	72261,99917  	0,12495  	0,16722  	1,40972  	1,40673  	27124,97752  	1205540,85767  	36,87726  	21327326,14537  	0,24148  	4,53977  	Inf  	-Inf  	0,00377  	0,00458  	0,00397  	0,00728  	1119,36211  	0,00400  	0,00422  
108,18867  	1327,82048  	1125,04253  	1125,10006  	25,34683  	0,04264  	0,17036  	-2730,63327  	0,12359  	0,16751  	1,40750  	1,40452  	678470032,78716  	287,86342  	36,47685  	-805916,06845  	0,24190  	0,00675  	NaN  	NaN  	0,00377  	0,00457  	0,00396  	0,00727  	-42,29424  	0,00398  	0,00422  
109,18976  	1327,82048  	1327,75450  	-46,93391  	25,34842  	0,04937  	0,17060  	-15815,93170  	0,12401  	0,16723  	1,40948  	1,40649  	17787351,12853  	7965474,17599  	36,60000  	-4667896,50935  	0,24149  	0,09113  	NaN  	NaN  	0,00376  	0,00458  	0,00397  	0,00728  	-244,98909  	0,00400  	0,00422  
110,18999  	-49,25190  	1327,75450  	1132,08334  	25,34797  	0,04710  	0,17051  	-15815,93170  	0,12504  	0,16762  	1,40874  	1,40575  	68271566,99007  	39,59946  	36,90341  	-4667896,50935  	358,43567  	0,00510  	-Inf  	-Inf  	0,00376  	0,00458  	0,00397  	0,00727  	-244,98909  	0,00399  	0,00422  
111,19246  	1135,41732  	1327,75450  	-52,58592  	25,34912  	0,04661  	0,17107  	73287,20619  	0,12408  	0,16727  	1,41334  	1,41035  	14726271,30899  	2729502,55088  	36,62171  	21629904,60528  	0,48115  	0,08775  	NaN  	NaN  	0,00376  	0,00458  	0,00396  	0,00728  	1135,24285  	0,00399  	0,00422  
112,19453  	1327,82048  	1327,75450  	-244,98909  	25,35040  	0,04554  	0,17047  	85706,53851  	0,12503  	0,16728  	1,40841  	1,40542  	5792214,39853  	8405292,34097  	36,90169  	25295332,54600  	0,24156  	0,17985  	NaN  	NaN  	0,00376  	0,00458  	0,00396  	0,00727  	1327,62170  	0,00399  	0,00422  
113,19611  	-59,41703  	-59,42481  	1142,24846  	25,35055  	0,05306  	0,17085  	-3837,53683  	0,12552  	0,16733  	1,41156  	1,40857  	377231,02226  	279,09919  	37,04557  	-1132606,35728  	307,02310  	0,20951  	NaN  	NaN  	0,00376  	0,00458  	0,00396  	0,00728  	-59,44048  	0,00401  	0,00422  
114,19780  	-244,98909  	-244,98909  	1327,82053  	25,35069  	0,04330  	0,17049  	-15815,93170  	0,12494  	0,16771  	1,40857  	1,40559  	1205804,27345  	3144,51189  	36,87386  	-4667896,50935  	28,17380  	0,17098  	NaN  	NaN  	0,00376  	0,00458  	0,00397  	0,00727  	-244,98909  	0,00398  	0,00422  
115,19881  	-244,98909  	1151,19000  	-68,41717  	25,35057  	0,04321  	0,17049  	-15815,93170  	0,12407  	0,16744  	1,40859  	1,40561  	1203415,90729  	2433,08849  	36,61802  	-4667896,50935  	28,12825  	0,17065  	-Inf  	-Inf  	0,00376  	0,00458  	0,00396  	0,00727  	-244,98909  	0,00398  	0,00422  
116,20077  	1154,66713  	1327,75450  	1154,66718  	25,34985  	0,04510  	0,17116  	-15815,93170  	0,12407  	0,16754  	1,41414  	1,41115  	1094190808,79613  	369644,32087  	36,61682  	-4667896,50935  	0,44729  	0,00470  	-Inf  	-Inf  	0,00376  	0,00458  	0,00397  	0,00729  	-244,98909  	0,00398  	0,00422  
117,20210  	-77,18084  	1327,75450  	-77,18083  	25,35005  	0,04937  	0,17083  	-15815,93170  	0,12434  	0,16744  	1,41137  	1,40839  	1196690,78974  	320,63426  	36,69882  	-4667896,50935  	235,43441  	0,10143  	-Inf  	-Inf  	0,00376  	0,00458  	0,00395  	0,00728  	-244,98909  	0,00400  	0,00422  
118,20392  	1162,87341  	-80,04894  	1162,87346  	25,35220  	0,04941  	0,17086  	75059,45564  	0,12484  	0,16757  	1,41165  	1,40867  	5069448,47618  	3046076,93360  	36,84499  	22152964,33704  	0,43358  	0,19509  	NaN  	NaN  	0,00377  	0,00458  	0,00396  	0,00728  	1162,69548  	0,00400  	0,00422  
119,20740  	-83,53864  	1166,31082  	1327,82053  	25,35230  	0,04419  	0,17039  	-5394,54997  	0,12442  	0,16703  	1,40778  	1,40480  	108351593,54403  	33,93899  	36,72221  	-1592141,48373  	213,74400  	0,00451  	-Inf  	-Inf  	0,00376  	0,00458  	0,00397  	0,00727  	-83,55904  	0,00398  	0,00422  
120,20770  	-244,98909  	-89,78826  	1327,82053  	25,35257  	0,04445  	0,17077  	75688,14053  	0,12528  	0,16675  	1,41090  	1,40792  	2938849,95747  	2909,09579  	36,97442  	22338513,69795  	28,01356  	0,09556  	NaN  	NaN  	0,00376  	0,00458  	0,00396  	0,00728  	1172,43398  	0,00398  	0,00422  
121,20677  	1175,75499  	-244,98909  	1327,82053  	25,35218  	0,04470  	0,17040  	-6000,33530  	0,12472  	0,16790  	1,40780  	1,40482  	5137078,92841  	3746842,95039  	36,80870  	-1770932,29385  	0,41376  	0,17648  	NaN  	NaN  	0,00377  	0,00458  	0,00396  	0,00727  	-92,94282  	0,00398  	0,00422  
122,20821  	1327,82048  	1178,68822  	1327,82053  	25,35299  	0,04740  	0,17091  	-15815,93170  	0,12447  	0,16771  	1,41210  	1,40911  	1342446699,66216  	829614,91852  	36,73453  	-4667896,50935  	0,24218  	0,00474  	-Inf  	-Inf  	0,00377  	0,00458  	0,00396  	0,00728  	-244,98909  	0,00399  	0,00422  
123,21010  	-97,60693  	1327,75450  	-97,60693  	25,35479  	0,04687  	0,17051  	-15815,93170  	0,12598  	0,16818  	1,40871  	1,40572  	1292111,59816  	345,16435  	37,18099  	-4667896,50935  	175,21020  	0,10372  	-Inf  	-Inf  	0,00377  	0,00458  	0,00397  	0,00727  	-244,98909  	0,00399  	0,00422  
124,21257  	-244,98909  	1327,75450  	1183,23771  	25,35482  	0,04595  	0,17077  	-15815,93170  	0,12537  	0,16777  	1,41087  	1,40788  	281898946,92403  	306,59759  	37,00260  	-4667896,50935  	28,18537  	0,00456  	-Inf  	-Inf  	0,00377  	0,00458  	0,00396  	0,00728  	-244,98909  	0,00399  	0,00422  
125,21405  	1186,00721  	-103,18177  	-103,17581  	25,35338  	0,04501  	0,17044  	-15815,93170  	0,12307  	0,16802  	1,40816  	1,40518  	7175,64384  	15,11504  	36,32337  	-4667896,50935  	0,39848  	8,69717  	Inf  	-Inf  	0,00377  	0,00457  	0,00396  	0,00727  	-244,98909  	0,00398  	0,00422  
126,21671  	-108,29135  	-244,98909  	-244,98909  	25,35597  	0,05375  	0,17087  	76882,90723  	0,12457  	0,16692  	1,41172  	1,40874  	35351,13485  	0,00000  	36,76541  	22691135,81491  	149,21658  	1,04013  	Inf  	-Inf  	0,00376  	0,00458  	0,00396  	0,00728  	1190,94124  	0,00401  	0,00422  
127,21574  	-244,98909  	1194,07757  	-244,98909  	25,35536  	0,05066  	0,17097  	85706,53851  	0,12576  	0,16764  	1,41254  	1,40955  	491219,63860  	3365,56023  	37,11779  	25295332,54600  	28,16418  	0,36800  	-Inf  	-Inf  	0,00377  	0,00458  	0,00396  	0,00728  	1327,62170  	0,00400  	0,00422  
