11/04/2024 11:34:20Time	T_hot_in(C)	T_cold_in(C)	T_cold_out(C)	T_hot_out(C)	mdot_cold(kg/s)	ASFASIFUAS(kg/s)	Diferencial_cold(bar)	Diferencial_hot(bar)	mdot_hot(kg/s)	ABS_cold(bar)	ABS_hot(bar)	q_cold(kW)	q_hot(kW)	ASFASYFY	Tau_cold_haste	Re_hot	Re_cold	U_global	PSIG_cold(bar)	R_fouling	PSIG_hot(bar)	PSID_hot(bar)	m_dot_hot	PSID_cold(bar)	m_dot_cold
1.74370  	0.00000  	0.00000  	0.00000  	0.00000  	-1.18512  	-0.20833  	-0.86278  	-2.50000  	-3.02442  	-1.25000  	-0.08628  	-0.00000  	-0.00000  	-737.84722  	-254.63905  	-9234.48090  	-3618.55272  	0.00000  	0.00000  	0.00000  	0.00000  	0.00000  	0.00000  	0.00000  
2.74359  	33.42739  	4.82920  	5.02074  	25.68085  	-1.18512  	0.01555  	0.08025  	0.07454  	-3.02442  	0.01037  	-0.08571  	-98.24797  	-0.94953  	22.00005  	23.68473  	-19963.47284  	-4172.83927  	0.00412  	0.00003  	0.00403  	0.00430  	0.00434  	0.00000  	0.00000  
3.74362  	33.42933  	4.82907  	5.02068  	25.68032  	-1.18512  	0.01492  	0.07970  	0.06708  	-3.02442  	0.00815  	-0.08575  	-98.27924  	-0.94988  	19.79770  	23.52163  	-19963.78095  	-4172.82860  	0.00411  	0.00002  	0.00403  	0.00429  	0.00434  	0.00000  	0.00000  
4.74363  	33.43200  	4.82878  	5.01963  	25.68030  	-1.18512  	0.01485  	0.08039  	0.06604  	-3.02442  	0.00520  	-0.08578  	-98.31341  	-0.94611  	19.49225  	23.72719  	-19964.35688  	-4172.74828  	0.00411  	0.00002  	0.00402  	0.00429  	0.00435  	0.00000  	0.00000  
5.74379  	33.43441  	4.82784  	5.01987  	25.67948  	-1.18512  	0.01540  	0.07913  	0.07338  	-3.02442  	0.00880  	-0.08571  	-98.35452  	-0.95198  	21.65611  	23.35426  	-19964.70404  	-4172.70627  	0.00412  	0.00003  	0.00403  	0.00430  	0.00434  	0.00000  	0.00000  
6.74362  	33.43555  	4.82691  	5.01947  	25.67840  	-1.18512  	0.01552  	0.07922  	0.06528  	-3.02442  	0.00570  	-0.08576  	-98.38266  	-0.95462  	19.26709  	23.38054  	-19964.71573  	-4172.62718  	0.00410  	0.00002  	0.00402  	0.00430  	0.00434  	0.00000  	0.00000  
7.74362  	33.43674  	4.82785  	5.02045  	25.67568  	-1.18512  	0.01542  	0.07932  	0.07179  	-3.02442  	0.00619  	-0.08568  	-98.43219  	-0.95479  	21.18782  	23.41122  	-19964.38260  	-4172.74177  	0.00411  	0.00003  	0.00402  	0.00430  	0.00434  	0.00000  	0.00000  
8.74464  	33.43868  	4.82778  	5.01966  	25.67239  	-1.18512  	0.01573  	0.07820  	0.05856  	-3.02442  	0.00702  	-0.08573  	-98.49848  	-0.95124  	17.28409  	23.08076  	-19964.08992  	-4172.69044  	0.00409  	0.00003  	0.00402  	0.00430  	0.00434  	0.00000  	0.00000  
9.74514  	33.43982  	4.82700  	5.01886  	25.66843  	-1.18512  	0.01530  	0.07818  	0.06394  	-3.02442  	0.00664  	-0.08577  	-98.56315  	-0.95110  	18.87131  	23.07455  	-19963.47570  	-4172.59637  	0.00410  	0.00002  	0.00402  	0.00429  	0.00434  	0.00000  	0.00000  
10.74569  	33.44181  	4.82665  	5.01814  	25.66472  	-1.18512  	0.01530  	0.07881  	0.06012  	-3.02442  	0.00525  	-0.08574  	-98.63543  	-0.94928  	17.74319  	23.25953  	-19963.10122  	-4172.53310  	0.00410  	0.00003  	0.00402  	0.00429  	0.00434  	0.00000  	0.00000  
11.74598  	33.44333  	4.82662  	5.01767  	25.65962  	-1.18512  	0.01663  	0.07875  	0.06116  	-3.02442  	0.00957  	-0.08567  	-98.71947  	-0.94708  	18.05167  	23.24313  	-19962.32170  	-4172.50280  	0.00410  	0.00003  	0.00403  	0.00432  	0.00434  	0.00000  	0.00000  
12.74531  	33.44470  	4.82659  	5.01677  	25.65503  	-1.18512  	0.01403  	0.07901  	0.06608  	-3.02442  	0.00724  	-0.08574  	-98.79522  	-0.94280  	19.50187  	23.31929  	-19961.62037  	-4172.44704  	0.00411  	0.00003  	0.00402  	0.00427  	0.00434  	0.00000  	0.00000  
13.74559  	33.44632  	4.82611  	5.01648  	25.64916  	-1.18512  	0.01365  	0.07969  	0.06843  	-3.02442  	0.00827  	-0.08574  	-98.89019  	-0.94375  	20.19602  	23.51858  	-19960.69471  	-4172.40187  	0.00411  	0.00003  	0.00403  	0.00426  	0.00434  	0.00000  	0.00000  
14.74675  	33.44690  	4.82589  	5.01636  	25.64459  	-1.18512  	0.01482  	0.08127  	0.06786  	-3.02442  	0.00556  	-0.08576  	-98.95541  	-0.94421  	20.02943  	23.98540  	-19959.82508  	-4172.38144  	0.00411  	0.00002  	0.00402  	0.00428  	0.00435  	0.00000  	0.00000  
15.74653  	33.44818  	4.82490  	5.01571  	25.64065  	-1.18512  	0.01512  	0.08240  	0.07217  	-3.02442  	0.00745  	-0.08581  	-99.02161  	-0.94590  	21.30044  	24.31895  	-19959.24744  	-4172.28377  	0.00412  	0.00002  	0.00402  	0.00429  	0.00435  	0.00000  	0.00000  
16.74631  	33.44890  	4.82527  	5.01595  	25.63812  	-1.18512  	0.01357  	0.08187  	0.07228  	-3.02442  	0.00561  	-0.08581  	-99.06284  	-0.94530  	21.33234  	24.16400  	-19958.85263  	-4172.32011  	0.00412  	0.00002  	0.00402  	0.00426  	0.00435  	0.00000  	0.00000  
17.74665  	33.45067  	4.82545  	5.01539  	25.63812  	-1.18512  	0.01606  	0.08402  	0.07204  	-3.02442  	0.00583  	-0.08575  	-99.08538  	-0.94161  	21.26127  	24.79635  	-19959.23948  	-4172.29758  	0.00412  	0.00002  	0.00402  	0.00431  	0.00436  	0.00000  	0.00000  
18.74709  	33.45152  	4.82421  	5.01539  	25.63833  	-1.18512  	0.01292  	0.08337  	0.06824  	-3.02442  	0.00716  	-0.08581  	-99.09352  	-0.94775  	20.13997  	24.60512  	-19959.46776  	-4172.22380  	0.00411  	0.00002  	0.00402  	0.00425  	0.00436  	0.00000  	0.00000  
19.74752  	33.45418  	4.82405  	5.01545  	25.64042  	-1.18512  	0.01601  	0.08258  	0.06492  	-3.02442  	0.00896  	-0.08563  	-99.10074  	-0.94888  	19.15973  	24.37351  	-19960.50351  	-4172.21761  	0.00410  	0.00003  	0.00403  	0.00431  	0.00436  	0.00000  	0.00000  
20.74730  	33.45593  	4.82362  	5.01443  	25.64335  	-1.18512  	0.01560  	0.08436  	0.06992  	-3.02442  	0.00793  	-0.08586  	-99.08579  	-0.94594  	20.63727  	24.89658  	-19961.52332  	-4172.13145  	0.00411  	0.00002  	0.00403  	0.00430  	0.00436  	0.00000  	0.00000  
21.74800  	33.45757  	4.82368  	5.01453  	25.64729  	-1.18512  	0.01496  	0.08468  	0.07543  	-3.02442  	0.00861  	-0.08579  	-99.05670  	-0.94615  	22.26344  	24.99135  	-19962.73757  	-4172.14104  	0.00412  	0.00002  	0.00403  	0.00429  	0.00437  	0.00000  	0.00000  
22.74739  	33.45942  	4.82401  	5.01468  	25.65262  	-1.18512  	0.01668  	0.08626  	0.06977  	-3.02442  	0.00709  	-0.08561  	-99.01257  	-0.94524  	20.59117  	25.45895  	-19964.30083  	-4172.16902  	0.00411  	0.00003  	0.00402  	0.00432  	0.00437  	0.00000  	0.00000  
23.74787  	33.46132  	4.82369  	5.01480  	25.65920  	-1.18512  	0.01552  	0.08455  	0.07211  	-3.02442  	0.00519  	-0.08578  	-98.95314  	-0.94740  	21.28108  	24.95253  	-19966.14729  	-4172.15751  	0.00412  	0.00002  	0.00402  	0.00430  	0.00436  	0.00000  	0.00000  
24.74841  	33.46372  	4.82277  	5.01515  	25.66554  	-1.18512  	0.01639  	0.08485  	0.07473  	-3.02442  	0.01024  	-0.08567  	-98.90329  	-0.95367  	22.05659  	25.04352  	-19968.05068  	-4172.12360  	0.00412  	0.00003  	0.00403  	0.00431  	0.00437  	0.00000  	0.00000  
25.74892  	33.46633  	4.82318  	5.01519  	25.67259  	-1.18512  	0.01553  	0.08496  	0.07668  	-3.02442  	0.00482  	-0.08580  	-98.84692  	-0.95185  	22.63163  	25.07626  	-19970.15433  	-4172.15013  	0.00412  	0.00002  	0.00402  	0.00430  	0.00437  	0.00000  	0.00000  
26.74830  	33.46861  	4.82283  	5.01509  	25.67993  	-1.18512  	0.01446  	0.08403  	0.08144  	-3.02442  	0.00619  	-0.08570  	-98.78278  	-0.95306  	24.03680  	24.80050  	-19972.24914  	-4172.12353  	0.00413  	0.00003  	0.00402  	0.00428  	0.00436  	0.00000  	0.00000  
27.74876  	33.46980  	4.82300  	5.01402  	25.68869  	-1.18512  	0.01550  	0.08485  	0.07353  	-3.02442  	0.00920  	-0.08572  	-98.68660  	-0.94695  	21.70301  	25.04193  	-19974.41619  	-4172.06961  	0.00412  	0.00003  	0.00403  	0.00430  	0.00437  	0.00000  	0.00000  
28.74825  	33.47267  	4.82306  	5.01467  	25.69604  	-1.18512  	0.01526  	0.08534  	0.06763  	-3.02442  	0.00826  	-0.08574  	-98.62980  	-0.94988  	19.95942  	25.18681  	-19976.64272  	-4172.11199  	0.00411  	0.00003  	0.00403  	0.00429  	0.00437  	0.00000  	0.00000  
29.74945  	33.47501  	4.82157  	5.01521  	25.70201  	-1.18512  	0.01513  	0.08411  	0.06985  	-3.02442  	0.00729  	-0.08573  	-98.58388  	-0.95993  	20.61481  	24.82390  	-19978.45163  	-4172.05561  	0.00411  	0.00003  	0.00402  	0.00429  	0.00436  	0.00000  	0.00000  
30.74973  	33.47698  	4.82233  	5.01549  	25.70683  	-1.18512  	0.01499  	0.08189  	0.07414  	-3.02442  	0.00566  	-0.08574  	-98.54776  	-0.95760  	21.88273  	24.16871  	-19979.93077  	-4172.11753  	0.00412  	0.00003  	0.00402  	0.00429  	0.00435  	0.00000  	0.00000  
31.74998  	33.47935  	4.82216  	5.01424  	25.71263  	-1.18512  	0.01675  	0.08314  	0.07194  	-3.02442  	0.00771  	-0.08568  	-98.50415  	-0.95220  	21.23286  	24.53929  	-19981.71003  	-4172.03306  	0.00412  	0.00003  	0.00402  	0.00432  	0.00436  	0.00000  	0.00000  
32.74964  	33.48189  	4.82267  	5.01463  	25.71847  	-1.18512  	0.01448  	0.08324  	0.07021  	-3.02442  	0.00668  	-0.08580  	-98.46237  	-0.95160  	20.72126  	24.56818  	-19983.53519  	-4172.08654  	0.00411  	0.00002  	0.00402  	0.00428  	0.00436  	0.00000  	0.00000  
33.74990  	33.48354  	4.82250  	5.01491  	25.72281  	-1.18512  	0.01455  	0.08385  	0.06876  	-3.02442  	0.00747  	-0.08578  	-98.42828  	-0.95388  	20.29445  	24.74597  	-19984.84109  	-4172.09320  	0.00411  	0.00002  	0.00402  	0.00428  	0.00436  	0.00000  	0.00000  
34.74929  	33.48535  	4.82197  	5.01452  	25.72670  	-1.18512  	0.01442  	0.08285  	0.07373  	-3.02442  	0.00629  	-0.08572  	-98.40181  	-0.95457  	21.76127  	24.45190  	-19986.08301  	-4172.03853  	0.00412  	0.00003  	0.00402  	0.00428  	0.00436  	0.00000  	0.00000  
35.75126  	33.48688  	4.82228  	5.01586  	25.73038  	-1.18512  	0.01394  	0.08296  	0.07423  	-3.02442  	0.00849  	-0.08580  	-98.37452  	-0.95968  	21.90958  	24.48606  	-19987.21835  	-4172.13644  	0.00412  	0.00002  	0.00403  	0.00427  	0.00436  	0.00000  	0.00000  
36.75160  	33.48814  	4.82256  	5.01541  	25.73229  	-1.18512  	0.01472  	0.08121  	0.06917  	-3.02442  	0.00436  	-0.08574  	-98.36627  	-0.95602  	20.41562  	23.96934  	-19987.90604  	-4172.12644  	0.00411  	0.00003  	0.00401  	0.00428  	0.00435  	0.00000  	0.00000  
37.75160  	33.48937  	4.82235  	5.01470  	25.73450  	-1.18512  	0.01313  	0.08259  	0.07391  	-3.02442  	0.00581  	-0.08568  	-98.35391  	-0.95353  	21.81276  	24.37548  	-19988.65455  	-4172.07183  	0.00412  	0.00003  	0.00402  	0.00425  	0.00436  	0.00000  	0.00000  
38.75161  	33.49126  	4.82217  	5.01458  	25.73541  	-1.18512  	0.01647  	0.08193  	0.06455  	-3.02442  	0.01009  	-0.08574  	-98.36638  	-0.95381  	19.05176  	24.18002  	-19989.26656  	-4172.05381  	0.00410  	0.00002  	0.00403  	0.00432  	0.00435  	0.00000  	0.00000  
39.75160  	33.49243  	4.82184  	5.01564  	25.73540  	-1.18512  	0.01568  	0.08147  	0.06902  	-3.02442  	0.00661  	-0.08580  	-98.38126  	-0.96075  	20.36903  	24.04630  	-19989.51920  	-4172.09703  	0.00411  	0.00002  	0.00402  	0.00430  	0.00435  	0.00000  	0.00000  
40.75160  	33.49374  	4.82249  	5.01560  	25.73544  	-1.18512  	0.01415  	0.07955  	0.05915  	-3.02442  	0.00538  	-0.08582  	-98.39739  	-0.95731  	17.45712  	23.47800  	-19989.81308  	-4172.13351  	0.00409  	0.00002  	0.00402  	0.00427  	0.00434  	0.00000  	0.00000  
41.75260  	33.49458  	4.82265  	5.01572  	25.73481  	-1.18512  	0.01453  	0.08128  	0.06535  	-3.02442  	0.00719  	-0.08584  	-98.41602  	-0.95715  	19.28812  	23.98792  	-19989.86067  	-4172.15052  	0.00410  	0.00002  	0.00402  	0.00428  	0.00435  	0.00000  	0.00000  
42.75366  	33.49474  	4.82202  	5.01585  	25.73294  	-1.18512  	0.01367  	0.08055  	0.06907  	-3.02442  	0.00663  	-0.08571  	-98.44176  	-0.96091  	20.38413  	23.77403  	-19989.48777  	-4172.12059  	0.00411  	0.00003  	0.00402  	0.00426  	0.00435  	0.00000  	0.00000  
43.75362  	33.49513  	4.82197  	5.01551  	25.73154  	-1.18512  	0.01383  	0.07895  	0.06842  	-3.02442  	0.00649  	-0.08578  	-98.46447  	-0.95947  	20.19380  	23.30171  	-19989.26678  	-4172.09728  	0.00411  	0.00002  	0.00402  	0.00427  	0.00434  	0.00000  	0.00000  
44.75480  	33.49634  	4.82169  	5.01565  	25.72738  	-1.18512  	0.01354  	0.07930  	0.07180  	-3.02442  	0.00694  	-0.08572  	-98.53265  	-0.96158  	21.18977  	23.40511  	-19988.62461  	-4172.08905  	0.00411  	0.00003  	0.00402  	0.00426  	0.00434  	0.00000  	0.00000  
45.75478  	33.49768  	4.82231  	5.01554  	25.72372  	-1.18512  	0.01451  	0.07871  	0.06819  	-3.02442  	0.00751  	-0.08581  	-98.59608  	-0.95794  	20.12517  	23.22959  	-19988.11861  	-4172.11948  	0.00411  	0.00002  	0.00402  	0.00428  	0.00434  	0.00000  	0.00000  
46.75468  	33.49782  	4.82232  	5.01554  	25.71971  	-1.18512  	0.01436  	0.07786  	0.06621  	-3.02442  	0.00505  	-0.08579  	-98.64869  	-0.95787  	19.54192  	22.97992  	-19987.27629  	-4172.12034  	0.00411  	0.00002  	0.00402  	0.00428  	0.00433  	0.00000  	0.00000  
47.75517  	33.49776  	4.82323  	5.01560  	25.71451  	-1.18512  	0.01448  	0.07933  	0.06306  	-3.02442  	0.00615  	-0.08576  	-98.71381  	-0.95366  	18.61107  	23.41331  	-19986.13043  	-4172.17761  	0.00410  	0.00002  	0.00402  	0.00428  	0.00434  	0.00000  	0.00000  
48.75555  	33.49754  	4.82337  	5.01652  	25.70791  	-1.18512  	0.01383  	0.07779  	0.06446  	-3.02442  	0.00510  	-0.08580  	-98.79466  	-0.95752  	19.02535  	22.95766  	-19984.64267  	-4172.24048  	0.00410  	0.00002  	0.00402  	0.00427  	0.00433  	0.00000  	0.00000  
49.75601  	33.49673  	4.82363  	5.01722  	25.70126  	-1.18512  	0.01397  	0.08080  	0.06433  	-3.02442  	0.00478  	-0.08575  	-98.86875  	-0.95969  	18.98533  	23.84620  	-19983.01811  	-4172.29767  	0.00410  	0.00002  	0.00402  	0.00427  	0.00435  	0.00000  	0.00000  
50.75585  	33.49639  	4.82365  	5.01748  	25.69583  	-1.18512  	0.01268  	0.08135  	0.06918  	-3.02442  	0.00845  	-0.08570  	-98.93334  	-0.96089  	20.41837  	24.01052  	-19981.76188  	-4172.31472  	0.00411  	0.00003  	0.00403  	0.00424  	0.00435  	0.00000  	0.00000  
51.75593  	33.49730  	4.82470  	5.01811  	25.68995  	-1.18512  	0.01464  	0.08001  	0.06987  	-3.02442  	0.00611  	-0.08571  	-99.01944  	-0.95880  	20.62087  	23.61276  	-19980.68022  	-4172.41473  	0.00411  	0.00003  	0.00402  	0.00428  	0.00434  	0.00000  	0.00000  
52.75661  	33.49685  	4.82430  	5.01879  	25.68565  	-1.18512  	0.01642  	0.08179  	0.06952  	-3.02442  	0.00837  	-0.08580  	-99.06814  	-0.96419  	20.51781  	24.13946  	-19979.64589  	-4172.43158  	0.00411  	0.00002  	0.00403  	0.00432  	0.00435  	0.00000  	0.00000  
53.75694  	33.49641  	4.82551  	5.01898  	25.68366  	-1.18512  	0.01538  	0.08323  	0.07406  	-3.02442  	0.00419  	-0.08568  	-99.08780  	-0.95909  	21.85826  	24.56512  	-19979.11674  	-4172.51465  	0.00412  	0.00003  	0.00401  	0.00430  	0.00436  	0.00000  	0.00000  
54.75777  	33.49634  	4.82527  	5.01937  	25.68238  	-1.18512  	0.01542  	0.08417  	0.07132  	-3.02442  	0.00948  	-0.08572  	-99.10316  	-0.96221  	21.04912  	24.84266  	-19978.82269  	-4172.52354  	0.00411  	0.00003  	0.00403  	0.00430  	0.00436  	0.00000  	0.00000  
55.75716  	33.49601  	4.82512  	5.01954  	25.68210  	-1.18512  	0.01640  	0.08305  	0.07010  	-3.02442  	0.00814  	-0.08568  	-99.10254  	-0.96381  	20.68824  	24.51240  	-19978.69062  	-4172.52489  	0.00411  	0.00003  	0.00403  	0.00431  	0.00436  	0.00000  	0.00000  
56.75772  	33.49578  	4.82478  	5.01990  	25.68436  	-1.18512  	0.01604  	0.08407  	0.07515  	-3.02442  	0.00646  	-0.08578  	-99.07092  	-0.96733  	22.17902  	24.81303  	-19979.13239  	-4172.52621  	0.00412  	0.00002  	0.00402  	0.00431  	0.00436  	0.00000  	0.00000  
57.75727  	33.49551  	4.82563  	5.02005  	25.68738  	-1.18512  	0.01637  	0.08468  	0.07019  	-3.02442  	0.00758  	-0.08578  	-99.02920  	-0.96385  	20.71470  	24.99352  	-19979.73227  	-4172.58581  	0.00411  	0.00002  	0.00402  	0.00431  	0.00437  	0.00000  	0.00000  
58.75779  	33.49545  	4.82626  	5.02080  	25.69035  	-1.18512  	0.01618  	0.08417  	0.07387  	-3.02442  	0.00667  	-0.08580  	-98.99085  	-0.96441  	21.80200  	24.84046  	-19980.36408  	-4172.66795  	0.00412  	0.00002  	0.00402  	0.00431  	0.00436  	0.00000  	0.00000  
59.75885  	33.49541  	4.82581  	5.02173  	25.69394  	-1.18512  	0.01571  	0.08525  	0.07261  	-3.02442  	0.00751  	-0.08575  	-98.94476  	-0.97128  	21.43099  	25.15953  	-19981.13753  	-4172.69638  	0.00412  	0.00002  	0.00402  	0.00430  	0.00437  	0.00000  	0.00000  
60.75910  	33.49527  	4.82574  	5.02193  	25.69983  	-1.18512  	0.01420  	0.08540  	0.07020  	-3.02442  	0.00650  	-0.08576  	-98.86810  	-0.97259  	20.71934  	25.20494  	-19982.39012  	-4172.70474  	0.00411  	0.00002  	0.00402  	0.00427  	0.00437  	0.00000  	0.00000  
61.75991  	33.49545  	4.82666  	5.02226  	25.70485  	-1.18512  	0.01490  	0.08660  	0.07132  	-3.02442  	0.00601  	-0.08576  	-98.80684  	-0.96968  	21.04993  	25.55795  	-19983.52130  	-4172.77910  	0.00411  	0.00002  	0.00402  	0.00429  	0.00437  	0.00000  	0.00000  
62.75966  	33.49556  	4.82727  	5.02216  	25.71061  	-1.18512  	0.01592  	0.08528  	0.07319  	-3.02442  	0.00816  	-0.08578  	-98.73520  	-0.96616  	21.60244  	25.16934  	-19984.80070  	-4172.80905  	0.00412  	0.00002  	0.00403  	0.00431  	0.00437  	0.00000  	0.00000  
63.75982  	33.49529  	4.82740  	5.02282  	25.71601  	-1.18512  	0.01508  	0.08538  	0.06437  	-3.02442  	0.00531  	-0.08581  	-98.66323  	-0.96876  	18.99758  	25.19960  	-19985.91863  	-4172.85619  	0.00410  	0.00002  	0.00402  	0.00429  	0.00437  	0.00000  	0.00000  
64.75915  	33.49480  	4.82765  	5.02329  	25.72166  	-1.18512  	0.01550  	0.08518  	0.07343  	-3.02442  	0.00765  	-0.08578  	-98.58539  	-0.96985  	21.67111  	25.14042  	-19987.04279  	-4172.89940  	0.00412  	0.00002  	0.00402  	0.00430  	0.00437  	0.00000  	0.00000  
65.76066  	33.49491  	4.82729  	5.02384  	25.72605  	-1.18512  	0.01521  	0.08524  	0.06873  	-3.02442  	0.00677  	-0.08575  	-98.53108  	-0.97439  	20.28381  	25.15796  	-19988.02332  	-4172.91012  	0.00411  	0.00002  	0.00402  	0.00429  	0.00437  	0.00000  	0.00000  
66.76065  	33.49453  	4.82799  	5.02456  	25.72934  	-1.18512  	0.01586  	0.08503  	0.07206  	-3.02442  	0.00556  	-0.08573  	-98.48437  	-0.97447  	21.26779  	25.09663  	-19988.65708  	-4172.99461  	0.00412  	0.00003  	0.00402  	0.00430  	0.00437  	0.00000  	0.00000  
67.76064  	33.49438  	4.82915  	5.02410  	25.73348  	-1.18512  	0.01794  	0.08375  	0.07044  	-3.02442  	0.00602  	-0.08575  	-98.42994  	-0.96648  	20.79070  	24.71709  	-19989.52630  	-4173.03681  	0.00411  	0.00002  	0.00402  	0.00434  	0.00436  	0.00000  	0.00000  
68.76118  	33.49407  	4.82979  	5.02506  	25.73652  	-1.18512  	0.01491  	0.08404  	0.07151  	-3.02442  	0.00863  	-0.08574  	-98.38740  	-0.96801  	21.10420  	24.80288  	-19990.11997  	-4173.13193  	0.00411  	0.00003  	0.00403  	0.00429  	0.00436  	0.00000  	0.00000  
69.76376  	33.49299  	4.82935  	5.02539  	25.73866  	-1.18512  	0.01611  	0.08241  	0.06983  	-3.02442  	0.00683  	-0.08574  	-98.34667  	-0.97182  	20.60908  	24.32101  	-19990.35214  	-4173.12535  	0.00411  	0.00003  	0.00402  	0.00431  	0.00435  	0.00000  	0.00000  
70.76379  	33.49284  	4.82977  	5.02562  	25.74044  	-1.18512  	0.01615  	0.08239  	0.07315  	-3.02442  	0.00552  	-0.08579  	-98.32215  	-0.97095  	21.58812  	24.31521  	-19990.70596  	-4173.16432  	0.00412  	0.00002  	0.00402  	0.00431  	0.00435  	0.00000  	0.00000  
71.76366  	33.49184  	4.83070  	5.02755  	25.74163  	-1.18512  	0.01541  	0.08331  	0.06584  	-3.02442  	0.00612  	-0.08577  	-98.29428  	-0.97588  	19.43228  	24.58790  	-19990.74933  	-4173.33468  	0.00411  	0.00002  	0.00402  	0.00430  	0.00436  	0.00000  	0.00000  
72.76362  	33.49219  	4.83127  	5.02571  	25.74237  	-1.18512  	0.01632  	0.08187  	0.06173  	-3.02442  	0.00866  	-0.08576  	-98.28943  	-0.96388  	18.21824  	24.16174  	-19990.98573  	-4173.25904  	0.00410  	0.00002  	0.00403  	0.00431  	0.00435  	0.00000  	0.00000  
73.76360  	33.49031  	4.83109  	5.02699  	25.74218  	-1.18512  	0.01482  	0.08134  	0.06982  	-3.02442  	0.00673  	-0.08574  	-98.26792  	-0.97113  	20.60608  	24.00796  	-19990.53548  	-4173.32467  	0.00411  	0.00002  	0.00402  	0.00428  	0.00435  	0.00000  	0.00000  
74.76337  	33.49028  	4.83191  	5.02741  	25.74134  	-1.18512  	0.01498  	0.08230  	0.06424  	-3.02442  	0.00913  	-0.08578  	-98.27821  	-0.96918  	18.96107  	24.28881  	-19990.34563  	-4173.39811  	0.00410  	0.00002  	0.00403  	0.00429  	0.00435  	0.00000  	0.00000  
75.76510  	33.48880  	4.83184  	5.02696  	25.73928  	-1.18512  	0.01414  	0.08212  	0.06419  	-3.02442  	0.00469  	-0.08573  	-98.28557  	-0.96725  	18.94410  	24.23561  	-19989.57356  	-4173.36737  	0.00410  	0.00003  	0.00402  	0.00427  	0.00435  	0.00000  	0.00000  
76.76566  	33.48876  	4.83169  	5.02743  	25.73664  	-1.18512  	0.01457  	0.08128  	0.06968  	-3.02442  	0.00794  	-0.08570  	-98.31844  	-0.97039  	20.56446  	23.98999  	-19988.98951  	-4173.38662  	0.00411  	0.00003  	0.00403  	0.00428  	0.00435  	0.00000  	0.00000  
77.76558  	33.48739  	4.83177  	5.02813  	25.73468  	-1.18512  	0.01490  	0.08037  	0.06607  	-3.02442  	0.00701  	-0.08570  	-98.32596  	-0.97345  	19.49845  	23.72004  	-19988.26498  	-4173.43305  	0.00411  	0.00003  	0.00402  	0.00429  	0.00435  	0.00000  	0.00000  
78.76551  	33.48552  	4.83266  	5.02832  	25.73152  	-1.18512  	0.01455  	0.08053  	0.06950  	-3.02442  	0.00821  	-0.08577  	-98.34230  	-0.96994  	20.51118  	23.76710  	-19987.16839  	-4173.49733  	0.00411  	0.00002  	0.00403  	0.00428  	0.00435  	0.00000  	0.00000  
79.76559  	33.48447  	4.83299  	5.02914  	25.72771  	-1.18512  	0.01551  	0.08093  	0.06345  	-3.02442  	0.00761  	-0.08586  	-98.37737  	-0.97235  	18.72615  	23.88450  	-19986.11036  	-4173.56577  	0.00410  	0.00002  	0.00402  	0.00430  	0.00435  	0.00000  	0.00000  
80.76579  	33.48284  	4.83321  	5.02802  	25.72103  	-1.18512  	0.01535  	0.07951  	0.06152  	-3.02442  	0.00626  	-0.08576  	-98.44129  	-0.96575  	18.15837  	23.46738  	-19984.30010  	-4173.51248  	0.00410  	0.00002  	0.00402  	0.00429  	0.00434  	0.00000  	0.00000  
81.76522  	33.48032  	4.83384  	5.02967  	25.71605  	-1.18512  	0.01581  	0.08007  	0.06257  	-3.02442  	0.00799  	-0.08574  	-98.47262  	-0.97078  	18.46770  	23.63214  	-19982.66641  	-4173.64775  	0.00410  	0.00003  	0.00403  	0.00430  	0.00434  	0.00000  	0.00000  
82.76583  	33.47971  	4.83460  	5.03084  	25.71091  	-1.18512  	0.01538  	0.07813  	0.06497  	-3.02442  	0.00615  	-0.08573  	-98.53001  	-0.97285  	19.17510  	23.05960  	-19981.41401  	-4173.76319  	0.00410  	0.00003  	0.00402  	0.00430  	0.00434  	0.00000  	0.00000  
83.76663  	33.47736  	4.83442  	5.03202  	25.70355  	-1.18512  	0.01346  	0.07833  	0.06437  	-3.02442  	0.00422  	-0.08565  	-98.59347  	-0.97959  	18.99924  	23.11719  	-19979.30070  	-4173.82277  	0.00410  	0.00003  	0.00401  	0.00426  	0.00434  	0.00000  	0.00000  
84.76635  	33.47579  	4.83585  	5.03112  	25.69607  	-1.18512  	0.01544  	0.07856  	0.06355  	-3.02442  	0.00939  	-0.08573  	-98.66846  	-0.96804  	18.75560  	23.18496  	-19977.32864  	-4173.85462  	0.00410  	0.00003  	0.00403  	0.00430  	0.00434  	0.00000  	0.00000  
85.76680  	33.47439  	4.83592  	5.03066  	25.68924  	-1.18512  	0.01424  	0.08106  	0.06241  	-3.02442  	0.00515  	-0.08571  	-98.73725  	-0.96537  	18.41893  	23.92303  	-19975.53394  	-4173.83091  	0.00410  	0.00003  	0.00402  	0.00427  	0.00435  	0.00000  	0.00000  
86.76868  	33.47233  	4.83639  	5.03087  	25.68270  	-1.18512  	0.01545  	0.08135  	0.06966  	-3.02442  	0.00598  	-0.08579  	-98.79400  	-0.96407  	20.55837  	24.00982  	-19973.66186  	-4173.87148  	0.00411  	0.00002  	0.00402  	0.00430  	0.00435  	0.00000  	0.00000  
87.76944  	33.47035  	4.83614  	5.03069  	25.67658  	-1.18512  	0.01754  	0.08373  	0.05734  	-3.02442  	0.00610  	-0.08583  	-98.84665  	-0.96448  	16.92358  	24.71058  	-19971.89958  	-4173.84579  	0.00409  	0.00002  	0.00402  	0.00434  	0.00436  	0.00000  	0.00000  
88.76986  	33.46914  	4.83740  	5.03228  	25.67198  	-1.18512  	0.01318  	0.08188  	0.07361  	-3.02442  	0.00666  	-0.08580  	-98.88961  	-0.96609  	21.72389  	24.16622  	-19970.63350  	-4174.01581  	0.00412  	0.00002  	0.00402  	0.00425  	0.00435  	0.00000  	0.00000  
89.76988  	33.46728  	4.83737  	5.03265  	25.67072  	-1.18512  	0.01639  	0.08172  	0.06733  	-3.02442  	0.00613  	-0.08561  	-98.88189  	-0.96808  	19.87262  	24.11829  	-19969.95337  	-4174.03563  	0.00411  	0.00003  	0.00402  	0.00431  	0.00435  	0.00000  	0.00000  
90.77058  	33.46643  	4.83787  	5.03375  	25.66808  	-1.18512  	0.01395  	0.08434  	0.07134  	-3.02442  	0.00675  	-0.08566  	-98.90458  	-0.97107  	21.05613  	24.89293  	-19969.19364  	-4174.13108  	0.00411  	0.00003  	0.00402  	0.00427  	0.00436  	0.00000  	0.00000  
91.77067  	33.46528  	4.83861  	5.03418  	25.66858  	-1.18512  	0.01598  	0.08393  	0.06859  	-3.02442  	0.00750  	-0.08561  	-98.88364  	-0.96949  	20.24494  	24.77071  	-19969.05160  	-4174.20110  	0.00411  	0.00003  	0.00402  	0.00431  	0.00436  	0.00000  	0.00000  
92.77097  	33.46351  	4.83891  	5.03555  	25.66952  	-1.18512  	0.01403  	0.08450  	0.07696  	-3.02442  	0.00842  	-0.08572  	-98.84910  	-0.97484  	22.71459  	24.94042  	-19968.87137  	-4174.30061  	0.00412  	0.00003  	0.00403  	0.00427  	0.00436  	0.00000  	0.00000  
93.77160  	33.46150  	4.83928  	5.03600  	25.67055  	-1.18512  	0.01542  	0.08693  	0.07294  	-3.02442  	0.00376  	-0.08576  	-98.81068  	-0.97525  	21.52651  	25.65614  	-19968.65798  	-4174.34919  	0.00412  	0.00002  	0.00401  	0.00430  	0.00438  	0.00000  	0.00000  
94.77160  	33.46137  	4.83996  	5.03668  	25.67378  	-1.18512  	0.01711  	0.08660  	0.06799  	-3.02442  	0.00547  	-0.08581  	-98.76798  	-0.97523  	20.06503  	25.56038  	-19969.33226  	-4174.43029  	0.00411  	0.00002  	0.00402  	0.00433  	0.00437  	0.00000  	0.00000  
95.77135  	33.46034  	4.84040  	5.03687  	25.67785  	-1.18512  	0.01684  	0.08615  	0.07487  	-3.02442  	0.00944  	-0.08568  	-98.70330  	-0.97398  	22.09773  	25.42575  	-19969.99438  	-4174.46791  	0.00412  	0.00003  	0.00403  	0.00432  	0.00437  	0.00000  	0.00000  
96.77362  	33.45894  	4.84107  	5.03749  	25.68275  	-1.18512  	0.01579  	0.08752  	0.07368  	-3.02442  	0.00887  	-0.08574  	-98.62330  	-0.97374  	21.74612  	25.82948  	-19970.75718  	-4174.54458  	0.00412  	0.00002  	0.00403  	0.00430  	0.00438  	0.00000  	0.00000  
97.77360  	33.45782  	4.84088  	5.03916  	25.68741  	-1.18512  	0.01625  	0.08640  	0.06990  	-3.02442  	0.00590  	-0.08581  	-98.54997  	-0.98293  	20.62913  	25.50112  	-19971.52912  	-4174.63315  	0.00411  	0.00002  	0.00402  	0.00431  	0.00437  	0.00000  	0.00000  
98.77362  	33.45658  	4.84155  	5.03883  	25.69316  	-1.18512  	0.01542  	0.08385  	0.07379  	-3.02442  	0.00767  	-0.08571  	-98.46133  	-0.97802  	21.77944  	24.74679  	-19972.51156  	-4174.65302  	0.00412  	0.00003  	0.00402  	0.00430  	0.00436  	0.00000  	0.00000  
99.77362  	33.45586  	4.84257  	5.03935  	25.69825  	-1.18512  	0.01425  	0.08554  	0.07443  	-3.02442  	0.00636  	-0.08576  	-98.38763  	-0.97553  	21.96709  	25.24538  	-19973.46225  	-4174.74529  	0.00412  	0.00002  	0.00402  	0.00427  	0.00437  	0.00000  	0.00000  
100.77362  	33.45489  	4.84302  	5.03984  	25.70380  	-1.18512  	0.01571  	0.08410  	0.07519  	-3.02442  	0.00862  	-0.08570  	-98.30491  	-0.97573  	22.19165  	24.81974  	-19974.45831  	-4174.80061  	0.00412  	0.00003  	0.00403  	0.00430  	0.00436  	0.00000  	0.00000  
101.77460  	33.45472  	4.84363  	5.04150  	25.70810  	-1.18512  	0.01545  	0.08476  	0.07144  	-3.02442  	0.00835  	-0.08569  	-98.24813  	-0.98090  	21.08502  	25.01599  	-19975.36040  	-4174.93616  	0.00411  	0.00003  	0.00403  	0.00430  	0.00437  	0.00000  	0.00000  
102.77603  	33.45458  	4.84360  	5.04147  	25.71219  	-1.18512  	0.01414  	0.08327  	0.07777  	-3.02442  	0.00547  	-0.08571  	-98.19448  	-0.98093  	22.95170  	24.57720  	-19976.21944  	-4174.93315  	0.00412  	0.00003  	0.00402  	0.00427  	0.00436  	0.00000  	0.00000  
103.77651  	33.45297  	4.84443  	5.04214  	25.71586  	-1.18512  	0.01408  	0.08343  	0.07284  	-3.02442  	0.00563  	-0.08576  	-98.12748  	-0.98014  	21.49721  	24.62410  	-19976.66692  	-4175.02250  	0.00412  	0.00002  	0.00402  	0.00427  	0.00436  	0.00000  	0.00000  
104.77681  	33.45303  	4.84535  	5.04214  	25.71941  	-1.18512  	0.01391  	0.08391  	0.07369  	-3.02442  	0.00425  	-0.08574  	-98.08323  	-0.97554  	21.74833  	24.76584  	-19977.45396  	-4175.07709  	0.00412  	0.00003  	0.00401  	0.00427  	0.00436  	0.00000  	0.00000  
105.77721  	33.45166  	4.84562  	5.04272  	25.72257  	-1.18512  	0.01405  	0.08274  	0.07269  	-3.02442  	0.00512  	-0.08573  	-98.02587  	-0.97711  	21.45419  	24.41896  	-19977.84452  	-4175.12790  	0.00412  	0.00003  	0.00402  	0.00427  	0.00436  	0.00000  	0.00000  
106.77793  	33.45026  	4.84587  	5.04333  	25.72379  	-1.18512  	0.01539  	0.08279  	0.06411  	-3.02442  	0.00606  	-0.08574  	-97.99250  	-0.97887  	18.92063  	24.43555  	-19977.80414  	-4175.17906  	0.00410  	0.00003  	0.00402  	0.00430  	0.00436  	0.00000  	0.00000  
107.77989  	33.44945  	4.84679  	5.04445  	25.72529  	-1.18512  	0.01494  	0.08376  	0.06972  	-3.02442  	0.00767  	-0.08576  	-97.96315  	-0.97990  	20.57701  	24.72004  	-19977.95445  	-4175.30044  	0.00411  	0.00002  	0.00402  	0.00429  	0.00436  	0.00000  	0.00000  
108.77925  	33.44951  	4.84768  	5.04492  	25.72554  	-1.18512  	0.01426  	0.08361  	0.06634  	-3.02442  	0.00736  	-0.08572  	-97.96068  	-0.97778  	19.58030  	24.67775  	-19978.02353  	-4175.38125  	0.00411  	0.00003  	0.00402  	0.00427  	0.00436  	0.00000  	0.00000  
109.77965  	33.44772  	4.84753  	5.04540  	25.72595  	-1.18512  	0.01272  	0.08245  	0.07601  	-3.02442  	0.00602  	-0.08568  	-97.93280  	-0.98095  	22.43392  	24.33455  	-19977.72374  	-4175.40126  	0.00412  	0.00003  	0.00402  	0.00424  	0.00436  	0.00000  	0.00000  
110.78000  	33.44712  	4.84844  	5.04611  	25.72551  	-1.18512  	0.01647  	0.08129  	0.06444  	-3.02442  	0.00824  	-0.08572  	-97.93069  	-0.97991  	19.01925  	23.99293  	-19977.49613  	-4175.49767  	0.00410  	0.00003  	0.00403  	0.00432  	0.00435  	0.00000  	0.00000  
111.77990  	33.44586  	4.84947  	5.04693  	25.72507  	-1.18512  	0.01464  	0.08065  	0.06369  	-3.02442  	0.00617  	-0.08573  	-97.92033  	-0.97892  	18.79875  	23.80340  	-19977.12500  	-4175.60783  	0.00410  	0.00003  	0.00402  	0.00428  	0.00435  	0.00000  	0.00000  
112.77925  	33.44424  	4.84962  	5.04696  	25.72170  	-1.18512  	0.01598  	0.08243  	0.06467  	-3.02442  	0.00617  	-0.08572  	-97.94246  	-0.97831  	19.08590  	24.32943  	-19976.03910  	-4175.61891  	0.00410  	0.00003  	0.00402  	0.00431  	0.00435  	0.00000  	0.00000  
113.77986  	33.44364  	4.84982  	5.04731  	25.71881  	-1.18512  	0.01545  	0.08060  	0.07012  	-3.02442  	0.00517  	-0.08568  	-97.97148  	-0.97907  	20.69484  	23.78770  	-19975.27922  	-4175.65155  	0.00411  	0.00003  	0.00402  	0.00430  	0.00435  	0.00000  	0.00000  
114.77916  	33.44250  	4.85098  	5.04681  	25.71614  	-1.18512  	0.01554  	0.08190  	0.06782  	-3.02442  	0.00826  	-0.08562  	-97.99095  	-0.97083  	20.01769  	24.17208  	-19974.44835  	-4175.69081  	0.00411  	0.00003  	0.00403  	0.00430  	0.00435  	0.00000  	0.00000  
115.77999  	33.44028  	4.85127  	5.04765  	25.71325  	-1.18512  	0.01609  	0.08039  	0.06700  	-3.02442  	0.00581  	-0.08575  	-97.99941  	-0.97353  	19.77347  	23.72769  	-19973.33778  	-4175.75802  	0.00411  	0.00002  	0.00402  	0.00431  	0.00435  	0.00000  	0.00000  
116.77943  	33.43874  	4.85189  	5.04779  	25.70838  	-1.18512  	0.01668  	0.07967  	0.06529  	-3.02442  	0.00605  	-0.08567  	-98.04166  	-0.97113  	19.26874  	23.51491  	-19971.94042  	-4175.80371  	0.00410  	0.00003  	0.00402  	0.00432  	0.00434  	0.00000  	0.00000  
117.77991  	33.43771  	4.85241  	5.04770  	25.70360  	-1.18512  	0.01556  	0.08054  	0.06522  	-3.02442  	0.00638  	-0.08571  	-98.08914  	-0.96809  	19.24948  	23.77119  	-19970.67439  	-4175.82911  	0.00410  	0.00003  	0.00402  	0.00430  	0.00435  	0.00000  	0.00000  
118.77918  	33.43722  	4.85304  	5.04825  	25.69828  	-1.18512  	0.01437  	0.07784  	0.06761  	-3.02442  	0.00788  	-0.08583  	-98.15034  	-0.96771  	19.95540  	22.97460  	-19969.40914  	-4175.89923  	0.00411  	0.00002  	0.00403  	0.00428  	0.00433  	0.00000  	0.00000  
119.77991  	33.43492  	4.85383  	5.04910  	25.69251  	-1.18512  	0.01515  	0.07976  	0.06372  	-3.02442  	0.00616  	-0.08581  	-98.19441  	-0.96802  	18.80633  	23.53995  	-19967.65354  	-4175.99756  	0.00410  	0.00002  	0.00402  	0.00429  	0.00434  	0.00000  	0.00000  
120.78030  	33.43341  	4.85377  	5.04851  	25.68402  	-1.18512  	0.01444  	0.07894  	0.06361  	-3.02442  	0.00973  	-0.08585  	-98.28298  	-0.96536  	18.77475  	23.29808  	-19965.47491  	-4175.95838  	0.00410  	0.00002  	0.00403  	0.00428  	0.00434  	0.00000  	0.00000  
121.78062  	33.43124  	4.85417  	5.04938  	25.67778  	-1.18512  	0.01604  	0.08013  	0.06535  	-3.02442  	0.00622  	-0.08572  	-98.33451  	-0.96771  	19.28754  	23.64806  	-19963.64365  	-4176.03400  	0.00410  	0.00003  	0.00402  	0.00431  	0.00434  	0.00000  	0.00000  
122.78080  	33.43036  	4.85446  	5.04939  	25.67143  	-1.18512  	0.01541  	0.08146  	0.06919  	-3.02442  	0.00479  	-0.08579  	-98.40389  	-0.96635  	20.41956  	24.04069  	-19962.06946  	-4176.05224  	0.00411  	0.00002  	0.00402  	0.00430  	0.00435  	0.00000  	0.00000  
123.78108  	33.42830  	4.85495  	5.04942  	25.66365  	-1.18512  	0.01473  	0.08052  	0.06636  	-3.02442  	0.00764  	-0.08576  	-98.47636  	-0.96408  	19.58613  	23.76351  	-19959.92683  	-4176.08318  	0.00411  	0.00002  	0.00402  	0.00428  	0.00435  	0.00000  	0.00000  
124.78037  	33.42583  	4.85599  	5.05080  	25.65869  	-1.18512  	0.01497  	0.08209  	0.06764  	-3.02442  	0.00818  	-0.08584  	-98.50804  	-0.96575  	19.96287  	24.22862  	-19958.30848  	-4176.22706  	0.00411  	0.00002  	0.00403  	0.00429  	0.00435  	0.00000  	0.00000  
125.78070  	33.42493  	4.85593  	5.05113  	25.65464  	-1.18512  	0.01522  	0.08208  	0.07135  	-3.02442  	0.00594  	-0.08588  	-98.54776  	-0.96772  	21.05674  	24.22574  	-19957.23072  	-4176.24345  	0.00411  	0.00002  	0.00402  	0.00429  	0.00435  	0.00000  	0.00000  
126.78160  	33.42337  	4.85683  	5.05136  	25.65222  	-1.18512  	0.01491  	0.08354  	0.06825  	-3.02442  	0.00438  	-0.08580  	-98.55882  	-0.96438  	20.14257  	24.65681  	-19956.36342  	-4176.31078  	0.00411  	0.00002  	0.00401  	0.00429  	0.00436  	0.00000  	0.00000  
127.78161  	33.42161  	4.85651  	5.05167  	25.65034  	-1.18512  	0.01435  	0.08308  	0.06715  	-3.02442  	0.00526  	-0.08570  	-98.56034  	-0.96749  	19.81853  	24.52158  	-19955.57267  	-4176.30988  	0.00411  	0.00003  	0.00402  	0.00428  	0.00436  	0.00000  	0.00000  
128.78161  	33.42098  	4.85721  	5.05222  	25.65100  	-1.18512  	0.01515  	0.08517  	0.07285  	-3.02442  	0.00529  	-0.08582  	-98.54390  	-0.96673  	21.50094  	25.13709  	-19955.57914  	-4176.38460  	0.00412  	0.00002  	0.00402  	0.00429  	0.00437  	0.00000  	0.00000  
129.78160  	33.42046  	4.85768  	5.05213  	25.65242  	-1.18512  	0.01512  	0.08519  	0.07084  	-3.02442  	0.00674  	-0.08584  	-98.51930  	-0.96393  	20.90720  	25.14331  	-19955.77311  	-4176.40732  	0.00411  	0.00002  	0.00402  	0.00429  	0.00437  	0.00000  	0.00000  
130.78160  	33.41940  	4.85816  	5.05246  	25.65458  	-1.18512  	0.01678  	0.08568  	0.07134  	-3.02442  	0.00481  	-0.08581  	-98.47831  	-0.96324  	21.05405  	25.28685  	-19956.01356  	-4176.45568  	0.00411  	0.00002  	0.00402  	0.00432  	0.00437  	0.00000  	0.00000  
131.78151  	33.41873  	4.85881  	5.05379  	25.65757  	-1.18512  	0.01499  	0.08379  	0.07170  	-3.02442  	0.00823  	-0.08580  	-98.43199  	-0.96659  	21.16280  	24.72821  	-19956.51958  	-4176.57410  	0.00411  	0.00002  	0.00403  	0.00429  	0.00436  	0.00000  	0.00000  
132.78358  	33.41792  	4.85903  	5.05434  	25.66285  	-1.18512  	0.01548  	0.08498  	0.07501  	-3.02442  	0.01015  	-0.08573  	-98.35463  	-0.96824  	22.13965  	25.08020  	-19957.49214  	-4176.61950  	0.00412  	0.00003  	0.00403  	0.00430  	0.00437  	0.00000  	0.00000  
133.78362  	33.41699  	4.85906  	5.05472  	25.66748  	-1.18512  	0.01445  	0.08377  	0.07263  	-3.02442  	0.00571  	-0.08569  	-98.28419  	-0.96999  	21.43687  	24.72376  	-19958.29876  	-4176.64413  	0.00412  	0.00003  	0.00402  	0.00428  	0.00436  	0.00000  	0.00000  
134.78479  	33.41596  	4.85941  	5.05478  	25.67265  	-1.18512  	0.01532  	0.08324  	0.07226  	-3.02442  	0.00766  	-0.08558  	-98.20552  	-0.96854  	21.32709  	24.56745  	-19959.19921  	-4176.66869  	0.00412  	0.00003  	0.00402  	0.00429  	0.00436  	0.00000  	0.00000  
135.78473  	33.41618  	4.85906  	5.05550  	25.67704  	-1.18512  	0.01496  	0.08469  	0.06874  	-3.02442  	0.00570  	-0.08576  	-98.15256  	-0.97386  	20.28805  	24.99534  	-19960.20312  	-4176.69044  	0.00411  	0.00002  	0.00402  	0.00429  	0.00437  	0.00000  	0.00000  
136.78517  	33.41554  	4.85974  	5.05502  	25.68272  	-1.18512  	0.01539  	0.08552  	0.07288  	-3.02442  	0.00803  	-0.08580  	-98.07248  	-0.96808  	21.51103  	25.24066  	-19961.30217  	-4176.70222  	0.00412  	0.00002  	0.00403  	0.00430  	0.00437  	0.00000  	0.00000  
137.78573  	33.41413  	4.86074  	5.05641  	25.68802  	-1.18512  	0.01434  	0.08361  	0.07814  	-3.02442  	0.00645  	-0.08567  	-97.98744  	-0.97003  	23.06338  	24.67652  	-19962.14753  	-4176.84449  	0.00413  	0.00003  	0.00402  	0.00428  	0.00436  	0.00000  	0.00000  
138.78636  	33.41491  	4.86122  	5.05791  	25.69200  	-1.18512  	0.01628  	0.08352  	0.06957  	-3.02442  	0.00749  	-0.08571  	-97.94670  	-0.97506  	20.53408  	24.65071  	-19963.18424  	-4176.96258  	0.00411  	0.00003  	0.00402  	0.00431  	0.00436  	0.00000  	0.00000  
139.78781  	33.41334  	4.86240  	5.05846  	25.69647  	-1.18512  	0.01608  	0.08452  	0.06877  	-3.02442  	0.00567  	-0.08571  	-97.87010  	-0.97194  	20.29745  	24.94500  	-19963.81420  	-4177.06583  	0.00411  	0.00003  	0.00402  	0.00431  	0.00436  	0.00000  	0.00000  
140.78746  	33.41398  	4.86385  	5.06011  	25.70010  	-1.18512  	0.01404  	0.08358  	0.06676  	-3.02442  	0.00602  	-0.08572  	-97.83201  	-0.97296  	19.70340  	24.66830  	-19964.74613  	-4177.25054  	0.00411  	0.00003  	0.00402  	0.00427  	0.00436  	0.00000  	0.00000  
141.78810  	33.41252  	4.86456  	5.06075  	25.70315  	-1.18512  	0.01624  	0.08276  	0.07057  	-3.02442  	0.00648  	-0.08576  	-97.77481  	-0.97261  	20.82898  	24.42661  	-19965.09271  	-4177.33143  	0.00411  	0.00002  	0.00402  	0.00431  	0.00436  	0.00000  	0.00000  
142.78760  	33.41160  	4.86561  	5.06045  	25.70489  	-1.18512  	0.01440  	0.08334  	0.07135  	-3.02442  	0.00520  	-0.08575  	-97.74109  	-0.96593  	21.05934  	24.59557  	-19965.26896  	-4177.37587  	0.00411  	0.00002  	0.00402  	0.00428  	0.00436  	0.00000  	0.00000  
143.78954  	33.41155  	4.86673  	5.06161  	25.70667  	-1.18512  	0.01335  	0.08196  	0.07529  	-3.02442  	0.00508  	-0.08576  	-97.71790  	-0.96611  	22.22110  	24.18930  	-19965.64661  	-4177.51166  	0.00412  	0.00002  	0.00402  	0.00426  	0.00435  	0.00000  	0.00000  
144.78968  	33.41047  	4.86609  	5.06213  	25.70721  	-1.18512  	0.01501  	0.08137  	0.06648  	-3.02442  	0.00809  	-0.08578  	-97.69727  	-0.97185  	19.62199  	24.01641  	-19965.52991  	-4177.50500  	0.00411  	0.00002  	0.00403  	0.00429  	0.00435  	0.00000  	0.00000  
145.79018  	33.40968  	4.86693  	5.06190  	25.70751  	-1.18512  	0.01559  	0.08219  	0.06512  	-3.02442  	0.00819  	-0.08584  	-97.68339  	-0.96654  	19.21797  	24.25824  	-19965.42126  	-4177.54115  	0.00410  	0.00002  	0.00403  	0.00430  	0.00435  	0.00000  	0.00000  
146.79263  	33.40931  	4.86723  	5.06189  	25.70674  	-1.18512  	0.01582  	0.08151  	0.07206  	-3.02442  	0.00595  	-0.08576  	-97.68847  	-0.96501  	21.26689  	24.05654  	-19965.17279  	-4177.55854  	0.00412  	0.00002  	0.00402  	0.00430  	0.00435  	0.00000  	0.00000  
147.79362  	33.40769  	4.86848  	5.06201  	25.70458  	-1.18512  	0.01528  	0.08143  	0.06965  	-3.02442  	0.00730  	-0.08571  	-97.69542  	-0.95940  	20.55619  	24.03263  	-19964.35061  	-4177.64017  	0.00411  	0.00003  	0.00402  	0.00429  	0.00435  	0.00000  	0.00000  
148.79362  	33.40710  	4.86865  	5.06335  	25.70370  	-1.18512  	0.01505  	0.08036  	0.06777  	-3.02442  	0.00628  	-0.08579  	-97.69895  	-0.96521  	20.00233  	23.71728  	-19964.03070  	-4177.73062  	0.00411  	0.00002  	0.00402  	0.00429  	0.00435  	0.00000  	0.00000  
149.79362  	33.40543  	4.86931  	5.06343  	25.70080  	-1.18512  	0.01563  	0.07881  	0.06771  	-3.02442  	0.00845  	-0.08578  	-97.71459  	-0.96236  	19.98342  	23.25862  	-19963.03639  	-4177.77426  	0.00411  	0.00002  	0.00403  	0.00430  	0.00434  	0.00000  	0.00000  
150.79362  	33.40484  	4.87015  	5.06329  	25.69657  	-1.18512  	0.01420  	0.07878  	0.07066  	-3.02442  	0.00734  	-0.08564  	-97.76063  	-0.95745  	20.85427  	23.24979  	-19961.98661  	-4177.81623  	0.00411  	0.00003  	0.00402  	0.00427  	0.00434  	0.00000  	0.00000  
151.79374  	33.40357  	4.86922  	5.06285  	25.69203  	-1.18512  	0.01505  	0.07981  	0.05858  	-3.02442  	0.00677  	-0.08579  	-97.80218  	-0.95990  	17.29046  	23.55611  	-19960.72248  	-4177.73446  	0.00409  	0.00002  	0.00402  	0.00429  	0.00434  	0.00000  	0.00000  
152.79362  	33.40286  	4.86976  	5.06404  	25.68800  	-1.18512  	0.01368  	0.07994  	0.06371  	-3.02442  	0.00692  	-0.08573  	-97.84428  	-0.96312  	18.80325  	23.59303  	-19959.69015  	-4177.83762  	0.00410  	0.00003  	0.00402  	0.00426  	0.00434  	0.00000  	0.00000  
153.79361  	33.40125  	4.87068  	5.06281  	25.68350  	-1.18512  	0.01396  	0.07864  	0.06741  	-3.02442  	0.00530  	-0.08579  	-97.88105  	-0.95248  	19.89593  	23.21039  	-19958.35872  	-4177.81884  	0.00411  	0.00002  	0.00402  	0.00427  	0.00434  	0.00000  	0.00000  
154.79360  	33.40024  	4.87018  	5.06222  	25.67732  	-1.18512  	0.01394  	0.07867  	0.06218  	-3.02442  	0.00601  	-0.08577  	-97.94650  	-0.95203  	18.35183  	23.21802  	-19956.79335  	-4177.75391  	0.00410  	0.00002  	0.00402  	0.00427  	0.00434  	0.00000  	0.00000  
155.79362  	33.39849  	4.87105  	5.06306  	25.66941  	-1.18512  	0.01408  	0.07896  	0.06669  	-3.02442  	0.00672  	-0.08568  	-98.02471  	-0.95186  	19.68269  	23.30409  	-19954.68976  	-4177.85575  	0.00411  	0.00003  	0.00402  	0.00427  	0.00434  	0.00000  	0.00000  
156.79362  	33.39663  	4.86997  	5.06250  	25.66290  	-1.18512  	0.01323  	0.07827  	0.06560  	-3.02442  	0.01029  	-0.08563  	-98.08355  	-0.95446  	19.36084  	23.09946  	-19952.86735  	-4177.75850  	0.00410  	0.00003  	0.00403  	0.00425  	0.00434  	0.00000  	0.00000  
157.79368  	33.39705  	4.86974  	5.06245  	25.65624  	-1.18512  	0.01585  	0.08128  	0.06751  	-3.02442  	0.00753  	-0.08569  	-98.17341  	-0.95535  	19.92615  	23.98804  	-19951.50908  	-4177.74131  	0.00411  	0.00003  	0.00402  	0.00430  	0.00435  	0.00000  	0.00000  
158.79368  	33.39551  	4.87085  	5.06377  	25.64922  	-1.18512  	0.01581  	0.08266  	0.06234  	-3.02442  	0.00642  	-0.08573  	-98.24295  	-0.95637  	18.39833  	24.39474  	-19949.64513  	-4177.88623  	0.00410  	0.00003  	0.00402  	0.00430  	0.00436  	0.00000  	0.00000  
159.79360  	33.39368  	4.87104  	5.06363  	25.64426  	-1.18512  	0.01521  	0.08158  	0.06820  	-3.02442  	0.00753  	-0.08574  	-98.28253  	-0.95476  	20.12832  	24.07826  	-19948.16865  	-4177.88909  	0.00411  	0.00003  	0.00402  	0.00429  	0.00435  	0.00000  	0.00000  
160.79365  	33.39279  	4.87156  	5.06426  	25.64097  	-1.18512  	0.01677  	0.08208  	0.06892  	-3.02442  	0.00867  	-0.08573  	-98.31299  	-0.95527  	20.34120  	24.22512  	-19947.25930  	-4177.95831  	0.00411  	0.00003  	0.00403  	0.00432  	0.00435  	0.00000  	0.00000  
161.79359  	33.39203  	4.87143  	5.06426  	25.63871  	-1.18512  	0.01728  	0.08491  	0.07229  	-3.02442  	0.00766  	-0.08569  	-98.33203  	-0.95593  	21.33520  	25.06169  	-19946.59971  	-4177.95055  	0.00412  	0.00003  	0.00402  	0.00433  	0.00437  	0.00000  	0.00000  
162.79345  	33.39139  	4.87227  	5.06418  	25.63810  	-1.18512  	0.01346  	0.08329  	0.07410  	-3.02442  	0.00710  	-0.08583  	-98.33169  	-0.95139  	21.86981  	24.58231  	-19946.32882  	-4177.99569  	0.00412  	0.00002  	0.00402  	0.00426  	0.00436  	0.00000  	0.00000  
163.79324  	33.39040  	4.87165  	5.06483  	25.63940  	-1.18512  	0.01514  	0.08367  	0.07170  	-3.02442  	0.00613  	-0.08571  	-98.30264  	-0.95765  	21.16259  	24.69298  	-19946.39469  	-4177.99736  	0.00411  	0.00003  	0.00402  	0.00429  	0.00436  	0.00000  	0.00000  
164.79558  	33.39053  	4.87177  	5.06488  	25.64190  	-1.18512  	0.01438  	0.08614  	0.08217  	-3.02442  	0.00876  	-0.08573  	-98.27257  	-0.95731  	24.25117  	25.42355  	-19946.96790  	-4178.00782  	0.00413  	0.00003  	0.00403  	0.00428  	0.00437  	0.00000  	0.00000  
165.79523  	33.39058  	4.87206  	5.06512  	25.64385  	-1.18512  	0.01458  	0.08495  	0.06539  	-3.02442  	0.00653  	-0.08576  	-98.24851  	-0.95706  	19.29925  	25.07251  	-19947.40347  	-4178.03891  	0.00410  	0.00002  	0.00402  	0.00428  	0.00437  	0.00000  	0.00000  
166.79563  	33.39029  	4.87306  	5.06556  	25.64772  	-1.18512  	0.01620  	0.08587  	0.06659  	-3.02442  	0.00685  	-0.08582  	-98.19570  	-0.95431  	19.65465  	25.34275  	-19948.18306  	-4178.12462  	0.00411  	0.00002  	0.00402  	0.00431  	0.00437  	0.00000  	0.00000  
167.79710  	33.38989  	4.87209  	5.06671  	25.65270  	-1.18512  	0.01741  	0.08696  	0.07126  	-3.02442  	0.00887  	-0.08572  	-98.12732  	-0.96483  	21.03095  	25.66445  	-19949.18054  	-4178.13562  	0.00411  	0.00003  	0.00403  	0.00433  	0.00438  	0.00000  	0.00000  
168.79718  	33.39037  	4.87328  	5.06786  	25.65749  	-1.18512  	0.01804  	0.08487  	0.06986  	-3.02442  	0.00565  	-0.08575  	-98.07271  	-0.96461  	20.61906  	25.04920  	-19950.32606  	-4178.27565  	0.00411  	0.00002  	0.00402  	0.00435  	0.00437  	0.00000  	0.00000  
169.79878  	33.39026  	4.87389  	5.06838  	25.66266  	-1.18512  	0.01552  	0.08423  	0.07376  	-3.02442  	0.00738  	-0.08578  	-98.00576  	-0.96421  	21.77089  	24.86090  	-19951.42833  	-4178.34271  	0.00412  	0.00002  	0.00402  	0.00430  	0.00436  	0.00000  	0.00000  
170.79895  	33.39063  	4.87360  	5.06853  	25.66861  	-1.18512  	0.01644  	0.08553  	0.07061  	-3.02442  	0.00541  	-0.08584  	-97.93492  	-0.96633  	20.83844  	25.24330  	-19952.80273  	-4178.33408  	0.00411  	0.00002  	0.00402  	0.00432  	0.00437  	0.00000  	0.00000  
171.79955  	33.39013  	4.87477  	5.06933  	25.67490  	-1.18512  	0.01456  	0.08355  	0.07248  	-3.02442  	0.00704  	-0.08564  	-97.84866  	-0.96449  	21.39155  	24.65967  	-19954.06574  	-4178.45183  	0.00412  	0.00003  	0.00402  	0.00428  	0.00436  	0.00000  	0.00000  
172.80079  	33.38980  	4.87420  	5.06924  	25.68007  	-1.18512  	0.01600  	0.08512  	0.07244  	-3.02442  	0.00705  	-0.08578  	-97.77899  	-0.96690  	21.38076  	25.12285  	-19955.12077  	-4178.41259  	0.00412  	0.00002  	0.00402  	0.00431  	0.00437  	0.00000  	0.00000  
173.80132  	33.39068  	4.87560  	5.07047  	25.68477  	-1.18512  	0.01581  	0.08485  	0.06448  	-3.02442  	0.00663  	-0.08575  	-97.73051  	-0.96606  	19.03033  	25.04355  	-19956.33290  	-4178.56924  	0.00410  	0.00002  	0.00402  	0.00430  	0.00437  	0.00000  	0.00000  
174.80234  	33.39053  	4.87604  	5.07106  	25.68868  	-1.18512  	0.01588  	0.08487  	0.07287  	-3.02442  	0.00599  	-0.08580  	-97.67899  	-0.96678  	21.50808  	25.04918  	-19957.15287  	-4178.63059  	0.00412  	0.00002  	0.00402  	0.00430  	0.00437  	0.00000  	0.00000  
175.80362  	33.39106  	4.87614  	5.06988  	25.69328  	-1.18512  	0.01551  	0.08263  	0.06955  	-3.02442  	0.00812  	-0.08574  	-97.62740  	-0.96043  	20.52625  	24.38651  	-19958.26787  	-4178.56606  	0.00411  	0.00002  	0.00403  	0.00430  	0.00436  	0.00000  	0.00000  
176.80459  	33.39131  	4.87675  	5.07056  	25.69625  	-1.18512  	0.01646  	0.08264  	0.06991  	-3.02442  	0.00923  	-0.08577  	-97.59294  	-0.96078  	20.63461  	24.38914  	-19958.96998  	-4178.64290  	0.00411  	0.00002  	0.00403  	0.00432  	0.00436  	0.00000  	0.00000  
177.80488  	33.39034  	4.87669  	5.07142  	25.69824  	-1.18512  	0.01666  	0.08333  	0.07286  	-3.02442  	0.00609  	-0.08577  	-97.55525  	-0.96531  	21.50525  	24.59269  	-19959.19314  	-4178.69081  	0.00412  	0.00002  	0.00402  	0.00432  	0.00436  	0.00000  	0.00000  
178.80615  	33.39146  	4.87655  	5.07091  	25.70061  	-1.18512  	0.01309  	0.08303  	0.06796  	-3.02442  	0.00857  	-0.08579  	-97.53942  	-0.96352  	20.05802  	24.50547  	-19959.95138  	-4178.65179  	0.00411  	0.00002  	0.00403  	0.00425  	0.00436  	0.00000  	0.00000  
179.80857  	33.39013  	4.87645  	5.07000  	25.70216  	-1.18512  	0.01540  	0.08208  	0.07324  	-3.02442  	0.00345  	-0.08575  	-97.50301  	-0.95947  	21.61664  	24.22625  	-19960.00176  	-4178.59173  	0.00412  	0.00002  	0.00401  	0.00430  	0.00435  	0.00000  	0.00000  
180.80861  	33.39037  	4.87608  	5.07064  	25.70242  	-1.18512  	0.01649  	0.08275  	0.06763  	-3.02442  	0.00795  	-0.08573  	-97.50276  	-0.96449  	19.96149  	24.42162  	-19960.10830  	-4178.60812  	0.00411  	0.00003  	0.00403  	0.00432  	0.00436  	0.00000  	0.00000  
181.80911  	33.39048  	4.87646  	5.07031  	25.70260  	-1.18512  	0.01365  	0.08057  	0.06573  	-3.02442  	0.00744  	-0.08579  	-97.50184  	-0.96099  	19.39889  	23.77996  	-19960.17297  	-4178.61078  	0.00411  	0.00002  	0.00402  	0.00426  	0.00435  	0.00000  	0.00000  
182.80960  	33.38978  	4.87591  	5.07105  	25.70133  	-1.18512  	0.01386  	0.08106  	0.07062  	-3.02442  	0.00525  	-0.08572  	-97.50907  	-0.96738  	20.84336  	23.92304  	-19959.74390  	-4178.62207  	0.00411  	0.00003  	0.00402  	0.00427  	0.00435  	0.00000  	0.00000  
183.80994  	33.38976  	4.87561  	5.07004  	25.69961  	-1.18512  	0.01448  	0.08180  	0.07029  	-3.02442  	0.00811  	-0.08575  	-97.53060  	-0.96390  	20.74512  	24.14185  	-19959.36509  	-4178.54428  	0.00411  	0.00002  	0.00403  	0.00428  	0.00435  	0.00000  	0.00000  
184.80968  	33.38905  	4.87486  	5.06906  	25.69735  	-1.18512  	0.01439  	0.08113  	0.06713  	-3.02442  	0.00727  	-0.08575  	-97.55023  	-0.96271  	19.81160  	23.94500  	-19958.71818  	-4178.44096  	0.00411  	0.00002  	0.00402  	0.00428  	0.00435  	0.00000  	0.00000  
185.80985  	33.38771  	4.87586  	5.06885  	25.69453  	-1.18512  	0.01277  	0.08023  	0.06916  	-3.02442  	0.00570  	-0.08578  	-97.56910  	-0.95672  	20.41075  	23.67983  	-19957.81121  	-4178.48858  	0.00411  	0.00002  	0.00402  	0.00425  	0.00434  	0.00000  	0.00000  
186.80926  	33.38746  	4.87538  	5.06941  	25.69195  	-1.18512  	0.01323  	0.07911  	0.06516  	-3.02442  	0.00696  	-0.08571  	-97.59859  	-0.96189  	19.23148  	23.34788  	-19957.19608  	-4178.49286  	0.00410  	0.00003  	0.00402  	0.00425  	0.00434  	0.00000  	0.00000  
187.80936  	33.38658  	4.87564  	5.06872  	25.68769  	-1.18512  	0.01375  	0.07879  	0.06952  	-3.02442  	0.00639  	-0.08572  	-97.64151  	-0.95718  	20.51844  	23.25458  	-19956.07770  	-4178.46747  	0.00411  	0.00003  	0.00402  	0.00426  	0.00434  	0.00000  	0.00000  
