11/18/2024 15:24:00Time	T_hot_in(C)	T_cold_in(C)	T_cold_out(C)	T_hot_out(C)	mdot_cold(kg/s)	ASFASIFUAS(kg/s)	Diferencial_cold(bar)	Diferencial_hot(bar)	mdot_hot(kg/s)	ABS_cold(bar)	ABS_hot(bar)	q_cold(kW)	q_hot(kW)	ASFASYFY	Tau_cold_haste	Re_hot	Re_cold	U_global	PSIG_cold(bar)	R_fouling	PSIG_hot(bar)	PSID_hot(bar)	m_dot_hot	PSID_cold(bar)	m_dot_cold
2,02782  	0,00000  	0,00000  	0,00000  	0,00000  	-1,18512  	-0,20833  	-0,25900  	-0,86180  	-3,02442  	-1,72343  	-1,72415  	-0,00000  	-0,00000  	-254,35069  	-76,44127  	-9234,48090  	-3618,55272  	NaN  	NaN  	0,00000  	0,00000  	0,00000  	0,00000  	0,00000  	0,00000  	0,00000  
3,02784  	1327,82048  	1327,75450  	1327,82053  	26,07596  	0,04115  	0,00394  	85706,53851  	0,01849  	0,05721  	0,21406  	0,21193  	658096367,47977  	320,00795  	5,45749  	25295332,54600  	0,08241  	0,00322  	-Inf  	-Inf  	0,00386  	0,00409  	0,00395  	0,00450  	1327,62170  	0,00397  	0,00408  
4,02812  	1327,82048  	1327,75450  	1327,82053  	26,08026  	0,04254  	0,00390  	85706,53851  	0,01933  	0,05657  	0,21612  	0,21400  	650731717,64712  	330,86018  	5,70456  	25295332,54600  	0,08149  	0,00333  	-Inf  	-Inf  	0,00386  	0,00409  	0,00395  	0,00450  	1327,62170  	0,00398  	0,00407  
5,02775  	308,63988  	308,61665  	308,63990  	26,08461  	0,04375  	0,00390  	85706,53851  	0,01878  	0,05661  	0,21943  	0,21730  	8050,05585  	0,00730  	5,54242  	25295332,54600  	107,57962  	2,58741  	-Inf  	-Inf  	0,00386  	0,00409  	0,00394  	0,00451  	1327,62170  	0,00398  	0,00407  
6,02930  	775,67062  	-244,98909  	775,67065  	26,08697  	0,04508  	0,00398  	85706,53851  	0,01934  	0,05773  	0,21945  	0,21733  	6968,09722  	153985,44097  	5,70675  	25295332,54600  	0,93324  	5,87817  	NaN  	NaN  	0,00386  	0,00409  	0,00395  	0,00451  	1327,62170  	0,00398  	0,00408  
7,03034  	1327,82048  	-244,98909  	305,82477  	26,08747  	0,04717  	0,00390  	85706,53851  	0,01970  	0,05667  	0,21800  	0,21588  	308,57848  	3059847,51874  	5,81394  	25295332,54600  	0,08164  	317,21373  	Inf  	-Inf  	0,00386  	0,00409  	0,00394  	0,00451  	1327,62170  	0,00399  	0,00407  
8,03018  	304,30083  	778,48762  	778,53059  	26,08737  	0,04499  	0,00396  	85706,53851  	0,01937  	0,05747  	0,21841  	0,21628  	4695868,63115  	0,01321  	5,71553  	25295332,54600  	118,53624  	0,03495  	-Inf  	-Inf  	0,00386  	0,00409  	0,00395  	0,00451  	1327,62170  	0,00398  	0,00408  
9,03098  	-244,98909  	301,49133  	1327,82053  	26,08783  	0,04303  	0,00393  	19460,02964  	0,01910  	0,05699  	0,21807  	0,21595  	6090168,77505  	2013,46507  	5,63767  	5743411,52609  	9,64840  	0,02739  	-Inf  	-Inf  	0,00386  	0,00409  	0,00395  	0,00451  	301,44519  	0,00398  	0,00408  
10,03231  	-244,98909  	782,65408  	1327,82053  	26,08954  	0,04222  	0,00392  	-15815,93170  	0,01936  	0,05689  	0,21795  	0,21582  	31934684,72378  	1049,33953  	5,71341  	-4667896,50935  	9,63020  	0,00878  	-Inf  	-Inf  	0,00386  	0,00409  	0,00394  	0,00451  	-244,98909  	0,00398  	0,00408  
11,03177  	785,65638  	1327,75450  	1327,82053  	26,09134  	0,04687  	0,00393  	50710,66904  	0,01907  	0,05701  	0,21875  	0,21662  	382696025,35639  	11,30439  	5,62943  	14966690,51435  	0,86839  	0,00367  	-Inf  	-Inf  	0,00386  	0,00409  	0,00395  	0,00451  	785,52612  	0,00399  	0,00408  
12,03277  	293,85547  	293,83286  	1327,82053  	26,09437  	0,04083  	0,00394  	85706,53851  	0,01800  	0,05716  	0,21970  	0,21757  	5852090,20084  	258,70982  	5,31358  	25295332,54600  	144,30663  	0,02654  	-Inf  	-Inf  	0,00386  	0,00408  	0,00395  	0,00451  	1327,62170  	0,00397  	0,00408  
13,03294  	790,98574  	790,94228  	1327,82053  	26,09691  	0,04778  	0,00393  	18835,93600  	0,01972  	0,05705  	0,21619  	0,21407  	92655583,31452  	98114,95711  	5,81879  	5559217,22255  	0,84213  	0,00977  	-Inf  	-Inf  	0,00386  	0,00409  	0,00395  	0,00450  	291,77780  	0,00399  	0,00408  
14,03380  	1327,82048  	289,43529  	1327,82053  	26,09902  	0,04566  	0,00389  	-15815,93170  	0,01943  	0,05654  	0,21852  	0,21639  	27651715,07205  	5584400,67920  	5,73408  	-4667896,50935  	0,08145  	0,03003  	-Inf  	-Inf  	0,00386  	0,00409  	0,00394  	0,00451  	-244,98909  	0,00399  	0,00407  
15,03601  	1327,82048  	794,60510  	1327,82053  	26,10247  	0,04257  	0,00395  	51291,11063  	0,01938  	0,05736  	0,21707  	0,21495  	160283008,68288  	2673358,84835  	5,71872  	15138001,40199  	0,08263  	0,00864  	-Inf  	-Inf  	0,00386  	0,00409  	0,00394  	0,00451  	794,51732  	0,00398  	0,00408  
16,03710  	1327,82048  	1327,75450  	1327,82053  	26,10407  	0,04958  	0,00396  	85706,53851  	0,01896  	0,05748  	0,21642  	0,21429  	661288820,84502  	385,67493  	5,59445  	25295332,54600  	0,08281  	0,00389  	-Inf  	-Inf  	0,00386  	0,00409  	0,00394  	0,00450  	1327,62170  	0,00400  	0,00408  
17,03817  	1327,82048  	283,44271  	1327,82053  	26,10418  	0,04653  	0,00391  	18294,97010  	0,01952  	0,05678  	0,21795  	0,21582  	27107913,30513  	5724077,24500  	5,75970  	5399557,14772  	0,08179  	0,03111  	-Inf  	-Inf  	0,00386  	0,00409  	0,00395  	0,00451  	283,39810  	0,00399  	0,00408  
18,03836  	1327,82048  	804,02994  	278,75746  	26,10470  	0,04951  	0,00399  	-15815,93170  	0,02025  	0,05799  	0,21893  	0,21680  	2007225,66663  	3063102,57482  	5,97562  	-4667896,50935  	0,08354  	0,19551  	NaN  	NaN  	0,00386  	0,00409  	0,00394  	0,00451  	-244,98909  	0,00400  	0,00408  
19,03860  	1327,82048  	1327,75450  	807,32465  	26,10244  	0,04495  	0,00394  	52109,32031  	0,01939  	0,05719  	0,21693  	0,21481  	165960498,93018  	2755715,78531  	5,72301  	15379486,89781  	0,08239  	0,00890  	NaN  	NaN  	0,00386  	0,00409  	0,00395  	0,00451  	807,19162  	0,00398  	0,00408  
20,04008  	1327,82048  	274,12012  	1327,82053  	26,09992  	0,04387  	0,00390  	85706,53851  	0,01932  	0,05666  	0,22203  	0,21991  	26051433,33882  	5445324,07953  	5,70237  	25295332,54600  	0,08162  	0,03008  	-Inf  	-Inf  	0,00386  	0,00409  	0,00394  	0,00452  	1327,62170  	0,00398  	0,00407  
21,04032  	1327,82048  	810,82999  	1327,82053  	26,10448  	0,04750  	0,00392  	85706,53851  	0,01973  	0,05685  	0,21852  	0,21640  	166727760,27408  	2892521,40977  	5,82420  	25295332,54600  	0,08189  	0,00934  	-Inf  	-Inf  	0,00386  	0,00409  	0,00395  	0,00451  	1327,62170  	0,00399  	0,00408  
22,04015  	268,47865  	268,45711  	268,47866  	26,10914  	0,04986  	0,00398  	17327,63129  	0,01926  	0,05781  	0,22147  	0,21934  	2467,40221  	0,00542  	5,68307  	5114057,84519  	244,93313  	6,10745  	-Inf  	-Inf  	0,00386  	0,00409  	0,00394  	0,00452  	268,41375  	0,00400  	0,00408  
23,04005  	815,50159  	815,45710  	-244,98909  	26,11421  	0,04789  	0,00400  	52637,13160  	0,01983  	0,05814  	0,21569  	0,21357  	12794,99527  	239142,56655  	5,85151  	15535264,53337  	0,74479  	4,25994  	NaN  	NaN  	0,00386  	0,00409  	0,00395  	0,00450  	815,36756  	0,00399  	0,00408  
24,04004  	1327,82048  	1327,75450  	816,97197  	26,11989  	0,04347  	0,00398  	85706,53851  	0,01969  	0,05772  	0,21892  	0,21680  	172350869,91258  	2615603,57671  	5,80996  	25295332,54600  	0,08314  	0,00844  	NaN  	NaN  	0,00386  	0,00409  	0,00394  	0,00451  	1327,62170  	0,00398  	0,00408  
25,04117  	1327,82048  	264,57983  	1327,82053  	26,12434  	0,04428  	0,00391  	85706,53851  	0,01909  	0,05676  	0,21792  	0,21580  	25107036,13474  	5546217,57770  	5,63486  	25295332,54600  	0,08176  	0,03117  	-Inf  	-Inf  	0,00386  	0,00409  	0,00395  	0,00451  	1327,62170  	0,00398  	0,00408  
26,04103  	262,93662  	-244,98909  	1327,82053  	26,12839  	0,04754  	0,00396  	16969,90200  	0,01941  	0,05746  	0,21508  	0,21296  	361864,94893  	366,23846  	5,72877  	5008478,02172  	273,47776  	0,18771  	NaN  	NaN  	0,00386  	0,00409  	0,00395  	0,00450  	262,87243  	0,00399  	0,00408  
27,04104  	-244,98909  	821,75776  	1327,82053  	26,12929  	0,04816  	0,00393  	-15815,93170  	0,01935  	0,05702  	0,21895  	0,21683  	35975136,37294  	1110,52292  	5,71092  	-4667896,50935  	9,65697  	0,00926  	-Inf  	-Inf  	0,00386  	0,00409  	0,00394  	0,00451  	-244,98909  	0,00399  	0,00408  
28,04377  	-244,98909  	259,97417  	259,99537  	26,12716  	0,04572  	0,00394  	-15815,93170  	0,01918  	0,05726  	0,21660  	0,21448  	2139,15899  	0,04417  	5,65934  	-4667896,50935  	9,69659  	6,65205  	-Inf  	-Inf  	0,00386  	0,00409  	0,00394  	0,00451  	-244,98909  	0,00399  	0,00408  
29,04428  	-244,98909  	-244,98909  	824,32005  	26,12539  	0,04446  	0,00393  	53206,34797  	0,01925  	0,05711  	0,21746  	0,21534  	4848,62099  	2166,09111  	5,68180  	15703262,42024  	9,67110  	3,64818  	NaN  	NaN  	0,00386  	0,00409  	0,00395  	0,00451  	824,18487  	0,00398  	0,00408  
30,04568  	-244,98909  	-244,98909  	1327,82053  	26,12617  	0,04441  	0,00394  	85706,53851  	0,01916  	0,05721  	0,21709  	0,21496  	412487,76198  	3182,58450  	5,65371  	25295332,54600  	9,68801  	0,17534  	NaN  	NaN  	0,00386  	0,00409  	0,00394  	0,00451  	1327,62170  	0,00398  	0,00408  
31,04618  	-244,98909  	-244,98909  	1327,82053  	26,12877  	0,04260  	0,00390  	16171,15607  	0,01918  	0,05654  	0,21748  	0,21536  	407723,91764  	3052,67434  	5,66096  	4772737,03548  	9,57629  	0,16819  	NaN  	NaN  	0,00386  	0,00409  	0,00395  	0,00451  	250,49964  	0,00398  	0,00407  
32,04656  	834,94403  	834,89872  	1327,82053  	26,13037  	0,04724  	0,00392  	-15815,93170  	0,01963  	0,05695  	0,21842  	0,21630  	111423591,06550  	128633,63598  	5,79464  	-4667896,50935  	0,65439  	0,00885  	-Inf  	-Inf  	0,00386  	0,00409  	0,00395  	0,00451  	-244,98909  	0,00399  	0,00408  
33,04748  	244,95920  	1327,75450  	1327,82053  	26,13338  	0,04375  	0,00383  	-15815,93170  	0,01945  	0,05555  	0,21745  	0,21532  	107425365,33598  	0,01317  	5,74046  	-4667896,50935  	386,60621  	0,00343  	-Inf  	-Inf  	0,00386  	0,00409  	0,00395  	0,00451  	-244,98909  	0,00398  	0,00407  
34,04829  	-244,98909  	1327,75450  	1327,82053  	26,13656  	0,04685  	0,00393  	54117,71235  	0,01985  	0,05710  	0,22079  	0,21866  	136817164,09013  	0,14093  	5,85959  	15972241,49101  	9,67135  	0,00367  	-Inf  	-Inf  	0,00386  	0,00409  	0,00394  	0,00452  	838,30216  	0,00399  	0,00408  
35,04846  	841,63369  	1327,75450  	1327,82053  	26,13766  	0,04373  	0,00394  	15566,68781  	0,01864  	0,05721  	0,21713  	0,21501  	412331757,53202  	16,84023  	5,50208  	4594334,94281  	0,63364  	0,00343  	-Inf  	-Inf  	0,00386  	0,00409  	0,00395  	0,00451  	241,13626  	0,00398  	0,00408  
36,05031  	237,74198  	237,72173  	1327,82053  	26,13612  	0,04536  	0,00396  	54546,98082  	0,01939  	0,05748  	0,21950  	0,21738  	3701499,03000  	221,11149  	5,72259  	16098935,31293  	464,34756  	0,03439  	-Inf  	-Inf  	0,00386  	0,00409  	0,00395  	0,00451  	844,95164  	0,00399  	0,00408  
37,05004  	-244,98909  	-244,98909  	1327,82053  	26,13791  	0,04610  	0,00395  	85706,53851  	0,01941  	0,05727  	0,21708  	0,21496  	412974,72535  	3303,13675  	5,72767  	25295332,54600  	9,70021  	0,18201  	NaN  	NaN  	0,00386  	0,00409  	0,00394  	0,00451  	1327,62170  	0,00399  	0,00408  
38,04997  	848,03349  	-244,98909  	1327,82053  	26,14220  	0,04368  	0,00391  	15153,59006  	0,01868  	0,05677  	0,21692  	0,21480  	1240969,51984  	421632,40635  	5,51422  	4472413,73154  	0,60720  	0,17245  	NaN  	NaN  	0,00386  	0,00409  	0,00394  	0,00451  	234,73726  	0,00398  	0,00408  
39,05009  	1327,82048  	-244,98909  	1327,82053  	26,14392  	0,04924  	0,00395  	54939,07654  	0,01935  	0,05731  	0,21748  	0,21535  	1984017,96832  	9124574,78493  	5,71209  	16214658,00732  	0,08254  	0,19443  	NaN  	NaN  	0,00386  	0,00409  	0,00394  	0,00451  	851,02531  	0,00400  	0,00408  
40,05046  	230,62852  	852,15684  	230,62854  	26,14395  	0,04893  	0,00391  	14884,46329  	0,01914  	0,05675  	0,21942  	0,21729  	308523,24345  	133,96858  	5,64942  	4392983,95699  	528,10127  	0,19324  	-Inf  	-Inf  	0,00386  	0,00409  	0,00395  	0,00451  	230,56841  	0,00400  	0,00408  
41,05145  	-244,98909  	229,35038  	-244,98909  	26,14380  	0,04400  	0,00395  	55087,36149  	0,01920  	0,05738  	0,21849  	0,21637  	66,16980  	950,75312  	5,66752  	16258422,66291  	9,71946  	106,52914  	-Inf  	-Inf  	0,00386  	0,00409  	0,00395  	0,00451  	853,32229  	0,00398  	0,00408  
42,05254  	-244,98909  	-244,98909  	-244,98909  	26,14209  	0,04360  	0,00393  	14685,42571  	0,01977  	0,05707  	0,21843  	0,21630  	24519,52338  	0,00000  	5,83342  	4334240,22642  	9,66622  	0,84359  	Inf  	-Inf  	0,00386  	0,00409  	0,00394  	0,00451  	227,48527  	0,00398  	0,00408  
43,05411  	858,14679  	858,10051  	858,14682  	26,13873  	0,04215  	0,00392  	55389,81444  	0,01895  	0,05689  	0,21753  	0,21540  	26103605,66224  	12,97970  	5,59377  	16347688,29082  	0,57626  	0,02139  	-Inf  	-Inf  	0,00386  	0,00409  	0,00395  	0,00451  	858,00737  	0,00397  	0,00408  
44,05505  	1327,82048  	1327,75450  	1327,82053  	26,13937  	0,04683  	0,00400  	85706,53851  	0,01818  	0,05809  	0,22047  	0,21834  	668268387,41665  	364,29341  	5,36576  	25295332,54600  	0,08367  	0,00367  	-Inf  	-Inf  	0,00386  	0,00408  	0,00395  	0,00451  	1327,62170  	0,00399  	0,00408  
45,05564  	1327,82048  	217,85943  	1327,82053  	26,14023  	0,04214  	0,00398  	14061,49120  	0,01870  	0,05784  	0,21605  	0,21393  	21085971,06397  	5509991,22863  	5,51879  	4150092,88743  	0,08331  	0,03379  	-Inf  	-Inf  	0,00386  	0,00409  	0,00395  	0,00450  	217,82035  	0,00397  	0,00408  
46,05634  	214,32419  	868,46048  	1327,82053  	26,14151  	0,04732  	0,00397  	56058,56332  	0,02017  	0,05770  	0,22098  	0,21885  	28958807,74487  	93,56842  	5,95369  	16545062,09129  	717,92903  	0,00830  	-Inf  	-Inf  	0,00385  	0,00409  	0,00395  	0,00452  	868,36647  	0,00399  	0,00408  
47,05847  	-244,98909  	1327,75450  	1327,82053  	26,14224  	0,04577  	0,00397  	85706,53851  	0,01993  	0,05762  	0,21609  	0,21397  	138053920,00122  	0,13768  	5,88177  	25295332,54600  	9,75915  	0,00359  	-Inf  	-Inf  	0,00386  	0,00409  	0,00395  	0,00450  	1327,62170  	0,00399  	0,00408  
48,05847  	-244,98909  	1327,75450  	210,13248  	26,14233  	0,04586  	0,00393  	85706,53851  	0,01947  	0,05708  	0,21614  	0,21402  	4194439,55080  	2334,72381  	5,74628  	25295332,54600  	9,66859  	0,03760  	-Inf  	-Inf  	0,00386  	0,00409  	0,00394  	0,00450  	1327,62170  	0,00399  	0,00408  
49,05770  	-244,98909  	207,23750  	875,57495  	26,14188  	0,04557  	0,00389  	85706,53851  	0,01990  	0,05644  	0,21830  	0,21618  	406914,88340  	1387,40717  	5,87459  	25295332,54600  	9,55926  	0,17994  	-Inf  	-Inf  	0,00386  	0,00409  	0,00394  	0,00451  	1327,62170  	0,00399  	0,00407  
50,06032  	-244,98909  	878,57893  	1327,82053  	26,14114  	0,04203  	0,00394  	85706,53851  	0,01944  	0,05724  	0,21677  	0,21464  	42612746,39690  	860,11148  	5,73752  	25295332,54600  	9,69452  	0,00723  	-Inf  	-Inf  	0,00386  	0,00409  	0,00395  	0,00451  	1327,62170  	0,00397  	0,00408  
51,05979  	879,70507  	1327,75450  	1327,82053  	26,14193  	0,04513  	0,00398  	85706,53851  	0,01875  	0,05782  	0,21830  	0,21618  	436189961,81643  	23,41754  	5,53470  	25295332,54600  	0,52275  	0,00354  	-Inf  	-Inf  	0,00386  	0,00409  	0,00395  	0,00451  	1327,62170  	0,00398  	0,00408  
52,06002  	1327,82048  	201,40640  	201,42514  	26,14256  	0,04089  	0,00393  	85706,53851  	0,01938  	0,05698  	0,21995  	0,21782  	1510,28506  	90,28489  	5,71981  	25295332,54600  	0,08207  	25,08116  	NaN  	NaN  	0,00386  	0,00409  	0,00394  	0,00451  	1327,62170  	0,00397  	0,00408  
53,06048  	1327,82048  	884,78131  	884,82874  	26,14366  	0,04423  	0,00395  	85706,53851  	0,01926  	0,05728  	0,21649  	0,21437  	50079835,68101  	247,16584  	5,68449  	25295332,54600  	0,08251  	0,01965  	NaN  	NaN  	0,00386  	0,00409  	0,00395  	0,00451  	1327,62170  	0,00398  	0,00408  
54,06172  	1327,82048  	196,68685  	1327,82053  	26,14440  	0,05042  	0,00392  	85706,53851  	0,02030  	0,05697  	0,21766  	0,21553  	18988170,81942  	6718956,72902  	5,99020  	25295332,54600  	0,08206  	0,04296  	-Inf  	-Inf  	0,00385  	0,00409  	0,00394  	0,00451  	1327,62170  	0,00400  	0,00408  
55,06262  	194,94444  	-244,98909  	194,94445  	26,14090  	0,04484  	0,00397  	85706,53851  	0,01925  	0,05763  	0,21872  	0,21659  	44,65699  	83,76156  	5,67995  	25295332,54600  	913,49786  	64,74918  	NaN  	NaN  	0,00386  	0,00409  	0,00394  	0,00451  	1327,62170  	0,00398  	0,00408  
56,06274  	889,48106  	889,43347  	889,48110  	26,14188  	0,04222  	0,00395  	12478,21252  	0,01955  	0,05728  	0,21873  	0,21660  	34351623,10743  	17,02072  	5,76998  	3682805,77879  	0,49231  	0,01834  	-Inf  	-Inf  	0,00386  	0,00409  	0,00395  	0,00451  	193,29493  	0,00398  	0,00408  
57,06560  	1327,82048  	1327,75450  	189,70230  	26,14508  	0,04585  	0,00397  	57647,87018  	0,01958  	0,05761  	0,22137  	0,21924  	18631231,53658  	6147348,09218  	5,77758  	17014128,35265  	0,08298  	0,03988  	NaN  	NaN  	0,00386  	0,00409  	0,00395  	0,00452  	892,98527  	0,00399  	0,00408  
58,06812  	1327,82048  	1327,75450  	895,21136  	26,14470  	0,04940  	0,00394  	85706,53851  	0,02015  	0,05725  	0,21712  	0,21500  	214552150,00742  	2517317,28720  	5,94607  	25295332,54600  	0,08245  	0,00823  	NaN  	NaN  	0,00386  	0,00409  	0,00395  	0,00451  	1327,62170  	0,00400  	0,00408  
59,06847  	184,95607  	184,93803  	1327,82053  	26,14445  	0,04400  	0,00391  	11936,37536  	0,01925  	0,05677  	0,21642  	0,21430  	2195192,01145  	212,68591  	5,68225  	3522888,56018  	963,37454  	0,03879  	-Inf  	-Inf  	0,00386  	0,00409  	0,00394  	0,00450  	184,90173  	0,00398  	0,00408  
60,06847  	-244,98909  	904,35975  	1327,82053  	26,14523  	0,04857  	0,00394  	58375,90344  	0,01968  	0,05725  	0,21848  	0,21635  	45877857,49537  	936,94872  	5,80932  	17228999,28005  	9,69682  	0,00795  	-Inf  	-Inf  	0,00386  	0,00409  	0,00395  	0,00451  	904,26270  	0,00400  	0,00408  
61,06841  	-244,98909  	1327,75450  	174,80443  	26,14675  	0,03809  	0,00395  	85706,53851  	0,01848  	0,05740  	0,21535  	0,21322  	3626009,14391  	2000,47758  	5,45546  	25295332,54600  	9,72375  	0,03460  	-Inf  	-Inf  	0,00386  	0,00409  	0,00394  	0,00450  	1327,62170  	0,00396  	0,00408  
62,06846  	909,07526  	173,73857  	909,07530  	26,14768  	0,04670  	0,00399  	85706,53851  	0,02001  	0,05791  	0,22090  	0,21877  	1359628,49522  	336325,88241  	5,90580  	25295332,54600  	0,45062  	0,18438  	-Inf  	-Inf  	0,00386  	0,00409  	0,00395  	0,00452  	1327,62170  	0,00399  	0,00408  
63,06810  	1327,82048  	-244,98909  	1327,82053  	26,14727  	0,05018  	0,00394  	85706,53851  	0,01991  	0,05718  	0,21930  	0,21718  	1979415,92236  	9298712,49369  	5,87561  	25295332,54600  	0,08235  	0,19814  	NaN  	NaN  	0,00386  	0,00409  	0,00394  	0,00451  	1327,62170  	0,00400  	0,00408  
64,06848  	1327,82048  	911,68976  	1327,82053  	26,14834  	0,04344  	0,00393  	85706,53851  	0,01967  	0,05711  	0,21971  	0,21758  	224340373,33169  	2129621,84151  	5,80397  	25295332,54600  	0,08226  	0,00701  	-Inf  	-Inf  	0,00386  	0,00409  	0,00395  	0,00451  	1327,62170  	0,00398  	0,00408  
65,06834  	1327,82048  	1327,75450  	1327,82053  	26,14972  	0,04603  	0,00394  	10950,74478  	0,01990  	0,05715  	0,21961  	0,21749  	657427065,57602  	358,08354  	5,87289  	3231990,64708  	0,08231  	0,00361  	-Inf  	-Inf  	0,00386  	0,00409  	0,00395  	0,00451  	169,63404  	0,00399  	0,00408  
66,06832  	1327,82048  	1327,75450  	168,49445  	26,15029  	0,04744  	0,00395  	59016,80474  	0,01922  	0,05738  	0,21649  	0,21437  	16929006,27688  	6478643,00591  	5,67117  	17418154,17579  	0,08264  	0,04389  	NaN  	NaN  	0,00386  	0,00409  	0,00395  	0,00451  	914,19044  	0,00399  	0,00408  
67,06819  	1327,82048  	1327,75450  	915,81177  	26,14839  	0,04830  	0,00395  	85706,53851  	0,01948  	0,05739  	0,21951  	0,21739  	228032398,43972  	2344064,77606  	5,75046  	25295332,54600  	0,08266  	0,00774  	NaN  	NaN  	0,00386  	0,00409  	0,00395  	0,00451  	1327,62170  	0,00399  	0,00408  
68,06929  	166,29338  	1327,75450  	1327,82053  	26,14629  	0,04544  	0,00392  	85706,53851  	0,01964  	0,05695  	0,21696  	0,21484  	70531457,55257  	0,01264  	5,79569  	25295332,54600  	993,11544  	0,00356  	-Inf  	-Inf  	0,00386  	0,00409  	0,00395  	0,00451  	1327,62170  	0,00399  	0,00408  
69,06920  	-244,98909  	1327,75450  	1327,82053  	26,14487  	0,04943  	0,00395  	85706,53851  	0,01967  	0,05728  	0,21687  	0,21475  	137255294,63374  	0,14869  	5,80607  	25295332,54600  	9,70286  	0,00387  	-Inf  	-Inf  	0,00386  	0,00409  	0,00395  	0,00451  	1327,62170  	0,00400  	0,00408  
70,06992  	920,85876  	1327,75450  	1327,82053  	26,14571  	0,04228  	0,00394  	85706,53851  	0,01817  	0,05716  	0,21704  	0,21492  	451924684,83641  	29,80420  	5,36124  	25295332,54600  	0,41947  	0,00331  	-Inf  	-Inf  	0,00386  	0,00408  	0,00395  	0,00451  	1327,62170  	0,00398  	0,00408  
71,07243  	1327,82048  	160,62645  	1327,82053  	26,14588  	0,04758  	0,00398  	10367,03430  	0,01984  	0,05781  	0,21971  	0,21759  	16485680,72137  	6542576,24898  	5,85434  	3059714,98572  	0,08327  	0,04505  	-Inf  	-Inf  	0,00385  	0,00409  	0,00394  	0,00451  	160,59220  	0,00399  	0,00408  
72,07202  	1327,82048  	923,98011  	158,80225  	26,14521  	0,04792  	0,00396  	59642,42138  	0,01959  	0,05754  	0,21918  	0,21706  	1991236,03688  	4319981,80039  	5,78253  	17602797,97703  	0,08287  	0,18925  	NaN  	NaN  	0,00386  	0,00409  	0,00394  	0,00451  	923,88141  	0,00399  	0,00408  
73,07314  	1327,82048  	1327,75450  	-244,98909  	26,14501  	0,04779  	0,00395  	85706,53851  	0,02006  	0,05734  	0,21976  	0,21763  	1984393,47942  	8854344,21504  	5,92114  	25295332,54600  	0,08259  	0,18873  	NaN  	NaN  	0,00386  	0,00409  	0,00394  	0,00451  	1327,62170  	0,00399  	0,00408  
74,07490  	151,90571  	1327,75450  	-244,98909  	26,14536  	0,04998  	0,00396  	9803,02532  	0,01986  	0,05750  	0,21784  	0,21572  	192241,41722  	330,38676  	5,86260  	2893253,99953  	957,84301  	0,19740  	NaN  	NaN  	0,00386  	0,00409  	0,00394  	0,00451  	151,85555  	0,00400  	0,00408  
75,07528  	933,83263  	1327,75450  	933,83266  	26,14596  	0,04887  	0,00397  	60275,22056  	0,01999  	0,05764  	0,21564  	0,21352  	167992754,30740  	225661,54201  	5,90031  	17789561,62403  	0,39696  	0,00757  	-Inf  	-Inf  	0,00385  	0,00409  	0,00394  	0,00450  	933,68364  	0,00400  	0,00408  
76,07715  	1327,82048  	146,07488  	1327,82053  	26,14540  	0,04360  	0,00394  	85706,53851  	0,01860  	0,05721  	0,21877  	0,21664  	15300595,38994  	6069830,32571  	5,48888  	25295332,54600  	0,08240  	0,04311  	-Inf  	-Inf  	0,00386  	0,00409  	0,00394  	0,00451  	1327,62170  	0,00398  	0,00408  
77,08047  	1327,82048  	939,27929  	143,50242  	26,14541  	0,04585  	0,00393  	85706,53851  	0,01986  	0,05712  	0,21879  	0,21667  	1976856,29765  	4298170,55182  	5,86041  	25295332,54600  	0,08227  	0,18105  	NaN  	NaN  	0,00386  	0,00409  	0,00395  	0,00451  	1327,62170  	0,00399  	0,00408  
78,08108  	1327,82048  	1327,75450  	-244,98909  	26,14572  	0,04468  	0,00387  	85706,53851  	0,01971  	0,05613  	0,21794  	0,21582  	1942541,23489  	8278742,85734  	5,81742  	25295332,54600  	0,08085  	0,17646  	NaN  	NaN  	0,00385  	0,00409  	0,00395  	0,00451  	1327,62170  	0,00398  	0,00407  
79,08268  	1327,82048  	1327,75450  	949,01221  	26,14676  	0,04612  	0,00396  	8635,56942  	0,01943  	0,05748  	0,21839  	0,21627  	250653514,88449  	2057839,35912  	5,73344  	2548692,36496  	0,08279  	0,00694  	NaN  	NaN  	0,00386  	0,00409  	0,00394  	0,00451  	133,77134  	0,00399  	0,00408  
80,08423  	1327,82048  	131,80426  	1327,82053  	26,14850  	0,04803  	0,00398  	61384,07956  	0,01951  	0,05774  	0,21785  	0,21573  	14491943,18601  	6768395,45327  	5,75911  	18116829,03603  	0,08316  	0,04958  	-Inf  	-Inf  	0,00385  	0,00409  	0,00395  	0,00451  	950,86017  	0,00399  	0,00408  
81,08479  	127,22889  	955,55214  	127,22890  	26,14763  	0,04977  	0,00402  	8210,17358  	0,01938  	0,05832  	0,21999  	0,21786  	156742,97517  	172,79535  	5,71937  	2423141,50815  	839,29834  	0,19654  	-Inf  	-Inf  	0,00386  	0,00409  	0,00395  	0,00451  	127,18184  	0,00400  	0,00408  
82,08547  	958,32011  	1327,75450  	-244,98909  	26,14661  	0,04601  	0,00395  	61855,85040  	0,01982  	0,05732  	0,21644  	0,21432  	1420492,86410  	1008029,16893  	5,84940  	18256066,95755  	0,35111  	0,18173  	NaN  	NaN  	0,00386  	0,00409  	0,00395  	0,00450  	958,16803  	0,00399  	0,00408  
83,08554  	1327,82048  	1327,75450  	962,13129  	26,14619  	0,04831  	0,00393  	85706,53851  	0,01998  	0,05707  	0,21854  	0,21642  	258061177,27025  	2080921,69770  	5,89773  	25295332,54600  	0,08219  	0,00709  	NaN  	NaN  	0,00386  	0,00409  	0,00395  	0,00451  	1327,62170  	0,00399  	0,00408  
84,08755  	1327,82048  	1327,75450  	1327,82053  	26,14599  	0,04411  	0,00397  	85706,53851  	0,02045  	0,05757  	0,21703  	0,21491  	662216666,28293  	343,17089  	6,03445  	25295332,54600  	0,08291  	0,00346  	-Inf  	-Inf  	0,00386  	0,00409  	0,00395  	0,00451  	1327,62170  	0,00398  	0,00408  
85,08846  	1327,82048  	117,73432  	117,74955  	26,14486  	0,04475  	0,00399  	7598,29615  	0,01922  	0,05796  	0,22029  	0,21816  	323,25151  	80,28777  	5,67212  	2242552,68373  	0,08348  	600,07434  	NaN  	NaN  	0,00386  	0,00409  	0,00394  	0,00451  	117,70369  	0,00398  	0,00408  
86,08847  	113,83753  	-244,98909  	968,99391  	26,14575  	0,04949  	0,00397  	-15815,93170  	0,02047  	0,05770  	0,22038  	0,21826  	8181,50672  	251,55134  	6,04121  	-4667896,50935  	756,09250  	1,31470  	NaN  	NaN  	0,00386  	0,00409  	0,00394  	0,00451  	-244,98909  	0,00400  	0,00408  
87,08807  	972,53797  	-244,98909  	1327,82053  	26,14563  	0,04780  	0,00397  	-15815,93170  	0,01901  	0,05769  	0,21954  	0,21742  	1451960,54338  	1154909,41599  	5,61067  	-4667896,50935  	0,33061  	0,18873  	NaN  	NaN  	0,00386  	0,00409  	0,00395  	0,00451  	-244,98909  	0,00399  	0,00408  
88,09004  	1327,82048  	973,32898  	1327,82053  	26,14524  	0,04644  	0,00398  	-15815,93170  	0,02033  	0,05778  	0,21777  	0,21565  	269515016,98523  	1939618,62376  	6,00083  	-4667896,50935  	0,08322  	0,00668  	-Inf  	-Inf  	0,00386  	0,00409  	0,00394  	0,00451  	-244,98909  	0,00399  	0,00408  
89,08992  	107,87880  	107,86400  	107,87882  	26,14468  	0,04860  	0,00396  	62929,45161  	0,02017  	0,05755  	0,21664  	0,21452  	19,92770  	0,00301  	5,95327  	18572928,42680  	722,47162  	802,99037  	-Inf  	-Inf  	0,00385  	0,00409  	0,00395  	0,00451  	974,79840  	0,00400  	0,00408  
90,09003  	-244,98909  	-244,98909  	-244,98909  	26,14331  	0,04569  	0,00399  	6837,00462  	0,01967  	0,05795  	0,21794  	0,21582  	24899,68144  	0,00000  	5,80457  	2017865,94667  	9,81616  	0,88414  	Inf  	-Inf  	0,00386  	0,00409  	0,00394  	0,00451  	105,91108  	0,00399  	0,00408  
91,09098  	979,80925  	979,75786  	-244,98909  	26,14222  	0,04372  	0,00395  	63242,94176  	0,01956  	0,05740  	0,21830  	0,21617  	98427,99245  	864329,38815  	5,77351  	18665451,56174  	0,31812  	1,08029  	NaN  	NaN  	0,00385  	0,00409  	0,00394  	0,00451  	979,65445  	0,00398  	0,00408  
92,09220  	1327,82048  	1327,75450  	982,21714  	26,14275  	0,04667  	0,00397  	85706,53851  	0,02036  	0,05760  	0,22026  	0,21813  	275266385,60936  	1899775,38689  	6,00816  	25295332,54600  	0,08296  	0,00660  	NaN  	NaN  	0,00386  	0,00409  	0,00394  	0,00451  	1327,62170  	0,00399  	0,00408  
93,09199  	1327,82048  	1327,75450  	1327,82053  	26,14333  	0,04498  	0,00394  	6302,69563  	0,01988  	0,05720  	0,21853  	0,21641  	657973358,25567  	349,90646  	5,86637  	1860170,58446  	0,08238  	0,00352  	-Inf  	-Inf  	0,00386  	0,00409  	0,00395  	0,00451  	97,63449  	0,00398  	0,00408  
94,09431  	1327,82048  	1327,75450  	1327,82053  	26,14282  	0,04582  	0,00393  	-15815,93170  	0,01942  	0,05702  	0,21935  	0,21722  	655873661,07549  	356,49751  	5,73165  	-4667896,50935  	0,08212  	0,00359  	-Inf  	-Inf  	0,00386  	0,00409  	0,00395  	0,00451  	-244,98909  	0,00399  	0,00408  
95,09579  	1327,82048  	94,38415  	1327,82053  	26,14289  	0,04747  	0,00393  	63799,59189  	0,01984  	0,05712  	0,21623  	0,21411  	12096449,95936  	6897543,43035  	5,85539  	18829740,66193  	0,08227  	0,05496  	-Inf  	-Inf  	0,00386  	0,00409  	0,00394  	0,00450  	988,27711  	0,00399  	0,00408  
96,09734  	91,23427  	991,54524  	1327,82053  	26,14185  	0,04664  	0,00398  	5886,77600  	0,01989  	0,05776  	0,21909  	0,21697  	14163290,95908  	65,58950  	5,87159  	1737416,52823  	641,23181  	0,00649  	-Inf  	-Inf  	0,00386  	0,00409  	0,00395  	0,00451  	91,19178  	0,00399  	0,00408  
97,09708  	-244,98909  	86,89152  	1327,82053  	26,14216  	0,04651  	0,00396  	64283,25023  	0,02014  	0,05755  	0,22143  	0,21931  	2452176,96601  	2629,15459  	5,94287  	18972487,04560  	9,74761  	0,05512  	-Inf  	-Inf  	0,00386  	0,00409  	0,00395  	0,00452  	995,76911  	0,00399  	0,00408  
98,09801  	999,61477  	999,56255  	83,21664  	26,14021  	0,04410  	0,00398  	5369,24897  	0,01967  	0,05772  	0,22001  	0,21789  	1493850,34123  	744886,14372  	5,80646  	1584674,17500  	0,29230  	0,17418  	NaN  	NaN  	0,00386  	0,00409  	0,00395  	0,00451  	83,17514  	0,00398  	0,00408  
99,09847  	1327,82048  	81,00234  	1001,81542  	26,13928  	0,04826  	0,00398  	-15815,93170  	0,01940  	0,05776  	0,21695  	0,21483  	1999601,66350  	5235309,97048  	5,72564  	-4667896,50935  	0,08320  	0,19056  	NaN  	NaN  	0,00386  	0,00409  	0,00394  	0,00451  	-244,98909  	0,00399  	0,00408  
100,09847  	1327,82048  	1003,89886  	78,88014  	26,13805  	0,04605  	0,00401  	-15815,93170  	0,01979  	0,05822  	0,22046  	0,21833  	2014965,63507  	5017997,90609  	5,84183  	-4667896,50935  	0,08386  	0,18185  	NaN  	NaN  	0,00386  	0,00409  	0,00395  	0,00451  	-244,98909  	0,00399  	0,00408  
101,09767  	1327,82048  	77,10880  	-244,98909  	26,13726  	0,04914  	0,00402  	64914,73661  	0,01871  	0,05832  	0,22034  	0,21822  	1427,91217  	1864773,10496  	5,52295  	19158863,23546  	0,08401  	14,61248  	NaN  	NaN  	0,00386  	0,00409  	0,00394  	0,00451  	1005,55101  	0,00400  	0,00408  
102,09801  	75,73577  	1007,04309  	1007,09566  	26,13700  	0,04312  	0,00398  	4886,37130  	0,02022  	0,05784  	0,21794  	0,21582  	4412640,38110  	0,00948  	5,96700  	1442158,19606  	569,11030  	0,01096  	-Inf  	-Inf  	0,00386  	0,00409  	0,00395  	0,00451  	75,69524  	0,00398  	0,00408  
103,09830  	-244,98909  	1327,75450  	1327,82053  	26,13710  	0,04141  	0,00391  	65113,66297  	0,01922  	0,05672  	0,21684  	0,21471  	135908782,66630  	0,12457  	5,67365  	19217574,14189  	9,60717  	0,00324  	-Inf  	-Inf  	0,00386  	0,00409  	0,00394  	0,00451  	1008,63243  	0,00397  	0,00408  
104,09831  	1010,05260  	1327,75450  	1327,82053  	26,13713  	0,04370  	0,00393  	85706,53851  	0,01991  	0,05699  	0,21854  	0,21642  	495577143,76613  	56,97244  	5,87594  	25295332,54600  	0,27547  	0,00342  	-Inf  	-Inf  	0,00386  	0,00409  	0,00394  	0,00451  	1327,62170  	0,00398  	0,00408  
105,09819  	1327,82048  	70,81908  	1327,82053  	26,13788  	0,04362  	0,00397  	4569,86162  	0,02015  	0,05764  	0,21927  	0,21715  	10940062,78524  	6458795,65929  	5,94831  	1348743,87955  	0,08302  	0,05438  	-Inf  	-Inf  	0,00386  	0,00409  	0,00395  	0,00451  	70,79242  	0,00398  	0,00408  
106,09814  	1327,82048  	1011,82121  	70,95746  	26,13807  	0,04564  	0,00397  	65312,66894  	0,01961  	0,05766  	0,21575  	0,21363  	1995498,88634  	5059118,17128  	5,78804  	19276308,54208  	0,08305  	0,18025  	NaN  	NaN  	0,00386  	0,00409  	0,00395  	0,00450  	1011,71509  	0,00399  	0,00408  
107,10028  	1327,82048  	1327,75450  	-244,98909  	26,13770  	0,05083  	0,00399  	85706,53851  	0,01979  	0,05793  	0,21876  	0,21663  	2004602,55630  	9417938,05759  	5,84224  	25295332,54600  	0,08343  	0,20075  	NaN  	NaN  	0,00386  	0,00409  	0,00394  	0,00451  	1327,62170  	0,00400  	0,00408  
108,10080  	68,06263  	68,04949  	-244,98909  	26,13848  	0,04485  	0,00395  	85706,53851  	0,02052  	0,05731  	0,21802  	0,21590  	52,93628  	58,71105  	6,05627  	25295332,54600  	529,38686  	12,00702  	NaN  	NaN  	0,00386  	0,00410  	0,00394  	0,00451  	1327,62170  	0,00398  	0,00408  
109,10219  	-244,98909  	-244,98909  	-244,98909  	26,13870  	0,04471  	0,00401  	85706,53851  	0,01911  	0,05826  	0,21947  	0,21734  	25033,41653  	0,00000  	5,63992  	25295332,54600  	9,86858  	0,86510  	Inf  	-Inf  	0,00386  	0,00409  	0,00395  	0,00451  	1327,62170  	0,00398  	0,00408  
110,10555  	1021,24525  	1021,19212  	1021,24529  	26,13515  	0,04687  	0,00396  	3973,03440  	0,01930  	0,05751  	0,22012  	0,21800  	96205454,24896  	52,91071  	5,69761  	1172596,95906  	0,26453  	0,01122  	-Inf  	-Inf  	0,00386  	0,00409  	0,00395  	0,00451  	61,54740  	0,00399  	0,00408  
111,10718  	1327,82048  	1327,75450  	58,90972  	26,13226  	0,04528  	0,00400  	-15815,93170  	0,01979  	0,05809  	0,21680  	0,21468  	10420897,31081  	6768244,54837  	5,84151  	-4667896,50935  	0,08367  	0,05865  	NaN  	NaN  	0,00386  	0,00409  	0,00394  	0,00451  	-244,98909  	0,00399  	0,00408  
112,10789  	1327,82048  	53,35484  	1029,46407  	26,12896  	0,04773  	0,00400  	66448,08270  	0,01890  	0,05808  	0,21855  	0,21642  	2010542,95478  	5488327,41299  	5,57950  	19611413,29628  	0,08366  	0,18846  	NaN  	NaN  	0,00386  	0,00409  	0,00395  	0,00451  	1029,30296  	0,00399  	0,00408  
113,10844  	1327,82048  	1033,12029  	49,65749  	26,12881  	0,04284  	0,00395  	85706,53851  	0,02037  	0,05741  	0,22067  	0,21855  	1987000,62736  	4963540,39353  	6,01243  	25295332,54600  	0,08270  	0,16920  	NaN  	NaN  	0,00386  	0,00409  	0,00395  	0,00451  	1327,62170  	0,00398  	0,00408  
114,11044  	1327,82048  	46,24809  	1036,57113  	26,12713  	0,04140  	0,00395  	85706,53851  	0,02025  	0,05735  	0,21686  	0,21473  	1985291,12155  	4829812,42546  	5,97657  	25295332,54600  	0,08261  	0,16347  	NaN  	NaN  	0,00386  	0,00409  	0,00395  	0,00451  	1327,62170  	0,00397  	0,00408  
115,11253  	43,46419  	1039,31332  	43,46420  	26,12788  	0,04890  	0,00398  	85706,53851  	0,02003  	0,05773  	0,21860  	0,21648  	26609,20700  	203,68877  	5,91128  	25295332,54600  	425,33157  	0,19312  	-Inf  	-Inf  	0,00386  	0,00409  	0,00395  	0,00451  	1327,62170  	0,00400  	0,00408  
116,11301  	1041,08423  	41,73513  	1041,08427  	26,12788  	0,04213  	0,00399  	2692,45793  	0,01994  	0,05788  	0,21804  	0,21592  	1562221,77475  	1015115,52314  	5,88503  	794649,04328  	0,24426  	0,16636  	-Inf  	-Inf  	0,00386  	0,00409  	0,00395  	0,00451  	41,71092  	0,00397  	0,00408  
117,11656  	1327,82048  	1045,25012  	1327,82053  	26,12964  	0,04621  	0,00398  	67470,54456  	0,01970  	0,05776  	0,21797  	0,21584  	327288589,36513  	1538163,50047  	5,81358  	19913181,55340  	0,08320  	0,00583  	-Inf  	-Inf  	0,00386  	0,00409  	0,00395  	0,00451  	1045,14117  	0,00399  	0,00408  
118,11810  	31,42129  	31,40969  	1327,82053  	26,12925  	0,04539  	0,00395  	2025,93869  	0,02041  	0,05727  	0,22085  	0,21872  	36632,25995  	246,14930  	6,02309  	597933,29272  	371,65194  	0,06426  	-Inf  	-Inf  	0,00386  	0,00409  	0,00395  	0,00452  	31,38636  	0,00399  	0,00408  
119,11844  	-244,98909  	1056,63509  	26,14170  	26,12844  	0,04650  	0,00398  	68205,45825  	0,01996  	0,05775  	0,21844  	0,21632  	416287,05586  	2183,57898  	5,89144  	20130083,16375  	9,78072  	0,18366  	-Inf  	-Inf  	0,00386  	0,00409  	0,00395  	0,00451  	1056,52519  	0,00399  	0,00408  
120,11952  	-244,98909  	1327,75450  	1061,17868  	26,12817  	0,05006  	0,00398  	1395,39471  	0,02023  	0,05783  	0,21704  	0,21492  	71183449,09508  	608,05528  	5,96982  	411835,24574  	9,79437  	0,00614  	-Inf  	-Inf  	0,00386  	0,00409  	0,00395  	0,00451  	21,61906  	0,00400  	0,00408  
121,12064  	1062,95935  	1327,75450  	19,87205  	26,12919  	0,04732  	0,00400  	-15815,93170  	0,01988  	0,05812  	0,22030  	0,21818  	6883600,78004  	1711138,36790  	5,86790  	-4667896,50935  	0,22351  	0,06959  	NaN  	NaN  	0,00386  	0,00409  	0,00394  	0,00451  	-244,98909  	0,00399  	0,00408  
122,12189  	1327,82048  	18,07660  	1064,74379  	26,12888  	0,04001  	0,00397  	68725,33491  	0,01977  	0,05765  	0,21705  	0,21492  	1995813,23092  	4933366,98198  	5,83579  	20283518,98345  	0,08304  	0,15798  	Inf  	-Inf  	0,00386  	0,00409  	0,00395  	0,00451  	1064,57822  	0,00397  	0,00408  
123,12555  	1327,82048  	1069,03205  	1327,82053  	26,12811  	0,05012  	0,00396  	85706,53851  	0,01953  	0,05754  	0,21967  	0,21754  	347242692,94974  	1527994,94845  	5,76485  	25295332,54600  	0,08289  	0,00606  	-Inf  	-Inf  	0,00386  	0,00409  	0,00395  	0,00451  	1327,62170  	0,00400  	0,00408  
124,12508  	1327,82048  	9,70241  	1327,82053  	26,12666  	0,04591  	0,00397  	85706,53851  	0,01979  	0,05766  	0,21904  	0,21692  	8158838,55884  	7128096,14880  	5,84176  	25295332,54600  	0,08305  	0,06982  	NaN  	NaN  	0,00386  	0,00409  	0,00394  	0,00451  	1327,62170  	0,00399  	0,00408  
125,12567  	1327,82048  	1076,68115  	6,09480  	26,12681  	0,04455  	0,00396  	85706,53851  	0,01932  	0,05755  	0,21765  	0,21553  	1991616,37468  	5618127,98162  	5,70126  	25295332,54600  	0,08289  	0,17593  	NaN  	NaN  	0,00386  	0,00409  	0,00395  	0,00451  	1327,62170  	0,00398  	0,00408  
126,12605  	3,31618  	3,30576  	1079,51526  	26,12754  	0,04332  	0,00402  	85706,53851  	0,01931  	0,05834  	0,21940  	0,21728  	35389,79254  	195,08001  	5,69997  	25295332,54600  	269,02735  	0,17106  	NaN  	NaN  	0,00386  	0,00409  	0,00395  	0,00451  	1327,62170  	0,00398  	0,00408  
127,12681  	-244,98909  	1081,92490  	1327,82053  	26,12833  	0,04448  	0,00404  	52,66148  	0,02008  	0,05866  	0,22081  	0,21868  	76266566,10391  	498,33522  	5,92558  	15542,45153  	9,93482  	0,00526  	-Inf  	-Inf  	0,00386  	0,00409  	0,00394  	0,00452  	0,81975  	0,00398  	0,00408  
128,12845  	1084,08375  	1327,75450  	1327,82053  	26,12872  	0,04294  	0,00398  	-15815,93170  	0,02031  	0,05781  	0,21699  	0,21486  	540525482,39093  	89,23665  	5,99354  	-4667896,50935  	0,20364  	0,00337  	-Inf  	-Inf  	0,00386  	0,00409  	0,00395  	0,00451  	-244,98909  	0,00398  	0,00408  
129,12908  	-3,30811  	-3,31825  	-3,30811  	26,12851  	0,04225  	0,00392  	70106,39840  	0,01890  	0,05691  	0,21630  	0,21418  	7,07333  	0,00179  	5,57763  	20691124,52911  	240,17320  	116,99389  	NaN  	NaN  	0,00386  	0,00409  	0,00394  	0,00450  	1085,97127  	0,00398  	0,00408  
130,12998  	1090,18365  	1090,12764  	1090,18370  	26,12765  	0,04624  	0,00401  	85706,53851  	0,02066  	0,05823  	0,21709  	0,21496  	157777502,87363  	84,62716  	6,09714  	25295332,54600  	0,20004  	0,00837  	-Inf  	-Inf  	0,00386  	0,00410  	0,00395  	0,00451  	1327,62170  	0,00399  	0,00408  
131,12998  	1327,82048  	1327,75450  	-8,42447  	26,12778  	0,04496  	0,00404  	85706,53851  	0,01923  	0,05861  	0,21875  	0,21663  	7577885,34921  	7076964,28287  	5,67653  	25295332,54600  	0,08443  	0,07269  	NaN  	NaN  	0,00386  	0,00409  	0,00395  	0,00451  	1327,62170  	0,00398  	0,00408  
132,13019  	-13,06419  	-13,07392  	-244,98909  	26,12581  	0,04371  	0,00393  	85706,53851  	0,01996  	0,05708  	0,21716  	0,21504  	193,68439  	42,47780  	5,89004  	25295332,54600  	210,36714  	5,01081  	Inf  	-Inf  	0,00386  	0,00409  	0,00394  	0,00451  	1327,62170  	0,00398  	0,00408  
133,13036  	-244,98909  	-244,98909  	1096,66375  	26,12425  	0,04565  	0,00401  	85706,53851  	0,02058  	0,05818  	0,21860  	0,21647  	80704,50479  	2790,62790  	6,07310  	25295332,54600  	9,85221  	0,55259  	NaN  	NaN  	0,00386  	0,00410  	0,00395  	0,00451  	1327,62170  	0,00399  	0,00408  
134,13035  	1098,14435  	1098,08800  	1327,82053  	26,12539  	0,04797  	0,00398  	85706,53851  	0,02021  	0,05785  	0,21849  	0,21637  	310176326,44068  	377450,33408  	5,96425  	25295332,54600  	0,19239  	0,00551  	-Inf  	-Inf  	0,00386  	0,00409  	0,00395  	0,00451  	1327,62170  	0,00399  	0,00408  
135,13019  	1327,82048  	1327,75450  	1327,82053  	26,12495  	0,04540  	0,00398  	85706,53851  	0,02001  	0,05780  	0,21791  	0,21579  	664966152,98926  	353,12714  	5,90677  	25295332,54600  	0,08326  	0,00356  	-Inf  	-Inf  	0,00386  	0,00409  	0,00395  	0,00451  	1327,62170  	0,00399  	0,00408  
136,13019  	-17,65176  	-17,66130  	1327,82053  	26,12389  	0,04709  	0,00397  	85706,53851  	0,01964  	0,05756  	0,21828  	0,21615  	239008,65418  	265,78704  	5,79526  	25295332,54600  	198,72074  	0,07854  	NaN  	NaN  	0,00386  	0,00409  	0,00395  	0,00451  	1327,62170  	0,00399  	0,00408  
137,13035  	1102,18934  	1102,13282  	1327,82053  	26,12400  	0,04189  	0,00399  	-1251,78381  	0,01979  	0,05789  	0,21560  	0,21347  	314865966,53839  	331677,05963  	5,84077  	-369450,08424  	0,18941  	0,00478  	-Inf  	-Inf  	0,00386  	0,00409  	0,00395  	0,00450  	-19,38646  	0,00397  	0,00408  
138,13003  	1327,82048  	1327,75450  	1327,82053  	26,12404  	0,04526  	0,00390  	-15815,93170  	0,02032  	0,05663  	0,21790  	0,21577  	651397686,22405  	352,11375  	5,99615  	-4667896,50935  	0,08156  	0,00355  	-Inf  	-Inf  	0,00386  	0,00409  	0,00394  	0,00451  	-244,98909  	0,00398  	0,00407  
139,13138  	1327,82048  	-21,43437  	-21,42499  	26,12310  	0,04776  	0,00396  	71275,81553  	0,01931  	0,05750  	0,21807  	0,21595  	335,24205  	52,80370  	5,69954  	21036265,00135  	0,08283  	76,77492  	Inf  	-Inf  	0,00386  	0,00409  	0,00395  	0,00451  	1104,08586  	0,00399  	0,00408  
140,13086  	1327,82048  	1106,08632  	1106,14305  	26,12186  	0,04500  	0,00396  	-1506,98698  	0,02059  	0,05746  	0,21889  	0,21677  	208839654,94938  	300,71496  	6,07808  	-444770,46296  	0,08276  	0,00765  	NaN  	NaN  	0,00385  	0,00410  	0,00394  	0,00451  	-23,33963  	0,00398  	0,00408  
