11/18/2024 15:31:36Time	T_hot_in(C)	T_cold_in(C)	T_cold_out(C)	T_hot_out(C)	mdot_cold(kg/s)	ASFASIFUAS(kg/s)	Diferencial_cold(bar)	Diferencial_hot(bar)	mdot_hot(kg/s)	ABS_cold(bar)	ABS_hot(bar)	q_cold(kW)	q_hot(kW)	ASFASYFY	Tau_cold_haste	Re_hot	Re_cold	U_global	PSIG_cold(bar)	R_fouling	PSIG_hot(bar)	PSID_hot(bar)	m_dot_hot	PSID_cold(bar)	m_dot_cold
2,03250  	0,00000  	0,00000  	0,00000  	0,00000  	-1,18512  	-0,20833  	-0,25900  	-0,86180  	-3,02442  	-1,72343  	-1,72415  	-0,00000  	-0,00000  	-254,35069  	-76,44127  	-9234,48090  	-3618,55272  	NaN  	NaN  	0,00000  	0,00000  	0,00000  	0,00000  	0,00000  	0,00000  	0,00000  
3,03277  	-244,98909  	-244,98909  	-244,98909  	26,11994  	0,04516  	0,00597  	-15815,93170  	0,04438  	0,08665  	0,42258  	0,42031  	37226,86328  	0,00000  	13,09730  	-4667896,50935  	14,67359  	0,87378  	Inf  	-Inf  	0,00386  	0,00421  	0,00394  	0,00498  	-244,98909  	0,00398  	0,00411  
4,03384  	-244,98909  	883,73086  	883,77825  	26,12051  	0,04552  	0,00665  	57044,28422  	0,05725  	0,09659  	0,54483  	0,54247  	17454568,69143  	0,09832  	16,89550  	16835986,66278  	16,35758  	0,02033  	-Inf  	-Inf  	0,00386  	0,00427  	0,00395  	0,00527  	883,63555  	0,00399  	0,00413  
5,03361  	774,85507  	1327,75450  	307,97634  	26,12073  	0,04984  	0,00693  	85706,53851  	0,05633  	0,10066  	0,54356  	0,54120  	30476058,83842  	168955,47791  	16,62475  	25295332,54600  	1,63510  	0,03119  	NaN  	NaN  	0,00385  	0,00426  	0,00394  	0,00526  	1327,62170  	0,00400  	0,00413  
6,03403  	305,60438  	305,58128  	777,22705  	26,12042  	0,04612  	0,00682  	85706,53851  	0,05645  	0,09895  	0,54519  	0,54283  	735371,16646  	150,88530  	16,66092  	25295332,54600  	198,97134  	0,18213  	-Inf  	-Inf  	0,00386  	0,00426  	0,00394  	0,00527  	1327,62170  	0,00399  	0,00413  
7,03442  	778,39070  	778,34777  	304,44071  	26,12057  	0,04495  	0,00678  	85706,53851  	0,05731  	0,09845  	0,54650  	0,54414  	1969156,38834  	73053,11543  	16,91443  	25295332,54600  	1,56553  	0,17753  	NaN  	NaN  	0,00386  	0,00427  	0,00395  	0,00527  	1327,62170  	0,00398  	0,00413  
8,03697  	1327,82048  	1327,75450  	-244,98909  	26,12001  	0,04573  	0,00679  	85706,53851  	0,05745  	0,09850  	0,54570  	0,54334  	3408712,76066  	8472800,22149  	16,95557  	25295332,54600  	0,14188  	0,18062  	NaN  	NaN  	0,00385  	0,00427  	0,00395  	0,00527  	1327,62170  	0,00399  	0,00413  
9,03815  	1327,82048  	300,81037  	-244,98909  	26,11994  	0,04664  	0,00685  	19416,07303  	0,05789  	0,09937  	0,54680  	0,54444  	541,10451  	2998628,79764  	17,08647  	5730438,21970  	0,14314  	296,88334  	NaN  	NaN  	0,00386  	0,00427  	0,00394  	0,00527  	300,76429  	0,00399  	0,00413  
10,03927  	1327,82048  	786,23064  	786,27394  	26,11938  	0,04675  	0,00676  	-15815,93170  	0,05647  	0,09807  	0,54602  	0,54366  	39983055,29200  	238,45562  	16,66545  	-4667896,50935  	0,14127  	0,03477  	NaN  	NaN  	0,00386  	0,00426  	0,00395  	0,00527  	-244,98909  	0,00399  	0,00413  
11,04030  	1327,82048  	1327,75450  	1327,82053  	26,11962  	0,04561  	0,00677  	50945,79666  	0,05760  	0,09828  	0,54284  	0,54048  	1130566276,84442  	354,82738  	16,99909  	15036085,81967  	0,14156  	0,00357  	-Inf  	-Inf  	0,00386  	0,00427  	0,00395  	0,00526  	789,16832  	0,00399  	0,00413  
12,04122  	1327,82048  	1327,75450  	1327,82053  	26,11963  	0,04666  	0,00680  	85706,53851  	0,05760  	0,09875  	0,54629  	0,54392  	1135950857,00994  	362,93293  	17,00066  	25295332,54600  	0,14224  	0,00366  	-Inf  	-Inf  	0,00385  	0,00427  	0,00395  	0,00527  	1327,62170  	0,00399  	0,00413  
13,04260  	287,77224  	1327,75450  	287,77226  	26,12020  	0,04284  	0,00680  	18573,00342  	0,05667  	0,09869  	0,54383  	0,54147  	9633740,09557  	258,29093  	16,72690  	5481615,59219  	281,02594  	0,02831  	-Inf  	-Inf  	0,00385  	0,00426  	0,00395  	0,00527  	287,70491  	0,00398  	0,00413  
14,04397  	797,26818  	1327,75450  	-244,98909  	26,12047  	0,04658  	0,00678  	51460,19296  	0,05800  	0,09837  	0,54721  	0,54485  	2016684,57338  	295780,23591  	17,11810  	15187904,17083  	1,39938  	0,18395  	NaN  	NaN  	0,00385  	0,00427  	0,00395  	0,00527  	797,13646  	0,00399  	0,00413  
15,04605  	281,58203  	1327,75450  	-244,98909  	26,12094  	0,04401  	0,00678  	85706,53851  	0,05749  	0,09837  	0,54491  	0,54255  	668045,30904  	381,48848  	16,96620  	25295332,54600  	317,50784  	0,17382  	NaN  	NaN  	0,00386  	0,00427  	0,00395  	0,00527  	1327,62170  	0,00398  	0,00413  
16,04672  	806,16622  	276,64329  	806,16625  	26,12078  	0,04158  	0,00673  	85706,53851  	0,05729  	0,09774  	0,54329  	0,54093  	2027377,34097  	95885,24790  	16,90839  	25295332,54600  	1,32063  	0,16420  	-Inf  	-Inf  	0,00385  	0,00427  	0,00395  	0,00526  	1327,62170  	0,00397  	0,00413  
17,04683  	272,26677  	810,52033  	1327,82053  	26,11973  	0,04821  	0,00678  	85706,53851  	0,05850  	0,09847  	0,54680  	0,54444  	54559659,62871  	128,76366  	17,26605  	25295332,54600  	385,29640  	0,00948  	-Inf  	-Inf  	0,00385  	0,00427  	0,00395  	0,00527  	1327,62170  	0,00399  	0,00413  
18,04769  	813,61459  	1327,75450  	269,21682  	26,11889  	0,04712  	0,00681  	85706,53851  	0,05723  	0,09890  	0,54483  	0,54247  	26960694,90755  	231196,51192  	16,89155  	25295332,54600  	1,28061  	0,03275  	NaN  	NaN  	0,00386  	0,00427  	0,00394  	0,00527  	1327,62170  	0,00399  	0,00413  
19,04782  	1327,82048  	267,21312  	-244,98909  	26,12017  	0,05035  	0,00677  	85706,53851  	0,05755  	0,09827  	0,54211  	0,53976  	535,44071  	3038145,90820  	16,98534  	25295332,54600  	0,14155  	210,76760  	NaN  	NaN  	0,00385  	0,00427  	0,00395  	0,00526  	1327,62170  	0,00400  	0,00413  
20,04774  	265,11982  	-244,98909  	817,71161  	26,12036  	0,04785  	0,00682  	85706,53851  	0,05732  	0,09896  	0,54338  	0,54102  	6793,39299  	251,85796  	16,91697  	25295332,54600  	449,86603  	4,16884  	NaN  	NaN  	0,00385  	0,00427  	0,00394  	0,00526  	1327,62170  	0,00399  	0,00413  
21,04925  	818,54474  	818,50012  	1327,82053  	26,11946  	0,04816  	0,00680  	17057,04415  	0,05736  	0,09871  	0,54470  	0,54234  	180284649,98167  	118453,24963  	16,92967  	5034197,05878  	1,24301  	0,00932  	-Inf  	-Inf  	0,00385  	0,00427  	0,00394  	0,00527  	264,22228  	0,00399  	0,00413  
22,04895  	263,23169  	1327,75450  	263,23171  	26,11958  	0,05012  	0,00679  	52901,65868  	0,05745  	0,09852  	0,54454  	0,54218  	7892534,74073  	261,67180  	16,95587  	15613336,76281  	466,11359  	0,03541  	-Inf  	-Inf  	0,00386  	0,00427  	0,00395  	0,00527  	819,46515  	0,00400  	0,00413  
23,05224  	-244,98909  	1327,75450  	821,24267  	26,11957  	0,05262  	0,00674  	16882,89906  	0,05822  	0,09789  	0,54249  	0,54014  	61650244,82446  	1214,67046  	17,18273  	4982800,06938  	16,57640  	0,01013  	-Inf  	-Inf  	0,00385  	0,00427  	0,00395  	0,00526  	261,52473  	0,00401  	0,00413  
24,05314  	-244,98909  	257,39768  	257,41877  	26,11926  	0,05047  	0,00676  	-15815,93170  	0,05787  	0,09810  	0,54552  	0,54316  	3396,13986  	0,04851  	17,07892  	-4667896,50935  	16,61243  	7,74838  	-Inf  	-Inf  	0,00385  	0,00427  	0,00395  	0,00527  	-244,98909  	0,00400  	0,00413  
25,05394  	-244,98909  	-244,98909  	-244,98909  	26,11862  	0,04872  	0,00677  	53575,32539  	0,05682  	0,09835  	0,54479  	0,54243  	42251,91417  	0,00000  	16,77101  	15812162,00832  	16,65415  	0,94277  	Inf  	-Inf  	0,00385  	0,00426  	0,00395  	0,00527  	829,90043  	0,00400  	0,00413  
26,05639  	833,01459  	832,96936  	833,01463  	26,11837  	0,04617  	0,00678  	16123,03743  	0,05771  	0,09837  	0,54587  	0,54351  	36130397,32313  	11,36463  	17,03385  	4758535,35147  	1,14242  	0,02668  	-Inf  	-Inf  	0,00385  	0,00427  	0,00395  	0,00527  	249,75427  	0,00399  	0,00413  
27,05578  	247,77014  	1327,75450  	1327,82053  	26,11783  	0,04713  	0,00680  	53899,67833  	0,05717  	0,09865  	0,54425  	0,54189  	193232811,09522  	0,01432  	16,87440  	15907891,17463  	647,45093  	0,00369  	-Inf  	-Inf  	0,00385  	0,00427  	0,00395  	0,00527  	834,92475  	0,00399  	0,00413  
28,05630  	838,43909  	244,37177  	1327,82053  	26,11823  	0,04783  	0,00681  	85706,53851  	0,05803  	0,09888  	0,54447  	0,54211  	25123455,06287  	294465,71372  	17,12809  	25295332,54600  	1,11454  	0,03560  	-Inf  	-Inf  	0,00386  	0,00427  	0,00395  	0,00527  	1327,62170  	0,00399  	0,00413  
29,05677  	241,87782  	840,90801  	1327,82053  	26,11907  	0,04866  	0,00682  	85706,53851  	0,05772  	0,09904  	0,54692  	0,54456  	52609238,25534  	107,09006  	17,03670  	25295332,54600  	735,17814  	0,00901  	-Inf  	-Inf  	0,00385  	0,00427  	0,00394  	0,00527  	1327,62170  	0,00400  	0,00413  
30,05799  	843,46805  	1327,75450  	239,36335  	26,11877  	0,04666  	0,00682  	15448,28225  	0,05744  	0,09902  	0,54557  	0,54321  	24790463,74261  	300457,43504  	16,95173  	4559388,85722  	1,08588  	0,03522  	NaN  	NaN  	0,00386  	0,00427  	0,00395  	0,00527  	239,30212  	0,00399  	0,00413  
31,05765  	236,94516  	236,92495  	-244,98909  	26,11896  	0,04332  	0,00683  	54598,41402  	0,05749  	0,09910  	0,54854  	0,54617  	88,29461  	93,18784  	16,96860  	16114115,24801  	813,85828  	117,44163  	NaN  	NaN  	0,00386  	0,00427  	0,00395  	0,00528  	845,74836  	0,00398  	0,00413  
32,06014  	-244,98909  	-244,98909  	-244,98909  	26,11883  	0,05173  	0,00681  	85706,53851  	0,05904  	0,09888  	0,54644  	0,54408  	42479,79140  	0,00000  	17,42506  	25295332,54600  	16,74399  	1,00093  	Inf  	-Inf  	0,00386  	0,00427  	0,00395  	0,00527  	1327,62170  	0,00401  	0,00413  
33,06098  	-244,98909  	849,17538  	-244,98909  	26,11802  	0,04470  	0,00677  	15076,91987  	0,05609  	0,09828  	0,54516  	0,54280  	11433,10441  	2228,97183  	16,55461  	4449785,37902  	16,64234  	2,95095  	-Inf  	-Inf  	0,00386  	0,00426  	0,00395  	0,00527  	233,54962  	0,00398  	0,00413  
34,06115  	852,33452  	1327,75450  	-244,98909  	26,11708  	0,04375  	0,00676  	-15815,93170  	0,05757  	0,09821  	0,54378  	0,54142  	2157092,62949  	436934,46265  	16,98980  	-4667896,50935  	1,02635  	0,17280  	NaN  	NaN  	0,00385  	0,00427  	0,00394  	0,00527  	-244,98909  	0,00398  	0,00413  
35,06098  	1327,82048  	226,99110  	-244,98909  	26,11701  	0,04586  	0,00682  	-15815,93170  	0,05751  	0,09907  	0,54798  	0,54562  	549,89493  	2549458,69136  	16,97362  	-4667896,50935  	0,14271  	107,16010  	NaN  	NaN  	0,00386  	0,00427  	0,00394  	0,00527  	-244,98909  	0,00399  	0,00413  
36,06098  	224,65185  	-244,98909  	-244,98909  	26,11700  	0,04627  	0,00679  	-15815,93170  	0,05754  	0,09851  	0,54363  	0,54127  	30991,56023  	0,00000  	16,98114  	-4667896,50935  	1027,08580  	0,89537  	Inf  	-Inf  	0,00385  	0,00427  	0,00394  	0,00526  	-244,98909  	0,00399  	0,00413  
37,06118  	-244,98909  	859,29777  	859,34413  	26,11628  	0,05204  	0,00685  	55467,09899  	0,05757  	0,09951  	0,54266  	0,54030  	15012112,05373  	0,10996  	16,98971  	16370497,96640  	16,85137  	0,02625  	-Inf  	-Inf  	0,00386  	0,00427  	0,00395  	0,00526  	859,20452  	0,00401  	0,00413  
38,06241  	860,47495  	1327,75450  	1327,82053  	26,11634  	0,04705  	0,00680  	85706,53851  	0,05749  	0,09872  	0,54504  	0,54268  	727884317,48793  	21,03429  	16,96744  	25295332,54600  	0,98763  	0,00369  	-Inf  	-Inf  	0,00386  	0,00427  	0,00394  	0,00527  	1327,62170  	0,00399  	0,00413  
39,06386  	219,94723  	1327,75450  	1327,82053  	26,11681  	0,05255  	0,00677  	85706,53851  	0,05694  	0,09834  	0,54533  	0,54297  	168447537,55660  	0,01503  	16,80582  	25295332,54600  	1115,17290  	0,00412  	-Inf  	-Inf  	0,00385  	0,00426  	0,00395  	0,00527  	1327,62170  	0,00401  	0,00413  
40,06477  	866,17349  	216,63853  	1327,82053  	26,11639  	0,04558  	0,00677  	13982,68050  	0,05729  	0,09830  	0,54586  	0,54350  	23010087,79440  	358517,38887  	16,90963  	4126832,78721  	0,95419  	0,03669  	-Inf  	-Inf  	0,00385  	0,00427  	0,00395  	0,00527  	216,59955  	0,00399  	0,00413  
41,06640  	215,19985  	867,58486  	215,19987  	26,11627  	0,04509  	0,00679  	56002,04103  	0,05752  	0,09850  	0,54525  	0,54288  	495207,19609  	126,73724  	16,97604  	16528380,16612  	1209,16100  	0,17807  	-Inf  	-Inf  	0,00386  	0,00427  	0,00394  	0,00527  	867,49092  	0,00398  	0,00413  
42,06684  	871,26925  	1327,75450  	-244,98909  	26,11632  	0,04727  	0,00678  	13653,75720  	0,05721  	0,09844  	0,54255  	0,54019  	2211750,41685  	547435,21535  	16,88542  	4029754,72772  	0,93015  	0,18670  	NaN  	NaN  	0,00386  	0,00427  	0,00395  	0,00526  	211,50444  	0,00399  	0,00413  
43,06691  	1327,82048  	207,91329  	874,89914  	26,11811  	0,04836  	0,00680  	-15815,93170  	0,05691  	0,09870  	0,54532  	0,54296  	3416705,12025  	3799787,74191  	16,79769  	-4667896,50935  	0,14217  	0,19097  	NaN  	NaN  	0,00385  	0,00426  	0,00394  	0,00527  	-244,98909  	0,00400  	0,00413  
44,06673  	1327,82048  	877,18641  	205,59791  	26,11997  	0,04302  	0,00679  	56621,83243  	0,05695  	0,09856  	0,54725  	0,54488  	3411238,52987  	3403106,43247  	16,80799  	16711304,70987  	0,14197  	0,16988  	NaN  	NaN  	0,00386  	0,00426  	0,00394  	0,00527  	877,09166  	0,00398  	0,00413  
45,06703  	203,71128  	1327,75450  	879,12015  	26,12132  	0,04455  	0,00686  	85706,53851  	0,05735  	0,09953  	0,54554  	0,54318  	48604305,12861  	85,28465  	16,92622  	25295332,54600  	1438,54217  	0,00766  	-Inf  	-Inf  	0,00386  	0,00427  	0,00395  	0,00527  	1327,62170  	0,00398  	0,00413  
46,06751  	880,82800  	1327,75450  	1327,82053  	26,12258  	0,04149  	0,00682  	85706,53851  	0,05790  	0,09898  	0,54708  	0,54472  	747603483,82037  	21,70872  	17,08737  	25295332,54600  	0,88966  	0,00325  	-Inf  	-Inf  	0,00386  	0,00427  	0,00395  	0,00527  	1327,62170  	0,00397  	0,00413  
47,06843  	1327,82048  	201,17260  	1327,82053  	26,12237  	0,04980  	0,00678  	12984,33662  	0,05747  	0,09842  	0,54599  	0,54363  	33437089,78972  	6609885,36906  	16,96150  	3832182,68413  	0,14177  	0,04190  	-Inf  	-Inf  	0,00386  	0,00427  	0,00395  	0,00527  	201,13493  	0,00400  	0,00413  
48,06924  	1327,82048  	-244,98909  	1327,82053  	26,12373  	0,04712  	0,00679  	-15815,93170  	0,05821  	0,09858  	0,54709  	0,54473  	3412688,61195  	8731043,10902  	17,17906  	-4667896,50935  	0,14199  	0,18606  	NaN  	NaN  	0,00385  	0,00427  	0,00394  	0,00527  	-244,98909  	0,00399  	0,00413  
49,06940  	196,88203  	-244,98909  	196,88204  	26,12447  	0,04590  	0,00678  	57184,42880  	0,05725  	0,09847  	0,54246  	0,54010  	76,63007  	86,19020  	16,89695  	16877348,77820  	1533,41394  	68,21605  	NaN  	NaN  	0,00386  	0,00427  	0,00395  	0,00526  	885,80643  	0,00399  	0,00413  
50,07087  	887,69788  	887,65036  	-244,98909  	26,12418  	0,04887  	0,00681  	85706,53851  	0,05763  	0,09886  	0,54207  	0,53971  	57789,24212  	462116,51761  	17,00890  	25295332,54600  	0,85760  	2,35367  	NaN  	NaN  	0,00385  	0,00427  	0,00395  	0,00526  	1327,62170  	0,00400  	0,00413  
51,07297  	1327,82048  	192,38999  	-244,98909  	26,12404  	0,04974  	0,00678  	85706,53851  	0,05770  	0,09849  	0,54235  	0,53999  	594,57404  	2562714,57728  	17,02997  	25295332,54600  	0,14187  	69,14149  	NaN  	NaN  	0,00385  	0,00427  	0,00395  	0,00526  	1327,62170  	0,00400  	0,00413  
52,07293  	1327,82048  	894,19754  	-244,98909  	26,12427  	0,04991  	0,00682  	85706,53851  	0,05747  	0,09903  	0,54354  	0,54118  	94240,31575  	6698003,55504  	16,96081  	25295332,54600  	0,14264  	2,28377  	NaN  	NaN  	0,00386  	0,00427  	0,00395  	0,00526  	1327,62170  	0,00400  	0,00413  
53,07370  	185,44421  	1327,75450  	897,38722  	26,12459  	0,04730  	0,00679  	11967,88456  	0,05691  	0,09859  	0,54112  	0,53876  	45508139,46749  	86,11011  	16,79590  	3532188,15023  	1669,09351  	0,00785  	-Inf  	-Inf  	0,00385  	0,00426  	0,00395  	0,00526  	185,38981  	0,00399  	0,00413  
54,07370  	-244,98909  	1327,75450  	182,81513  	26,12467  	0,04848  	0,00669  	58092,42661  	0,05758  	0,09708  	0,54316  	0,54080  	6347468,63676  	2529,33587  	16,99540  	17145334,24295  	16,43980  	0,04302  	-Inf  	-Inf  	0,00386  	0,00427  	0,00395  	0,00526  	899,87157  	0,00400  	0,00413  
55,07386  	901,44508  	1327,75450  	-244,98909  	26,12571  	0,05052  	0,00672  	85706,53851  	0,05728  	0,09751  	0,54429  	0,54193  	2269104,65862  	735424,62328  	16,90533  	25295332,54600  	0,78861  	0,19953  	NaN  	NaN  	0,00386  	0,00427  	0,00395  	0,00527  	1327,62170  	0,00400  	0,00413  
56,07416  	1327,82048  	1327,75450  	903,33173  	26,12621  	0,04680  	0,00674  	11584,17521  	0,05685  	0,09787  	0,54265  	0,54029  	375369892,46827  	2339909,94813  	16,77816  	3418940,60075  	0,14096  	0,00768  	NaN  	NaN  	0,00385  	0,00426  	0,00395  	0,00526  	179,44605  	0,00399  	0,00413  
57,07487  	177,86669  	1327,75450  	1327,82053  	26,12729  	0,04930  	0,00676  	58411,83958  	0,05799  	0,09815  	0,54434  	0,54198  	131620915,20056  	0,01374  	17,11542  	17239605,43050  	1707,03733  	0,00386  	-Inf  	-Inf  	0,00386  	0,00427  	0,00395  	0,00527  	904,81936  	0,00400  	0,00413  
58,07561  	906,66680  	176,14692  	176,16461  	26,12721  	0,04457  	0,00674  	11368,89908  	0,05712  	0,09789  	0,54334  	0,54098  	778,67699  	7,58274  	16,85932  	3355404,24210  	0,77108  	61,55471  	NaN  	NaN  	0,00385  	0,00426  	0,00394  	0,00526  	176,11136  	0,00398  	0,00413  
59,07618  	172,98010  	-244,98909  	909,85133  	26,12704  	0,04364  	0,00673  	58727,26178  	0,05725  	0,09777  	0,54351  	0,54115  	12503,41997  	212,51027  	16,89553  	17332698,78984  	1711,21806  	1,77085  	NaN  	NaN  	0,00385  	0,00427  	0,00394  	0,00526  	909,70534  	0,00398  	0,00413  
60,07684  	-244,98909  	911,45851  	1327,82053  	26,12785  	0,04973  	0,00675  	85706,53851  	0,05715  	0,09794  	0,54615  	0,54379  	80083016,53416  	943,39912  	16,86770  	25295332,54600  	16,58749  	0,00803  	-Inf  	-Inf  	0,00386  	0,00427  	0,00395  	0,00527  	1327,62170  	0,00400  	0,00413  
61,07745  	-244,98909  	1327,75450  	169,02391  	26,12942  	0,04615  	0,00677  	10907,97797  	0,05749  	0,09823  	0,54291  	0,54055  	6050416,36313  	2436,33313  	16,96683  	3219368,49863  	16,63603  	0,04263  	-Inf  	-Inf  	0,00385  	0,00427  	0,00394  	0,00526  	168,97157  	0,00399  	0,00413  
62,07925  	-244,98909  	166,45524  	916,35893  	26,12988  	0,04631  	0,00678  	59147,31742  	0,05672  	0,09847  	0,54597  	0,54361  	709927,73619  	1582,29094  	16,73950  	17456673,54373  	16,67613  	0,18285  	-Inf  	-Inf  	0,00386  	0,00426  	0,00394  	0,00527  	916,21211  	0,00399  	0,00413  
63,07903  	917,50868  	-244,98909  	1327,82053  	26,13104  	0,04416  	0,00676  	10669,07200  	0,05693  	0,09813  	0,54703  	0,54467  	2326277,15519  	723605,85141  	16,80351  	3148858,05659  	0,73225  	0,17436  	NaN  	NaN  	0,00385  	0,00426  	0,00394  	0,00527  	165,27085  	0,00398  	0,00413  
64,07926  	161,65814  	-244,98909  	1327,82053  	26,13145  	0,04285  	0,00681  	59458,07740  	0,05696  	0,09880  	0,54772  	0,54536  	356138,15058  	283,60829  	16,81133  	17548390,90062  	1706,22346  	0,16917  	NaN  	NaN  	0,00386  	0,00426  	0,00395  	0,00527  	921,02587  	0,00398  	0,00413  
65,07858  	922,82673  	922,77774  	1327,82053  	26,13239  	0,04873  	0,00681  	85706,53851  	0,05767  	0,09886  	0,54562  	0,54326  	276016039,58442  	213736,83156  	17,02166  	25295332,54600  	0,71858  	0,00770  	-Inf  	-Inf  	0,00386  	0,00427  	0,00395  	0,00527  	1327,62170  	0,00400  	0,00413  
66,07927  	1327,82048  	158,34303  	1327,82053  	26,13213  	0,04965  	0,00680  	85706,53851  	0,05709  	0,09876  	0,54457  	0,54221  	27881078,86441  	6839749,77936  	16,84855  	25295332,54600  	0,14225  	0,04733  	-Inf  	-Inf  	0,00385  	0,00426  	0,00395  	0,00527  	1327,62170  	0,00400  	0,00413  
67,07897  	1327,82048  	925,52713  	1327,82053  	26,13157  	0,04586  	0,00679  	85706,53851  	0,05714  	0,09853  	0,54487  	0,54251  	402434630,78805  	2173368,84063  	16,86478  	25295332,54600  	0,14192  	0,00721  	-Inf  	-Inf  	0,00386  	0,00427  	0,00395  	0,00527  	1327,62170  	0,00399  	0,00413  
68,08223  	1327,82048  	1327,75450  	155,60257  	26,13098  	0,04477  	0,00676  	10041,65067  	0,05748  	0,09820  	0,54447  	0,54211  	27384470,49787  	6182019,82891  	16,96559  	2963681,62270  	0,14145  	0,04304  	NaN  	NaN  	0,00386  	0,00427  	0,00395  	0,00527  	155,55192  	0,00398  	0,00413  
69,08377  	153,87542  	153,85868  	-244,98909  	26,13212  	0,04087  	0,00680  	59960,44006  	0,05726  	0,09870  	0,54442  	0,54206  	76,45351  	68,53113  	16,89998  	17696657,65756  	1658,51476  	32,55597  	NaN  	NaN  	0,00386  	0,00427  	0,00395  	0,00527  	928,80760  	0,00397  	0,00413  
70,08393  	931,87718  	931,82781  	931,87722  	26,13114  	0,04376  	0,00685  	85706,53851  	0,05781  	0,09940  	0,54346  	0,54110  	84327161,54097  	24,99309  	17,06185  	25295332,54600  	0,69122  	0,01554  	-Inf  	-Inf  	0,00386  	0,00427  	0,00395  	0,00526  	1327,62170  	0,00398  	0,00413  
71,08677  	144,67519  	1327,75450  	1327,82053  	26,13268  	0,04697  	0,00686  	9336,30597  	0,05796  	0,09963  	0,54830  	0,54594  	104374514,39774  	0,01303  	17,10633  	2755506,96987  	1599,52178  	0,00368  	-Inf  	-Inf  	0,00386  	0,00427  	0,00394  	0,00528  	144,62594  	0,00399  	0,00413  
72,08924  	-244,98909  	142,46661  	142,48288  	26,13239  	0,04491  	0,00681  	60695,81217  	0,05730  	0,09881  	0,54492  	0,54256  	128,65240  	0,03329  	16,91279  	17913694,56351  	16,73458  	233,23805  	-Inf  	-Inf  	0,00386  	0,00427  	0,00395  	0,00527  	940,19872  	0,00398  	0,00413  
73,08924  	-244,98909  	944,07419  	944,12412  	26,13268  	0,04898  	0,00678  	8951,08850  	0,05766  	0,09845  	0,54338  	0,54102  	27179518,53913  	0,11141  	17,01690  	2641814,31515  	16,67339  	0,01644  	-Inf  	-Inf  	0,00386  	0,00427  	0,00395  	0,00526  	138,65882  	0,00400  	0,00413  
74,08926  	-244,98909  	1327,75450  	1327,82053  	26,13359  	0,04680  	0,00675  	61156,41203  	0,05753  	0,09795  	0,54296  	0,54060  	234689354,95653  	0,14081  	16,97918  	18049635,49590  	16,58943  	0,00367  	-Inf  	-Inf  	0,00386  	0,00427  	0,00395  	0,00526  	947,33354  	0,00399  	0,00413  
75,08924  	951,67966  	1327,75450  	131,15174  	26,13442  	0,04437  	0,00677  	85706,53851  	0,05773  	0,09835  	0,54831  	0,54595  	17494794,40127  	706092,54266  	17,03969  	25295332,54600  	0,62171  	0,04590  	NaN  	NaN  	0,00386  	0,00427  	0,00394  	0,00528  	1327,62170  	0,00398  	0,00413  
76,08948  	1327,82048  	1327,75450  	953,17728  	26,13557  	0,04783  	0,00680  	85706,53851  	0,05764  	0,09869  	0,54544  	0,54308  	435382021,38400  	2110550,74639  	17,01193  	25295332,54600  	0,14215  	0,00714  	NaN  	NaN  	0,00386  	0,00427  	0,00395  	0,00527  	1327,62170  	0,00399  	0,00413  
77,09114  	1327,82048  	127,93273  	1327,82053  	26,13599  	0,04826  	0,00679  	85706,53851  	0,05674  	0,09862  	0,54674  	0,54437  	24326657,38771  	6821721,55969  	16,74690  	25295332,54600  	0,14205  	0,05040  	-Inf  	-Inf  	0,00386  	0,00426  	0,00395  	0,00527  	1327,62170  	0,00399  	0,00413  
78,09095  	124,95433  	957,82660  	1327,82053  	26,13554  	0,04716  	0,00677  	85706,53851  	0,05812  	0,09822  	0,54330  	0,54094  	33327855,76562  	73,12164  	17,15439  	25295332,54600  	1391,58536  	0,00698  	-Inf  	-Inf  	0,00386  	0,00427  	0,00395  	0,00526  	1327,62170  	0,00399  	0,00413  
79,09115  	960,02404  	1327,75450  	122,80736  	26,13564  	0,04474  	0,00676  	7924,76997  	0,05731  	0,09807  	0,54417  	0,54181  	16955123,26638  	759787,02859  	16,91543  	2338907,80466  	0,59595  	0,04747  	NaN  	NaN  	0,00386  	0,00427  	0,00394  	0,00527  	122,76086  	0,00398  	0,00413  
80,09103  	1327,82048  	1327,75450  	-244,98909  	26,13462  	0,04857  	0,00679  	62022,02465  	0,05794  	0,09859  	0,54683  	0,54447  	3411830,95325  	8998746,86349  	17,10023  	18305111,44185  	0,14201  	0,19182  	NaN  	NaN  	0,00386  	0,00427  	0,00395  	0,00527  	960,74211  	0,00400  	0,00413  
81,09114  	1327,82048  	1327,75450  	961,89001  	26,13441  	0,04377  	0,00677  	7804,32721  	0,05744  	0,09832  	0,54354  	0,54118  	444308961,65703  	1886564,06736  	16,95285  	2303360,46056  	0,14161  	0,00643  	NaN  	NaN  	0,00386  	0,00427  	0,00394  	0,00526  	120,89517  	0,00398  	0,00413  
82,09088  	118,95905  	118,94378  	118,95906  	26,13481  	0,04625  	0,00680  	62214,23890  	0,05698  	0,09868  	0,54548  	0,54312  	39,33358  	0,00296  	16,81779  	18361841,34259  	1340,94889  	598,65931  	-Inf  	-Inf  	0,00385  	0,00426  	0,00394  	0,00527  	963,71956  	0,00399  	0,00413  
83,09317  	-244,98909  	964,93470  	-244,98909  	26,13444  	0,04648  	0,00672  	85706,53851  	0,05749  	0,09754  	0,54661  	0,54425  	41065,49540  	2562,22994  	16,96845  	25295332,54600  	16,52071  	1,26949  	-Inf  	-Inf  	0,00386  	0,00427  	0,00395  	0,00527  	1327,62170  	0,00399  	0,00413  
84,09368  	-244,98909  	116,62255  	966,19371  	26,13478  	0,04748  	0,00679  	7526,52999  	0,05722  	0,09864  	0,54540  	0,54304  	711197,18591  	1837,76766  	16,88861  	2221371,69735  	16,70628  	0,18748  	-Inf  	-Inf  	0,00386  	0,00427  	0,00394  	0,00527  	116,59202  	0,00399  	0,00413  
85,09379  	-244,98909  	-244,98909  	1327,82053  	26,13382  	0,04735  	0,00679  	-15815,93170  	0,05832  	0,09857  	0,54441  	0,54205  	710750,81285  	3393,20413  	17,21246  	-4667896,50935  	16,69411  	0,18696  	NaN  	NaN  	0,00386  	0,00427  	0,00395  	0,00527  	-244,98909  	0,00399  	0,00413  
86,09569  	973,96981  	973,91867  	108,86159  	26,13533  	0,04539  	0,00682  	62866,01479  	0,05784  	0,09897  	0,54776  	0,54540  	2494019,84571  	609086,64898  	17,07067  	18554205,75292  	0,56347  	0,17926  	NaN  	NaN  	0,00386  	0,00427  	0,00395  	0,00527  	973,81575  	0,00399  	0,00413  
87,09785  	1327,82048  	1327,75450  	-244,98909  	26,13550  	0,04226  	0,00672  	6960,76621  	0,05768  	0,09758  	0,54431  	0,54195  	3376816,52567  	7830019,57150  	17,02458  	2054392,80367  	0,14055  	0,16690  	NaN  	NaN  	0,00385  	0,00427  	0,00395  	0,00527  	107,82818  	0,00398  	0,00413  
88,09744  	1327,82048  	103,74151  	979,07529  	26,13576  	0,04534  	0,00680  	-15815,93170  	0,05749  	0,09871  	0,54453  	0,54217  	3416913,28030  	4675147,27558  	16,96650  	-4667896,50935  	0,14217  	0,17902  	NaN  	NaN  	0,00386  	0,00427  	0,00394  	0,00527  	-244,98909  	0,00399  	0,00413  
89,09820  	1327,82048  	-244,98909  	100,61430  	26,13574  	0,04599  	0,00682  	63398,36487  	0,05793  	0,09903  	0,54390  	0,54154  	1624,63372  	1872421,49895  	17,09610  	18711322,96532  	0,14264  	18,15371  	Inf  	-Inf  	0,00386  	0,00427  	0,00394  	0,00527  	982,06200  	0,00399  	0,00413  
90,09879  	1327,82048  	984,96495  	985,01660  	26,13448  	0,04817  	0,00677  	6311,54131  	0,05690  	0,09831  	0,54319  	0,54083  	170887801,42368  	293,04410  	16,79409  	1862781,28916  	0,14161  	0,01347  	NaN  	NaN  	0,00386  	0,00426  	0,00395  	0,00526  	97,77151  	0,00399  	0,00413  
91,09979  	1327,82048  	96,15981  	1327,82053  	26,13574  	0,04698  	0,00681  	63684,97110  	0,05765  	0,09892  	0,54692  	0,54456  	21120636,18823  	6816579,62728  	17,01406  	18795911,60936  	0,14248  	0,05409  	-Inf  	-Inf  	0,00386  	0,00427  	0,00395  	0,00527  	986,50161  	0,00399  	0,00413  
92,10106  	1327,82048  	-244,98909  	1327,82053  	26,13668  	0,04931  	0,00684  	85706,53851  	0,05792  	0,09935  	0,54634  	0,54398  	3439625,87125  	9136813,51068  	17,09370  	25295332,54600  	0,14310  	0,19470  	NaN  	NaN  	0,00386  	0,00427  	0,00395  	0,00527  	1327,62170  	0,00400  	0,00413  
93,10253  	1327,82048  	990,53617  	92,24340  	26,13582  	0,04745  	0,00677  	5951,91278  	0,05762  	0,09822  	0,54513  	0,54277  	3399346,26908  	5021556,16497  	17,00577  	1756640,92436  	0,14147  	0,18739  	NaN  	NaN  	0,00385  	0,00427  	0,00395  	0,00527  	92,20077  	0,00399  	0,00413  
94,10260  	88,36108  	88,34710  	-244,98909  	26,13456  	0,04498  	0,00678  	64189,29103  	0,05681  	0,09845  	0,54282  	0,54046  	94,90104  	62,69833  	16,76552  	18944756,03227  	1069,25412  	15,28321  	NaN  	NaN  	0,00386  	0,00426  	0,00395  	0,00526  	994,31366  	0,00398  	0,00413  
95,10465  	997,48018  	997,42806  	997,48022  	26,13454  	0,04963  	0,00679  	5507,03316  	0,05844  	0,09854  	0,54587  	0,54351  	138490986,04073  	47,04291  	17,24852  	1625339,64916  	0,50387  	0,01314  	-Inf  	-Inf  	0,00386  	0,00427  	0,00395  	0,00527  	85,30946  	0,00400  	0,00413  
96,10453  	1327,82048  	1327,75450  	1327,82053  	26,13510  	0,04803  	0,00680  	64558,55839  	0,05741  	0,09874  	0,54510  	0,54274  	1135900396,90444  	373,63671  	16,94471  	19053741,19295  	0,14223  	0,00376  	-Inf  	-Inf  	0,00386  	0,00427  	0,00395  	0,00527  	1000,03371  	0,00399  	0,00413  
97,10661  	1327,82048  	1327,75450  	79,37932  	26,13724  	0,04726  	0,00681  	85706,53851  	0,05742  	0,09891  	0,54422  	0,54186  	19534184,06544  	6950976,04784  	16,94693  	25295332,54600  	0,14246  	0,05737  	NaN  	NaN  	0,00385  	0,00427  	0,00395  	0,00527  	1327,62170  	0,00399  	0,00413  
98,10824  	1327,82048  	1327,75450  	-244,98909  	26,13688  	0,04637  	0,00677  	85706,53851  	0,05712  	0,09833  	0,54363  	0,54127  	3402811,20967  	8590665,82728  	16,85836  	25295332,54600  	0,14163  	0,18312  	NaN  	NaN  	0,00386  	0,00426  	0,00396  	0,00526  	1327,62170  	0,00399  	0,00413  
99,10868  	1327,82048  	73,58505  	-244,98909  	26,13841  	0,04532  	0,00673  	85706,53851  	0,05772  	0,09772  	0,54472  	0,54236  	2543,94017  	1700967,83030  	17,03455  	25295332,54600  	0,14075  	12,93331  	NaN  	NaN  	0,00385  	0,00427  	0,00395  	0,00527  	1327,62170  	0,00399  	0,00413  
100,11080  	1327,82048  	1011,25908  	1011,31183  	26,13798  	0,04485  	0,00674  	4614,22401  	0,05776  	0,09789  	0,54584  	0,54348  	201290882,26959  	278,69529  	17,04591  	1361836,94799  	0,14100  	0,01120  	NaN  	NaN  	0,00385  	0,00427  	0,00394  	0,00527  	71,47960  	0,00398  	0,00413  
101,11052  	1327,82048  	67,11300  	67,12610  	26,13814  	0,04666  	0,00681  	-15815,93170  	0,05808  	0,09887  	0,54414  	0,54179  	538,67807  	72,03702  	17,14201  	-4667896,50935  	0,14241  	586,70180  	NaN  	NaN  	0,00386  	0,00427  	0,00395  	0,00527  	-244,98909  	0,00399  	0,00413  
102,11292  	1327,82048  	1020,37893  	1020,43205  	26,13544  	0,04526  	0,00679  	65865,07954  	0,05753  	0,09854  	0,54435  	0,54199  	214559423,76221  	283,27569  	16,97930  	19439346,39135  	0,14194  	0,01087  	NaN  	NaN  	0,00386  	0,00427  	0,00395  	0,00527  	1020,27208  	0,00398  	0,00413  
103,11328  	1327,82048  	1327,75450  	60,90479  	26,13502  	0,04758  	0,00675  	85706,53851  	0,05777  	0,09803  	0,54360  	0,54124  	17752929,00003  	7100580,78175  	17,05001  	25295332,54600  	0,14120  	0,06124  	NaN  	NaN  	0,00385  	0,00427  	0,00395  	0,00526  	1327,62170  	0,00399  	0,00413  
104,11244  	57,37758  	1327,75450  	1025,45385  	26,13457  	0,04513  	0,00685  	85706,53851  	0,05717  	0,09940  	0,54511  	0,54275  	12819635,83689  	57,05945  	16,87182  	25295332,54600  	836,42665  	0,00590  	-Inf  	-Inf  	0,00386  	0,00427  	0,00395  	0,00527  	1327,62170  	0,00398  	0,00413  
105,11458  	-244,98909  	55,33064  	1327,82053  	26,13560  	0,04753  	0,00680  	85706,53851  	0,05741  	0,09870  	0,54392  	0,54156  	3627025,71520  	2755,70429  	16,94264  	25295332,54600  	16,71664  	0,06227  	-Inf  	-Inf  	0,00386  	0,00427  	0,00395  	0,00527  	1327,62170  	0,00399  	0,00413  
106,11472  	-244,98909  	1028,15438  	1327,82053  	26,13714  	0,04324  	0,00677  	85706,53851  	0,05681  	0,09826  	0,54666  	0,54430  	110787140,21623  	590,26913  	16,76727  	25295332,54600  	16,64209  	0,00563  	-Inf  	-Inf  	0,00386  	0,00426  	0,00394  	0,00527  	1327,62170  	0,00398  	0,00413  
107,11724  	1031,85831  	1327,75450  	1327,82053  	26,13706  	0,04539  	0,00681  	3287,97700  	0,05770  	0,09883  	0,54131  	0,53895  	878405394,78521  	68,14760  	17,03003  	970409,87702  	0,43404  	0,00356  	-Inf  	-Inf  	0,00386  	0,00427  	0,00395  	0,00526  	50,93567  	0,00399  	0,00413  
108,11830  	1327,82048  	48,22896  	48,24127  	26,13479  	0,05100  	0,00677  	-15815,93170  	0,05797  	0,09825  	0,54378  	0,54142  	534,75035  	73,97425  	17,10886  	-4667896,50935  	0,14151  	480,16824  	NaN  	NaN  	0,00386  	0,00427  	0,00395  	0,00527  	-244,98909  	0,00400  	0,00413  
109,11745  	1327,82048  	1036,35466  	1036,40846  	26,13403  	0,05003  	0,00683  	66896,33212  	0,05802  	0,09920  	0,54219  	0,53984  	238441258,24576  	317,06396  	17,12439  	19743709,13307  	0,14288  	0,01124  	NaN  	NaN  	0,00386  	0,00427  	0,00395  	0,00526  	1036,24647  	0,00400  	0,00413  
110,11938  	1327,82048  	1327,75450  	1327,82053  	26,13423  	0,04754  	0,00675  	2666,67628  	0,05725  	0,09796  	0,54727  	0,54491  	1126886859,09803  	369,81846  	16,89647  	787039,87543  	0,14110  	0,00373  	-Inf  	-Inf  	0,00386  	0,00427  	0,00395  	0,00527  	41,31156  	0,00399  	0,00413  
111,11924  	1327,82048  	1327,75450  	39,34466  	26,13416  	0,04894  	0,00677  	67353,22708  	0,05688  	0,09834  	0,54436  	0,54200  	16068891,91237  	7428315,91000  	16,78663  	19878556,60266  	0,14164  	0,06753  	NaN  	NaN  	0,00386  	0,00426  	0,00394  	0,00527  	1043,32389  	0,00400  	0,00413  
112,11923  	38,80729  	1327,75450  	-244,98909  	26,13413  	0,04808  	0,00681  	2502,69366  	0,05774  	0,09883  	0,54502  	0,54265  	33296,35395  	316,32724  	17,04184  	738642,22639  	694,22005  	0,18991  	NaN  	NaN  	0,00386  	0,00427  	0,00395  	0,00527  	38,77142  	0,00399  	0,00413  
113,11859  	1047,69230  	35,12734  	-244,98909  	26,13504  	0,04545  	0,00678  	-15815,93170  	0,05769  	0,09840  	0,54515  	0,54279  	3928,48215  	320022,90108  	17,02767  	-4667896,50935  	0,40366  	8,46013  	NaN  	NaN  	0,00386  	0,00427  	0,00395  	0,00527  	-244,98909  	0,00399  	0,00413  
114,12194  	34,48877  	1048,28837  	1048,34267  	26,13550  	0,04752  	0,00677  	-15815,93170  	0,05739  	0,09825  	0,54529  	0,54293  	1630043,68626  	0,01079  	16,93782  	-4667896,50935  	659,30376  	0,01017  	-Inf  	-Inf  	0,00386  	0,00427  	0,00395  	0,00527  	-244,98909  	0,00399  	0,00413  
115,12409  	1050,43235  	32,38740  	32,39905  	26,13672  	0,04722  	0,00677  	-15815,93170  	0,05696  	0,09821  	0,54214  	0,53978  	420,79666  	14,06426  	16,81100  	-4667896,50935  	0,39822  	331,16046  	NaN  	NaN  	0,00385  	0,00426  	0,00395  	0,00526  	-244,98909  	0,00399  	0,00413  
116,12623  	1327,82048  	1052,55575  	-244,98909  	26,13606  	0,04757  	0,00676  	-15815,93170  	0,05732  	0,09815  	0,54306  	0,54070  	449988,49109  	7271142,63769  	16,91733  	-4667896,50935  	0,14137  	0,74275  	NaN  	NaN  	0,00385  	0,00427  	0,00395  	0,00526  	-244,98909  	0,00399  	0,00413  
117,12821  	25,47008  	1327,75450  	-244,98909  	26,13613  	0,04720  	0,00677  	68248,80996  	0,05748  	0,09826  	0,54530  	0,54294  	1739,96212  	310,53840  	16,96552  	20142877,93912  	596,27880  	0,18642  	NaN  	NaN  	0,00386  	0,00427  	0,00395  	0,00527  	1057,19672  	0,00399  	0,00413  
118,12847  	1061,56114  	21,25908  	-244,98909  	26,13500  	0,04501  	0,00681  	85706,53851  	0,05783  	0,09892  	0,54438  	0,54202  	5066,51795  	328490,11146  	17,06887  	25295332,54600  	0,38262  	7,24807  	Inf  	-Inf  	0,00386  	0,00427  	0,00394  	0,00527  	1327,62170  	0,00398  	0,00413  
119,12913  	1327,82048  	1068,40741  	-244,98909  	26,13489  	0,04910  	0,00683  	925,23118  	0,05854  	0,09914  	0,54610  	0,54374  	521202,60800  	7596431,34138  	17,27774  	273071,70386  	0,14279  	0,69830  	NaN  	NaN  	0,00386  	0,00427  	0,00395  	0,00527  	14,33610  	0,00400  	0,00413  
120,13106  	1327,82048  	1327,75450  	1070,61176  	26,13598  	0,04924  	0,00680  	-15815,93170  	0,05787  	0,09868  	0,54331  	0,54095  	597864188,59078  	1491533,36606  	17,07851  	-4667896,50935  	0,14214  	0,00594  	NaN  	NaN  	0,00386  	0,00427  	0,00394  	0,00526  	-244,98909  	0,00400  	0,00413  
121,13232  	9,72199  	9,71131  	1327,82053  	26,13565  	0,04702  	0,00682  	69265,32475  	0,05780  	0,09907  	0,54585  	0,54349  	176775,13843  	259,25885  	17,05923  	20442890,98379  	496,52254  	0,07150  	NaN  	NaN  	0,00386  	0,00427  	0,00395  	0,00527  	1072,94281  	0,00399  	0,00413  
122,13432  	1077,90837  	-244,98909  	4,92303  	26,13529  	0,04801  	0,00687  	315,51544  	0,05759  	0,09967  	0,54632  	0,54396  	6798,73899  	363658,29810  	16,99826  	93120,87507  	0,36010  	6,55560  	Inf  	-Inf  	0,00386  	0,00427  	0,00394  	0,00527  	4,89143  	0,00399  	0,00413  
123,13564  	4,20931  	1078,56655  	1078,62212  	26,13457  	0,04552  	0,00684  	69621,16011  	0,05772  	0,09930  	0,54396  	0,54160  	5181304,47070  	0,01058  	17,03469  	20547911,83853  	463,38601  	0,00862  	-Inf  	-Inf  	0,00386  	0,00427  	0,00394  	0,00527  	1078,45480  	0,00399  	0,00413  
124,13693  	1081,74531  	1,07576  	1327,82053  	26,13431  	0,05005  	0,00679  	85706,53851  	0,05780  	0,09851  	0,54640  	0,54404  	10832582,85842  	2060260,96482  	17,05816  	25295332,54600  	0,35035  	0,07835  	NaN  	NaN  	0,00386  	0,00427  	0,00394  	0,00527  	1327,62170  	0,00400  	0,00413  
125,13908  	1327,82048  	1086,54193  	1327,82053  	26,13549  	0,04355  	0,00677  	85706,53851  	0,05749  	0,09826  	0,54737  	0,54500  	620768849,40001  	1237945,68501  	16,96844  	25295332,54600  	0,14152  	0,00511  	-Inf  	-Inf  	0,00386  	0,00427  	0,00395  	0,00527  	1327,62170  	0,00398  	0,00413  
126,13982  	-8,98909  	1327,75450  	1327,82053  	26,13490  	0,04685  	0,00677  	85706,53851  	0,05729  	0,09832  	0,54450  	0,54214  	30518604,63825  	0,01296  	16,90778  	25295332,54600  	383,70791  	0,00367  	-Inf  	-Inf  	0,00386  	0,00427  	0,00395  	0,00527  	1327,62170  	0,00399  	0,00413  
127,14076  	1094,64871  	1327,75450  	-11,81731  	26,13624  	0,04552  	0,00678  	-765,04801  	0,05742  	0,09841  	0,54247  	0,54011  	10267497,08356  	2045017,19027  	16,94735  	-225795,41862  	0,33196  	0,07444  	NaN  	NaN  	0,00386  	0,00427  	0,00394  	0,00526  	-11,84679  	0,00399  	0,00413  
128,14415  	1327,82048  	1327,75450  	-244,98909  	26,13609  	0,04617  	0,00682  	-15815,93170  	0,05715  	0,09895  	0,54456  	0,54220  	3424108,78399  	8555281,75229  	16,86846  	-4667896,50935  	0,14252  	0,18236  	NaN  	NaN  	0,00386  	0,00427  	0,00395  	0,00527  	-244,98909  	0,00399  	0,00413  
129,14522  	-16,89562  	1327,75450  	1099,72706  	26,13535  	0,04732  	0,00676  	70983,45137  	0,05745  	0,09819  	0,54442  	0,54206  	21221717,02371  	45,25080  	16,95620  	20949976,96586  	342,74395  	0,00542  	-Inf  	-Inf  	0,00386  	0,00427  	0,00395  	0,00527  	1099,55706  	0,00399  	0,00413  
130,14556  	1104,92731  	1327,75450  	1327,82053  	26,13442  	0,04519  	0,00679  	-1428,51576  	0,05779  	0,09854  	0,54511  	0,54275  	939437600,04656  	106,41274  	17,05608  	-421610,55539  	0,31887  	0,00354  	-Inf  	-Inf  	0,00386  	0,00427  	0,00394  	0,00527  	-22,12409  	0,00398  	0,00413  
131,14575  	1327,82048  	-26,32558  	-26,31640  	26,13497  	0,04652  	0,00678  	-15815,93170  	0,05813  	0,09839  	0,54533  	0,54297  	594,06949  	50,31868  	17,15701  	-4667896,50935  	0,14172  	64,62959  	Inf  	-Inf  	0,00386  	0,00427  	0,00395  	0,00527  	-244,98909  	0,00399  	0,00413  
132,14753  	1327,82048  	1112,23270  	1112,28969  	26,13413  	0,04938  	0,00685  	71794,35022  	0,05809  	0,09938  	0,54543  	0,54307  	374125342,27795  	331,51489  	17,14566  	21189304,75296  	0,14314  	0,00820  	NaN  	NaN  	0,00386  	0,00427  	0,00395  	0,00527  	1112,11810  	0,00400  	0,00413  
133,14841  	1327,82048  	-32,43918  	1327,82053  	26,13343  	0,04883  	0,00678  	-2095,58187  	0,05747  	0,09846  	0,54365  	0,54129  	11278985,02400  	7824623,86573  	16,96087  	-618487,70458  	0,14182  	0,08568  	NaN  	NaN  	0,00386  	0,00427  	0,00395  	0,00526  	-32,45712  	0,00400  	0,00413  
