11/18/2024 15:36:18Time	T_hot_in(C)	T_cold_in(C)	T_cold_out(C)	T_hot_out(C)	mdot_cold(kg/s)	ASFASIFUAS(kg/s)	Diferencial_cold(bar)	Diferencial_hot(bar)	mdot_hot(kg/s)	ABS_cold(bar)	ABS_hot(bar)	q_cold(kW)	q_hot(kW)	ASFASYFY	Tau_cold_haste	Re_hot	Re_cold	U_global	PSIG_cold(bar)	R_fouling	PSIG_hot(bar)	PSID_hot(bar)	m_dot_hot	PSID_cold(bar)	m_dot_cold
2,01452  	0,00000  	0,00000  	0,00000  	0,00000  	-1,18512  	-0,20833  	-0,25900  	-0,86180  	-3,02442  	-1,72343  	-1,72415  	-0,00000  	-0,00000  	-254,35069  	-76,44127  	-9234,48090  	-3618,55272  	NaN  	NaN  	0,00000  	0,00000  	0,00000  	0,00000  	0,00000  	0,00000  	0,00000  
3,01465  	1327,82048  	-244,98909  	-244,98909  	26,15258  	0,05064  	0,00772  	-15815,93170  	0,07264  	0,11204  	0,68076  	0,67830  	231104,43513  	0,00000  	21,43948  	-4667896,50935  	0,16136  	0,97983  	Inf  	-Inf  	0,00386  	0,00434  	0,00395  	0,00558  	-244,98909  	0,00400  	0,00415  
4,01553  	1327,82048  	884,32092  	884,36834  	26,15269  	0,04431  	0,00836  	57082,37360  	0,08871  	0,12133  	0,82723  	0,82467  	105720594,18846  	247,54100  	26,18120  	16847228,31843  	0,17475  	0,01974  	NaN  	NaN  	0,00386  	0,00441  	0,00395  	0,00592  	884,22557  	0,00398  	0,00416  
5,01749  	1327,82048  	1327,75450  	306,97331  	26,15274  	0,04473  	0,00867  	85706,53851  	0,08918  	0,12591  	0,82878  	0,82621  	66004937,93223  	5379115,91580  	26,32170  	25295332,54600  	0,18134  	0,02807  	NaN  	NaN  	0,00386  	0,00441  	0,00394  	0,00593  	1327,62170  	0,00398  	0,00417  
6,01815  	1327,82048  	1327,75450  	-244,98909  	26,15253  	0,04559  	0,00861  	85706,53851  	0,08945  	0,12498  	0,82696  	0,82439  	4324876,26607  	8447436,02593  	26,40079  	25295332,54600  	0,18000  	0,18005  	NaN  	NaN  	0,00386  	0,00441  	0,00395  	0,00592  	1327,62170  	0,00399  	0,00417  
7,01939  	1327,82048  	1327,75450  	-244,98909  	26,15355  	0,04641  	0,00854  	85706,53851  	0,08923  	0,12392  	0,82474  	0,82218  	4288205,01328  	8599197,24342  	26,33513  	25295332,54600  	0,17848  	0,18328  	NaN  	NaN  	0,00386  	0,00441  	0,00395  	0,00592  	1327,62170  	0,00399  	0,00416  
8,01918  	1327,82048  	1327,75450  	-244,98909  	26,15302  	0,04759  	0,00850  	19256,20515  	0,08842  	0,12333  	0,82597  	0,82341  	4267739,38611  	8818157,80266  	26,09727  	5683254,99158  	0,17762  	0,18795  	NaN  	NaN  	0,00386  	0,00441  	0,00395  	0,00592  	298,28789  	0,00399  	0,00416  
9,02117  	1327,82048  	295,79854  	787,01020  	26,15283  	0,04813  	0,00858  	-15815,93170  	0,08942  	0,12458  	0,82721  	0,82465  	4312427,31975  	2785571,33774  	26,39193  	-4667896,50935  	0,17944  	0,19006  	NaN  	NaN  	0,00386  	0,00441  	0,00395  	0,00592  	-244,98909  	0,00399  	0,00416  
10,02270  	291,83813  	-244,98909  	291,83815  	26,15295  	0,04848  	0,00854  	-15815,93170  	0,08832  	0,12403  	0,82434  	0,82178  	137,84679  	156,55855  	26,06648  	-4667896,50935  	325,47563  	278,26569  	NaN  	NaN  	0,00386  	0,00441  	0,00395  	0,00592  	-244,98909  	0,00400  	0,00416  
11,02261  	794,85644  	-244,98909  	-244,98909  	26,15195  	0,04747  	0,00857  	-15815,93170  	0,08904  	0,12438  	0,82360  	0,82103  	151519,14085  	0,00000  	26,27952  	-4667896,50935  	1,79418  	0,91848  	Inf  	-Inf  	0,00386  	0,00441  	0,00395  	0,00591  	-244,98909  	0,00399  	0,00416  
12,02279  	1327,82048  	796,89847  	796,94221  	26,15221  	0,04629  	0,00858  	51439,15010  	0,08811  	0,12456  	0,82601  	0,82345  	55418353,15102  	238,58270  	26,00495  	15181693,60715  	0,17940  	0,03245  	NaN  	NaN  	0,00386  	0,00441  	0,00395  	0,00592  	796,81050  	0,00399  	0,00416  
13,02264  	1327,82048  	284,81358  	1327,82053  	26,15195  	0,04529  	0,00847  	85706,53851  	0,08800  	0,12303  	0,82418  	0,82161  	59058391,41892  	5565339,81631  	25,97261  	25295332,54600  	0,17720  	0,03016  	-Inf  	-Inf  	0,00386  	0,00441  	0,00395  	0,00592  	1327,62170  	0,00399  	0,00416  
14,02461  	283,47744  	-244,98909  	283,47746  	26,15163  	0,04691  	0,00849  	85706,53851  	0,08842  	0,12332  	0,82344  	0,82088  	132,74938  	138,71800  	26,09698  	25295332,54600  	382,74569  	243,07401  	NaN  	NaN  	0,00386  	0,00441  	0,00395  	0,00591  	1327,62170  	0,00399  	0,00416  
15,02500  	800,30210  	800,25825  	800,30213  	26,15153  	0,04722  	0,00851  	85706,53851  	0,08715  	0,12356  	0,82289  	0,82033  	33598910,71626  	8,58849  	25,72058  	25295332,54600  	1,72670  	0,03250  	-Inf  	-Inf  	0,00386  	0,00440  	0,00395  	0,00591  	1327,62170  	0,00399  	0,00416  
16,02554  	1327,82048  	1327,75450  	279,90903  	26,15231  	0,04823  	0,00853  	85706,53851  	0,08878  	0,12384  	0,82367  	0,82111  	58272191,74881  	5954600,68968  	26,20310  	25295332,54600  	0,17837  	0,03256  	NaN  	NaN  	0,00386  	0,00441  	0,00395  	0,00592  	1327,62170  	0,00399  	0,00416  
17,02723  	1327,82048  	1327,75450  	806,16939  	26,15263  	0,04861  	0,00852  	85706,53851  	0,08796  	0,12370  	0,82416  	0,82160  	357704375,83006  	2987267,16217  	25,96117  	25295332,54600  	0,17816  	0,00965  	NaN  	NaN  	0,00386  	0,00441  	0,00395  	0,00592  	1327,62170  	0,00400  	0,00416  
18,02909  	1327,82048  	273,29428  	273,31604  	26,15258  	0,05049  	0,00850  	17639,87635  	0,08877  	0,12345  	0,82537  	0,82281  	32414,69842  	129,45172  	26,19868  	5206213,50470  	0,17780  	5,62459  	NaN  	NaN  	0,00386  	0,00441  	0,00394  	0,00592  	273,25051  	0,00400  	0,00416  
19,02943  	1327,82048  	813,76343  	-244,98909  	26,15173  	0,04572  	0,00854  	-15815,93170  	0,08877  	0,12391  	0,82474  	0,82218  	43970,27365  	5702888,59571  	26,20030  	-4667896,50935  	0,17846  	4,13033  	NaN  	NaN  	0,00386  	0,00441  	0,00395  	0,00592  	-244,98909  	0,00399  	0,00416  
20,02967  	265,65520  	265,63378  	-244,98909  	26,15089  	0,04721  	0,00859  	-15815,93170  	0,08897  	0,12475  	0,82557  	0,82301  	125,08026  	119,77915  	26,25785  	-4667896,50935  	560,37685  	193,39922  	NaN  	NaN  	0,00386  	0,00441  	0,00395  	0,00592  	-244,98909  	0,00399  	0,00416  
21,02928  	-244,98909  	-244,98909  	819,26618  	26,15069  	0,04717  	0,00858  	52880,12828  	0,08909  	0,12451  	0,82740  	0,82483  	9897,56920  	2286,37873  	26,29376  	15606982,30388  	21,09241  	4,05179  	NaN  	NaN  	0,00386  	0,00441  	0,00395  	0,00592  	819,13164  	0,00399  	0,00416  
22,03046  	821,17314  	821,12841  	261,65827  	26,15133  	0,04860  	0,00850  	85706,53851  	0,08946  	0,12335  	0,82568  	0,82311  	2607467,22176  	134234,71222  	26,40227  	25295332,54600  	1,53016  	0,19193  	NaN  	NaN  	0,00386  	0,00442  	0,00394  	0,00592  	1327,62170  	0,00400  	0,00416  
23,03053  	1327,82048  	260,50195  	-244,98909  	26,15313  	0,04754  	0,00854  	85706,53851  	0,08942  	0,12395  	0,82773  	0,82517  	675,87400  	2831247,37441  	26,39060  	25295332,54600  	0,17852  	181,34999  	NaN  	NaN  	0,00386  	0,00441  	0,00395  	0,00592  	1327,62170  	0,00399  	0,00416  
24,03080  	1327,82048  	-244,98909  	-244,98909  	26,15330  	0,04845  	0,00857  	85706,53851  	0,08829  	0,12441  	0,82706  	0,82450  	256630,07728  	0,00000  	26,05644  	25295332,54600  	0,17919  	0,93757  	Inf  	-Inf  	0,00386  	0,00441  	0,00395  	0,00592  	1327,62170  	0,00400  	0,00416  
25,03296  	1327,82048  	826,06283  	826,10780  	26,15187  	0,04883  	0,00848  	16568,86268  	0,08745  	0,12317  	0,82340  	0,82084  	69157247,32700  	258,73867  	25,81073  	4890115,72084  	0,17739  	0,02926  	NaN  	NaN  	0,00385  	0,00441  	0,00395  	0,00591  	256,66022  	0,00400  	0,00416  
26,03254  	1327,82048  	255,38649  	1327,82053  	26,15099  	0,04853  	0,00854  	53406,69927  	0,08839  	0,12391  	0,82467  	0,82211  	52788403,19673  	6131399,25367  	26,08801  	15762393,88309  	0,17847  	0,03503  	-Inf  	-Inf  	0,00386  	0,00441  	0,00395  	0,00592  	827,28837  	0,00400  	0,00416  
27,03494  	1327,82048  	830,63555  	252,15073  	26,15084  	0,04673  	0,00859  	16273,68825  	0,08814  	0,12470  	0,82426  	0,82169  	4315682,18461  	3184974,02784  	26,01307  	4802998,26899  	0,17960  	0,18455  	NaN  	NaN  	0,00386  	0,00441  	0,00395  	0,00592  	252,08789  	0,00399  	0,00416  
28,03550  	248,73062  	248,70991  	-244,98909  	26,15171  	0,04847  	0,00858  	53837,68087  	0,08915  	0,12460  	0,82795  	0,82539  	116,50564  	110,45216  	26,31029  	15889593,31150  	800,85898  	156,24647  	NaN  	NaN  	0,00386  	0,00441  	0,00395  	0,00593  	833,96439  	0,00400  	0,00416  
29,03559  	-244,98909  	837,98146  	838,02693  	26,15276  	0,04302  	0,00850  	85706,53851  	0,08829  	0,12336  	0,82346  	0,82090  	15827667,07667  	0,08910  	26,05811  	25295332,54600  	20,89757  	0,02422  	-Inf  	-Inf  	0,00386  	0,00441  	0,00394  	0,00591  	1327,62170  	0,00398  	0,00416  
30,03550  	-244,98909  	242,87597  	1327,82053  	26,15338  	0,04721  	0,00853  	15676,33856  	0,08901  	0,12380  	0,82700  	0,82444  	10434949,46459  	2332,68558  	26,26956  	4626697,14362  	20,97223  	0,03529  	-Inf  	-Inf  	0,00386  	0,00441  	0,00395  	0,00592  	242,83478  	0,00399  	0,00416  
31,03717  	841,38777  	841,34220  	241,44363  	26,15222  	0,04476  	0,00851  	54308,04562  	0,08838  	0,12353  	0,82260  	0,82004  	2677732,60342  	156304,01542  	26,08567  	16028416,24280  	1,36988  	0,17678  	NaN  	NaN  	0,00386  	0,00441  	0,00395  	0,00591  	841,25047  	0,00398  	0,00416  
32,03840  	239,94479  	239,92445  	842,88663  	26,15261  	0,04826  	0,00852  	15485,81432  	0,08768  	0,12373  	0,82331  	0,82075  	703467,42933  	130,85759  	25,87833  	4570466,03053  	955,14425  	0,19057  	-Inf  	-Inf  	0,00386  	0,00441  	0,00395  	0,00591  	239,88351  	0,00399  	0,00416  
33,03868  	845,06142  	845,01569  	237,76999  	26,15349  	0,04309  	0,00853  	-15815,93170  	0,08830  	0,12381  	0,82378  	0,82122  	2695867,63551  	156856,86467  	26,06037  	-4667896,50935  	1,34572  	0,17017  	NaN  	NaN  	0,00386  	0,00441  	0,00395  	0,00592  	-244,98909  	0,00398  	0,00416  
34,03960  	1327,82048  	233,43951  	-244,98909  	26,15368  	0,04723  	0,00853  	54823,40307  	0,08843  	0,12377  	0,82463  	0,82207  	682,64397  	2662192,52096  	26,09921  	16180518,26736  	0,17826  	121,55596  	NaN  	NaN  	0,00386  	0,00441  	0,00395  	0,00592  	849,23350  	0,00399  	0,00416  
35,03926  	1327,82048  	-244,98909  	850,82089  	26,15280  	0,04701  	0,00854  	85706,53851  	0,08814  	0,12395  	0,82597  	0,82341  	70650,73974  	6069133,44294  	26,01244  	25295332,54600  	0,17851  	3,06020  	Inf  	-Inf  	0,00386  	0,00441  	0,00395  	0,00592  	1327,62170  	0,00399  	0,00416  
36,03936  	1327,82048  	853,04104  	229,74430  	26,15330  	0,04383  	0,00857  	14827,38681  	0,08921  	0,12436  	0,82549  	0,82293  	4303931,32948  	3218441,23353  	26,32982  	4376138,46921  	0,17911  	0,17308  	NaN  	NaN  	0,00386  	0,00441  	0,00395  	0,00592  	229,68428  	0,00398  	0,00416  
37,04088  	1327,82048  	1327,75450  	-244,98909  	26,15500  	0,04733  	0,00853  	55211,19575  	0,08935  	0,12387  	0,82408  	0,82152  	4286552,00414  	8769902,18286  	26,37037  	16294970,96664  	0,17841  	0,18692  	NaN  	NaN  	0,00386  	0,00441  	0,00394  	0,00592  	855,24051  	0,00399  	0,00416  
38,04260  	1327,82048  	1327,75450  	855,88326  	26,15568  	0,04539  	0,00851  	85706,53851  	0,08850  	0,12357  	0,82737  	0,82480  	413586869,23011  	2523198,43856  	26,11850  	25295332,54600  	0,17798  	0,00816  	NaN  	NaN  	0,00386  	0,00441  	0,00395  	0,00592  	1327,62170  	0,00399  	0,00416  
39,04263  	1327,82048  	1327,75450  	1327,82053  	26,15551  	0,04637  	0,00848  	85706,53851  	0,08937  	0,12312  	0,82628  	0,82372  	1416246217,06154  	360,74312  	26,37528  	25295332,54600  	0,17732  	0,00363  	-Inf  	-Inf  	0,00386  	0,00441  	0,00395  	0,00592  	1327,62170  	0,00399  	0,00416  
40,04390  	1327,82048  	220,70641  	1327,82053  	26,15686  	0,04743  	0,00856  	14245,26727  	0,08939  	0,12427  	0,82674  	0,82418  	45850117,24850  	6187069,44827  	26,38312  	4204332,35380  	0,17898  	0,03774  	-Inf  	-Inf  	0,00386  	0,00441  	0,00395  	0,00592  	220,66709  	0,00399  	0,00416  
41,04312  	1327,82048  	-244,98909  	1327,82053  	26,15691  	0,04860  	0,00855  	55815,95314  	0,08802  	0,12413  	0,82268  	0,82012  	4297243,45297  	9005833,62373  	25,97927  	16473458,39079  	0,17878  	0,19189  	NaN  	NaN  	0,00386  	0,00441  	0,00394  	0,00591  	864,60837  	0,00400  	0,00416  
42,04574  	215,60596  	867,17877  	1327,82053  	26,15835  	0,04385  	0,00855  	13914,77971  	0,08728  	0,12414  	0,82548  	0,82291  	62492078,09562  	87,06992  	25,76106  	4106792,62272  	1512,89717  	0,00771  	-Inf  	-Inf  	0,00386  	0,00440  	0,00394  	0,00592  	215,54775  	0,00398  	0,00416  
43,04650  	870,18444  	212,62775  	212,64696  	26,15960  	0,04764  	0,00856  	56166,82695  	0,08827  	0,12420  	0,82654  	0,82397  	3143,11251  	6,68579  	26,05047  	16577014,89920  	1,17999  	21,28205  	NaN  	NaN  	0,00386  	0,00441  	0,00394  	0,00592  	870,04350  	0,00399  	0,00416  
44,04910  	209,58741  	873,19707  	873,24402  	26,15994  	0,04841  	0,00856  	13526,29123  	0,08974  	0,12426  	0,82798  	0,82541  	14063414,52266  	0,00974  	26,48650  	3992134,56294  	1660,06626  	0,02278  	-Inf  	-Inf  	0,00386  	0,00442  	0,00395  	0,00593  	209,52996  	0,00400  	0,00416  
45,04992  	877,18933  	1327,75450  	205,64208  	26,16077  	0,04582  	0,00856  	56618,98161  	0,08850  	0,12420  	0,82158  	0,81902  	28105758,36089  	396382,71483  	26,11851  	16710463,32215  	1,13747  	0,03806  	NaN  	NaN  	0,00386  	0,00441  	0,00395  	0,00591  	877,04750  	0,00399  	0,00416  
46,04937  	202,27765  	202,25889  	880,55378  	26,16267  	0,04831  	0,00857  	13054,45745  	0,08826  	0,12447  	0,82864  	0,82608  	582952,73409  	139,69312  	26,04837  	3852878,06736  	1829,23217  	0,19076  	-Inf  	-Inf  	0,00386  	0,00441  	0,00394  	0,00593  	202,22112  	0,00399  	0,00416  
47,04994  	884,11070  	-244,98909  	1327,82053  	26,16352  	0,04900  	0,00857  	-15815,93170  	0,08869  	0,12445  	0,82441  	0,82185  	2839713,47528  	626363,95853  	26,17640  	-4667896,50935  	1,09954  	0,19347  	NaN  	NaN  	0,00386  	0,00441  	0,00394  	0,00592  	-244,98909  	0,00400  	0,00416  
48,04951  	1327,82048  	884,78131  	1327,82053  	26,16407  	0,04673  	0,00852  	-15815,93170  	0,08878  	0,12367  	0,82170  	0,81914  	449974529,76202  	2439498,87587  	26,20153  	-4667896,50935  	0,17811  	0,00794  	-Inf  	-Inf  	0,00386  	0,00441  	0,00395  	0,00591  	-244,98909  	0,00399  	0,00416  
49,04927  	196,97040  	1327,75450  	196,97041  	26,16526  	0,04608  	0,00851  	-15815,93170  	0,08879  	0,12358  	0,82474  	0,82217  	5409583,16947  	221,44702  	26,20627  	-4667896,50935  	1922,12423  	0,03924  	-Inf  	-Inf  	0,00386  	0,00441  	0,00395  	0,00592  	-244,98909  	0,00399  	0,00416  
50,05180  	-244,98909  	1327,75450  	887,11928  	26,16532  	0,04912  	0,00854  	57259,94236  	0,08884  	0,12395  	0,82283  	0,82027  	94561487,84392  	985,60510  	26,22033  	16899635,76469  	20,99997  	0,00831  	-Inf  	-Inf  	0,00386  	0,00441  	0,00394  	0,00591  	886,97616  	0,00400  	0,00416  
51,05253  	-244,98909  	1327,75450  	194,54182  	26,16530  	0,04951  	0,00863  	85706,53851  	0,08802  	0,12522  	0,82672  	0,82415  	8612200,17711  	2554,85432  	25,97788  	25295332,54600  	21,21589  	0,04246  	-Inf  	-Inf  	0,00386  	0,00441  	0,00395  	0,00592  	1327,62170  	0,00400  	0,00417  
52,05464  	890,19642  	1327,75450  	890,19646  	26,16694  	0,04755  	0,00859  	12432,03706  	0,08809  	0,12463  	0,82725  	0,82468  	305648987,45585  	177088,90922  	25,99831  	3669177,60306  	1,06714  	0,00800  	-Inf  	-Inf  	0,00386  	0,00441  	0,00395  	0,00592  	192,57966  	0,00399  	0,00416  
53,05406  	187,89428  	1327,75450  	1327,82053  	26,16881  	0,04892  	0,00854  	-15815,93170  	0,08827  	0,12405  	0,82492  	0,82236  	177294067,03070  	0,01368  	26,05215  	-4667896,50935  	2071,42913  	0,00383  	-Inf  	-Inf  	0,00386  	0,00441  	0,00395  	0,00592  	-244,98909  	0,00400  	0,00416  
54,05535  	899,64406  	1327,75450  	1327,82053  	26,16963  	0,04440  	0,00855  	58068,40051  	0,08902  	0,12418  	0,82508  	0,82252  	958591899,66159  	26,78756  	26,27310  	17138243,20493  	1,01329  	0,00348  	-Inf  	-Inf  	0,00386  	0,00441  	0,00394  	0,00592  	899,49939  	0,00398  	0,00416  
55,05534  	180,73144  	180,71358  	1327,82053  	26,16976  	0,04726  	0,00854  	11663,68219  	0,08909  	0,12394  	0,82121  	0,81865  	4579558,61310  	229,04243  	26,29302  	3442406,20140  	2138,73230  	0,04219  	-Inf  	-Inf  	0,00386  	0,00441  	0,00395  	0,00591  	180,67763  	0,00399  	0,00416  
56,05536  	904,65007  	-244,98909  	178,18133  	26,16895  	0,04668  	0,00862  	58391,53102  	0,08850  	0,12521  	0,82812  	0,82556  	548,40511  	187304,00905  	26,11932  	17233611,58592  	0,99615  	52,63700  	Inf  	-Inf  	0,00386  	0,00441  	0,00395  	0,00593  	904,50477  	0,00399  	0,00417  
57,05557  	177,15300  	-244,98909  	-244,98909  	26,16993  	0,04948  	0,00859  	85706,53851  	0,08845  	0,12476  	0,82359  	0,82103  	29851,00574  	0,00000  	26,10553  	25295332,54600  	2172,80309  	0,95749  	Inf  	-Inf  	0,00386  	0,00441  	0,00395  	0,00591  	1327,62170  	0,00400  	0,00417  
58,05534  	906,93664  	-244,98909  	906,93668  	26,17085  	0,04786  	0,00859  	85706,53851  	0,08872  	0,12471  	0,82461  	0,82205  	92623,54156  	531604,51144  	26,18555  	25295332,54600  	0,98083  	1,98539  	NaN  	NaN  	0,00386  	0,00441  	0,00395  	0,00592  	1327,62170  	0,00399  	0,00416  
59,05560  	1327,82048  	-244,98909  	174,63652  	26,17102  	0,04860  	0,00850  	85706,53851  	0,08866  	0,12333  	0,82726  	0,82470  	818,68029  	2402835,46973  	26,16705  	25295332,54600  	0,17761  	52,04286  	Inf  	-Inf  	0,00386  	0,00441  	0,00394  	0,00592  	1327,62170  	0,00400  	0,00416  
60,05679  	173,37826  	909,40470  	-244,98909  	26,17172  	0,04714  	0,00854  	11189,04537  	0,08855  	0,12391  	0,82577  	0,82321  	15806,34134  	229,51165  	26,13448  	3302322,41938  	2168,17974  	1,91956  	NaN  	NaN  	0,00386  	0,00441  	0,00394  	0,00592  	173,32538  	0,00399  	0,00416  
61,05733  	911,29452  	1327,75450  	911,29456  	26,17278  	0,04695  	0,00856  	58820,41997  	0,08895  	0,12432  	0,82819  	0,82563  	331649503,56738  	194721,69071  	26,25369  	17360193,39533  	0,95668  	0,00759  	-Inf  	-Inf  	0,00386  	0,00441  	0,00395  	0,00593  	911,14838  	0,00399  	0,00416  
62,05829  	1327,82048  	1327,75450  	168,82537  	26,17284  	0,04903  	0,00848  	85706,53851  	0,08874  	0,12316  	0,82644  	0,82388  	36390629,38319  	6695522,47059  	26,19063  	25295332,54600  	0,17738  	0,04532  	NaN  	NaN  	0,00386  	0,00441  	0,00395  	0,00592  	1327,62170  	0,00400  	0,00416  
63,06062  	1327,82048  	1327,75450  	915,70737  	26,17427  	0,04816  	0,00851  	85706,53851  	0,08939  	0,12360  	0,82844  	0,82587  	490967510,33878  	2338370,71494  	26,38124  	25295332,54600  	0,17800  	0,00772  	NaN  	NaN  	0,00386  	0,00441  	0,00394  	0,00593  	1327,62170  	0,00399  	0,00416  
64,06109  	1327,82048  	163,13190  	1327,82053  	26,17457  	0,04524  	0,00856  	85706,53851  	0,08832  	0,12427  	0,82564  	0,82308  	35825863,04562  	6208139,99844  	26,06592  	25295332,54600  	0,17897  	0,04252  	-Inf  	-Inf  	0,00386  	0,00441  	0,00395  	0,00592  	1327,62170  	0,00398  	0,00416  
65,06282  	1327,82048  	-244,98909  	1327,82053  	26,17391  	0,04676  	0,00857  	85706,53851  	0,08831  	0,12436  	0,82487  	0,82231  	4305180,82896  	8665980,64039  	26,06478  	25295332,54600  	0,17910  	0,18463  	NaN  	NaN  	0,00386  	0,00441  	0,00396  	0,00592  	1327,62170  	0,00399  	0,00416  
66,06272  	155,59665  	927,18557  	1327,82053  	26,17382  	0,04774  	0,00851  	85706,53851  	0,08944  	0,12357  	0,82422  	0,82166  	50417992,16916  	80,42309  	26,39628  	25295332,54600  	2091,47162  	0,00748  	-Inf  	-Inf  	0,00386  	0,00441  	0,00395  	0,00592  	1327,62170  	0,00399  	0,00416  
67,06554  	-244,98909  	1327,75450  	1327,82053  	26,17516  	0,04658  	0,00855  	85706,53851  	0,08876  	0,12406  	0,82566  	0,82310  	297285359,50813  	0,14006  	26,19695  	25295332,54600  	21,02000  	0,00365  	-Inf  	-Inf  	0,00386  	0,00441  	0,00395  	0,00592  	1327,62170  	0,00399  	0,00416  
68,06678  	930,53205  	1327,75450  	152,29935  	26,17595  	0,04548  	0,00851  	85706,53851  	0,08855  	0,12356  	0,82580  	0,82324  	23592493,20542  	612129,74410  	26,13522  	25295332,54600  	0,86466  	0,04415  	NaN  	NaN  	0,00386  	0,00441  	0,00395  	0,00592  	1327,62170  	0,00399  	0,00416  
69,06707  	1327,82048  	1327,75450  	-244,98909  	26,17654  	0,04425  	0,00851  	85706,53851  	0,08820  	0,12356  	0,82589  	0,82333  	4275834,06643  	8200100,57343  	26,03061  	25295332,54600  	0,17795  	0,17476  	NaN  	NaN  	0,00386  	0,00441  	0,00395  	0,00592  	1327,62170  	0,00398  	0,00416  
70,06826  	1327,82048  	1327,75450  	-244,98909  	26,17634  	0,04849  	0,00854  	85706,53851  	0,08751  	0,12402  	0,82416  	0,82160  	4291702,00653  	8985070,03901  	25,82624  	25295332,54600  	0,17861  	0,19149  	NaN  	NaN  	0,00386  	0,00441  	0,00395  	0,00592  	1327,62170  	0,00400  	0,00416  
71,07051  	1327,82048  	1327,75450  	941,92439  	26,17563  	0,04558  	0,00856  	9093,07797  	0,08901  	0,12423  	0,82762  	0,82506  	531137586,98491  	2072027,79127  	26,26948  	2683720,92921  	0,17891  	0,00695  	NaN  	NaN  	0,00386  	0,00441  	0,00395  	0,00592  	140,85827  	0,00399  	0,00416  
72,07021  	137,92580  	137,90974  	137,92582  	26,17579  	0,04703  	0,00853  	-15815,93170  	0,08823  	0,12388  	0,82668  	0,82412  	64,11019  	0,00317  	26,04028  	-4667896,50935  	1911,90011  	296,28899  	-Inf  	-Inf  	0,00386  	0,00441  	0,00395  	0,00592  	-244,98909  	0,00399  	0,00416  
73,07007  	948,36093  	948,31087  	948,36097  	26,17675  	0,04566  	0,00857  	-15815,93170  	0,08904  	0,12448  	0,82876  	0,82619  	120292948,18156  	29,72953  	26,27818  	-4667896,50935  	0,79929  	0,01503  	-Inf  	-Inf  	0,00386  	0,00441  	0,00395  	0,00593  	-244,98909  	0,00399  	0,00416  
74,07254  	1327,82048  	131,67639  	1327,82053  	26,17689  	0,04805  	0,00855  	61392,33346  	0,08781  	0,12415  	0,82567  	0,82310  	31141798,97092  	6772950,68830  	25,91549  	18119265,08316  	0,17880  	0,04962  	-Inf  	-Inf  	0,00386  	0,00441  	0,00395  	0,00592  	950,98802  	0,00399  	0,00416  
75,07415  	1327,82048  	952,31930  	130,46187  	26,17614  	0,05205  	0,00859  	8418,85693  	0,08991  	0,12463  	0,82752  	0,82496  	4313170,65236  	5040180,11094  	26,53683  	2484732,08057  	0,17949  	0,20554  	NaN  	NaN  	0,00386  	0,00442  	0,00395  	0,00592  	130,41441  	0,00401  	0,00416  
76,07535  	1327,82048  	126,78453  	956,03130  	26,17723  	0,04569  	0,00858  	61708,10899  	0,08820  	0,12459  	0,82544  	0,82288  	4312738,26110  	4464758,92292  	26,03259  	18212462,72143  	0,17943  	0,18043  	NaN  	NaN  	0,00386  	0,00441  	0,00395  	0,00592  	955,87947  	0,00399  	0,00416  
77,07779  	1327,82048  	961,02171  	1327,82053  	26,17873  	0,04983  	0,00855  	85706,53851  	0,08996  	0,12417  	0,82749  	0,82492  	559885446,62768  	2153510,89896  	26,55201  	25295332,54600  	0,17882  	0,00733  	-Inf  	-Inf  	0,00386  	0,00442  	0,00395  	0,00592  	1327,62170  	0,00400  	0,00416  
78,07991  	118,54804  	118,53279  	1327,82053  	26,17773  	0,04450  	0,00852  	7649,83838  	0,08927  	0,12367  	0,82403  	0,82147  	2075006,51831  	225,40561  	26,34616  	2257764,79922  	1676,10743  	0,04782  	-Inf  	-Inf  	0,00386  	0,00441  	0,00395  	0,00592  	118,50210  	0,00398  	0,00416  
79,08091  	-244,98909  	-244,98909  	1327,82053  	26,17781  	0,04752  	0,00854  	-15815,93170  	0,08882  	0,12395  	0,82657  	0,82400  	893944,28280  	3402,32165  	26,21454  	-4667896,50935  	21,00315  	0,18761  	NaN  	NaN  	0,00386  	0,00441  	0,00395  	0,00592  	-244,98909  	0,00399  	0,00416  
80,08090  	973,66336  	-244,98909  	109,16804  	26,17894  	0,04480  	0,00857  	62846,23403  	0,08970  	0,12434  	0,82731  	0,82474  	1292,75928  	245683,82095  	26,47492  	18548367,68179  	0,70880  	19,68420  	Inf  	-Inf  	0,00386  	0,00442  	0,00394  	0,00592  	973,50934  	0,00398  	0,00416  
81,08180  	106,76148  	976,01868  	976,06995  	26,17738  	0,04500  	0,00854  	6889,03363  	0,08799  	0,12401  	0,82395  	0,82139  	12589561,85617  	0,00966  	25,96973  	2033221,73108  	1544,62864  	0,01308  	-Inf  	-Inf  	0,00386  	0,00441  	0,00395  	0,00592  	106,71702  	0,00398  	0,00416  
82,08235  	977,50433  	105,31237  	1327,82053  	26,17759  	0,04489  	0,00857  	63094,16250  	0,08846  	0,12439  	0,82552  	0,82296  	20241124,77106  	872290,07806  	26,10789  	18621541,01649  	0,69659  	0,05024  	-Inf  	-Inf  	0,00386  	0,00441  	0,00395  	0,00592  	977,34982  	0,00398  	0,00416  
83,08362  	102,74092  	980,03908  	102,74093  	26,17805  	0,04555  	0,00856  	85706,53851  	0,08998  	0,12431  	0,82506  	0,82249  	253054,09657  	167,21208  	26,55592  	25295332,54600  	1503,60011  	0,17989  	-Inf  	-Inf  	0,00386  	0,00442  	0,00395  	0,00592  	1327,62170  	0,00399  	0,00416  
84,08371  	981,20531  	101,61155  	-244,98909  	26,17812  	0,04507  	0,00851  	85706,53851  	0,08919  	0,12353  	0,82838  	0,82582  	1462,70848  	254619,35793  	26,32435  	25295332,54600  	0,68012  	18,01413  	NaN  	NaN  	0,00386  	0,00441  	0,00395  	0,00593  	1327,62170  	0,00398  	0,00416  
85,08488  	1327,82048  	-244,98909  	-244,98909  	26,17812  	0,04763  	0,00860  	6374,99385  	0,08925  	0,12479  	0,82577  	0,82321  	257410,45046  	0,00000  	26,34103  	1881508,60285  	0,17972  	0,92169  	Inf  	-Inf  	0,00386  	0,00441  	0,00395  	0,00592  	98,75441  	0,00399  	0,00417  
86,08535  	1327,82048  	986,60560  	-244,98909  	26,17898  	0,05026  	0,00860  	-15815,93170  	0,08926  	0,12481  	0,82575  	0,82319  	312200,29209  	7293688,55574  	26,34386  	-4667896,50935  	0,17974  	1,18659  	NaN  	NaN  	0,00386  	0,00441  	0,00395  	0,00592  	-244,98909  	0,00400  	0,00417  
87,08743  	1327,82048  	1327,75450  	988,95041  	26,17835  	0,04729  	0,00857  	63832,98712  	0,08884  	0,12441  	0,82637  	0,82380  	605588670,89864  	1888053,24053  	26,21870  	18839596,89290  	0,17917  	0,00661  	NaN  	NaN  	0,00386  	0,00441  	0,00394  	0,00592  	988,79442  	0,00399  	0,00416  
88,08870  	1327,82048  	90,03136  	90,04542  	26,17936  	0,04312  	0,00858  	85706,53851  	0,08813  	0,12459  	0,82796  	0,82540  	681,74654  	71,46647  	26,01130  	25295332,54600  	0,17942  	724,71824  	NaN  	NaN  	0,00386  	0,00441  	0,00394  	0,00593  	1327,62170  	0,00398  	0,00416  
89,08853  	86,29414  	996,48516  	-244,98909  	26,17907  	0,04780  	0,00860  	85706,53851  	0,08880  	0,12478  	0,82532  	0,82276  	15847,26407  	248,14230  	26,20888  	25295332,54600  	1334,38132  	1,05772  	NaN  	NaN  	0,00386  	0,00441  	0,00395  	0,00592  	1327,62170  	0,00399  	0,00417  
90,08863  	998,78872  	1327,75450  	-244,98909  	26,17978  	0,05024  	0,00853  	85706,53851  	0,08921  	0,12378  	0,82399  	0,82143  	3200528,95182  	1448667,67840  	26,32964  	25295332,54600  	0,62908  	0,19841  	NaN  	NaN  	0,00386  	0,00441  	0,00395  	0,00592  	1327,62170  	0,00400  	0,00416  
91,08968  	1327,82048  	1327,75450  	-244,98909  	26,17938  	0,05021  	0,00856  	85706,53851  	0,08928  	0,12422  	0,82497  	0,82241  	4298423,03322  	9305016,73799  	26,34925  	25295332,54600  	0,17889  	0,19830  	NaN  	NaN  	0,00386  	0,00441  	0,00395  	0,00592  	1327,62170  	0,00400  	0,00416  
92,09021  	1327,82048  	80,87207  	1001,94569  	26,17972  	0,04811  	0,00856  	85706,53851  	0,08848  	0,12430  	0,82757  	0,82500  	4302851,61146  	5221032,71867  	26,11349  	25295332,54600  	0,17901  	0,18995  	NaN  	NaN  	0,00386  	0,00441  	0,00395  	0,00592  	1327,62170  	0,00399  	0,00416  
93,09039  	1327,82048  	-244,98909  	78,38057  	26,17935  	0,04673  	0,00860  	85706,53851  	0,08910  	0,12487  	0,82726  	0,82470  	2990,21712  	1780433,48567  	26,29639  	25295332,54600  	0,17983  	14,10283  	Inf  	-Inf  	0,00386  	0,00441  	0,00395  	0,00592  	1327,62170  	0,00399  	0,00417  
94,09077  	76,60776  	1006,17114  	-244,98909  	26,17910  	0,04755  	0,00862  	85706,53851  	0,08882  	0,12515  	0,82896  	0,82639  	14610,81589  	248,74121  	26,21568  	25295332,54600  	1240,53853  	0,98849  	NaN  	NaN  	0,00386  	0,00441  	0,00395  	0,00593  	1327,62170  	0,00399  	0,00417  
95,09007  	-244,98909  	73,39789  	1009,42018  	26,17982  	0,04966  	0,00862  	85706,53851  	0,08868  	0,12515  	0,82498  	0,82242  	902513,22790  	2116,32271  	26,17281  	25295332,54600  	21,20653  	0,19610  	-Inf  	-Inf  	0,00386  	0,00441  	0,00395  	0,00592  	1327,62170  	0,00400  	0,00417  
96,09036  	-244,98909  	1010,37484  	72,40389  	26,17938  	0,04887  	0,00849  	4671,30279  	0,08907  	0,12330  	0,82505  	0,82248  	888978,14741  	2087,00811  	26,28750  	1378683,11402  	20,89355  	0,19301  	-Inf  	-Inf  	0,00386  	0,00441  	0,00394  	0,00592  	72,36377  	0,00400  	0,00416  
97,09058  	-244,98909  	1327,75450  	-244,98909  	26,17758  	0,04682  	0,00855  	-15815,93170  	0,08989  	0,12419  	0,82496  	0,82240  	895291,87740  	3352,68729  	26,52965  	-4667896,50935  	21,04344  	0,18493  	-Inf  	-Inf  	0,00386  	0,00442  	0,00395  	0,00592  	-244,98909  	0,00399  	0,00416  
98,09034  	-244,98909  	70,12570  	-244,98909  	26,17793  	0,04541  	0,00855  	65365,50369  	0,08905  	0,12417  	0,82246  	0,81990  	715,38119  	651,45904  	26,28245  	19291902,12939  	21,03996  	12,44989  	-Inf  	-Inf  	0,00386  	0,00441  	0,00394  	0,00591  	1012,53352  	0,00399  	0,00416  
99,09082  	-244,98909  	-244,98909  	-244,98909  	26,17812  	0,04553  	0,00861  	4423,60095  	0,08882  	0,12500  	0,82903  	0,82647  	53713,22341  	0,00000  	26,21570  	1305576,66965  	21,18023  	0,88095  	Inf  	-Inf  	0,00386  	0,00441  	0,00394  	0,00593  	68,52680  	0,00399  	0,00417  
100,09025  	1015,58772  	-244,98909  	1015,58776  	26,17850  	0,05115  	0,00854  	-15815,93170  	0,08916  	0,12398  	0,82603  	0,82346  	309981,50837  	1320112,84849  	26,31520  	-4667896,50935  	0,58463  	1,00165  	NaN  	NaN  	0,00386  	0,00441  	0,00395  	0,00592  	-244,98909  	0,00400  	0,00416  
101,09188  	1327,82048  	1016,09905  	1327,82053  	26,17884  	0,05249  	0,00855  	-15815,93170  	0,08873  	0,12415  	0,82650  	0,82394  	650631368,32803  	1927957,95020  	26,18653  	-4667896,50935  	0,17880  	0,00698  	-Inf  	-Inf  	0,00386  	0,00441  	0,00394  	0,00592  	-244,98909  	0,00401  	0,00416  
102,09288  	1327,82048  	64,72235  	64,73535  	26,17954  	0,04354  	0,00857  	65714,29652  	0,08875  	0,12439  	0,82343  	0,82087  	677,48840  	66,71849  	26,19328  	19394844,45961  	0,17914  	528,73576  	NaN  	NaN  	0,00386  	0,00441  	0,00395  	0,00591  	1017,93641  	0,00398  	0,00416  
103,09263  	61,89291  	1020,88538  	1020,93853  	26,17944  	0,04591  	0,00856  	85706,53851  	0,08923  	0,12420  	0,82765  	0,82508  	7442644,35983  	0,01020  	26,33577  	25295332,54600  	1088,41149  	0,01100  	-Inf  	-Inf  	0,00386  	0,00441  	0,00395  	0,00592  	1327,62170  	0,00399  	0,00416  
104,09263  	-244,98909  	61,01416  	61,02701  	26,17874  	0,04877  	0,00848  	85706,53851  	0,08906  	0,12314  	0,82317  	0,82061  	139,68254  	0,02853  	26,28576  	25295332,54600  	20,86648  	560,71083  	-Inf  	-Inf  	0,00386  	0,00441  	0,00395  	0,00591  	1327,62170  	0,00400  	0,00416  
105,09387  	-244,98909  	1024,65077  	1024,70408  	26,17948  	0,04514  	0,00855  	3749,77427  	0,08784  	0,12415  	0,82490  	0,82234  	57829733,61983  	0,10954  	25,92440  	1106704,21224  	21,03687  	0,01065  	-Inf  	-Inf  	0,00386  	0,00441  	0,00394  	0,00592  	58,08904  	0,00398  	0,00416  
106,09623  	1026,34958  	56,46916  	1327,82053  	26,18071  	0,04346  	0,00855  	66247,04942  	0,08823  	0,12417  	0,82487  	0,82230  	16923676,61253  	1212823,52491  	26,03979  	19552080,55820  	0,55844  	0,05672  	-Inf  	-Inf  	0,00386  	0,00441  	0,00394  	0,00592  	1026,18890  	0,00398  	0,00416  
107,09809  	55,01210  	-244,98909  	55,01211  	26,18032  	0,04087  	0,00856  	85706,53851  	0,08797  	0,12427  	0,82206  	0,81950  	99,17816  	51,27186  	25,96270  	25295332,54600  	1023,72782  	9,44197  	NaN  	NaN  	0,00386  	0,00441  	0,00395  	0,00591  	1327,62170  	0,00397  	0,00416  
108,09835  	-244,98909  	1033,37398  	1033,42765  	26,18106  	0,04948  	0,00858  	85706,53851  	0,08845  	0,12457  	0,82290  	0,82034  	61244381,43709  	0,12091  	26,10614  	25295332,54600  	21,10882  	0,01126  	-Inf  	-Inf  	0,00386  	0,00441  	0,00395  	0,00591  	1327,62170  	0,00400  	0,00416  
109,09819  	1040,02309  	42,79622  	1327,82053  	26,18140  	0,04709  	0,00855  	2760,95274  	0,08811  	0,12411  	0,82616  	0,82360  	16065330,01143  	1449749,04149  	26,00606  	814864,52300  	0,52607  	0,06424  	-Inf  	-Inf  	0,00386  	0,00441  	0,00395  	0,00592  	42,77192  	0,00399  	0,00416  
110,09984  	1327,82048  	-244,98909  	42,83507  	26,18078  	0,04868  	0,00855  	-15815,93170  	0,08787  	0,12417  	0,82527  	0,82271  	5530,27200  	1650919,67699  	25,93303  	-4667896,50935  	0,17882  	9,84138  	Inf  	-Inf  	0,00386  	0,00441  	0,00394  	0,00592  	-244,98909  	0,00400  	0,00416  
111,09917  	41,00483  	-244,98909  	-244,98909  	26,18219  	0,04610  	0,00856  	67246,06538  	0,08819  	0,12428  	0,82447  	0,82191  	2919,19523  	0,00000  	26,02731  	19846929,01917  	893,52482  	0,89205  	Inf  	-Inf  	0,00386  	0,00441  	0,00395  	0,00592  	1041,66393  	0,00399  	0,00416  
112,09958  	-244,98909  	1045,37840  	1045,43258  	26,18137  	0,04537  	0,00854  	85706,53851  	0,08923  	0,12402  	0,82757  	0,82500  	65619856,26752  	0,11189  	26,33429  	25295332,54600  	21,01467  	0,00982  	-Inf  	-Inf  	0,00386  	0,00441  	0,00394  	0,00592  	1327,62170  	0,00399  	0,00416  
113,10019  	1045,88399  	1327,75450  	1327,82053  	26,18137  	0,05218  	0,00854  	85706,53851  	0,08888  	0,12400  	0,82189  	0,81933  	1117466320,77989  	85,66217  	26,23148  	25295332,54600  	0,51255  	0,00409  	-Inf  	-Inf  	0,00386  	0,00441  	0,00395  	0,00591  	1327,62170  	0,00401  	0,00416  
114,10283  	34,60053  	34,58880  	1327,82053  	26,18246  	0,04908  	0,00856  	2231,15408  	0,08771  	0,12423  	0,82251  	0,81995  	128351,91054  	265,51872  	25,88652  	658500,33733  	835,06053  	0,06877  	-Inf  	-Inf  	0,00386  	0,00441  	0,00395  	0,00591  	34,56520  	0,00400  	0,00416  
115,10279  	-244,98909  	1050,19304  	1327,82053  	26,18191  	0,04642  	0,00855  	67789,61624  	0,08866  	0,12418  	0,82481  	0,82224  	148520639,24148  	586,71638  	26,16575  	20007352,01397  	21,04266  	0,00581  	-Inf  	-Inf  	0,00386  	0,00441  	0,00395  	0,00592  	1050,08368  	0,00399  	0,00416  
116,10417  	1054,05607  	28,76384  	28,77534  	26,18109  	0,04684  	0,00855  	85706,53851  	0,08944  	0,12414  	0,82633  	0,82376  	533,75651  	14,08945  	26,39589  	25295332,54600  	0,49556  	303,91245  	NaN  	NaN  	0,00386  	0,00441  	0,00395  	0,00592  	1327,62170  	0,00399  	0,00416  
117,10554  	1327,82048  	-244,98909  	-244,98909  	26,17978  	0,04765  	0,00858  	85706,53851  	0,08920  	0,12454  	0,82907  	0,82650  	256883,97198  	0,00000  	26,32644  	25295332,54600  	0,17935  	0,92194  	Inf  	-Inf  	0,00386  	0,00441  	0,00395  	0,00593  	1327,62170  	0,00399  	0,00416  
118,10555  	1327,82048  	1060,86277  	1060,91760  	26,17862  	0,04150  	0,00858  	85706,53851  	0,08950  	0,12449  	0,82423  	0,82166  	347159362,43356  	268,09648  	26,41442  	25295332,54600  	0,17928  	0,00844  	NaN  	NaN  	0,00386  	0,00442  	0,00395  	0,00592  	1327,62170  	0,00397  	0,00416  
119,10550  	19,87204  	1327,75450  	19,87205  	26,17935  	0,04503  	0,00860  	1280,45228  	0,08786  	0,12490  	0,82707  	0,82450  	89988,99578  	246,35611  	25,93151  	377911,26358  	710,05633  	0,06623  	-Inf  	-Inf  	0,00386  	0,00441  	0,00395  	0,00592  	19,83857  	0,00398  	0,00417  
120,10774  	-244,98909  	1327,75450  	-244,98909  	26,17954  	0,05040  	0,00854  	68691,37250  	0,09008  	0,12404  	0,82523  	0,82266  	894199,20902  	3608,73999  	26,58560  	20273495,35632  	21,01803  	0,19906  	-Inf  	-Inf  	0,00386  	0,00442  	0,00395  	0,00592  	1064,05213  	0,00400  	0,00416  
121,10758  	1065,94722  	16,87319  	1065,94726  	26,17940  	0,04668  	0,00851  	85706,53851  	0,08921  	0,12351  	0,82812  	0,82556  	3415229,37171  	1379647,84922  	26,33034  	25295332,54600  	0,46894  	0,18430  	NaN  	NaN  	0,00386  	0,00441  	0,00395  	0,00593  	1327,62170  	0,00399  	0,00416  
122,10785  	1327,82048  	1069,56164  	1327,82053  	26,17793  	0,05042  	0,00858  	85706,53851  	0,08786  	0,12449  	0,82449  	0,82192  	752256858,40458  	1534375,13176  	25,93137  	25295332,54600  	0,17929  	0,00609  	-Inf  	-Inf  	0,00386  	0,00441  	0,00395  	0,00592  	1327,62170  	0,00400  	0,00416  
123,10754  	11,69343  	1327,75450  	1327,82053  	26,17883  	0,04804  	0,00854  	85706,53851  	0,08847  	0,12392  	0,82336  	0,82080  	15863260,30237  	0,01327  	26,11059  	25295332,54600  	637,11337  	0,00377  	-Inf  	-Inf  	0,00386  	0,00441  	0,00395  	0,00591  	1327,62170  	0,00399  	0,00416  
124,10818  	1072,39621  	1327,75450  	1327,82053  	26,18038  	0,04591  	0,00850  	85706,53851  	0,08950  	0,12345  	0,82586  	0,82329  	1141373051,66351  	88,87417  	26,41561  	25295332,54600  	0,45626  	0,00360  	-Inf  	-Inf  	0,00386  	0,00442  	0,00395  	0,00592  	1327,62170  	0,00399  	0,00416  
125,10858  	1327,82048  	1327,75450  	8,92303  	26,17998  	0,04258  	0,00854  	573,70984  	0,08991  	0,12392  	0,82320  	0,82064  	17461396,80891  	6616740,51767  	26,53461  	169324,08540  	0,17846  	0,06494  	NaN  	NaN  	0,00386  	0,00442  	0,00395  	0,00591  	8,89093  	0,00398  	0,00416  
126,10864  	6,29562  	1327,75450  	1076,53581  	26,18025  	0,04513  	0,00859  	69486,49178  	0,08919  	0,12469  	0,82700  	0,82443  	11720966,41069  	47,42738  	26,32431  	20508165,97627  	598,31576  	0,00539  	-Inf  	-Inf  	0,00386  	0,00441  	0,00395  	0,00592  	1076,36875  	0,00398  	0,00416  
127,10851  	1078,05832  	4,76259  	1327,82053  	26,18059  	0,04421  	0,00858  	305,83657  	0,08901  	0,12449  	0,82559  	0,82303  	13891957,00996  	1775253,86366  	26,27078  	90264,26464  	0,44944  	0,06836  	NaN  	NaN  	0,00386  	0,00441  	0,00395  	0,00592  	4,74150  	0,00398  	0,00416  
128,10836  	1327,82048  	1079,36037  	1327,82053  	26,17918  	0,04807  	0,00855  	-15815,93170  	0,08928  	0,12412  	0,82479  	0,82223  	769521052,07672  	1407325,77433  	26,34908  	-4667896,50935  	0,17874  	0,00571  	-Inf  	-Inf  	0,00386  	0,00441  	0,00395  	0,00592  	-244,98909  	0,00399  	0,00416  
129,10845  	1327,82048  	1327,75450  	1,77552  	26,17851  	0,04997  	0,00853  	69778,25821  	0,08806  	0,12380  	0,82655  	0,82399  	16839308,44437  	7807274,13532  	25,99065  	20594277,59715  	0,17830  	0,07806  	NaN  	NaN  	0,00386  	0,00441  	0,00395  	0,00592  	1080,88829  	0,00400  	0,00416  
130,11074  	1,21441  	1327,75450  	1081,61703  	26,17963  	0,04788  	0,00853  	76,13031  	0,08946  	0,12390  	0,82606  	0,82350  	14818837,07634  	49,31791  	26,40217  	22469,01451  	556,08161  	0,00566  	-Inf  	-Inf  	0,00386  	0,00442  	0,00395  	0,00592  	1,18329  	0,00399  	0,00416  
131,11090  	-244,98909  	1327,75450  	-0,96491  	26,17892  	0,05156  	0,00856  	69955,14886  	0,08928  	0,12431  	0,82687  	0,82431  	3474781,73760  	3119,06546  	26,35106  	20646484,90702  	21,06371  	0,08129  	-Inf  	-Inf  	0,00386  	0,00441  	0,00395  	0,00592  	1083,62837  	0,00401  	0,00416  
132,11090  	1087,32491  	1327,75450  	1087,32496  	26,18035  	0,04336  	0,00854  	85706,53851  	0,08870  	0,12400  	0,82889  	0,82633  	639835845,86076  	334685,34815  	26,17987  	25295332,54600  	0,43090  	0,00508  	-Inf  	-Inf  	0,00386  	0,00441  	0,00395  	0,00593  	1327,62170  	0,00398  	0,00416  
133,11092  	1327,82048  	1327,75450  	1327,82053  	26,17877  	0,04408  	0,00855  	-425,12522  	0,08866  	0,12410  	0,82337  	0,82081  	1427543116,09278  	342,98115  	26,16606  	-125470,98455  	0,17872  	0,00345  	-Inf  	-Inf  	0,00386  	0,00441  	0,00395  	0,00591  	-6,58129  	0,00398  	0,00416  
134,11091  	1327,82048  	1327,75450  	1327,82053  	26,17830  	0,04882  	0,00855  	70390,82372  	0,08926  	0,12407  	0,82809  	0,82553  	1427167315,50068  	379,89502  	26,34480  	20775069,49923  	0,17868  	0,00383  	-Inf  	-Inf  	0,00386  	0,00441  	0,00394  	0,00593  	1090,37710  	0,00400  	0,00416  
135,11092  	1327,82048  	1327,75450  	-8,53310  	26,18028  	0,04692  	0,00854  	85706,53851  	0,08963  	0,12404  	0,82825  	0,82569  	16027347,84707  	7388356,39619  	26,45447  	25295332,54600  	0,17864  	0,07589  	NaN  	NaN  	0,00386  	0,00442  	0,00395  	0,00593  	1327,62170  	0,00399  	0,00416  
136,11073  	1327,82048  	1327,75450  	1093,11039  	26,17849  	0,04655  	0,00856  	85706,53851  	0,08860  	0,12430  	0,82332  	0,82076  	798737279,68623  	1287121,72595  	26,15004  	25295332,54600  	0,17901  	0,00540  	NaN  	NaN  	0,00386  	0,00441  	0,00395  	0,00591  	1327,62170  	0,00399  	0,00416  
137,11045  	-11,36304  	-11,37284  	1327,82053  	26,17906  	0,04778  	0,00856  	-735,72471  	0,08936  	0,12420  	0,82616  	0,82360  	456474,61362  	268,04329  	26,37406  	-217140,97393  	469,18137  	0,07800  	NaN  	NaN  	0,00386  	0,00441  	0,00395  	0,00592  	-11,39256  	0,00399  	0,00416  
138,11091  	1095,89558  	1095,83933  	1327,82053  	26,17707  	0,04450  	0,00859  	70736,13824  	0,08867  	0,12464  	0,82624  	0,82368  	663023473,13778  	348898,04118  	26,16901  	20876985,24432  	0,41827  	0,00513  	-Inf  	-Inf  	0,00386  	0,00441  	0,00395  	0,00592  	1095,72611  	0,00398  	0,00416  
139,11044  	-13,83231  	-13,84201  	1327,82053  	26,17966  	0,04600  	0,00857  	85706,53851  	0,08888  	0,12438  	0,82758  	0,82502  	481215,20435  	258,67590  	26,23069  	25295332,54600  	453,78526  	0,07573  	NaN  	NaN  	0,00386  	0,00441  	0,00395  	0,00592  	1327,62170  	0,00399  	0,00416  
140,11264  	-244,98909  	-244,98909  	-15,35888  	26,17990  	0,04681  	0,00860  	-993,65105  	0,08967  	0,12479  	0,82409  	0,82153  	3036,95260  	489,38781  	26,46592  	-293265,06726  	21,14503  	5,25178  	NaN  	NaN  	0,00386  	0,00442  	0,00395  	0,00592  	-15,38791  	0,00399  	0,00417  
141,11264  	1099,94985  	1099,89342  	1099,94989  	26,17985  	0,04842  	0,00859  	70997,83498  	0,08917  	0,12466  	0,82695  	0,82439  	360701467,23096  	94,68006  	26,31654  	20954222,13008  	0,41151  	0,00844  	-Inf  	-Inf  	0,00386  	0,00441  	0,00395  	0,00592  	1099,77987  	0,00400  	0,00416  
142,11447  	1327,82048  	-21,21068  	1327,82053  	26,18039  	0,04928  	0,00853  	-1370,76934  	0,08996  	0,12387  	0,82291  	0,82035  	15021431,83332  	7833200,28093  	26,55036  	-404567,34017  	0,17838  	0,08319  	NaN  	NaN  	0,00386  	0,00442  	0,00394  	0,00591  	-21,22958  	0,00400  	0,00416  
143,11776  	-21,91782  	-244,98909  	1327,82053  	26,18008  	0,04551  	0,00856  	71307,62643  	0,08948  	0,12431  	0,82450  	0,82194  	159013,68515  	300,62355  	26,40878  	21045653,63483  	403,86486  	0,17968  	NaN  	NaN  	0,00386  	0,00442  	0,00395  	0,00592  	1104,57862  	0,00399  	0,00416  
144,11772  	-244,98909  	-244,98909  	-25,32294  	26,18082  	0,05100  	0,00858  	-1636,81575  	0,08831  	0,12455  	0,82588  	0,82331  	3538,53371  	509,97248  	26,06472  	-483087,98206  	21,10572  	5,21058  	NaN  	NaN  	0,00386  	0,00441  	0,00394  	0,00592  	-25,35071  	0,00400  	0,00416  
145,11733  	-244,98909  	1112,98975  	1113,04677  	26,18027  	0,04874  	0,00854  	-15815,93170  	0,08955  	0,12398  	0,82220  	0,81964  	97648117,71428  	0,12652  	26,43046  	-4667896,50935  	21,00757  	0,00807  	-Inf  	-Inf  	0,00386  	0,00442  	0,00394  	0,00591  	-244,98909  	0,00400  	0,00416  
146,11806  	1116,62272  	1327,75450  	-33,79132  	26,18030  	0,04300  	0,00853  	-15815,93170  	0,08897  	0,12378  	0,82442  	0,82186  	11792197,43578  	2237443,18604  	26,25794  	-4667896,50935  	0,38216  	0,07582  	NaN  	NaN  	0,00386  	0,00441  	0,00395  	0,00592  	-244,98909  	0,00398  	0,00416  
147,12073  	-34,40108  	1327,75450  	1117,23251  	26,17978  	0,05321  	0,00855  	72113,40201  	0,08809  	0,12418  	0,82489  	0,82233  	39535777,08638  	47,33999  	25,99819  	21283469,34314  	335,85501  	0,00591  	-Inf  	-Inf  	0,00386  	0,00441  	0,00395  	0,00592  	1117,06030  	0,00401  	0,00416  
148,12132  	-244,98909  	1327,75450  	-36,99868  	26,17969  	0,04621  	0,00862  	-2390,46720  	0,08869  	0,12520  	0,82622  	0,82365  	2917935,69931  	2870,95426  	26,17532  	-705519,83443  	21,21497  	0,08239  	-Inf  	-Inf  	0,00386  	0,00441  	0,00395  	0,00592  	-37,02498  	0,00399  	0,00417  
149,12475  	-244,98909  	1327,75450  	-244,98909  	26,17983  	0,04568  	0,00859  	-15815,93170  	0,08831  	0,12468  	0,82536  	0,82280  	898847,94711  	3270,44400  	26,06478  	-4667896,50935  	21,12734  	0,18040  	-Inf  	-Inf  	0,00386  	0,00441  	0,00395  	0,00592  	-244,98909  	0,00399  	0,00416  
150,12702  	-244,98909  	1327,75450  	-244,98909  	26,17930  	0,05193  	0,00858  	-15815,93170  	0,08882  	0,12460  	0,82746  	0,82489  	898258,81311  	3718,29458  	26,21570  	-4667896,50935  	21,11342  	0,20510  	-Inf  	-Inf  	0,00386  	0,00441  	0,00395  	0,00592  	-244,98909  	0,00401  	0,00416  
