11/18/2024 15:39:01Time	T_hot_in(C)	T_cold_in(C)	T_cold_out(C)	T_hot_out(C)	mdot_cold(kg/s)	ASFASIFUAS(kg/s)	Diferencial_cold(bar)	Diferencial_hot(bar)	mdot_hot(kg/s)	ABS_cold(bar)	ABS_hot(bar)	q_cold(kW)	q_hot(kW)	ASFASYFY	Tau_cold_haste	Re_hot	Re_cold	U_global	PSIG_cold(bar)	R_fouling	PSIG_hot(bar)	PSID_hot(bar)	m_dot_hot	PSID_cold(bar)	m_dot_cold
2,05558  	0,00000  	0,00000  	0,00000  	0,00000  	-1,18512  	-0,20833  	-0,25900  	-0,86180  	-3,02442  	-1,72343  	-1,72415  	-0,00000  	-0,00000  	-254,35069  	-76,44127  	-9234,48090  	-3618,55272  	NaN  	NaN  	0,00000  	0,00000  	0,00000  	0,00000  	0,00000  	0,00000  	0,00000  
3,05856  	-244,98909  	1327,75450  	1327,82053  	26,17686  	0,04936  	0,00853  	85706,53851  	0,09009  	0,12385  	0,83225  	0,82968  	296797270,97015  	0,14841  	26,58956  	25295332,54600  	20,98572  	0,00387  	-Inf  	-Inf  	0,00386  	0,00442  	0,00395  	0,00593  	1327,62170  	0,00400  	0,00416  
4,06066  	-244,98909  	1327,75450  	1327,82053  	26,17889  	0,04561  	0,00921  	12808,23321  	0,10579  	0,13372  	0,99004  	0,98736  	320456549,74092  	0,13712  	31,22244  	3780207,71822  	22,65892  	0,00357  	-Inf  	-Inf  	0,00386  	0,00449  	0,00394  	0,00630  	198,40704  	0,00399  	0,00418  
5,06084  	-244,98909  	1327,75450  	1327,82053  	26,17867  	0,04660  	0,00960  	-15815,93170  	0,10635  	0,13942  	0,98841  	0,98573  	334117268,79369  	0,14011  	31,38724  	-4667896,50935  	23,62481  	0,00365  	-Inf  	-Inf  	0,00386  	0,00449  	0,00394  	0,00630  	-244,98909  	0,00399  	0,00418  
6,06258  	780,51040  	1327,75450  	302,32101  	26,17966  	0,04697  	0,00947  	50378,50353  	0,10635  	0,13754  	0,98324  	0,98057  	41022215,91773  	168324,68716  	31,38706  	14868655,55551  	2,15893  	0,02984  	NaN  	NaN  	0,00386  	0,00449  	0,00395  	0,00629  	780,38079  	0,00399  	0,00418  
7,06433  	1327,82048  	1327,75450  	783,32598  	26,18162  	0,04747  	0,00943  	19330,36420  	0,10608  	0,13694  	0,98803  	0,98535  	369815603,63716  	3045094,41570  	31,30723  	5705142,21219  	0,19722  	0,00986  	NaN  	NaN  	0,00386  	0,00449  	0,00395  	0,00630  	299,43663  	0,00399  	0,00418  
8,06574  	1327,82048  	295,66111  	1327,82053  	26,18180  	0,04730  	0,00946  	50806,92489  	0,10596  	0,13739  	0,98266  	0,97999  	68876975,56214  	5753086,30535  	31,27230  	14995099,36137  	0,19786  	0,03059  	-Inf  	-Inf  	0,00386  	0,00449  	0,00395  	0,00628  	787,01715  	0,00399  	0,00418  
9,06601  	1327,82048  	792,07803  	1327,82053  	26,18169  	0,04764  	0,00941  	18762,62165  	0,10614  	0,13656  	0,98524  	0,98257  	378667174,78565  	3007585,20244  	31,32481  	5537579,30691  	0,19666  	0,00972  	-Inf  	-Inf  	0,00386  	0,00449  	0,00394  	0,00629  	290,64215  	0,00399  	0,00418  
10,06585  	1327,82048  	1327,75450  	289,45162  	26,18216  	0,04896  	0,00940  	51209,20313  	0,10591  	0,13649  	0,98452  	0,98184  	66731110,60665  	5990369,96785  	31,25903  	15113827,31299  	0,19656  	0,03221  	NaN  	NaN  	0,00386  	0,00449  	0,00395  	0,00629  	793,24855  	0,00400  	0,00418  
11,06542  	1327,82048  	1327,75450  	-244,98909  	26,18123  	0,04277  	0,00944  	18579,54841  	0,10565  	0,13701  	0,98434  	0,98166  	4741298,91892  	7926443,25670  	31,18079  	5483547,27415  	0,19732  	0,16892  	NaN  	NaN  	0,00386  	0,00449  	0,00394  	0,00629  	287,80629  	0,00398  	0,00418  
12,06735  	286,09764  	1327,75450  	796,73379  	26,18158  	0,04947  	0,00944  	-15815,93170  	0,10621  	0,13698  	0,98592  	0,98325  	76897193,94451  	150,23172  	31,34784  	-4667896,50935  	402,93230  	0,01000  	-Inf  	-Inf  	0,00386  	0,00449  	0,00395  	0,00629  	-244,98909  	0,00400  	0,00418  
13,06860  	798,84161  	1327,75450  	283,98980  	26,18122  	0,04488  	0,00943  	-15815,93170  	0,10703  	0,13685  	0,98669  	0,98401  	38854765,18588  	191820,68234  	31,58796  	-4667896,50935  	1,92834  	0,02996  	NaN  	NaN  	0,00386  	0,00450  	0,00394  	0,00629  	-244,98909  	0,00398  	0,00418  
14,06978  	1327,82048  	1327,75450  	802,18756  	26,18143  	0,04309  	0,00946  	-15815,93170  	0,10686  	0,13730  	0,98967  	0,98698  	392338008,75544  	2668693,03536  	31,53973  	-4667896,50935  	0,19773  	0,00862  	NaN  	NaN  	0,00386  	0,00450  	0,00394  	0,00630  	-244,98909  	0,00398  	0,00418  
15,07016  	278,23453  	1327,75450  	278,23455  	26,18111  	0,04238  	0,00945  	-15815,93170  	0,10676  	0,13725  	0,98774  	0,98506  	12420892,31184  	239,19330  	31,50875  	-4667896,50935  	473,90835  	0,02874  	-Inf  	-Inf  	0,00386  	0,00450  	0,00395  	0,00630  	-244,98909  	0,00398  	0,00418  
16,07321  	808,26811  	1327,75450  	-244,98909  	26,18080  	0,04828  	0,00934  	-15815,93170  	0,10616  	0,13553  	0,98205  	0,97937  	2817978,72456  	336733,87395  	31,33196  	-4667896,50935  	1,80876  	0,19068  	NaN  	NaN  	0,00386  	0,00449  	0,00394  	0,00628  	-244,98909  	0,00399  	0,00418  
17,07287  	272,47343  	1327,75450  	810,35800  	26,18048  	0,04496  	0,00938  	-15815,93170  	0,10593  	0,13622  	0,98679  	0,98411  	75468009,52381  	120,30347  	31,26427  	-4667896,50935  	530,03058  	0,00885  	-Inf  	-Inf  	0,00386  	0,00449  	0,00395  	0,00629  	-244,98909  	0,00398  	0,00418  
18,07285  	813,70521  	1327,75450  	1327,82053  	26,17979  	0,04410  	0,00943  	-15815,93170  	0,10638  	0,13696  	0,99007  	0,98739  	953193664,79404  	13,51514  	31,39697  	-4667896,50935  	1,77197  	0,00346  	-Inf  	-Inf  	0,00386  	0,00449  	0,00395  	0,00630  	-244,98909  	0,00398  	0,00418  
19,07287  	1327,82048  	1327,75450  	265,96965  	26,17954  	0,04653  	0,00943  	52724,92833  	0,10655  	0,13684  	0,98720  	0,98452  	60852153,27439  	5821225,12502  	31,44593  	15561176,76532  	0,19707  	0,03263  	NaN  	NaN  	0,00386  	0,00449  	0,00395  	0,00629  	816,72755  	0,00399  	0,00418  
20,07270  	264,38853  	1327,75450  	-244,98909  	26,17986  	0,04678  	0,00947  	85706,53851  	0,10662  	0,13750  	0,98344  	0,98077  	870758,83113  	363,15724  	31,46751  	25295332,54600  	634,00327  	0,18476  	NaN  	NaN  	0,00386  	0,00449  	0,00395  	0,00629  	1327,62170  	0,00399  	0,00418  
21,07286  	-244,98909  	1327,75450  	-244,98909  	26,18054  	0,04586  	0,00938  	16996,13067  	0,10576  	0,13614  	0,98644  	0,98376  	981450,37304  	3283,68656  	31,21353  	5016219,12134  	23,06901  	0,18113  	-Inf  	-Inf  	0,00386  	0,00449  	0,00395  	0,00629  	263,27872  	0,00399  	0,00418  
22,07287  	820,74668  	262,06344  	820,74671  	26,18048  	0,04954  	0,00946  	-15815,93170  	0,10655  	0,13730  	0,98839  	0,98571  	2901132,95883  	136176,20554  	31,44818  	-4667896,50935  	1,70704  	0,19560  	-Inf  	-Inf  	0,00386  	0,00449  	0,00395  	0,00630  	-244,98909  	0,00400  	0,00418  
23,07302  	1327,82048  	-244,98909  	1327,82053  	26,18011  	0,04309  	0,00936  	53056,91209  	0,10493  	0,13594  	0,98374  	0,98107  	4706178,62853  	7985082,96290  	30,97012  	15659158,08180  	0,19578  	0,17012  	NaN  	NaN  	0,00386  	0,00449  	0,00395  	0,00629  	821,87007  	0,00398  	0,00418  
24,07485  	259,46733  	-244,98909  	259,46735  	26,18022  	0,04673  	0,00939  	16745,96436  	0,10704  	0,13632  	0,98615  	0,98347  	133,23940  	113,57166  	31,59252  	4942385,31524  	697,56348  	175,69217  	NaN  	NaN  	0,00386  	0,00450  	0,00395  	0,00629  	259,40357  	0,00399  	0,00418  
25,07439  	824,73536  	824,69049  	-244,98909  	26,18118  	0,04893  	0,00941  	53233,15786  	0,10628  	0,13660  	0,98614  	0,98346  	34325,65186  	266153,69891  	31,36637  	15711175,06260  	1,66067  	4,00212  	NaN  	NaN  	0,00386  	0,00449  	0,00395  	0,00629  	824,60017  	0,00400  	0,00418  
26,07530  	1327,82048  	1327,75450  	827,08162  	26,18105  	0,04678  	0,00944  	16506,00376  	0,10581  	0,13704  	0,98812  	0,98544  	421574052,84703  	2759688,49362  	31,22933  	4871563,60881  	0,19735  	0,00890  	NaN  	NaN  	0,00386  	0,00449  	0,00395  	0,00630  	255,68652  	0,00399  	0,00418  
27,07664  	252,10185  	1327,75450  	1327,82053  	26,18101  	0,04389  	0,00942  	-15815,93170  	0,10511  	0,13674  	0,98613  	0,98345  	273002835,78272  	0,01354  	31,02096  	-4667896,50935  	817,93415  	0,00344  	-Inf  	-Inf  	0,00386  	0,00449  	0,00395  	0,00629  	-244,98909  	0,00398  	0,00418  
28,07812  	832,01966  	1327,75450  	1327,82053  	26,18036  	0,04775  	0,00943  	-15815,93170  	0,10654  	0,13687  	0,98851  	0,98583  	974725039,03713  	17,01972  	31,44297  	-4667896,50935  	1,59784  	0,00374  	-Inf  	-Inf  	0,00386  	0,00449  	0,00394  	0,00630  	-244,98909  	0,00399  	0,00418  
29,07773  	247,51637  	1327,75450  	247,51638  	26,18012  	0,04445  	0,00944  	-15815,93170  	0,10565  	0,13711  	0,98783  	0,98515  	9613513,94378  	220,73451  	31,18263  	-4667896,50935  	903,52047  	0,03280  	-Inf  	-Inf  	0,00386  	0,00449  	0,00394  	0,00630  	-244,98909  	0,00398  	0,00418  
30,07884  	837,27987  	1327,75450  	837,27991  	26,18093  	0,04448  	0,00948  	54042,88696  	0,10683  	0,13756  	0,98446  	0,98178  	271722678,48535  	122881,91372  	31,53050  	15950157,60986  	1,55991  	0,00830  	-Inf  	-Inf  	0,00386  	0,00450  	0,00394  	0,00629  	837,14309  	0,00398  	0,00418  
31,08008  	1327,82048  	1327,75450  	1327,82053  	26,18105  	0,04604  	0,00946  	85706,53851  	0,10626  	0,13738  	0,98538  	0,98270  	1580328282,98449  	358,22941  	31,36098  	25295332,54600  	0,19785  	0,00361  	-Inf  	-Inf  	0,00386  	0,00449  	0,00394  	0,00629  	1327,62170  	0,00399  	0,00418  
32,08020  	1327,82048  	1327,75450  	1327,82053  	26,18085  	0,04542  	0,00940  	15529,43530  	0,10567  	0,13653  	0,98418  	0,98150  	1570558406,01970  	353,43050  	31,18627  	4583340,27933  	0,19663  	0,00356  	-Inf  	-Inf  	0,00386  	0,00449  	0,00395  	0,00629  	240,55921  	0,00399  	0,00418  
33,07969  	238,10610  	1327,75450  	1327,82053  	26,18167  	0,04409  	0,00937  	54523,47761  	0,10753  	0,13600  	0,98667  	0,98399  	254706264,74990  	0,01303  	31,73590  	16091998,60154  	1089,43606  	0,00346  	-Inf  	-Inf  	0,00386  	0,00450  	0,00395  	0,00629  	844,58757  	0,00398  	0,00418  
34,07941  	-244,98909  	235,76360  	1327,82053  	26,18370  	0,04759  	0,00940  	85706,53851  	0,10573  	0,13643  	0,98502  	0,98234  	11166489,27927  	2365,57713  	31,20436  	25295332,54600  	23,11835  	0,03628  	-Inf  	-Inf  	0,00386  	0,00449  	0,00395  	0,00629  	1327,62170  	0,00399  	0,00418  
35,08003  	848,93424  	848,88835  	233,89717  	26,18442  	0,04673  	0,00938  	15095,44817  	0,10674  	0,13620  	0,98359  	0,98091  	2979532,68226  	177714,65584  	31,50305  	4455253,80079  	1,44933  	0,18454  	NaN  	NaN  	0,00386  	0,00450  	0,00395  	0,00629  	233,83663  	0,00399  	0,00418  
36,08013  	232,29679  	232,27677  	-244,98909  	26,18442  	0,04754  	0,00945  	54898,45943  	0,10700  	0,13725  	0,98391  	0,98123  	119,98881  	100,27414  	31,57987  	16202670,31816  	1235,33749  	120,24883  	NaN  	NaN  	0,00386  	0,00450  	0,00395  	0,00629  	850,39614  	0,00399  	0,00418  
37,07976  	851,57374  	-244,98909  	851,57378  	26,18607  	0,04957  	0,00951  	85706,53851  	0,10667  	0,13800  	0,98578  	0,98310  	50345,16359  	343233,02074  	31,48154  	25295332,54600  	1,44768  	3,20604  	NaN  	NaN  	0,00386  	0,00449  	0,00395  	0,00629  	1327,62170  	0,00400  	0,00418  
38,08223  	1327,82048  	-244,98909  	1327,82053  	26,18811  	0,04162  	0,00950  	85706,53851  	0,10581  	0,13784  	0,98877  	0,98609  	4771896,06075  	7713220,89607  	31,22776  	25295332,54600  	0,19851  	0,16432  	NaN  	NaN  	0,00386  	0,00449  	0,00394  	0,00630  	1327,62170  	0,00397  	0,00418  
39,08305  	1327,82048  	-244,98909  	1327,82053  	26,18978  	0,04518  	0,00951  	85706,53851  	0,10732  	0,13808  	0,98577  	0,98309  	4780094,28393  	8373513,31632  	31,67372  	25295332,54600  	0,19885  	0,17839  	NaN  	NaN  	0,00386  	0,00450  	0,00394  	0,00629  	1327,62170  	0,00398  	0,00418  
40,08472  	1327,82048  	-244,98909  	226,69699  	26,19169  	0,04365  	0,00948  	85706,53851  	0,10732  	0,13756  	0,98761  	0,98493  	763,72807  	2426319,84016  	31,67464  	25295332,54600  	0,19810  	101,56141  	Inf  	-Inf  	0,00386  	0,00450  	0,00395  	0,00630  	1327,62170  	0,00398  	0,00418  
41,08476  	222,13535  	860,64965  	-244,98909  	26,19286  	0,05091  	0,00945  	85706,53851  	0,10662  	0,13721  	0,98305  	0,98037  	13273,74129  	244,58816  	31,46684  	25295332,54600  	1495,33831  	3,05140  	NaN  	NaN  	0,00386  	0,00449  	0,00394  	0,00629  	1327,62170  	0,00400  	0,00418  
42,08483  	-244,98909  	220,02054  	-244,98909  	26,19309  	0,04415  	0,00943  	85706,53851  	0,10694  	0,13694  	0,98234  	0,97966  	159,81663  	934,34400  	31,56310  	25295332,54600  	23,20750  	92,89739  	-Inf  	-Inf  	0,00386  	0,00450  	0,00395  	0,00628  	1327,62170  	0,00398  	0,00418  
43,08705  	-244,98909  	865,99698  	866,04363  	26,19398  	0,04856  	0,00940  	85706,53851  	0,10636  	0,13648  	0,98708  	0,98441  	21651686,32346  	0,10310  	31,39087  	25295332,54600  	23,13026  	0,02369  	-Inf  	-Inf  	0,00386  	0,00449  	0,00395  	0,00629  	1327,62170  	0,00400  	0,00418  
44,08753  	867,02536  	1327,75450  	1327,82053  	26,19536  	0,05013  	0,00944  	85706,53851  	0,10713  	0,13702  	0,98356  	0,98089  	1018194596,79982  	23,60124  	31,61815  	25295332,54600  	1,32350  	0,00393  	-Inf  	-Inf  	0,00386  	0,00450  	0,00394  	0,00629  	1327,62170  	0,00400  	0,00418  
45,08895  	1327,82048  	213,72779  	213,74705  	26,19756  	0,04835  	0,00945  	13794,78878  	0,10602  	0,13722  	0,98452  	0,98184  	5561,90891  	109,74449  	31,29041  	4071378,63180  	0,19760  	20,96584  	NaN  	NaN  	0,00386  	0,00449  	0,00395  	0,00629  	213,68906  	0,00399  	0,00418  
46,08901  	208,74226  	874,04218  	874,08917  	26,19942  	0,05021  	0,00946  	56418,86867  	0,10612  	0,13732  	0,98553  	0,98285  	15563782,29118  	0,01010  	31,32123  	16651402,21276  	1855,69879  	0,02353  	-Inf  	-Inf  	0,00386  	0,00449  	0,00395  	0,00629  	873,94770  	0,00400  	0,00418  
47,09010  	-244,98909  	1327,75450  	1327,82053  	26,19954  	0,05122  	0,00944  	13338,30285  	0,10669  	0,13699  	0,98643  	0,98375  	328304949,47018  	0,15393  	31,48946  	3936651,88245  	23,21708  	0,00401  	-Inf  	-Inf  	0,00386  	0,00450  	0,00394  	0,00629  	206,61797  	0,00400  	0,00418  
48,09115  	-244,98909  	1327,75450  	203,71224  	26,20109  	0,04438  	0,00942  	-15815,93170  	0,10635  	0,13682  	0,98772  	0,98504  	9785767,36881  	2270,27457  	31,38885  	-4667896,50935  	23,18851  	0,03707  	-Inf  	-Inf  	0,00386  	0,00449  	0,00395  	0,00630  	-244,98909  	0,00398  	0,00418  
49,09110  	-244,98909  	1327,75450  	-244,98909  	26,20199  	0,04863  	0,00938  	56978,35749  	0,10560  	0,13613  	0,98772  	0,98504  	981430,93131  	3480,72437  	31,16638  	16816529,12027  	23,07188  	0,19207  	-Inf  	-Inf  	0,00386  	0,00449  	0,00395  	0,00630  	882,61433  	0,00400  	0,00418  
50,09041  	884,82871  	1327,75450  	884,82874  	26,20185  	0,04748  	0,00942  	85706,53851  	0,10729  	0,13679  	0,98614  	0,98346  	328295457,85101  	171889,95446  	31,66564  	25295332,54600  	1,20386  	0,00807  	-Inf  	-Inf  	0,00386  	0,00450  	0,00395  	0,00629  	1327,62170  	0,00399  	0,00418  
51,09322  	1327,82048  	1327,75450  	1327,82053  	26,20256  	0,04748  	0,00943  	12700,47586  	0,10687  	0,13696  	0,98590  	0,98322  	1575477622,15566  	369,49809  	31,54119  	3748404,33487  	0,19723  	0,00372  	-Inf  	-Inf  	0,00386  	0,00450  	0,00395  	0,00629  	196,73785  	0,00399  	0,00418  
52,09302  	195,25913  	195,24066  	195,25914  	26,20389  	0,04579  	0,00943  	57289,18440  	0,10709  	0,13694  	0,98593  	0,98325  	381,97673  	0,00359  	31,60521  	16908266,22979  	2163,45497  	33,78694  	-Inf  	-Inf  	0,00386  	0,00450  	0,00394  	0,00629  	887,42912  	0,00399  	0,00418  
53,09287  	889,25462  	-244,98909  	889,25466  	26,20395  	0,04528  	0,00945  	85706,53851  	0,10752  	0,13715  	0,98651  	0,98383  	81800,97198  	434156,85081  	31,73320  	25295332,54600  	1,17981  	2,15363  	NaN  	NaN  	0,00386  	0,00450  	0,00395  	0,00629  	1327,62170  	0,00399  	0,00418  
54,09406  	1327,82048  	892,64660  	1327,82053  	26,20507  	0,04416  	0,00947  	85706,53851  	0,10760  	0,13753  	0,98683  	0,98415  	511768137,59729  	2264807,51155  	31,75797  	25295332,54600  	0,19805  	0,00739  	-Inf  	-Inf  	0,00386  	0,00450  	0,00394  	0,00629  	1327,62170  	0,00398  	0,00418  
55,09527  	188,84605  	188,82785  	1327,82053  	26,20543  	0,04305  	0,00946  	12187,46804  	0,10685  	0,13730  	0,98631  	0,98363  	5528426,78394  	207,68753  	31,53637  	3596995,77456  	2278,72344  	0,03753  	-Inf  	-Inf  	0,00386  	0,00450  	0,00395  	0,00629  	188,79122  	0,00398  	0,00418  
56,09484  	-244,98909  	-244,98909  	1327,82053  	26,20642  	0,05027  	0,00944  	-15815,93170  	0,10630  	0,13704  	0,98660  	0,98392  	988462,45321  	3597,50916  	31,37432  	-4667896,50935  	23,22831  	0,19846  	NaN  	NaN  	0,00386  	0,00449  	0,00395  	0,00629  	-244,98909  	0,00400  	0,00418  
57,09575  	-244,98909  	-244,98909  	1327,82053  	26,20750  	0,04419  	0,00945  	-15815,93170  	0,10643  	0,13715  	0,98734  	0,98466  	989209,73124  	3162,41068  	31,41196  	-4667896,50935  	23,24604  	0,17446  	NaN  	NaN  	0,00386  	0,00449  	0,00395  	0,00630  	-244,98909  	0,00398  	0,00418  
58,09550  	-244,98909  	-244,98909  	1327,82053  	26,20902  	0,04920  	0,00943  	58169,86210  	0,10665  	0,13693  	0,98356  	0,98088  	987616,25740  	3520,87468  	31,47571  	17168188,46683  	23,20883  	0,19425  	NaN  	NaN  	0,00386  	0,00449  	0,00395  	0,00629  	901,07106  	0,00400  	0,00418  
59,09841  	-244,98909  	903,11373  	1327,82053  	26,20903  	0,04854  	0,00949  	85706,53851  	0,10793  	0,13777  	0,98717  	0,98450  	110046243,16240  	937,95535  	31,85436  	25295332,54600  	23,35197  	0,00796  	-Inf  	-Inf  	0,00386  	0,00450  	0,00395  	0,00629  	1327,62170  	0,00400  	0,00418  
60,09877  	-244,98909  	178,05505  	1327,82053  	26,20886  	0,04722  	0,00947  	85706,53851  	0,10679  	0,13752  	0,98656  	0,98388  	8814073,05708  	2470,22960  	31,51692  	25295332,54600  	23,30897  	0,04247  	-Inf  	-Inf  	0,00386  	0,00450  	0,00395  	0,00629  	1327,62170  	0,00399  	0,00418  
61,10093  	908,02810  	907,97973  	1327,82053  	26,20932  	0,05261  	0,00943  	85706,53851  	0,10762  	0,13686  	0,98471  	0,98203  	360408548,02917  	214769,55321  	31,76293  	25295332,54600  	1,07033  	0,00855  	-Inf  	-Inf  	0,00386  	0,00450  	0,00395  	0,00629  	1327,62170  	0,00401  	0,00418  
62,10114  	1327,82048  	170,03174  	1327,82053  	26,20949  	0,04812  	0,00945  	85706,53851  	0,10731  	0,13716  	0,98677  	0,98409  	40749452,73492  	6565184,41482  	31,67138  	25295332,54600  	0,19751  	0,04431  	-Inf  	-Inf  	0,00386  	0,00450  	0,00394  	0,00629  	1327,62170  	0,00399  	0,00418  
63,10314  	167,07193  	915,71076  	167,07194  	26,20902  	0,04651  	0,00950  	10781,98166  	0,10635  	0,13791  	0,98547  	0,98279  	516514,94530  	146,65371  	31,38791  	3182182,08609  	2407,88595  	0,18365  	-Inf  	-Inf  	0,00386  	0,00449  	0,00395  	0,00629  	167,01985  	0,00399  	0,00418  
64,10305  	918,35577  	1327,75450  	918,35581  	26,20944  	0,04622  	0,00952  	59276,21310  	0,10596  	0,13815  	0,98720  	0,98452  	378953202,72669  	198462,06076  	31,27248  	17494715,67105  	1,02624  	0,00737  	-Inf  	-Inf  	0,00386  	0,00449  	0,00395  	0,00629  	918,20874  	0,00399  	0,00418  
65,10286  	161,56616  	161,54910  	161,56617  	26,20883  	0,04370  	0,00945  	85706,53851  	0,10691  	0,13726  	0,98645  	0,98377  	117,45185  	0,00314  	31,55259  	25295332,54600  	2370,17100  	103,67857  	-Inf  	-Inf  	0,00386  	0,00450  	0,00395  	0,00629  	1327,62170  	0,00398  	0,00418  
66,10471  	923,68050  	923,63147  	-244,98909  	26,21018  	0,04867  	0,00942  	10270,69062  	0,10818  	0,13673  	0,98504  	0,98236  	124146,08967  	620066,75817  	31,92724  	3031280,21810  	0,98929  	1,78218  	NaN  	NaN  	0,00386  	0,00450  	0,00395  	0,00629  	159,09981  	0,00400  	0,00418  
67,10574  	1327,82048  	1327,75450  	-244,98909  	26,21110  	0,04554  	0,00945  	59661,08174  	0,10702  	0,13713  	0,98491  	0,98223  	4745200,31266  	8441265,48478  	31,58700  	17608305,37583  	0,19747  	0,17987  	NaN  	NaN  	0,00386  	0,00450  	0,00395  	0,00629  	924,17046  	0,00399  	0,00418  
68,10834  	1327,82048  	1327,75450  	927,09272  	26,21075  	0,04948  	0,00947  	10050,43930  	0,10821  	0,13755  	0,98716  	0,98448  	564148284,98143  	2336549,68097  	31,93627  	2966275,48681  	0,19807  	0,00776  	NaN  	NaN  	0,00386  	0,00450  	0,00394  	0,00629  	155,68806  	0,00400  	0,00418  
69,10846  	150,17657  	1327,75450  	1327,82053  	26,21095  	0,04794  	0,00951  	-15815,93170  	0,10703  	0,13813  	0,98373  	0,98106  	151324324,12501  	0,01330  	31,58816  	-4667896,50935  	2283,01249  	0,00376  	-Inf  	-Inf  	0,00386  	0,00450  	0,00394  	0,00629  	-244,98909  	0,00399  	0,00418  
70,10942  	-244,98909  	1327,75450  	1327,82053  	26,21142  	0,04498  	0,00946  	60422,23247  	0,10795  	0,13736  	0,98771  	0,98503  	329203769,40152  	0,13516  	31,86118  	17832950,55438  	23,28250  	0,00353  	-Inf  	-Inf  	0,00386  	0,00450  	0,00395  	0,00630  	935,96089  	0,00398  	0,00418  
71,11138  	-244,98909  	1327,75450  	1327,82053  	26,21130  	0,04849  	0,00953  	9290,46549  	0,10811  	0,13839  	0,98843  	0,98575  	331684407,66544  	0,14571  	31,90736  	2741977,66281  	23,45792  	0,00380  	-Inf  	-Inf  	0,00386  	0,00450  	0,00395  	0,00630  	143,91586  	0,00400  	0,00418  
72,11286  	940,50318  	1327,75450  	142,32823  	26,21277  	0,04842  	0,00954  	60705,79450  	0,10751  	0,13852  	0,98373  	0,98105  	25586413,52681  	705817,97196  	31,72999  	17916640,73712  	0,92348  	0,04842  	NaN  	NaN  	0,00386  	0,00450  	0,00395  	0,00629  	940,35335  	0,00400  	0,00418  
73,11287  	137,62014  	137,60409  	-244,98909  	26,21196  	0,05088  	0,00955  	8880,91348  	0,10913  	0,13864  	0,98962  	0,98694  	112,60550  	81,67569  	32,20714  	2621102,93557  	2135,99501  	32,41748  	NaN  	NaN  	0,00386  	0,00451  	0,00395  	0,00630  	137,57179  	0,00400  	0,00418  
74,11287  	-244,98909  	949,11357  	949,16371  	26,21178  	0,04534  	0,00949  	61264,81603  	0,10782  	0,13782  	0,97886  	0,97619  	39380922,74515  	0,10343  	31,82122  	18081629,73004  	23,36148  	0,01487  	-Inf  	-Inf  	0,00386  	0,00450  	0,00395  	0,00628  	949,01274  	0,00399  	0,00418  
75,11340  	-244,98909  	1327,75450  	132,17066  	26,21269  	0,04483  	0,00955  	8529,15665  	0,10850  	0,13857  	0,98551  	0,98283  	7256077,74588  	2438,72175  	32,02174  	2517285,81813  	23,48898  	0,04623  	-Inf  	-Inf  	0,00386  	0,00450  	0,00395  	0,00629  	132,12298  	0,00398  	0,00418  
76,11543  	952,29452  	1327,75450  	952,29456  	26,21344  	0,04900  	0,00957  	61466,90776  	0,10895  	0,13897  	0,98545  	0,98278  	435084642,74645  	245861,91269  	32,15641  	18141274,85946  	0,87559  	0,00733  	-Inf  	-Inf  	0,00386  	0,00451  	0,00395  	0,00629  	952,14320  	0,00400  	0,00418  
77,11548  	127,78312  	127,76748  	127,78313  	26,21443  	0,04675  	0,00955  	85706,53851  	0,10810  	0,13859  	0,98297  	0,98029  	61,86463  	0,00307  	31,90344  	25295332,54600  	2002,77488  	445,48617  	-Inf  	-Inf  	0,00386  	0,00450  	0,00396  	0,00629  	1327,62170  	0,00399  	0,00418  
78,11632  	957,56275  	957,51230  	-244,98909  	26,21517  	0,04705  	0,00954  	85706,53851  	0,10825  	0,13849  	0,98704  	0,98436  	185849,40325  	784251,88732  	31,94834  	25295332,54600  	0,85107  	1,35234  	NaN  	NaN  	0,00386  	0,00450  	0,00394  	0,00629  	1327,62170  	0,00399  	0,00418  
79,11836  	1327,82048  	1327,75450  	960,22420  	26,21593  	0,04264  	0,00949  	7911,85299  	0,10822  	0,13776  	0,98748  	0,98480  	619678786,43854  	1846821,30919  	31,93980  	2335095,49920  	0,19837  	0,00628  	NaN  	NaN  	0,00386  	0,00450  	0,00394  	0,00630  	122,56078  	0,00398  	0,00418  
80,12028  	1327,82048  	1327,75450  	1327,82053  	26,21575  	0,04841  	0,00952  	62158,03512  	0,10782  	0,13819  	0,98555  	0,98287  	1589618602,87938  	376,73037  	31,82224  	18345253,42098  	0,19899  	0,00379  	-Inf  	-Inf  	0,00386  	0,00450  	0,00395  	0,00629  	962,84895  	0,00400  	0,00418  
81,11936  	117,46004  	117,44484  	1327,82053  	26,21527  	0,04862  	0,00951  	85706,53851  	0,11009  	0,13803  	0,98489  	0,98222  	2276543,44645  	246,48749  	32,49211  	25295332,54600  	1856,93685  	0,05243  	-Inf  	-Inf  	0,00386  	0,00451  	0,00395  	0,00629  	1327,62170  	0,00400  	0,00418  
82,12075  	-244,98909  	969,84142  	112,93901  	26,21614  	0,04909  	0,00952  	85706,53851  	0,10728  	0,13820  	0,98693  	0,98425  	996499,58770  	1913,70090  	31,66254  	25295332,54600  	23,42615  	0,19385  	-Inf  	-Inf  	0,00386  	0,00450  	0,00394  	0,00629  	1327,62170  	0,00400  	0,00418  
83,12113  	972,72062  	1327,75450  	972,72066  	26,21679  	0,04410  	0,00958  	7105,22541  	0,10850  	0,13914  	0,98611  	0,98343  	471065901,64743  	240920,93386  	32,02198  	2097028,33232  	0,79649  	0,00635  	-Inf  	-Inf  	0,00386  	0,00450  	0,00394  	0,00629  	110,06589  	0,00398  	0,00418  
84,12414  	107,91714  	1327,75450  	107,91715  	26,21641  	0,04946  	0,00955  	-15815,93170  	0,10905  	0,13859  	0,98364  	0,98097  	1959387,46585  	252,50490  	32,18367  	-4667896,50935  	1741,20648  	0,05492  	-Inf  	-Inf  	0,00386  	0,00451  	0,00395  	0,00629  	-244,98909  	0,00400  	0,00418  
85,12486  	975,90042  	106,91621  	-244,98909  	26,21505  	0,04945  	0,00958  	-15815,93170  	0,10984  	0,13901  	0,98741  	0,98473  	1501,64974  	273626,91754  	32,41745  	-4667896,50935  	0,78414  	21,11581  	NaN  	NaN  	0,00386  	0,00451  	0,00395  	0,00630  	-244,98909  	0,00400  	0,00418  
86,12482  	102,53590  	980,24409  	980,29553  	26,21396  	0,04619  	0,00961  	-15815,93170  	0,10857  	0,13958  	0,98161  	0,97894  	13795429,79930  	0,00994  	32,04388  	-4667896,50935  	1686,12766  	0,01318  	-Inf  	-Inf  	0,00386  	0,00450  	0,00395  	0,00628  	-244,98909  	0,00399  	0,00418  
87,12524  	-244,98909  	1327,75450  	98,62093  	26,21449  	0,04458  	0,00955  	63527,03422  	0,10858  	0,13862  	0,98608  	0,98340  	6234831,14199  	2493,19799  	32,04532  	18749298,29505  	23,49778  	0,05095  	-Inf  	-Inf  	0,00386  	0,00450  	0,00394  	0,00629  	984,05512  	0,00398  	0,00418  
88,12543  	-244,98909  	1327,75450  	-244,98909  	26,21605  	0,04649  	0,00957  	85706,53851  	0,10911  	0,13893  	0,98655  	0,98387  	1001676,46637  	3326,64993  	32,20221  	25295332,54600  	23,55004  	0,18361  	-Inf  	-Inf  	0,00386  	0,00451  	0,00394  	0,00629  	1327,62170  	0,00399  	0,00418  
89,12544  	987,17601  	95,64109  	987,17605  	26,21544  	0,05126  	0,00956  	6172,15176  	0,11016  	0,13879  	0,98418  	0,98151  	3546783,55156  	775597,44327  	32,51293  	1821642,01133  	0,74337  	0,20240  	-Inf  	-Inf  	0,00386  	0,00451  	0,00394  	0,00629  	95,61233  	0,00400  	0,00418  
90,12639  	1327,82048  	989,74983  	1327,82053  	26,21591  	0,04803  	0,00960  	63887,93485  	0,10954  	0,13933  	0,98615  	0,98348  	679810984,61630  	1913620,12251  	32,32917  	18855814,10648  	0,20064  	0,00670  	-Inf  	-Inf  	0,00386  	0,00451  	0,00395  	0,00629  	989,64557  	0,00399  	0,00418  
91,12822  	91,14314  	1327,75450  	91,14315  	26,21636  	0,04847  	0,00964  	85706,53851  	0,11116  	0,13988  	0,98581  	0,98313  	1455206,37423  	250,70700  	32,80744  	25295332,54600  	1552,58945  	0,05671  	-Inf  	-Inf  	0,00386  	0,00452  	0,00394  	0,00629  	1327,62170  	0,00400  	0,00419  
92,12768  	-244,98909  	89,30934  	-244,98909  	26,21705  	0,04571  	0,00962  	5763,42959  	0,11009  	0,13966  	0,98461  	0,98193  	577,20101  	695,15019  	32,49317  	1701012,20608  	23,67494  	15,71213  	-Inf  	-Inf  	0,00386  	0,00451  	0,00395  	0,00629  	89,28111  	0,00399  	0,00418  
93,12735  	-244,98909  	-244,98909  	995,54566  	26,21734  	0,04250  	0,00961  	-15815,93170  	0,11106  	0,13954  	0,98954  	0,98686  	79243,10806  	2398,43947  	32,77943  	-4667896,50935  	23,65466  	0,94619  	NaN  	NaN  	0,00386  	0,00452  	0,00395  	0,00630  	-244,98909  	0,00398  	0,00418  
94,12826  	-244,98909  	998,80233  	83,97689  	26,21712  	0,04997  	0,00967  	-15815,93170  	0,11040  	0,14045  	0,98481  	0,98213  	1012714,18917  	2079,68762  	32,58197  	-4667896,50935  	23,80767  	0,19733  	-Inf  	-Inf  	0,00386  	0,00451  	0,00395  	0,00629  	-244,98909  	0,00400  	0,00419  
95,12901  	-244,98909  	82,58716  	1000,23053  	26,21656  	0,04612  	0,00963  	-15815,93170  	0,11019  	0,13977  	0,98734  	0,98466  	1008054,59735  	1925,40878  	32,52274  	-4667896,50935  	23,69235  	0,18210  	-Inf  	-Inf  	0,00386  	0,00451  	0,00395  	0,00630  	-244,98909  	0,00399  	0,00418  
96,12881  	-244,98909  	-244,98909  	1327,82053  	26,21705  	0,04459  	0,00964  	-15815,93170  	0,11142  	0,13991  	0,98761  	0,98493  	1009173,50346  	3190,66212  	32,88511  	-4667896,50935  	23,71670  	0,17605  	NaN  	NaN  	0,00386  	0,00452  	0,00395  	0,00630  	-244,98909  	0,00398  	0,00419  
97,13008  	-244,98909  	1003,21512  	79,56391  	26,21747  	0,04340  	0,00967  	64757,13545  	0,11044  	0,14035  	0,98466  	0,98199  	1012046,13137  	1823,78999  	32,59395  	19112349,00342  	23,79204  	0,17140  	-Inf  	-Inf  	0,00386  	0,00451  	0,00394  	0,00629  	1003,10973  	0,00398  	0,00419  
98,13115  	-244,98909  	1327,75450  	-244,98909  	26,21715  	0,04285  	0,00966  	85706,53851  	0,11139  	0,14031  	0,98413  	0,98146  	1011622,89120  	3066,28666  	32,87464  	25295332,54600  	23,78406  	0,16924  	-Inf  	-Inf  	0,00386  	0,00452  	0,00395  	0,00629  	1327,62170  	0,00398  	0,00419  
99,13292  	-244,98909  	75,27413  	1007,54387  	26,21907  	0,04444  	0,00965  	85706,53851  	0,10986  	0,14003  	0,98503  	0,98235  	1009979,28103  	1884,82170  	32,42350  	25295332,54600  	23,73794  	0,17547  	-Inf  	-Inf  	0,00386  	0,00451  	0,00395  	0,00629  	1327,62170  	0,00398  	0,00419  
100,13288  	1011,37308  	-244,98909  	1327,82053  	26,21933  	0,04659  	0,00962  	4610,26760  	0,11053  	0,13959  	0,98511  	0,98243  	3657541,12347  	1459951,60448  	32,62150  	1360669,25664  	0,67052  	0,18394  	NaN  	NaN  	0,00386  	0,00451  	0,00395  	0,00629  	71,41832  	0,00399  	0,00418  
101,13331  	1327,82048  	1014,14848  	68,63009  	26,21876  	0,04270  	0,00962  	-15815,93170  	0,11110  	0,13971  	0,98716  	0,98448  	4834681,52111  	4758074,26239  	32,78952  	-4667896,50935  	0,20117  	0,16863  	NaN  	NaN  	0,00386  	0,00452  	0,00395  	0,00629  	-244,98909  	0,00398  	0,00418  
102,13435  	66,23713  	66,22408  	-244,98909  	26,21914  	0,05038  	0,00956  	-15815,93170  	0,10991  	0,13874  	0,98591  	0,98324  	126,30025  	65,55620  	32,43856  	-4667896,50935  	1262,80083  	13,20659  	NaN  	NaN  	0,00386  	0,00451  	0,00395  	0,00629  	-244,98909  	0,00400  	0,00418  
103,13492  	1018,02941  	1017,97642  	1018,02945  	26,21863  	0,04125  	0,00949  	65709,99528  	0,11043  	0,13777  	0,98422  	0,98154  	225154614,22042  	45,51916  	32,59232  	19393574,99708  	0,64256  	0,01001  	-Inf  	-Inf  	0,00386  	0,00451  	0,00394  	0,00629  	1017,86978  	0,00397  	0,00418  
104,13665  	60,70395  	1327,75450  	60,70396  	26,21924  	0,04971  	0,00956  	85706,53851  	0,11075  	0,13883  	0,98639  	0,98371  	665421,44480  	263,39516  	32,68647  	25295332,54600  	1204,39577  	0,06402  	-Inf  	-Inf  	0,00386  	0,00451  	0,00394  	0,00629  	1327,62170  	0,00400  	0,00418  
105,13931  	-244,98909  	59,05790  	-244,98909  	26,21879  	0,04601  	0,00958  	3810,66340  	0,11161  	0,13902  	0,98844  	0,98576  	972,38569  	636,44289  	32,93965  	1124674,96137  	23,56644  	11,12210  	-Inf  	-Inf  	0,00386  	0,00452  	0,00394  	0,00630  	59,03223  	0,00399  	0,00418  
106,14001  	1026,37054  	1026,31720  	1026,37058  	26,21825  	0,04777  	0,00959  	66248,40252  	0,10882  	0,13920  	0,98357  	0,98089  	241635065,41183  	56,00135  	32,11585  	19552479,90895  	0,62588  	0,01119  	-Inf  	-Inf  	0,00386  	0,00450  	0,00395  	0,00629  	1026,20986  	0,00399  	0,00418  
107,14100  	1327,82048  	51,15652  	51,16895  	26,21803  	0,04270  	0,00962  	3300,61970  	0,11053  	0,13964  	0,98569  	0,98301  	760,01919  	62,57454  	32,62142  	974141,23011  	0,20108  	421,68631  	NaN  	NaN  	0,00386  	0,00451  	0,00395  	0,00629  	51,13151  	0,00398  	0,00418  
108,14323  	47,75096  	-244,98909  	1035,08048  	26,21800  	0,04793  	0,00960  	66810,61293  	0,11164  	0,13931  	0,98533  	0,98265  	9051,13996  	256,60896  	32,94882  	19718410,06489  	1071,80334  	0,83166  	NaN  	NaN  	0,00386  	0,00452  	0,00395  	0,00629  	1034,91865  	0,00399  	0,00418  
109,14372  	-244,98909  	-244,98909  	1327,82053  	26,21749  	0,05151  	0,00963  	2946,96239  	0,11088  	0,13978  	0,98302  	0,98034  	1008221,76443  	3685,58344  	32,72607  	869763,20618  	23,69440  	0,20336  	NaN  	NaN  	0,00386  	0,00451  	0,00395  	0,00629  	45,65326  	0,00401  	0,00418  
110,14491  	1040,19949  	1040,14557  	1327,82053  	26,21673  	0,04453  	0,00966  	67141,03986  	0,11039  	0,14020  	0,98364  	0,98097  	610471323,45222  	307318,36702  	32,58022  	19815931,90422  	0,59372  	0,00567  	-Inf  	-Inf  	0,00386  	0,00451  	0,00395  	0,00629  	1040,03706  	0,00398  	0,00419  
111,14696  	38,88999  	1327,75450  	1327,82053  	26,21852  	0,04896  	0,00964  	2508,03204  	0,11146  	0,13995  	0,98570  	0,98302  	15671628,84443  	0,01352  	32,89714  	740217,78947  	984,78898  	0,00384  	-Inf  	-Inf  	0,00386  	0,00452  	0,00394  	0,00629  	38,85411  	0,00400  	0,00419  
112,14675  	1046,31082  	1327,75450  	36,52058  	26,21791  	0,04459  	0,00960  	67535,51707  	0,11053  	0,13932  	0,98411  	0,98144  	17599386,21868  	1435727,90233  	32,62052  	19932357,46937  	0,57469  	0,06210  	NaN  	NaN  	0,00386  	0,00451  	0,00395  	0,00629  	1046,14762  	0,00398  	0,00418  
113,14662  	33,04548  	1327,75450  	1049,78595  	26,21691  	0,04860  	0,00965  	2130,77792  	0,11116  	0,14002  	0,98434  	0,98167  	4211878,23198  	56,51335  	32,80776  	628875,42662  	925,81767  	0,00608  	-Inf  	-Inf  	0,00386  	0,00452  	0,00394  	0,00629  	33,01034  	0,00400  	0,00419  
114,14847  	-244,98909  	1327,75450  	1327,82053  	26,21739  	0,04980  	0,00959  	-15815,93170  	0,11163  	0,13921  	0,98446  	0,98178  	333665172,55396  	0,14962  	32,94640  	-4667896,50935  	23,59897  	0,00390  	-Inf  	-Inf  	0,00386  	0,00452  	0,00395  	0,00629  	-244,98909  	0,00400  	0,00418  
115,14864  	1055,10799  	27,71196  	1327,82053  	26,21831  	0,04678  	0,00963  	68103,36149  	0,11176  	0,13976  	0,98788  	0,98520  	17070129,11686  	1602394,15973  	32,98571  	20099950,44052  	0,55533  	0,06703  	-Inf  	-Inf  	0,00386  	0,00452  	0,00395  	0,00630  	1054,94368  	0,00399  	0,00418  
116,14932  	24,74319  	1058,03353  	1327,82053  	26,21900  	0,04462  	0,00966  	85706,53851  	0,11095  	0,14027  	0,99021  	0,98753  	932180,21129  	50,35857  	32,74436  	25295332,54600  	844,85815  	0,00550  	-Inf  	-Inf  	0,00386  	0,00451  	0,00394  	0,00630  	1327,62170  	0,00398  	0,00419  
117,14958  	1060,34228  	1327,75450  	1327,82053  	26,21976  	0,04276  	0,00968  	85706,53851  	0,11078  	0,14049  	0,98682  	0,98414  	1283917519,75272  	76,87039  	32,69687  	25295332,54600  	0,54602  	0,00335  	-Inf  	-Inf  	0,00386  	0,00451  	0,00394  	0,00629  	1327,62170  	0,00398  	0,00419  
118,15113  	19,92169  	19,91058  	1327,82053  	26,21793  	0,05012  	0,00963  	1283,65719  	0,11083  	0,13982  	0,98693  	0,98425  	100610,85997  	274,23495  	32,70972  	378857,15572  	795,69744  	0,07369  	NaN  	NaN  	0,00386  	0,00451  	0,00395  	0,00629  	19,88821  	0,00400  	0,00418  
119,15074  	-244,98909  	1065,42087  	1327,82053  	26,21884  	0,04812  	0,00960  	-15815,93170  	0,11025  	0,13942  	0,98410  	0,98142  	173631594,88414  	574,45480  	32,53863  	-4667896,50935  	23,63479  	0,00586  	-Inf  	-Inf  	0,00386  	0,00451  	0,00395  	0,00629  	-244,98909  	0,00399  	0,00418  
120,15038  	-244,98909  	15,82553  	15,83648  	26,21845  	0,04428  	0,00961  	-15815,93170  	0,11283  	0,13948  	0,98519  	0,98251  	158,25861  	0,02206  	33,30164  	-4667896,50935  	23,64346  	210,25701  	NaN  	NaN  	0,00386  	0,00452  	0,00394  	0,00629  	-244,98909  	0,00398  	0,00418  
121,15078  	-244,98909  	1069,51000  	1069,56519  	26,21845  	0,04673  	0,00962  	69036,54890  	0,11199  	0,13967  	0,98815  	0,98547  	85450537,77907  	0,11734  	33,05375  	20375370,33511  	23,67668  	0,00918  	-Inf  	-Inf  	0,00386  	0,00452  	0,00395  	0,00630  	1069,39901  	0,00399  	0,00418  
122,15297  	-244,98909  	11,99721  	12,00800  	26,21768  	0,04572  	0,00966  	85706,53851  	0,11059  	0,14022  	0,98730  	0,98462  	159,16327  	0,02244  	32,64022  	25295332,54600  	23,77001  	196,06363  	NaN  	NaN  	0,00386  	0,00451  	0,00394  	0,00630  	1327,62170  	0,00399  	0,00419  
123,15275  	1072,28607  	-244,98909  	1072,28612  	26,21832  	0,04919  	0,00964  	678,42647  	0,11053  	0,13999  	0,98761  	0,98493  	611293,60078  	1898653,72088  	32,62119  	200230,03382  	0,51754  	0,68406  	NaN  	NaN  	0,00386  	0,00451  	0,00395  	0,00630  	10,51302  	0,00400  	0,00419  
124,15303  	1327,82048  	-244,98909  	7,98029  	26,21623  	0,04569  	0,00964  	69377,74959  	0,10896  	0,13998  	0,98983  	0,98715  	11239,70030  	1362100,37362  	32,15722  	20476071,92871  	0,20157  	6,43162  	Inf  	-Inf  	0,00386  	0,00451  	0,00394  	0,00630  	1074,68430  	0,00399  	0,00419  
125,15287  	1327,82048  	-244,98909  	-244,98909  	26,21765  	0,04231  	0,00964  	85706,53851  	0,11005  	0,13996  	0,98304  	0,98037  	288690,25770  	0,00000  	32,48111  	25295332,54600  	0,20154  	0,81871  	Inf  	-Inf  	0,00386  	0,00451  	0,00395  	0,00629  	1327,62170  	0,00398  	0,00419  
126,15487  	1327,82048  	1078,31736  	-244,98909  	26,21761  	0,04756  	0,00959  	285,53207  	0,11153  	0,13926  	0,98692  	0,98424  	796273,38656  	7417468,66575  	32,91727  	84271,61883  	0,20053  	0,63882  	NaN  	NaN  	0,00386  	0,00452  	0,00395  	0,00629  	4,42698  	0,00399  	0,00418  
127,15458  	2,60603  	1327,75450  	1080,22540  	26,21926  	0,04804  	0,00968  	69724,64924  	0,11010  	0,14048  	0,98179  	0,97912  	15833931,91945  	49,75057  	32,49566  	20578455,50596  	642,58521  	0,00570  	-Inf  	-Inf  	0,00386  	0,00451  	0,00395  	0,00628  	1080,05787  	0,00399  	0,00419  
128,15531  	1084,66412  	1327,75450  	1327,82053  	26,21851  	0,05125  	0,00957  	-120,55781  	0,11050  	0,13890  	0,98288  	0,98020  	1299235282,63392  	106,93335  	32,61382  	-35581,29739  	0,48790  	0,00402  	-Inf  	-Inf  	0,00386  	0,00451  	0,00395  	0,00628  	-1,86346  	0,00400  	0,00418  
129,15830  	1327,82048  	1327,75450  	1327,82053  	26,21845  	0,04480  	0,00956  	-15815,93170  	0,10980  	0,13881  	0,98524  	0,98257  	1596722320,51957  	348,66511  	32,40483  	-4667896,50935  	0,19988  	0,00351  	-Inf  	-Inf  	0,00386  	0,00451  	0,00395  	0,00629  	-244,98909  	0,00398  	0,00418  
130,16108  	1327,82048  	-4,69573  	-4,68564  	26,21794  	0,04629  	0,00962  	70195,31628  	0,11103  	0,13959  	0,98402  	0,98135  	768,55276  	55,04073  	32,76873  	20717367,65138  	0,20100  	123,04787  	Inf  	-Inf  	0,00386  	0,00452  	0,00394  	0,00629  	1087,34863  	0,00399  	0,00418  
131,16315  	1327,82048  	1091,10539  	-244,98909  	26,21798  	0,05444  	0,00962  	85706,53851  	0,11152  	0,13965  	0,98698  	0,98430  	888421,07854  	8572839,48841  	32,91500  	25295332,54600  	0,20109  	0,67998  	NaN  	NaN  	0,00386  	0,00452  	0,00394  	0,00629  	1327,62170  	0,00401  	0,00418  
132,16416  	1327,82048  	-12,95525  	1095,77695  	26,21814  	0,04839  	0,00962  	-837,87111  	0,11004  	0,13958  	0,98301  	0,98033  	4831710,41936  	6323015,02843  	32,47849  	-247288,34965  	0,20099  	0,19107  	Inf  	-Inf  	0,00386  	0,00451  	0,00395  	0,00629  	-12,97484  	0,00400  	0,00418  
133,16440  	1327,82048  	1099,98433  	1327,82053  	26,21654  	0,04602  	0,00963  	71003,70321  	0,11051  	0,13987  	0,98619  	0,98351  	915132421,91372  	1235605,67893  	32,61714  	20955954,07120  	0,20141  	0,00527  	-Inf  	-Inf  	0,00386  	0,00451  	0,00395  	0,00629  	1099,87077  	0,00399  	0,00418  
134,16559  	1327,82048  	-22,28583  	1327,82053  	26,21762  	0,04481  	0,00968  	85706,53851  	0,11039  	0,14056  	0,98530  	0,98263  	16952925,08209  	7129499,41457  	32,58168  	25295332,54600  	0,20240  	0,07592  	NaN  	NaN  	0,00386  	0,00451  	0,00395  	0,00629  	1327,62170  	0,00398  	0,00419  
135,16708  	1327,82048  	1108,50644  	1327,82053  	26,21622  	0,04651  	0,00964  	85706,53851  	0,11172  	0,13996  	0,98712  	0,98444  	936164253,29818  	1202067,78563  	32,97327  	25295332,54600  	0,20154  	0,00525  	-Inf  	-Inf  	0,00386  	0,00452  	0,00395  	0,00629  	1327,62170  	0,00399  	0,00419  
136,16655  	1327,82048  	-28,89412  	1327,82053  	26,21759  	0,04753  	0,00963  	85706,53851  	0,11058  	0,13987  	0,98773  	0,98505  	16313289,81956  	7600284,70009  	32,63778  	25295332,54600  	0,20140  	0,08239  	NaN  	NaN  	0,00386  	0,00451  	0,00395  	0,00630  	1327,62170  	0,00399  	0,00418  
137,16798  	1327,82048  	1113,21807  	-30,44366  	26,21880  	0,04598  	0,00965  	85706,53851  	0,11034  	0,14008  	0,98750  	0,98482  	4847342,13227  	6197803,48803  	32,56689  	25295332,54600  	0,20170  	0,18160  	NaN  	NaN  	0,00386  	0,00451  	0,00394  	0,00630  	1327,62170  	0,00399  	0,00419  
138,16867  	-33,77246  	1327,75450  	1116,60389  	26,21772  	0,04643  	0,00964  	-2182,21868  	0,11064  	0,13996  	0,98564  	0,98296  	44051338,77941  	41,41983  	32,65382  	-644057,59544  	382,27745  	0,00517  	-Inf  	-Inf  	0,00386  	0,00451  	0,00394  	0,00629  	-33,79915  	0,00399  	0,00419  
139,16996  	1119,07662  	1327,75450  	-36,24522  	26,21849  	0,04484  	0,00962  	72232,43892  	0,11090  	0,13972  	0,98444  	0,98176  	13174504,03348  	2371776,28590  	32,73129  	21318601,76592  	0,42714  	0,07974  	NaN  	NaN  	0,00386  	0,00451  	0,00394  	0,00629  	1118,90422  	0,00398  	0,00418  
140,17215  	1327,82048  	1327,75450  	-244,98909  	26,21781  	0,04153  	0,00965  	85706,53851  	0,11079  	0,14015  	0,98618  	0,98350  	4849775,40801  	7698566,36104  	32,69709  	25295332,54600  	0,20182  	0,16404  	NaN  	NaN  	0,00386  	0,00451  	0,00394  	0,00629  	1327,62170  	0,00397  	0,00419  
