11/18/2024 15:44:09Time	T_hot_in(C)	T_cold_in(C)	T_cold_out(C)	T_hot_out(C)	mdot_cold(kg/s)	ASFASIFUAS(kg/s)	Diferencial_cold(bar)	Diferencial_hot(bar)	mdot_hot(kg/s)	ABS_cold(bar)	ABS_hot(bar)	q_cold(kW)	q_hot(kW)	ASFASYFY	Tau_cold_haste	Re_hot	Re_cold	U_global	PSIG_cold(bar)	R_fouling	PSIG_hot(bar)	PSID_hot(bar)	m_dot_hot	PSID_cold(bar)	m_dot_cold
2,03026  	0,00000  	0,00000  	0,00000  	0,00000  	-1,18512  	-0,20833  	-0,25900  	-0,86180  	-3,02442  	-1,72343  	-1,72415  	-0,00000  	-0,00000  	-254,35069  	-76,44127  	-9234,48090  	-3618,55272  	NaN  	NaN  	0,00000  	0,00000  	0,00000  	0,00000  	0,00000  	0,00000  	0,00000  
11/18/2024 15:44:28Time	T_hot_in(C)	T_cold_in(C)	T_cold_out(C)	T_hot_out(C)	mdot_cold(kg/s)	ASFASIFUAS(kg/s)	Diferencial_cold(bar)	Diferencial_hot(bar)	mdot_hot(kg/s)	ABS_cold(bar)	ABS_hot(bar)	q_cold(kW)	q_hot(kW)	ASFASYFY	Tau_cold_haste	Re_hot	Re_cold	U_global	PSIG_cold(bar)	R_fouling	PSIG_hot(bar)	PSID_hot(bar)	m_dot_hot	PSID_cold(bar)	m_dot_cold
2,07071  	0,00000  	0,00000  	0,00000  	0,00000  	-1,18512  	-0,20833  	-0,25900  	-0,86180  	-3,02442  	-1,72343  	-1,72415  	-0,00000  	-0,00000  	-254,35069  	-76,44127  	-9234,48090  	-3618,55272  	NaN  	NaN  	0,00000  	0,00000  	0,00000  	0,00000  	0,00000  	0,00000  	0,00000  
11/18/2024 15:45:15Time	T_hot_in(C)	T_cold_in(C)	T_cold_out(C)	T_hot_out(C)	mdot_cold(kg/s)	ASFASIFUAS(kg/s)	Diferencial_cold(bar)	Diferencial_hot(bar)	mdot_hot(kg/s)	ABS_cold(bar)	ABS_hot(bar)	q_cold(kW)	q_hot(kW)	ASFASYFY	Tau_cold_haste	Re_hot	Re_cold	U_global	PSIG_cold(bar)	R_fouling	PSIG_hot(bar)	PSID_hot(bar)	m_dot_hot	PSID_cold(bar)	m_dot_cold
11/18/2024 15:45:39Time	T_hot_in(C)	T_cold_in(C)	T_cold_out(C)	T_hot_out(C)	mdot_cold(kg/s)	ASFASIFUAS(kg/s)	Diferencial_cold(bar)	Diferencial_hot(bar)	mdot_hot(kg/s)	ABS_cold(bar)	ABS_hot(bar)	q_cold(kW)	q_hot(kW)	ASFASYFY	Tau_cold_haste	Re_hot	Re_cold	U_global	PSIG_cold(bar)	R_fouling	PSIG_hot(bar)	PSID_hot(bar)	m_dot_hot	PSID_cold(bar)	m_dot_cold
2,05197  	0,00000  	0,00000  	0,00000  	0,00000  	-1,18512  	-0,20833  	-0,25900  	-0,86180  	-3,02442  	-1,72343  	-1,72415  	-0,00000  	-0,00000  	-254,35069  	-76,44127  	-9234,48090  	-3618,55272  	NaN  	NaN  	0,00000  	0,00000  	0,00000  	0,00000  	0,00000  	0,00000  	0,00000  
3,05238  	1327,82048  	-244,98909  	1327,82053  	26,28043  	0,05077  	0,01060  	85706,53851  	0,13197  	0,15390  	1,16927  	1,16646  	5327375,83987  	9413307,35880  	38,94923  	25295332,54600  	0,22156  	0,20045  	NaN  	NaN  	0,00386  	0,00461  	0,00395  	0,00672  	1327,62170  	0,00400  	0,00420  
4,05184  	199,54612  	883,23794  	199,54613  	26,27930  	0,04518  	0,01113  	85706,53851  	0,15136  	0,16157  	1,34608  	1,34314  	744353,31669  	131,47588  	44,67269  	25295332,54600  	2445,17602  	0,17842  	-Inf  	-Inf  	0,00385  	0,00470  	0,00395  	0,00713  	1327,62170  	0,00398  	0,00421  
5,05302  	-244,98909  	1327,75450  	772,72975  	26,27916  	0,04619  	0,01143  	85706,53851  	0,15101  	0,16595  	1,34297  	1,34003  	90453762,32685  	1165,03184  	44,56788  	25295332,54600  	28,14828  	0,00981  	-Inf  	-Inf  	0,00385  	0,00470  	0,00395  	0,00712  	1327,62170  	0,00399  	0,00422  
6,05360  	774,30222  	308,50595  	1327,82053  	26,28035  	0,04479  	0,01147  	19912,83206  	0,15180  	0,16645  	1,34207  	1,33913  	50462884,83774  	151231,48539  	44,80222  	5877051,12861  	2,71005  	0,02799  	-Inf  	-Inf  	0,00385  	0,00470  	0,00396  	0,00712  	308,45922  	0,00398  	0,00422  
7,05511  	1327,82048  	776,38314  	306,40541  	26,28060  	0,04521  	0,01143  	50114,86148  	0,15162  	0,16588  	1,34435  	1,34141  	5740378,22785  	2504896,34483  	44,74846  	14790844,53319  	0,23880  	0,17854  	NaN  	NaN  	0,00385  	0,00470  	0,00395  	0,00712  	776,29690  	0,00398  	0,00422  
8,05662  	1327,82048  	1327,75450  	779,78683  	26,28033  	0,05132  	0,01144  	85706,53851  	0,15188  	0,16610  	1,34757  	1,34463  	443769324,34102  	3315272,36306  	44,82598  	25295332,54600  	0,23913  	0,01074  	NaN  	NaN  	0,00385  	0,00470  	0,00394  	0,00713  	1327,62170  	0,00400  	0,00422  
9,05632  	1327,82048  	1327,75450  	300,36487  	26,28069  	0,04773  	0,01141  	85706,53851  	0,15269  	0,16564  	1,34271  	1,33978  	84578444,51463  	5781403,56679  	45,06418  	25295332,54600  	0,23846  	0,03049  	NaN  	NaN  	0,00385  	0,00471  	0,00395  	0,00712  	1327,62170  	0,00399  	0,00422  
10,05726  	298,75634  	298,73353  	784,07508  	26,28173  	0,04726  	0,01144  	19282,01037  	0,15189  	0,16603  	1,33746  	1,33453  	1202974,45426  	147,88919  	44,82833  	5690871,11494  	379,47999  	0,18661  	-Inf  	-Inf  	0,00385  	0,00470  	0,00395  	0,00711  	298,68762  	0,00399  	0,00422  
11,05825  	-244,98909  	787,16318  	1327,82053  	26,28207  	0,04889  	0,01143  	50810,72541  	0,15119  	0,16588  	1,34609  	1,34315  	94460478,17920  	1201,18806  	44,62070  	14996221,04017  	28,13797  	0,01008  	-Inf  	-Inf  	0,00385  	0,00470  	0,00395  	0,00713  	787,07603  	0,00400  	0,00422  
12,05808  	-244,98909  	1327,75450  	1327,82053  	26,28222  	0,04880  	0,01145  	85706,53851  	0,15106  	0,16628  	1,34397  	1,34103  	398640358,58647  	0,14646  	44,58453  	25295332,54600  	28,20672  	0,00382  	-Inf  	-Inf  	0,00385  	0,00470  	0,00395  	0,00712  	1327,62170  	0,00400  	0,00422  
13,05928  	792,54316  	290,26578  	1327,82053  	26,28212  	0,04762  	0,01146  	85706,53851  	0,15123  	0,16639  	1,34384  	1,34090  	48058251,52788  	191835,03263  	44,63492  	25295332,54600  	2,43093  	0,03125  	-Inf  	-Inf  	0,00385  	0,00470  	0,00394  	0,00712  	1327,62170  	0,00399  	0,00422  
14,06035  	1327,82048  	793,64486  	1327,82053  	26,28232  	0,04669  	0,01144  	18661,48114  	0,15113  	0,16610  	1,34127  	1,33833  	462740149,52377  	2940495,20428  	44,60405  	5507728,80723  	0,23913  	0,00950  	-Inf  	-Inf  	0,00385  	0,00470  	0,00395  	0,00712  	289,07545  	0,00399  	0,00422  
15,06013  	287,33680  	287,31447  	1327,82053  	26,28301  	0,04969  	0,01146  	51345,71043  	0,15215  	0,16634  	1,34644  	1,34350  	16175646,43800  	299,02239  	44,90460  	15154115,92699  	476,28451  	0,03287  	-Inf  	-Inf  	0,00385  	0,00471  	0,00395  	0,00713  	795,36309  	0,00400  	0,00422  
16,06037  	-244,98909  	799,10383  	1327,82053  	26,28317  	0,04564  	0,01145  	85706,53851  	0,15285  	0,16627  	1,34259  	1,33966  	98130715,42276  	1096,53341  	45,11344  	25295332,54600  	28,20426  	0,00918  	-Inf  	-Inf  	0,00385  	0,00471  	0,00394  	0,00712  	1327,62170  	0,00399  	0,00422  
17,06030  	800,61471  	1327,75450  	1327,82053  	26,28364  	0,04641  	0,01142  	85706,53851  	0,15171  	0,16585  	1,34298  	1,34004  	1134903067,74976  	12,75079  	44,77530  	25295332,54600  	2,31170  	0,00364  	-Inf  	-Inf  	0,00385  	0,00470  	0,00395  	0,00712  	1327,62170  	0,00399  	0,00422  
18,06030  	280,95843  	1327,75450  	280,95845  	26,28359  	0,04881  	0,01146  	18133,18234  	0,15373  	0,16631  	1,34498  	1,34204  	15375353,35903  	280,61702  	45,37162  	5351807,28676  	541,89970  	0,03286  	-Inf  	-Inf  	0,00385  	0,00471  	0,00395  	0,00713  	280,89196  	0,00400  	0,00422  
19,06034  	803,02625  	1327,75450  	803,02628  	26,28217  	0,04493  	0,01145  	-15815,93170  	0,15145  	0,16627  	1,34092  	1,33798  	284235703,98254  	100104,56748  	44,69873  	-4667896,50935  	2,28553  	0,00897  	-Inf  	-Inf  	0,00385  	0,00470  	0,00395  	0,00712  	-244,98909  	0,00398  	0,00422  
20,06009  	1327,82048  	1327,75450  	1327,82053  	26,28206  	0,04730  	0,01141  	-15815,93170  	0,15171  	0,16567  	1,34457  	1,34163  	1905533270,67079  	368,19717  	44,77499  	-4667896,50935  	0,23850  	0,00371  	-Inf  	-Inf  	0,00385  	0,00470  	0,00395  	0,00712  	-244,98909  	0,00399  	0,00422  
21,06035  	277,49825  	1327,75450  	1327,82053  	26,28306  	0,04578  	0,01145  	51980,77390  	0,15067  	0,16629  	1,34175  	1,33881  	369181975,78704  	0,01618  	44,46843  	15341547,85381  	581,74781  	0,00359  	-Inf  	-Inf  	0,00385  	0,00470  	0,00395  	0,00712  	805,20040  	0,00399  	0,00422  
22,06024  	-244,98909  	276,00974  	1327,82053  	26,28427  	0,04484  	0,01146  	85706,53851  	0,15024  	0,16640  	1,34510  	1,34216  	16067051,31907  	2143,08579  	44,34185  	25295332,54600  	28,22732  	0,03058  	-Inf  	-Inf  	0,00386  	0,00470  	0,00394  	0,00713  	1327,62170  	0,00398  	0,00422  
23,06168  	-244,98909  	808,22675  	274,56047  	26,28490  	0,04925  	0,01145  	85706,53851  	0,15163  	0,16623  	1,33948  	1,33654  	1198982,12959  	1194,42225  	44,75252  	25295332,54600  	28,19802  	0,19449  	-Inf  	-Inf  	0,00385  	0,00470  	0,00395  	0,00711  	1327,62170  	0,00400  	0,00422  
24,06304  	-244,98909  	273,59803  	809,21164  	26,28406  	0,04499  	0,01143  	85706,53851  	0,15212  	0,16599  	1,34470  	1,34177  	1197434,78079  	1095,04152  	44,89646  	25295332,54600  	28,15753  	0,17764  	-Inf  	-Inf  	0,00385  	0,00471  	0,00395  	0,00713  	1327,62170  	0,00398  	0,00422  
25,06390  	811,30052  	811,25620  	271,53089  	26,28412  	0,04670  	0,01142  	85706,53851  	0,15171  	0,16581  	1,34443  	1,34150  	3460795,20970  	114754,26565  	44,77698  	25295332,54600  	2,17346  	0,18442  	NaN  	NaN  	0,00385  	0,00470  	0,00395  	0,00712  	1327,62170  	0,00399  	0,00422  
26,06455  	1327,82048  	1327,75450  	-244,98909  	26,28480  	0,04993  	0,01139  	85706,53851  	0,15112  	0,16536  	1,34333  	1,34039  	5721873,46724  	9258125,79827  	44,60136  	25295332,54600  	0,23807  	0,19720  	NaN  	NaN  	0,00385  	0,00470  	0,00394  	0,00712  	1327,62170  	0,00400  	0,00422  
27,06386  	1327,82048  	263,75654  	819,05354  	26,28479  	0,04645  	0,01141  	17024,20402  	0,15312  	0,16568  	1,34169  	1,33875  	5734536,79490  	3040865,28506  	45,19266  	5024504,65761  	0,23853  	0,18342  	NaN  	NaN  	0,00385  	0,00471  	0,00395  	0,00712  	263,71358  	0,00399  	0,00422  
28,06671  	1327,82048  	821,02703  	261,75966  	26,28619  	0,04904  	0,01140  	-15815,93170  	0,15235  	0,16543  	1,34036  	1,33743  	5724756,79133  	3233175,93265  	44,96570  	-4667896,50935  	0,23815  	0,19365  	NaN  	NaN  	0,00385  	0,00471  	0,00395  	0,00711  	-244,98909  	0,00400  	0,00422  
29,06813  	260,13079  	260,10960  	822,70064  	26,28626  	0,04723  	0,01139  	-15815,93170  	0,15185  	0,16540  	1,34377  	1,34083  	1028541,82534  	128,46020  	44,81767  	-4667896,50935  	832,67258  	0,18648  	-Inf  	-Inf  	0,00385  	0,00470  	0,00394  	0,00712  	-244,98909  	0,00399  	0,00422  
30,06942  	-244,98909  	826,95074  	255,83570  	26,28670  	0,04683  	0,01146  	53379,05997  	0,15045  	0,16638  	1,34276  	1,33982  	1200082,90548  	1215,30399  	44,40443  	15754236,45032  	28,22439  	0,18492  	-Inf  	-Inf  	0,00385  	0,00470  	0,00395  	0,00712  	826,86023  	0,00399  	0,00422  
31,06965  	-244,98909  	1327,75450  	830,87929  	26,28835  	0,05131  	0,01144  	85706,53851  	0,15141  	0,16613  	1,34280  	1,33986  	107713796,00282  	1158,43804  	44,68726  	25295332,54600  	28,18274  	0,00969  	-Inf  	-Inf  	0,00385  	0,00470  	0,00395  	0,00712  	1327,62170  	0,00400  	0,00422  
32,06949  	833,64371  	1327,75450  	1327,82053  	26,29046  	0,04438  	0,01145  	85706,53851  	0,15360  	0,16627  	1,34373  	1,34079  	1186306884,10573  	16,04313  	45,33304  	25295332,54600  	1,92250  	0,00348  	-Inf  	-Inf  	0,00385  	0,00471  	0,00395  	0,00712  	1327,62170  	0,00398  	0,00422  
33,06939  	1327,82048  	247,71167  	247,73236  	26,29332  	0,04763  	0,01146  	85706,53851  	0,15143  	0,16637  	1,34087  	1,33794  	20609,77668  	116,15756  	44,69297  	25295332,54600  	0,23951  	9,00862  	NaN  	NaN  	0,00385  	0,00470  	0,00394  	0,00712  	1327,62170  	0,00399  	0,00422  
34,06966  	1327,82048  	836,84213  	-244,98909  	26,29485  	0,04612  	0,01148  	85706,53851  	0,15351  	0,16664  	1,34572  	1,34278  	79758,96349  	5882070,37084  	45,30533  	25295332,54600  	0,23989  	3,38664  	NaN  	NaN  	0,00385  	0,00471  	0,00394  	0,00713  	1327,62170  	0,00399  	0,00422  
35,07013  	1327,82048  	1327,75450  	-244,98909  	26,29716  	0,04673  	0,01144  	85706,53851  	0,15042  	0,16602  	1,34250  	1,33957  	5744331,21226  	8665666,98059  	44,39572  	25295332,54600  	0,23899  	0,18457  	NaN  	NaN  	0,00386  	0,00470  	0,00395  	0,00712  	1327,62170  	0,00399  	0,00422  
36,07029  	244,17575  	244,15523  	838,65568  	26,29940  	0,05027  	0,01142  	15758,91612  	0,15223  	0,16584  	1,34725  	1,34431  	960850,73549  	136,03700  	44,92838  	4651068,99338  	1169,14821  	0,19852  	-Inf  	-Inf  	0,00385  	0,00471  	0,00395  	0,00713  	244,11393  	0,00400  	0,00422  
37,07035  	-244,98909  	840,81070  	241,97515  	26,30140  	0,04673  	0,01143  	54273,73692  	0,15061  	0,16592  	1,34008  	1,33714  	1196806,33742  	1271,45023  	44,45004  	16018290,40994  	28,15021  	0,18456  	-Inf  	-Inf  	0,00385  	0,00470  	0,00395  	0,00711  	840,71902  	0,00399  	0,00422  
38,07029  	842,76601  	1327,75450  	842,76604  	26,30389  	0,05387  	0,01140  	85706,53851  	0,15128  	0,16554  	1,34165  	1,33871  	334475551,63795  	153955,32210  	44,64959  	25295332,54600  	1,82034  	0,00994  	-Inf  	-Inf  	0,00385  	0,00470  	0,00395  	0,00712  	1327,62170  	0,00401  	0,00422  
39,07031  	1327,82048  	238,88361  	1327,82053  	26,30493  	0,04543  	0,01146  	15418,62705  	0,15167  	0,16639  	1,34305  	1,34011  	66217582,52029  	5832981,66923  	44,76332  	4550636,45467  	0,23953  	0,03434  	-Inf  	-Inf  	0,00385  	0,00470  	0,00395  	0,00712  	238,84276  	0,00399  	0,00422  
40,07041  	237,96004  	-244,98909  	237,96005  	26,30656  	0,04989  	0,01140  	-15815,93170  	0,15304  	0,16548  	1,34222  	1,33929  	147,90877  	107,85328  	45,16706  	-4667896,50935  	1326,16337  	137,33920  	NaN  	NaN  	0,00385  	0,00471  	0,00395  	0,00712  	-244,98909  	0,00400  	0,00422  
41,07140  	-244,98909  	846,05854  	-244,98909  	26,30888  	0,04536  	0,01137  	54612,49126  	0,15087  	0,16506  	1,34332  	1,34038  	18486,93027  	2248,09390  	44,52689  	16118269,98846  	28,00610  	3,07532  	-Inf  	-Inf  	0,00385  	0,00470  	0,00394  	0,00712  	845,96642  	0,00399  	0,00422  
42,07375  	-244,98909  	234,91627  	847,89502  	26,30883  	0,04568  	0,01147  	85706,53851  	0,15070  	0,16651  	1,34294  	1,34001  	1201292,98428  	1272,07501  	44,47824  	25295332,54600  	28,25267  	0,18039  	-Inf  	-Inf  	0,00385  	0,00470  	0,00395  	0,00712  	1327,62170  	0,00399  	0,00422  
43,07316  	-244,98909  	850,66176  	232,12368  	26,30883  	0,04968  	0,01140  	85706,53851  	0,15000  	0,16554  	1,34165  	1,33872  	1194109,43036  	1395,77051  	44,27083  	25295332,54600  	28,08825  	0,19617  	-Inf  	-Inf  	0,00385  	0,00470  	0,00394  	0,00712  	1327,62170  	0,00400  	0,00422  
44,07289  	855,22296  	1327,75450  	855,22300  	26,31007  	0,04331  	0,01148  	85706,53851  	0,15127  	0,16665  	1,34008  	1,33714  	354507298,97792  	133157,79540  	44,64653  	25295332,54600  	1,71306  	0,00780  	-Inf  	-Inf  	0,00385  	0,00470  	0,00394  	0,00711  	1327,62170  	0,00398  	0,00422  
45,07307  	225,91010  	1327,75450  	1327,82053  	26,31110  	0,04313  	0,01146  	14579,89588  	0,15015  	0,16632  	1,34409  	1,34115  	293382563,29326  	0,01245  	44,31512  	4303094,26983  	1688,17237  	0,00338  	-Inf  	-Inf  	0,00385  	0,00470  	0,00394  	0,00712  	225,85058  	0,00398  	0,00422  
46,07463  	858,27345  	224,53824  	1327,82053  	26,31222  	0,05684  	0,01144  	55397,99061  	0,15196  	0,16613  	1,34333  	1,34040  	39810454,80856  	417931,70026  	44,84827  	16350101,39630  	1,68002  	0,04473  	-Inf  	-Inf  	0,00385  	0,00471  	0,00395  	0,00712  	858,13402  	0,00402  	0,00422  
47,07568  	1327,82048  	-244,98909  	1327,82053  	26,31393  	0,04783  	0,01145  	85706,53851  	0,15309  	0,16621  	1,34495  	1,34201  	5753285,08374  	8869584,78640  	45,18324  	25295332,54600  	0,23926  	0,18884  	NaN  	NaN  	0,00385  	0,00471  	0,00395  	0,00713  	1327,62170  	0,00399  	0,00422  
48,07568  	222,16962  	860,61539  	1327,82053  	26,31560  	0,04784  	0,01144  	85706,53851  	0,15114  	0,16606  	1,34081  	1,33788  	84799174,77379  	97,14477  	44,60770  	25295332,54600  	1804,65497  	0,00852  	-Inf  	-Inf  	0,00385  	0,00470  	0,00395  	0,00712  	1327,62170  	0,00399  	0,00422  
49,07573  	863,41933  	219,39258  	1327,82053  	26,31662  	0,04539  	0,01145  	85706,53851  	0,15291  	0,16618  	1,34007  	1,33714  	39213610,07449  	349089,11227  	45,12937  	25295332,54600  	1,63505  	0,03625  	-Inf  	-Inf  	0,00385  	0,00471  	0,00394  	0,00711  	1327,62170  	0,00399  	0,00422  
50,07571  	1327,82048  	866,53383  	216,25094  	26,31819  	0,05010  	0,01142  	85706,53851  	0,15307  	0,16584  	1,34190  	1,33897  	5738852,32616  	3841089,26367  	45,17700  	25295332,54600  	0,23872  	0,19783  	NaN  	NaN  	0,00385  	0,00471  	0,00395  	0,00712  	1327,62170  	0,00400  	0,00422  
51,07723  	215,21499  	1327,75450  	867,61644  	26,31897  	0,04379  	0,01140  	85706,53851  	0,15160  	0,16545  	1,34104  	1,33811  	83136476,71954  	86,83246  	44,74338  	25295332,54600  	2023,90698  	0,00770  	-Inf  	-Inf  	0,00385  	0,00470  	0,00395  	0,00712  	1327,62170  	0,00398  	0,00422  
52,07695  	-244,98909  	1327,75450  	213,40668  	26,32040  	0,05073  	0,01145  	85706,53851  	0,15143  	0,16617  	1,34450  	1,34156  	12388485,71688  	2567,63333  	44,69184  	25295332,54600  	28,19815  	0,04122  	-Inf  	-Inf  	0,00385  	0,00470  	0,00395  	0,00712  	1327,62170  	0,00400  	0,00422  
53,07941  	872,29358  	210,51870  	-244,98909  	26,32185  	0,04919  	0,01149  	13587,63802  	0,15190  	0,16678  	1,34561  	1,34267  	618,12170  	166570,25513  	44,83242  	4010240,38876  	1,56574  	89,71446  	NaN  	NaN  	0,00385  	0,00470  	0,00395  	0,00713  	210,48024  	0,00400  	0,00422  
54,07993  	1327,82048  	-244,98909  	-244,98909  	26,32266  	0,05018  	0,01148  	-15815,93170  	0,15350  	0,16660  	1,34347  	1,34053  	343611,54056  	0,00000  	45,30396  	-4667896,50935  	0,23982  	0,97091  	Inf  	-Inf  	0,00386  	0,00471  	0,00395  	0,00712  	-244,98909  	0,00400  	0,00422  
55,08039  	1327,82048  	875,79865  	-244,98909  	26,32307  	0,04852  	0,01149  	56532,25052  	0,15093  	0,16683  	1,34391  	1,34097  	128384,95743  	6412422,98367  	44,54624  	16684865,60533  	0,24014  	2,56862  	NaN  	NaN  	0,00385  	0,00470  	0,00394  	0,00712  	875,70401  	0,00400  	0,00422  
56,08177  	1327,82048  	1327,75450  	880,28585  	26,32339  	0,05015  	0,01146  	85706,53851  	0,15244  	0,16637  	1,34325  	1,34031  	597400150,50095  	2646191,64734  	44,99034  	25295332,54600  	0,23948  	0,00860  	NaN  	NaN  	0,00385  	0,00471  	0,00395  	0,00712  	1327,62170  	0,00400  	0,00422  
57,08226  	1327,82048  	199,64610  	1327,82053  	26,32449  	0,04641  	0,01147  	85706,53851  	0,15116  	0,16653  	1,34701  	1,34407  	56199399,68134  	6173434,61811  	44,61184  	25295332,54600  	0,23971  	0,03921  	-Inf  	-Inf  	0,00385  	0,00470  	0,00395  	0,00713  	1327,62170  	0,00399  	0,00422  
58,08305  	1327,82048  	884,81214  	1327,82053  	26,32523  	0,04545  	0,01147  	85706,53851  	0,15255  	0,16644  	1,34171  	1,33877  	605568728,39407  	2374441,14183  	45,02262  	25295332,54600  	0,23958  	0,00773  	-Inf  	-Inf  	0,00385  	0,00471  	0,00394  	0,00712  	1327,62170  	0,00399  	0,00422  
59,08581  	194,10263  	1327,75450  	1327,82053  	26,32616  	0,04626  	0,01145  	85706,53851  	0,15032  	0,16627  	1,34304  	1,34011  	246537325,62687  	0,01297  	44,36609  	25295332,54600  	2650,76258  	0,00363  	-Inf  	-Inf  	0,00385  	0,00470  	0,00394  	0,00712  	1327,62170  	0,00399  	0,00422  
60,08569  	-244,98909  	191,83171  	191,85006  	26,32602  	0,04424  	0,01140  	85706,53851  	0,15057  	0,16545  	1,34069  	1,33776  	660,64545  	0,03685  	44,43836  	25295332,54600  	28,07785  	36,28265  	-Inf  	-Inf  	0,00385  	0,00470  	0,00395  	0,00712  	1327,62170  	0,00398  	0,00422  
61,08564  	893,50914  	893,46138  	-244,98909  	26,32447  	0,04760  	0,01153  	85706,53851  	0,15322  	0,16740  	1,34746  	1,34452  	105250,06448  	473433,54942  	45,22165  	25295332,54600  	1,40816  	2,19066  	NaN  	NaN  	0,00385  	0,00471  	0,00395  	0,00713  	1327,62170  	0,00399  	0,00422  
62,08566  	1327,82048  	185,22751  	897,58587  	26,32486  	0,04878  	0,01147  	11955,06195  	0,15249  	0,16658  	1,34286  	1,33992  	5765610,78920  	4097307,22002  	45,00705  	3528403,70016  	0,23979  	0,19261  	NaN  	NaN  	0,00385  	0,00471  	0,00395  	0,00712  	185,19119  	0,00400  	0,00422  
63,08742  	1327,82048  	898,93883  	1327,82053  	26,32578  	0,04785  	0,01145  	58025,97702  	0,15094  	0,16622  	1,34199  	1,33905  	629659909,74739  	2420062,83338  	44,54829  	17125722,38348  	0,23926  	0,00792  	-Inf  	-Inf  	0,00385  	0,00470  	0,00394  	0,00712  	898,84224  	0,00399  	0,00422  
64,08968  	1327,82048  	1327,75450  	182,04646  	26,32623  	0,05313  	0,01149  	85706,53851  	0,15207  	0,16680  	1,34486  	1,34192  	52184546,16175  	7177527,55102  	44,88070  	25295332,54600  	0,24010  	0,04725  	NaN  	NaN  	0,00385  	0,00471  	0,00395  	0,00713  	1327,62170  	0,00401  	0,00422  
65,08895  	1327,82048  	1327,75450  	903,93607  	26,32620  	0,05236  	0,01142  	85706,53851  	0,15054  	0,16575  	1,34333  	1,34039  	636756045,34501  	2616905,04000  	44,43112  	25295332,54600  	0,23859  	0,00858  	NaN  	NaN  	0,00386  	0,00470  	0,00394  	0,00712  	1327,62170  	0,00401  	0,00422  
66,09013  	1327,82048  	1327,75450  	1327,82053  	26,32627  	0,04872  	0,01141  	85706,53851  	0,15389  	0,16569  	1,34528  	1,34234  	1905732269,46776  	379,37915  	45,41879  	25295332,54600  	0,23850  	0,00382  	-Inf  	-Inf  	0,00385  	0,00471  	0,00395  	0,00713  	1327,62170  	0,00400  	0,00422  
67,09036  	1327,82048  	1327,75450  	1327,82053  	26,32666  	0,04904  	0,01138  	85706,53851  	0,15149  	0,16525  	1,34054  	1,33760  	1900733507,28480  	381,81718  	44,70933  	25295332,54600  	0,23787  	0,00384  	-Inf  	-Inf  	0,00385  	0,00470  	0,00395  	0,00712  	1327,62170  	0,00400  	0,00422  
68,09212  	1327,82048  	170,67805  	1327,82053  	26,32760  	0,04755  	0,01147  	11015,87670  	0,15334  	0,16652  	1,34191  	1,33897  	49606119,86299  	6487383,02520  	45,25570  	3251213,60884  	0,23969  	0,04370  	-Inf  	-Inf  	0,00385  	0,00471  	0,00395  	0,00712  	170,64295  	0,00399  	0,00422  
69,09318  	168,47823  	-244,98909  	168,47824  	26,32777  	0,05029  	0,01140  	59017,85077  	0,15186  	0,16553  	1,34189  	1,33895  	125,39043  	87,61764  	44,81833  	17418462,90221  	2894,71291  	49,27835  	NaN  	NaN  	0,00385  	0,00470  	0,00395  	0,00712  	914,20664  	0,00400  	0,00422  
70,09317  	917,82262  	917,77383  	-244,98909  	26,32820  	0,04192  	0,01148  	85706,53851  	0,15095  	0,16667  	1,34205  	1,33912  	141104,92695  	509687,82292  	44,55082  	25295332,54600  	1,24057  	1,60299  	NaN  	NaN  	0,00385  	0,00470  	0,00395  	0,00712  	1327,62170  	0,00397  	0,00422  
71,09326  	1327,82048  	1327,75450  	921,24390  	26,32825  	0,04368  	0,01145  	85706,53851  	0,15263  	0,16616  	1,34409  	1,34116  	670343182,91825  	2093583,35986  	45,04617  	25295332,54600  	0,23918  	0,00693  	NaN  	NaN  	0,00385  	0,00471  	0,00395  	0,00712  	1327,62170  	0,00398  	0,00422  
72,09438  	1327,82048  	160,77876  	1327,82053  	26,32879  	0,04656  	0,01147  	10376,86561  	0,15231  	0,16644  	1,34064  	1,33771  	47487660,54568  	6407694,31113  	44,95240  	3062616,58693  	0,23959  	0,04407  	-Inf  	-Inf  	0,00385  	0,00471  	0,00395  	0,00712  	160,74449  	0,00399  	0,00422  
73,09540  	1327,82048  	923,24485  	159,53755  	26,32958  	0,04851  	0,01147  	-15815,93170  	0,15096  	0,16651  	1,34189  	1,33896  	5761978,53046  	4368361,87373  	44,55313  	-4667896,50935  	0,23968  	0,19156  	NaN  	NaN  	0,00385  	0,00470  	0,00395  	0,00712  	-244,98909  	0,00400  	0,00422  
74,09524  	157,39404  	157,37716  	925,43739  	26,32908  	0,04615  	0,01150  	59733,31823  	0,15188  	0,16692  	1,34526  	1,34232  	581790,00674  	149,07712  	44,82652  	17629625,17243  	2845,94828  	0,18221  	-Inf  	-Inf  	0,00385  	0,00470  	0,00394  	0,00713  	925,28943  	0,00399  	0,00422  
75,09590  	929,19081  	929,14155  	153,64059  	26,33037  	0,04264  	0,01141  	85706,53851  	0,15105  	0,16568  	1,34584  	1,34291  	3977202,23845  	375417,06845  	44,58010  	25295332,54600  	1,16616  	0,16838  	NaN  	NaN  	0,00385  	0,00470  	0,00396  	0,00713  	1327,62170  	0,00398  	0,00422  
76,09741  	1327,82048  	152,44152  	-244,98909  	26,33030  	0,04947  	0,01144  	9838,68692  	0,15262  	0,16608  	1,34287  	1,33994  	1329,65877  	2318203,47267  	45,04465  	2903779,12559  	0,23906  	38,63099  	NaN  	NaN  	0,00385  	0,00471  	0,00394  	0,00712  	152,40796  	0,00400  	0,00422  
77,09959  	1327,82048  	932,84204  	-244,98909  	26,33033  	0,04113  	0,01143  	60214,46914  	0,15245  	0,16596  	1,34660  	1,34366  	241078,14462  	5712419,38154  	44,99531  	17771631,51773  	0,23889  	1,40810  	NaN  	NaN  	0,00385  	0,00471  	0,00395  	0,00713  	932,74258  	0,00397  	0,00422  
78,10030  	1327,82048  	1327,75450  	937,05257  	26,32946  	0,04639  	0,01141  	85706,53851  	0,15336  	0,16558  	1,34039  	1,33745  	698284832,68471  	2137235,69667  	45,26203  	25295332,54600  	0,23834  	0,00714  	NaN  	NaN  	0,00385  	0,00471  	0,00395  	0,00712  	1327,62170  	0,00399  	0,00422  
79,10038  	1327,82048  	1327,75450  	142,63319  	26,32998  	0,04932  	0,01141  	85706,53851  	0,15241  	0,16564  	1,34125  	1,33831  	43611890,66714  	6891947,95668  	44,98276  	25295332,54600  	0,23843  	0,04928  	NaN  	NaN  	0,00385  	0,00471  	0,00395  	0,00712  	1327,62170  	0,00400  	0,00422  
80,10014  	1327,82048  	140,33938  	942,47589  	26,33014  	0,04768  	0,01145  	85706,53851  	0,15206  	0,16615  	1,34121  	1,33828  	5750751,73137  	4509520,57072  	44,87818  	25295332,54600  	0,23917  	0,18825  	NaN  	NaN  	0,00385  	0,00471  	0,00395  	0,00712  	1327,62170  	0,00399  	0,00422  
81,10114  	1327,82048  	-244,98909  	1327,82053  	26,33022  	0,04503  	0,01140  	85706,53851  	0,15233  	0,16545  	1,34359  	1,34065  	5727090,87833  	8351256,97892  	44,95920  	25295332,54600  	0,23816  	0,17779  	NaN  	NaN  	0,00385  	0,00471  	0,00394  	0,00712  	1327,62170  	0,00398  	0,00422  
82,10275  	1327,82048  	945,89235  	1327,82053  	26,33002  	0,04695  	0,01146  	85706,53851  	0,15332  	0,16631  	1,34488  	1,34194  	719010618,99372  	2114236,99890  	45,24941  	25295332,54600  	0,23940  	0,00710  	-Inf  	-Inf  	0,00385  	0,00471  	0,00394  	0,00713  	1327,62170  	0,00399  	0,00422  
83,10198  	1327,82048  	1327,75450  	1327,82053  	26,33125  	0,04566  	0,01146  	85706,53851  	0,15212  	0,16639  	1,34295  	1,34002  	1913838925,97266  	355,52063  	44,89721  	25295332,54600  	0,23951  	0,00358  	-Inf  	-Inf  	0,00385  	0,00471  	0,00395  	0,00712  	1327,62170  	0,00399  	0,00422  
84,10319  	132,34697  	132,33114  	132,34698  	26,33227  	0,04415  	0,01142  	8540,53788  	0,15197  	0,16572  	1,34194  	1,33901  	78,72027  	0,00293  	44,85333  	2520644,86011  	2470,70622  	350,85268  	-Inf  	-Inf  	0,00385  	0,00471  	0,00395  	0,00712  	132,29928  	0,00398  	0,00422  
85,10556  	953,25216  	953,20189  	-244,98909  	26,33198  	0,04626  	0,01141  	-15815,93170  	0,15185  	0,16564  	1,34698  	1,34404  	211739,46499  	746208,98233  	44,81623  	-4667896,50935  	1,03835  	1,37015  	NaN  	NaN  	0,00385  	0,00470  	0,00395  	0,00713  	-244,98909  	0,00399  	0,00422  
86,10554  	127,41102  	1327,75450  	955,42041  	26,33171  	0,04554  	0,01141  	61668,67673  	0,15161  	0,16566  	1,33773  	1,33480  	57103160,38841  	71,07863  	44,74617  	18200824,72814  	2389,88685  	0,00677  	-Inf  	-Inf  	0,00385  	0,00470  	0,00395  	0,00711  	955,26866  	0,00399  	0,00422  
87,10768  	959,20797  	123,60796  	123,62344  	26,33119  	0,04651  	0,01141  	7977,44643  	0,15103  	0,16566  	1,34283  	1,33990  	670,49825  	10,10150  	44,57479  	2354454,67585  	1,00963  	516,81810  	NaN  	NaN  	0,00385  	0,00470  	0,00395  	0,00712  	123,57684  	0,00399  	0,00422  
88,10741  	1327,82048  	962,13166  	962,18235  	26,33286  	0,04822  	0,01142  	-15815,93170  	0,15173  	0,16581  	1,34535  	1,34241  	248060727,45697  	288,19025  	44,78159  	-4667896,50935  	0,23866  	0,01491  	NaN  	NaN  	0,00385  	0,00470  	0,00394  	0,00713  	-244,98909  	0,00399  	0,00422  
89,10835  	1327,82048  	117,39567  	1327,82053  	26,33256  	0,04356  	0,01144  	62314,17077  	0,15244  	0,16609  	1,34222  	1,33929  	39062373,82221  	6217816,98998  	44,99173  	18391335,12377  	0,23907  	0,04698  	-Inf  	-Inf  	0,00385  	0,00471  	0,00394  	0,00712  	965,26754  	0,00398  	0,00422  
90,10887  	1327,82048  	-244,98909  	1327,82053  	26,33352  	0,04650  	0,01141  	85706,53851  	0,15576  	0,16563  	1,34371  	1,34077  	5733265,63426  	8625027,51524  	45,97225  	25295332,54600  	0,23841  	0,18362  	NaN  	NaN  	0,00385  	0,00472  	0,00395  	0,00712  	1327,62170  	0,00399  	0,00422  
91,11029  	1327,82048  	969,39991  	113,38054  	26,33364  	0,04768  	0,01145  	85706,53851  	0,15120  	0,16626  	1,34829  	1,34535  	5753136,89369  	4813254,58472  	44,62393  	25295332,54600  	0,23931  	0,18831  	NaN  	NaN  	0,00386  	0,00470  	0,00395  	0,00713  	1327,62170  	0,00399  	0,00422  
92,11014  	109,20763  	1327,75450  	-244,98909  	26,33369  	0,04013  	0,01145  	85706,53851  	0,15207  	0,16629  	1,33994  	1,33701  	366367,84533  	264,16160  	44,88174  	25295332,54600  	2110,58155  	0,15848  	NaN  	NaN  	0,00385  	0,00471  	0,00394  	0,00711  	1327,62170  	0,00397  	0,00422  
93,11014  	975,02313  	1327,75450  	975,02317  	26,33262  	0,04840  	0,01144  	85706,53851  	0,15143  	0,16605  	1,34333  	1,34039  	567074956,81610  	267094,07434  	44,69209  	25295332,54600  	0,93999  	0,00694  	-Inf  	-Inf  	0,00385  	0,00470  	0,00395  	0,00712  	1327,62170  	0,00400  	0,00422  
94,11177  	1327,82048  	1327,75450  	106,20249  	26,33341  	0,05089  	0,01142  	85706,53851  	0,15132  	0,16581  	1,34291  	1,33997  	37052422,88222  	7329766,45824  	44,66096  	25295332,54600  	0,23867  	0,05681  	NaN  	NaN  	0,00385  	0,00470  	0,00395  	0,00712  	1327,62170  	0,00400  	0,00422  
95,11232  	1327,82048  	1327,75450  	978,09799  	26,33495  	0,05065  	0,01145  	85706,53851  	0,15250  	0,16617  	1,34257  	1,33963  	785119662,10641  	2088293,39238  	45,01008  	25295332,54600  	0,23919  	0,00722  	NaN  	NaN  	0,00385  	0,00471  	0,00395  	0,00712  	1327,62170  	0,00400  	0,00422  
96,11227  	1327,82048  	1327,75450  	1327,82053  	26,33616  	0,04449  	0,01150  	85706,53851  	0,15160  	0,16690  	1,34674  	1,34380  	1919608494,53654  	346,42363  	44,74234  	25295332,54600  	0,24023  	0,00349  	-Inf  	-Inf  	0,00385  	0,00470  	0,00395  	0,00713  	1327,62170  	0,00398  	0,00422  
97,11204  	99,00405  	1327,75450  	1327,82053  	26,33505  	0,05089  	0,01147  	6388,30309  	0,15219  	0,16648  	1,34374  	1,34080  	106915804,13069  	0,01406  	44,91743  	1885436,67469  	1961,30005  	0,00399  	-Inf  	-Inf  	0,00385  	0,00471  	0,00395  	0,00712  	98,96057  	0,00400  	0,00422  
98,11249  	985,64555  	1327,75450  	1327,82053  	26,33640  	0,04546  	0,01146  	63619,66637  	0,15217  	0,16633  	1,34480  	1,34186  	1410125074,53521  	50,46922  	44,91081  	18776637,64254  	0,89665  	0,00356  	-Inf  	-Inf  	0,00385  	0,00471  	0,00394  	0,00713  	985,49002  	0,00399  	0,00422  
99,11206  	1327,82048  	1327,75450  	1327,82053  	26,33712  	0,04832  	0,01141  	85706,53851  	0,15344  	0,16562  	1,34481  	1,34188  	1904897863,91392  	376,27532  	45,28701  	25295332,54600  	0,23839  	0,00379  	-Inf  	-Inf  	0,00385  	0,00471  	0,00394  	0,00713  	1327,62170  	0,00399  	0,00422  
100,11397  	95,12036  	95,10609  	1327,82053  	26,33633  	0,04420  	0,01140  	6137,61707  	0,15180  	0,16547  	1,34640  	1,34346  	1857900,89918  	227,90068  	44,80263  	1811449,48162  	1894,00273  	0,05106  	-Inf  	-Inf  	0,00385  	0,00470  	0,00395  	0,00713  	95,07738  	0,00398  	0,00422  
101,11488  	989,26443  	989,21265  	93,56698  	26,33695  	0,04502  	0,01145  	63853,25918  	0,15211  	0,16628  	1,33950  	1,33656  	4257079,86681  	694572,69817  	44,89495  	18845579,96580  	0,88170  	0,17780  	NaN  	NaN  	0,00385  	0,00471  	0,00395  	0,00711  	989,10844  	0,00398  	0,00422  
102,11573  	1327,82048  	90,25279  	-244,98909  	26,33632  	0,04637  	0,01146  	85706,53851  	0,15394  	0,16643  	1,34828  	1,34534  	3248,22307  	1832928,52084  	45,43307  	25295332,54600  	0,23957  	16,12170  	NaN  	NaN  	0,00385  	0,00471  	0,00395  	0,00713  	1327,62170  	0,00399  	0,00422  
103,11760  	88,09493  	994,68445  	994,73650  	26,33522  	0,04404  	0,01146  	85706,53851  	0,15412  	0,16640  	1,34438  	1,34145  	14610349,61409  	0,00959  	45,48717  	25295332,54600  	1806,32491  	0,01180  	-Inf  	-Inf  	0,00386  	0,00472  	0,00395  	0,00712  	1327,62170  	0,00398  	0,00422  
104,11734  	998,54001  	1327,75450  	84,29139  	26,33611  	0,04821  	0,01149  	5438,62265  	0,15379  	0,16673  	1,34561  	1,34267  	25162670,81943  	1098564,53527  	45,38982  	1605149,04573  	0,84775  	0,05762  	NaN  	NaN  	0,00385  	0,00471  	0,00395  	0,00713  	84,24976  	0,00399  	0,00422  
105,11887  	82,39157  	82,37783  	1000,43986  	26,33665  	0,04749  	0,01143  	64574,61403  	0,15149  	0,16587  	1,34091  	1,33798  	247262,77449  	182,30644  	44,71107  	19058479,83412  	1723,16088  	0,18751  	-Inf  	-Inf  	0,00385  	0,00470  	0,00395  	0,00712  	1000,28242  	0,00399  	0,00422  
106,12175  	1003,38725  	1003,33487  	1327,82053  	26,33747  	0,04978  	0,01143  	5125,74115  	0,15312  	0,16600  	1,34698  	1,34404  	630831604,42187  	305646,53498  	45,19185  	1512805,54644  	0,82582  	0,00678  	-Inf  	-Inf  	0,00385  	0,00471  	0,00394  	0,00713  	79,40314  	0,00400  	0,00422  
107,12350  	1327,82048  	76,77981  	1327,82053  	26,33741  	0,04742  	0,01148  	-15815,93170  	0,15288  	0,16664  	1,34556  	1,34262  	32519429,07295  	6995143,88270  	45,12201  	-4667896,50935  	0,23986  	0,05801  	-Inf  	-Inf  	0,00385  	0,00471  	0,00395  	0,00713  	-244,98909  	0,00399  	0,00422  
108,12354  	1327,82048  	1010,50714  	1327,82053  	26,33823  	0,04421  	0,01147  	65227,84390  	0,15257  	0,16652  	1,34674  	1,34380  	859479692,97958  	1654443,88600  	45,03069  	19251273,37302  	0,23969  	0,00594  	-Inf  	-Inf  	0,00385  	0,00471  	0,00394  	0,00713  	1010,40113  	0,00398  	0,00422  
109,12288  	1327,82048  	1327,75450  	67,68735  	26,33883  	0,04442  	0,01148  	85706,53851  	0,15252  	0,16660  	1,34603  	1,34309  	31145932,86042  	6599916,64735  	45,01522  	25295332,54600  	0,23980  	0,05594  	NaN  	NaN  	0,00385  	0,00471  	0,00395  	0,00713  	1327,62170  	0,00398  	0,00422  
110,12384  	65,10694  	1327,75450  	1017,72449  	26,33829  	0,04544  	0,01146  	85706,53851  	0,15185  	0,16640  	1,34302  	1,34008  	26081741,15091  	58,91098  	44,81765  	25295332,54600  	1501,51936  	0,00603  	-Inf  	-Inf  	0,00385  	0,00470  	0,00395  	0,00712  	1327,62170  	0,00399  	0,00422  
111,12537  	1019,17351  	63,64493  	1327,82053  	26,33776  	0,05015  	0,01147  	85706,53851  	0,15194  	0,16651  	1,34300  	1,34006  	23306255,08140  	1330003,81008  	44,84455  	25295332,54600  	0,77228  	0,06397  	-Inf  	-Inf  	0,00385  	0,00471  	0,00395  	0,00712  	1327,62170  	0,00400  	0,00422  
112,12516  	61,85467  	1020,92361  	1327,82053  	26,33868  	0,04749  	0,01146  	3990,36709  	0,15207  	0,16641  	1,34244  	1,33950  	24105879,64937  	60,95087  	44,88121  	1177712,51043  	1459,88997  	0,00626  	-Inf  	-Inf  	0,00385  	0,00471  	0,00395  	0,00712  	61,81589  	0,00399  	0,00422  
113,12569  	1025,52648  	57,29223  	1327,82053  	26,33803  	0,04594  	0,01145  	-15815,93170  	0,15189  	0,16619  	1,34474  	1,34180  	22717568,88165  	1275947,12792  	44,82981  	-4667896,50935  	0,74961  	0,05981  	-Inf  	-Inf  	0,00385  	0,00470  	0,00395  	0,00713  	-244,98909  	0,00399  	0,00422  
114,12570  	1327,82048  	1026,67116  	56,10689  	26,33808  	0,04817  	0,01152  	-15815,93170  	0,15326  	0,16723  	1,34310  	1,34016  	5786519,98685  	5512958,17549  	45,23181  	-4667896,50935  	0,24070  	0,19023  	NaN  	NaN  	0,00385  	0,00471  	0,00395  	0,00712  	-244,98909  	0,00399  	0,00422  
115,12760  	55,16301  	1327,75450  	1027,66843  	26,33890  	0,04449  	0,01147  	-15815,93170  	0,15302  	0,16644  	1,34449  	1,34155  	19921865,65675  	55,83319  	45,16186  	-4667896,50935  	1375,09952  	0,00579  	-Inf  	-Inf  	0,00385  	0,00471  	0,00395  	0,00712  	-244,98909  	0,00398  	0,00422  
116,12924  	1028,97095  	1327,75450  	1327,82053  	26,33972  	0,05184  	0,01143  	-15815,93170  	0,15292  	0,16597  	1,34389  	1,34095  	1470626732,77909  	76,50820  	45,13168  	-4667896,50935  	0,73746  	0,00406  	-Inf  	-Inf  	0,00385  	0,00471  	0,00394  	0,00712  	-244,98909  	0,00401  	0,00422  
117,12966  	1327,82048  	50,84247  	1327,82053  	26,33974  	0,04244  	0,01148  	66610,25917  	0,15253  	0,16663  	1,34662  	1,34368  	28772805,77452  	6390135,66745  	45,01827  	19659277,87944  	0,23984  	0,05640  	-Inf  	-Inf  	0,00385  	0,00471  	0,00395  	0,00713  	1031,81512  	0,00398  	0,00422  
118,13176  	47,26124  	1035,51643  	1327,82053  	26,33882  	0,05069  	0,01153  	3048,38344  	0,15194  	0,16738  	1,34245  	1,33952  	14853431,30648  	61,97314  	44,84409  	899696,50194  	1283,14952  	0,00651  	-Inf  	-Inf  	0,00385  	0,00471  	0,00394  	0,00712  	47,22430  	0,00400  	0,00422  
119,13190  	-244,98909  	44,01667  	1327,82053  	26,33951  	0,04539  	0,01143  	67050,87309  	0,15247  	0,16599  	1,34328  	1,34034  	5783735,92097  	2645,77013  	45,00102  	19789320,18367  	28,17303  	0,06167  	-Inf  	-Inf  	0,00385  	0,00471  	0,00395  	0,00712  	1038,64035  	0,00399  	0,00422  
120,13309  	1043,02803  	-244,98909  	1327,82053  	26,33959  	0,04840  	0,01146  	85706,53851  	0,15182  	0,16640  	1,34418  	1,34124  	4499315,87104  	1860372,14818  	44,80798  	25295332,54600  	0,69575  	0,19108  	NaN  	NaN  	0,00385  	0,00470  	0,00394  	0,00712  	1327,62170  	0,00400  	0,00422  
121,13296  	38,54995  	1044,22735  	38,54996  	26,33891  	0,05139  	0,01151  	2486,08279  	0,15265  	0,16715  	1,34723  	1,34429  	54267,76106  	216,16526  	45,05229  	733739,71285  	1173,55679  	0,20294  	-Inf  	-Inf  	0,00385  	0,00471  	0,00395  	0,00713  	38,51411  	0,00400  	0,00422  
122,13295  	1048,08417  	1327,75450  	-244,98909  	26,33838  	0,04949  	0,01148  	-15815,93170  	0,15227  	0,16664  	1,34767  	1,34473  	4526420,40204  	1964088,31972  	44,93985  	-4667896,50935  	0,68186  	0,19547  	NaN  	NaN  	0,00385  	0,00471  	0,00395  	0,00713  	-244,98909  	0,00400  	0,00422  
123,13356  	1327,82048  	1327,75450  	-244,98909  	26,33856  	0,04644  	0,01147  	-15815,93170  	0,15283  	0,16657  	1,34551  	1,34257  	5763356,41739  	8613126,60012  	45,10662  	-4667896,50935  	0,23976  	0,18342  	NaN  	NaN  	0,00385  	0,00471  	0,00395  	0,00713  	-244,98909  	0,00399  	0,00422  
124,13317  	1327,82048  	30,92532  	-244,98909  	26,33952  	0,05136  	0,01150  	67895,93511  	0,15229  	0,16688  	1,34784  	1,34490  	9121,20887  	1671117,18097  	44,94666  	20038730,84935  	0,24021  	9,14578  	NaN  	NaN  	0,00385  	0,00471  	0,00395  	0,00713  	1051,73059  	0,00400  	0,00422  
125,13434  	1327,82048  	-244,98909  	-244,98909  	26,33932  	0,04729  	0,01148  	85706,53851  	0,15146  	0,16658  	1,34316  	1,34022  	343570,50335  	0,00000  	44,70238  	25295332,54600  	0,23978  	0,91508  	Inf  	-Inf  	0,00385  	0,00470  	0,00394  	0,00712  	1327,62170  	0,00399  	0,00422  
126,13444  	1327,82048  	1053,52286  	1053,57738  	26,34002  	0,04913  	0,01142  	85706,53851  	0,15390  	0,16584  	1,34500  	1,34207  	442451235,75776  	315,86762  	45,42080  	25295332,54600  	0,23870  	0,01029  	NaN  	NaN  	0,00385  	0,00471  	0,00395  	0,00713  	1327,62170  	0,00400  	0,00422  
127,13391  	1327,82048  	1327,75450  	1327,82053  	26,34045  	0,04465  	0,01148  	1770,47822  	0,15305  	0,16669  	1,34512  	1,34218  	1917165241,85306  	347,72824  	45,17050  	522536,97537  	0,23992  	0,00350  	-Inf  	-Inf  	0,00385  	0,00471  	0,00394  	0,00713  	27,42920  	0,00398  	0,00422  
128,13547  	1327,82048  	25,05574  	1327,82053  	26,34129  	0,05182  	0,01151  	68274,82359  	0,15235  	0,16707  	1,34400  	1,34106  	25481196,62305  	7960844,45611  	44,96398  	20150555,57392  	0,24047  	0,07490  	NaN  	NaN  	0,00385  	0,00471  	0,00395  	0,00712  	1057,59968  	0,00401  	0,00422  
129,13794  	1327,82048  	1058,45555  	24,32117  	26,34066  	0,04784  	0,01156  	1567,63612  	0,15251  	0,16779  	1,34090  	1,33796  	5806011,42628  	5834589,60490  	45,01018  	462670,38385  	0,24152  	0,18895  	NaN  	NaN  	0,00385  	0,00471  	0,00395  	0,00712  	24,28712  	0,00399  	0,00422  
130,14130  	1327,82048  	20,95040  	1061,86987  	26,34090  	0,04557  	0,01151  	-15815,93170  	0,15268  	0,16714  	1,34446  	1,34153  	5784918,55357  	5593867,73308  	45,06073  	-4667896,50935  	0,24057  	0,17994  	Inf  	-Inf  	0,00385  	0,00471  	0,00395  	0,00712  	-244,98909  	0,00399  	0,00422  
131,14213  	1327,82048  	1067,51409  	1327,82053  	26,34124  	0,04182  	0,01148  	68907,71060  	0,15316  	0,16667  	1,34422  	1,34128  	1001555221,19434  	1283703,88068  	45,20341  	20337345,14343  	0,23990  	0,00507  	-Inf  	-Inf  	0,00385  	0,00471  	0,00394  	0,00712  	1067,40327  	0,00397  	0,00422  
132,14234  	1327,82048  	10,95860  	10,96935  	26,34261  	0,04966  	0,01150  	85706,53851  	0,15229  	0,16698  	1,33993  	1,33699  	909,69042  	62,93838  	44,94532  	25295332,54600  	0,24035  	207,04166  	Inf  	-Inf  	0,00385  	0,00471  	0,00395  	0,00711  	1327,62170  	0,00400  	0,00422  
133,14306  	7,20062  	1075,57536  	1075,63081  	26,34300  	0,04739  	0,01154  	85706,53851  	0,15399  	0,16750  	1,34281  	1,33987  	7497371,56898  	0,01099  	45,44736  	25295332,54600  	814,91874  	0,00908  	-Inf  	-Inf  	0,00385  	0,00471  	0,00395  	0,00712  	1327,62170  	0,00399  	0,00422  
134,14447  	-244,98909  	3,66975  	3,68019  	26,34210  	0,05165  	0,01153  	235,29235  	0,15354  	0,16741  	1,34378  	1,34085  	190,60608  	0,02448  	45,31546  	69443,92295  	28,41582  	175,45924  	NaN  	NaN  	0,00385  	0,00471  	0,00394  	0,00712  	3,64875  	0,00401  	0,00422  
