11/18/2024 16:00:36Time	T_hot_in(C)	T_cold_in(C)	T_cold_out(C)	T_hot_out(C)	mdot_cold(kg/s)	ASFASIFUAS(kg/s)	Diferencial_cold(bar)	Diferencial_hot(bar)	mdot_hot(kg/s)	ABS_cold(bar)	ABS_hot(bar)	q_cold(kW)	q_hot(kW)	ASFASYFY	Tau_cold_haste	Re_hot	Re_cold	U_global	PSIG_cold(bar)	R_fouling	PSIG_hot(bar)	PSID_hot(bar)	m_dot_hot	PSID_cold(bar)	m_dot_cold
2,03856  	0,00000  	0,00000  	0,00000  	0,00000  	-1,18512  	-0,20833  	-0,25900  	-0,86180  	-3,02442  	-1,72343  	-1,72415  	-0,00000  	-0,00000  	-254,35069  	-76,44127  	-9234,48090  	-3618,55272  	NaN  	NaN  	0,00000  	0,00000  	0,00000  	0,00000  	0,00000  	0,00000  	0,00000  
3,03992  	-244,98909  	1327,75450  	1327,82053  	26,64228  	0,04643  	0,01321  	-15815,93170  	0,20198  	0,19183  	1,76090  	1,75766  	460501286,56194  	0,13848  	59,61075  	-4667896,50935  	32,66279  	0,00364  	-Inf  	-Inf  	0,00389  	0,00494  	0,00395  	0,00809  	-244,98909  	0,00399  	0,00425  
4,04108  	883,77821  	199,03455  	1327,82053  	26,64341  	0,04309  	0,01356  	57044,28422  	0,22784  	0,19681  	1,97155  	1,96816  	43626000,99264  	395749,38912  	67,24451  	16835986,66278  	1,73748  	0,03647  	-Inf  	-Inf  	0,00389  	0,00506  	0,00395  	0,00858  	883,63555  	0,00398  	0,00426  
5,04063  	307,53483  	775,25376  	1327,82053  	26,64447  	0,04841  	0,01402  	85706,53851  	0,22938  	0,20355  	1,97661  	1,97322  	115792395,58017  	190,88725  	67,69980  	25295332,54600  	390,82227  	0,01022  	-Inf  	-Inf  	0,00389  	0,00506  	0,00394  	0,00859  	1327,62170  	0,00400  	0,00427  
6,04125  	-244,98909  	1327,75450  	1327,82053  	26,64562  	0,05047  	0,01405  	85706,53851  	0,22666  	0,20401  	1,97558  	1,97219  	489742887,64314  	0,15053  	66,89499  	25295332,54600  	34,73764  	0,00396  	-Inf  	-Inf  	0,00389  	0,00505  	0,00394  	0,00859  	1327,62170  	0,00400  	0,00427  
7,04360  	-244,98909  	1327,75450  	1327,82053  	26,64678  	0,04846  	0,01402  	85706,53851  	0,22530  	0,20351  	1,96980  	1,96642  	488549064,82207  	0,14453  	66,49522  	25295332,54600  	34,65323  	0,00380  	-Inf  	-Inf  	0,00389  	0,00505  	0,00395  	0,00858  	1327,62170  	0,00400  	0,00427  
8,04327  	781,67115  	1327,75450  	301,16026  	26,64686  	0,04437  	0,01411  	85706,53851  	0,22427  	0,20479  	1,98073  	1,97733  	60853802,51609  	161472,13872  	66,19075  	25295332,54600  	3,18345  	0,02828  	NaN  	NaN  	0,00389  	0,00504  	0,00395  	0,00860  	1327,62170  	0,00398  	0,00427  
9,04322  	1327,82048  	1327,75450  	785,54818  	26,64721  	0,04809  	0,01411  	19186,92437  	0,22496  	0,20486  	1,97321  	1,96982  	556735924,95381  	3079628,89749  	66,39481  	5662807,53908  	0,29457  	0,00995  	NaN  	NaN  	0,00389  	0,00504  	0,00395  	0,00858  	297,21471  	0,00399  	0,00427  
10,04479  	294,06222  	1327,75450  	294,06224  	26,64821  	0,04377  	0,01407  	50911,59471  	0,22064  	0,20421  	1,97395  	1,97056  	20892713,72083  	279,27201  	65,12001  	15025991,49404  	507,86952  	0,02843  	-Inf  	-Inf  	0,00389  	0,00502  	0,00394  	0,00859  	788,63852  	0,00398  	0,00427  
11,04489  	790,01905  	292,78978  	790,01908  	26,64900  	0,04716  	0,01406  	85706,53851  	0,22686  	0,20416  	1,97363  	1,97024  	4144320,76938  	89375,88222  	66,95401  	25295332,54600  	3,02069  	0,18622  	-Inf  	-Inf  	0,00389  	0,00505  	0,00395  	0,00859  	1327,62170  	0,00399  	0,00427  
12,04683  	1327,82048  	-244,98909  	291,53889  	26,64901  	0,04427  	0,01399  	85706,53851  	0,22662  	0,20312  	1,97172  	1,96833  	1105,57596  	2805050,41295  	66,88412  	25295332,54600  	0,29207  	253,16557  	Inf  	-Inf  	0,00389  	0,00505  	0,00395  	0,00858  	1327,62170  	0,00398  	0,00427  
13,04695  	1327,82048  	793,97676  	-244,98909  	26,65015  	0,04821  	0,01399  	18640,05649  	0,22369  	0,20312  	1,97087  	1,96748  	55102,36029  	5915623,29450  	66,01904  	5501405,56118  	0,29207  	5,24844  	NaN  	NaN  	0,00389  	0,00504  	0,00395  	0,00858  	288,74358  	0,00399  	0,00427  
14,04689  	1327,82048  	1327,75450  	796,95014  	26,65132  	0,04640  	0,01399  	-15815,93170  	0,22464  	0,20314  	1,97216  	1,96877  	571266387,10847  	2908894,10138  	66,29855  	-4667896,50935  	0,29210  	0,00938  	NaN  	NaN  	0,00389  	0,00504  	0,00395  	0,00858  	-244,98909  	0,00399  	0,00427  
15,04696  	1327,82048  	1327,75450  	283,57808  	26,65231  	0,04804  	0,01405  	51588,33131  	0,22535  	0,20391  	1,97519  	1,97179  	97337186,45760  	5923965,68542  	66,51056  	15225722,78150  	0,29321  	0,03211  	NaN  	NaN  	0,00389  	0,00505  	0,00395  	0,00859  	799,12135  	0,00399  	0,00427  
16,04694  	282,00752  	1327,75450  	-244,98909  	26,65300  	0,04840  	0,01403  	18200,89918  	0,22596  	0,20372  	1,97275  	1,96935  	1382969,90097  	422,70028  	66,69072  	5371793,16213  	644,85443  	0,19117  	NaN  	NaN  	0,00389  	0,00505  	0,00395  	0,00858  	281,94091  	0,00400  	0,00427  
17,04671  	-244,98909  	1327,75450  	801,76778  	26,65337  	0,04854  	0,01404  	51750,63329  	0,22815  	0,20385  	1,97904  	1,97565  	121415690,97164  	1153,02803  	67,33592  	15273624,40826  	34,71342  	0,00972  	-Inf  	-Inf  	0,00389  	0,00506  	0,00395  	0,00860  	801,63546  	0,00400  	0,00427  
18,04694  	-244,98909  	279,99272  	280,01476  	26,65368  	0,05095  	0,01406  	85706,53851  	0,22318  	0,20417  	1,96859  	1,96520  	13444,36516  	0,05072  	65,86780  	25295332,54600  	34,76771  	4,99407  	-Inf  	-Inf  	0,00389  	0,00504  	0,00395  	0,00857  	1327,62170  	0,00400  	0,00427  
19,04692  	-244,98909  	804,24029  	804,28434  	26,65526  	0,04900  	0,01407  	85706,53851  	0,22728  	0,20431  	1,97611  	1,97272  	20131586,06329  	0,09748  	67,07994  	25295332,54600  	34,79124  	0,03300  	-Inf  	-Inf  	0,00389  	0,00505  	0,00395  	0,00859  	1327,62170  	0,00400  	0,00427  
20,04693  	-244,98909  	1327,75450  	1327,82053  	26,65621  	0,04850  	0,01407  	85706,53851  	0,22712  	0,20430  	1,97541  	1,97202  	490444005,01610  	0,14464  	67,03118  	25295332,54600  	34,78985  	0,00380  	-Inf  	-Inf  	0,00389  	0,00505  	0,00395  	0,00859  	1327,62170  	0,00400  	0,00427  
21,04681  	807,32688  	1327,75450  	1327,82053  	26,65663  	0,04561  	0,01405  	85706,53851  	0,22756  	0,20396  	1,97391  	1,97051  	1407133495,97920  	13,30356  	67,16046  	25295332,54600  	2,72922  	0,00357  	-Inf  	-Inf  	0,00389  	0,00506  	0,00395  	0,00859  	1327,62170  	0,00399  	0,00427  
22,04681  	1327,82048  	274,43762  	1327,82053  	26,65689  	0,05338  	0,01404  	85706,53851  	0,22242  	0,20381  	1,97050  	1,96711  	93790213,88736  	6641412,57739  	65,64606  	25295332,54600  	0,29305  	0,03657  	-Inf  	-Inf  	0,00389  	0,00503  	0,00394  	0,00858  	1327,62170  	0,00401  	0,00427  
23,04678  	1327,82048  	809,90374  	1327,82053  	26,65885  	0,04441  	0,01409  	85706,53851  	0,22443  	0,20458  	1,97505  	1,97165  	598063420,72085  	2716529,41454  	66,23826  	25295332,54600  	0,29415  	0,00875  	-Inf  	-Inf  	0,00389  	0,00504  	0,00396  	0,00859  	1327,62170  	0,00398  	0,00427  
24,04660  	1327,82048  	271,81445  	1327,82053  	26,65978  	0,04879  	0,01405  	17544,35201  	0,22610  	0,20399  	1,97328  	1,96988  	92882082,58208  	6085723,42813  	66,72999  	5178020,55824  	0,29331  	0,03367  	-Inf  	-Inf  	0,00389  	0,00505  	0,00395  	0,00858  	271,77082  	0,00400  	0,00427  
25,04660  	1327,82048  	-244,98909  	1327,82053  	26,66105  	0,04804  	0,01407  	-15815,93170  	0,22581  	0,20420  	1,96989  	1,96650  	7066569,45336  	8924858,64878  	66,64630  	-4667896,50935  	0,29361  	0,18970  	NaN  	NaN  	0,00389  	0,00505  	0,00395  	0,00858  	-244,98909  	0,00399  	0,00427  
26,04634  	1327,82048  	-244,98909  	269,63422  	26,66432  	0,04500  	0,01401  	52488,38626  	0,22893  	0,20339  	1,97612  	1,97273  	1107,52383  	2735261,23719  	67,56611  	15491363,99909  	0,29244  	194,65621  	Inf  	-Inf  	0,00389  	0,00506  	0,00395  	0,00859  	813,06345  	0,00398  	0,00427  
27,04726  	268,37595  	-244,98909  	814,45547  	26,66774  	0,04869  	0,01407  	85706,53851  	0,22392  	0,20421  	1,96983  	1,96644  	13580,78930  	260,98234  	66,08838  	25295332,54600  	856,92622  	4,37064  	NaN  	NaN  	0,00389  	0,00504  	0,00394  	0,00858  	1327,62170  	0,00400  	0,00427  
28,04908  	-244,98909  	-244,98909  	266,50393  	26,67068  	0,04486  	0,01409  	85706,53851  	0,22278  	0,20457  	1,97307  	1,96968  	232,63935  	1035,87618  	65,75154  	25295332,54600  	34,84233  	185,95010  	NaN  	NaN  	0,00389  	0,00503  	0,00394  	0,00858  	1327,62170  	0,00398  	0,00427  
29,05099  	819,36776  	-244,98909  	819,36779  	26,67491  	0,04141  	0,01408  	17003,91981  	0,22335  	0,20446  	1,97071  	1,96732  	47578,91260  	215315,32419  	65,91780  	5018517,99846  	2,55472  	3,55429  	NaN  	NaN  	0,00389  	0,00504  	0,00394  	0,00858  	263,39937  	0,00397  	0,00427  
30,05198  	260,43344  	-244,98909  	260,43346  	26,67810  	0,04899  	0,01405  	-15815,93170  	0,22443  	0,20399  	1,97369  	1,97030  	199,75152  	120,12109  	66,23796  	-4667896,50935  	1011,95635  	186,71303  	NaN  	NaN  	0,00389  	0,00504  	0,00395  	0,00859  	-244,98909  	0,00400  	0,00427  
31,05278  	825,95353  	-244,98909  	825,95356  	26,68058  	0,04526  	0,01409  	-15815,93170  	0,22544  	0,20459  	1,97489  	1,97150  	52307,16180  	249953,36879  	66,53516  	-4667896,50935  	2,46350  	3,65980  	NaN  	NaN  	0,00389  	0,00505  	0,00395  	0,00859  	-244,98909  	0,00398  	0,00427  
32,05469  	1327,82048  	829,27901  	253,50733  	26,68354  	0,04606  	0,01407  	-15815,93170  	0,22367  	0,20431  	1,97531  	1,97191  	7068041,72953  	3132420,99177  	66,01294  	-4667896,50935  	0,29374  	0,18189  	NaN  	NaN  	0,00389  	0,00504  	0,00395  	0,00859  	-244,98909  	0,00399  	0,00427  
33,05426  	250,59667  	1327,75450  	-244,98909  	26,68788  	0,04821  	0,01407  	53717,22980  	0,22263  	0,20422  	1,97248  	1,96909  	1215622,22306  	352,90469  	65,70684  	15854043,51858  	1247,65131  	0,19038  	NaN  	NaN  	0,00389  	0,00503  	0,00395  	0,00858  	832,09857  	0,00399  	0,00427  
34,05527  	-244,98909  	247,69274  	-244,98909  	26,68910  	0,04621  	0,01402  	85706,53851  	0,22786  	0,20350  	1,97411  	1,97072  	232,33549  	1027,57657  	67,25032  	25295332,54600  	34,66596  	146,77762  	-Inf  	-Inf  	0,00389  	0,00506  	0,00395  	0,00859  	1327,62170  	0,00399  	0,00427  
35,05642  	836,65138  	-244,98909  	836,65141  	26,69079  	0,04778  	0,01404  	85706,53851  	0,22251  	0,20377  	1,97124  	1,96785  	60548,61554  	290793,22582  	65,67139  	25295332,54600  	2,31225  	3,51448  	NaN  	NaN  	0,00389  	0,00503  	0,00395  	0,00858  	1327,62170  	0,00399  	0,00427  
36,05678  	1327,82048  	-244,98909  	1327,82053  	26,69348  	0,04873  	0,01405  	85706,53851  	0,22502  	0,20401  	1,97573  	1,97233  	7059781,33713  	9054332,28090  	66,41272  	25295332,54600  	0,29331  	0,19242  	NaN  	NaN  	0,00389  	0,00504  	0,00394  	0,00859  	1327,62170  	0,00400  	0,00427  
37,05660  	1327,82048  	843,15563  	1327,82053  	26,69366  	0,04999  	0,01406  	15465,50170  	0,22288  	0,20409  	1,97093  	1,96754  	658044549,15394  	2862082,45774  	65,77966  	4564470,98670  	0,29342  	0,00922  	-Inf  	-Inf  	0,00389  	0,00503  	0,00394  	0,00858  	239,56886  	0,00400  	0,00427  
38,05890  	238,71039  	1327,75450  	238,71041  	26,69533  	0,04741  	0,01408  	54484,47109  	0,22551  	0,20443  	1,97414  	1,97075  	13239514,44207  	231,78630  	66,55677  	16080486,25783  	1600,62570  	0,03586  	-Inf  	-Inf  	0,00389  	0,00505  	0,00394  	0,00859  	843,98335  	0,00399  	0,00427  
39,05871  	845,50060  	1327,75450  	845,50064  	26,69784  	0,04529  	0,01409  	85706,53851  	0,22599  	0,20449  	1,97198  	1,96859  	417691136,73052  	131967,87944  	66,69905  	25295332,54600  	2,21070  	0,00831  	-Inf  	-Inf  	0,00389  	0,00505  	0,00395  	0,00858  	1327,62170  	0,00399  	0,00427  
40,05858  	235,33000  	235,30985  	235,33002  	26,70054  	0,04633  	0,01411  	85706,53851  	0,22456  	0,20487  	1,97233  	1,96894  	2745,42786  	0,00416  	66,27534  	25295332,54600  	1717,98388  	11,63847  	-Inf  	-Inf  	0,00389  	0,00504  	0,00395  	0,00858  	1327,62170  	0,00399  	0,00427  
41,05910  	-244,98909  	850,89864  	850,94465  	26,70229  	0,04214  	0,01408  	14965,68127  	0,22740  	0,20445  	1,97205  	1,96866  	29012310,64685  	0,08749  	67,11352  	4416954,54024  	34,83295  	0,02219  	-Inf  	-Inf  	0,00389  	0,00506  	0,00395  	0,00858  	231,82650  	0,00397  	0,00427  
42,06280  	-244,98909  	1327,75450  	230,15340  	26,70421  	0,04051  	0,01407  	55036,81324  	0,22699  	0,20431  	1,97095  	1,96756  	16363432,55613  	2006,05462  	66,99263  	16243503,90830  	34,80911  	0,03138  	-Inf  	-Inf  	0,00389  	0,00505  	0,00394  	0,00858  	852,53928  	0,00397  	0,00427  
43,06379  	855,88341  	226,92818  	855,88345  	26,70410  	0,04558  	0,01402  	85706,53851  	0,22601  	0,20354  	1,97638  	1,97299  	4488168,43547  	188090,36836  	66,70415  	25295332,54600  	2,08048  	0,17999  	-Inf  	-Inf  	0,00389  	0,00505  	0,00394  	0,00859  	1327,62170  	0,00399  	0,00427  
44,06439  	1327,82048  	859,91901  	222,86604  	26,70610  	0,04759  	0,01407  	85706,53851  	0,22352  	0,20420  	1,97603  	1,97264  	7064282,90876  	3581777,95860  	65,96811  	25295332,54600  	0,29357  	0,18795  	NaN  	NaN  	0,00389  	0,00504  	0,00395  	0,00859  	1327,62170  	0,00399  	0,00427  
45,06470  	219,34026  	219,32078  	-244,98909  	26,70708  	0,04413  	0,01407  	85706,53851  	0,22807  	0,20420  	1,97585  	1,97245  	169,46864  	88,77254  	67,31161  	25295332,54600  	2316,34455  	91,89975  	NaN  	NaN  	0,00389  	0,00506  	0,00395  	0,00859  	1327,62170  	0,00398  	0,00427  
46,06584  	-244,98909  	-244,98909  	865,69178  	26,70786  	0,04054  	0,01407  	85706,53851  	0,22485  	0,20430  	1,97106  	1,96767  	29117,75028  	2031,77361  	66,36093  	25295332,54600  	34,80987  	2,33062  	NaN  	NaN  	0,00389  	0,00504  	0,00395  	0,00858  	1327,62170  	0,00397  	0,00427  
47,06683  	868,25979  	-244,98909  	1327,82053  	26,70997  	0,04769  	0,01402  	13848,01356  	0,22248  	0,20355  	1,97186  	1,96847  	4555808,90346  	542084,42262  	65,66392  	4087087,33487  	1,94798  	0,18830  	NaN  	NaN  	0,00389  	0,00503  	0,00395  	0,00858  	214,51352  	0,00399  	0,00427  
48,06675  	1327,82048  	871,39485  	211,38972  	26,71093  	0,05077  	0,01406  	-15815,93170  	0,22120  	0,20404  	1,97511  	1,97172  	7058696,89126  	3958609,28948  	65,28550  	-4667896,50935  	0,29334  	0,20050  	NaN  	NaN  	0,00389  	0,00503  	0,00395  	0,00859  	-244,98909  	0,00400  	0,00427  
49,06659  	209,14749  	209,12843  	873,68394  	26,71103  	0,04589  	0,01406  	56392,71188  	0,22459  	0,20410  	1,97331  	1,96992  	990203,23136  	130,70829  	66,28573  	16643682,32486  	2722,44336  	0,18120  	-Inf  	-Inf  	0,00389  	0,00504  	0,00395  	0,00858  	873,54252  	0,00399  	0,00427  
50,06776  	875,07534  	875,02835  	207,75607  	26,71181  	0,04904  	0,01406  	13408,08003  	0,22773  	0,20409  	1,97067  	1,96728  	4603576,32414  	249235,69576  	67,21093  	3957245,84125  	1,88450  	0,19365  	NaN  	NaN  	0,00389  	0,00506  	0,00395  	0,00858  	207,69883  	0,00400  	0,00427  
51,06825  	1327,82048  	206,25163  	-244,98909  	26,71303  	0,04500  	0,01403  	-15815,93170  	0,22607  	0,20373  	1,97634  	1,97295  	1173,49112  	2398917,80917  	66,72289  	-4667896,50935  	0,29289  	76,96471  	NaN  	NaN  	0,00389  	0,00505  	0,00395  	0,00859  	-244,98909  	0,00398  	0,00427  
52,06964  	1327,82048  	-244,98909  	-244,98909  	26,71441  	0,04458  	0,01404  	-15815,93170  	0,23088  	0,20384  	1,97718  	1,97378  	420278,93497  	0,00000  	68,14244  	-4667896,50935  	0,29304  	0,86252  	Inf  	-Inf  	0,00389  	0,00507  	0,00394  	0,00859  	-244,98909  	0,00398  	0,00427  
53,06965  	1327,82048  	-244,98909  	-244,98909  	26,71571  	0,04988  	0,01404  	56938,11389  	0,23093  	0,20384  	1,97354  	1,97015  	420282,67726  	0,00000  	68,15666  	16804651,66900  	0,29304  	0,96525  	Inf  	-Inf  	0,00389  	0,00507  	0,00395  	0,00859  	881,99095  	0,00400  	0,00427  
54,07021  	1327,82048  	-244,98909  	-244,98909  	26,71664  	0,04855  	0,01410  	85706,53851  	0,22549  	0,20470  	1,97024  	1,96685  	422057,86831  	0,00000  	66,55160  	25295332,54600  	0,29428  	0,93935  	Inf  	-Inf  	0,00389  	0,00505  	0,00395  	0,00858  	1327,62170  	0,00400  	0,00427  
55,07138  	1327,82048  	886,70727  	-244,98909  	26,71811  	0,04605  	0,01407  	85706,53851  	0,22678  	0,20420  	1,97195  	1,96856  	178325,09341  	6156835,00592  	66,93168  	25295332,54600  	0,29356  	2,23448  	NaN  	NaN  	0,00389  	0,00505  	0,00395  	0,00858  	1327,62170  	0,00399  	0,00427  
56,07133  	1327,82048  	1327,75450  	-244,98909  	26,71950  	0,04383  	0,01407  	12512,14513  	0,22540  	0,20423  	1,97233  	1,96894  	7064408,54779  	8143457,72882  	66,52287  	3692820,61263  	0,29360  	0,17309  	NaN  	NaN  	0,00389  	0,00505  	0,00395  	0,00858  	193,82056  	0,00398  	0,00427  
57,07405  	1327,82048  	1327,75450  	-244,98909  	26,72088  	0,04772  	0,01405  	57531,77105  	0,22762  	0,20401  	1,97568  	1,97229  	7056720,67665  	8866965,25840  	67,17838  	16979862,98399  	0,29328  	0,18847  	NaN  	NaN  	0,00389  	0,00506  	0,00394  	0,00859  	891,18686  	0,00399  	0,00427  
58,07445  	1327,82048  	1327,75450  	894,50504  	26,72185  	0,04834  	0,01407  	85706,53851  	0,22315  	0,20424  	1,97369  	1,97030  	763586206,53682  	2474296,23615  	65,85886  	25295332,54600  	0,29361  	0,00807  	NaN  	NaN  	0,00389  	0,00504  	0,00395  	0,00859  	1327,62170  	0,00399  	0,00427  
59,07592  	184,84511  	184,82708  	1327,82053  	26,72264  	0,04786  	0,01409  	85706,53851  	0,22549  	0,20454  	1,97320  	1,96981  	7870335,48336  	231,43739  	66,55128  	25295332,54600  	3462,69422  	0,04221  	-Inf  	-Inf  	0,00389  	0,00505  	0,00395  	0,00858  	1327,62170  	0,00399  	0,00427  
60,07669  	900,04394  	899,99590  	182,78747  	26,72343  	0,04985  	0,01407  	11796,39483  	0,22910  	0,20432  	1,97054  	1,96716  	4744363,54929  	328914,49256  	67,61659  	3481574,86242  	1,65918  	0,19684  	NaN  	NaN  	0,00389  	0,00506  	0,00395  	0,00858  	182,73339  	0,00400  	0,00427  
61,07686  	180,35797  	1327,75450  	-244,98909  	26,72341  	0,04660  	0,01411  	-15815,93170  	0,22324  	0,20490  	1,97129  	1,96790  	836877,88606  	309,62491  	65,88563  	-4667896,50935  	3533,79223  	0,18403  	NaN  	NaN  	0,00389  	0,00504  	0,00395  	0,00858  	-244,98909  	0,00399  	0,00427  
62,07774  	904,92762  	177,88603  	904,92765  	26,72367  	0,04195  	0,01411  	58409,44604  	0,22656  	0,20483  	1,96956  	1,96617  	4783596,77044  	290961,34681  	66,86539  	17238899,00455  	1,62279  	0,16564  	-Inf  	-Inf  	0,00389  	0,00505  	0,00395  	0,00858  	904,78228  	0,00397  	0,00427  
63,07774  	174,84579  	907,93723  	1327,82053  	26,72576  	0,04665  	0,01404  	85706,53851  	0,22559  	0,20381  	1,97328  	1,96989  	90139783,76272  	82,64894  	66,57949  	25295332,54600  	3559,41899  	0,00759  	-Inf  	-Inf  	0,00389  	0,00505  	0,00395  	0,00858  	1327,62170  	0,00399  	0,00427  
64,07752  	-244,98909  	1327,75450  	1327,82053  	26,72659  	0,04765  	0,01401  	11128,13189  	0,23094  	0,20337  	1,97420  	1,97081  	488334335,79701  	0,14192  	68,15992  	3284344,48194  	34,65661  	0,00373  	-Inf  	-Inf  	0,00389  	0,00507  	0,00395  	0,00859  	172,38181  	0,00399  	0,00427  
65,07855  	911,73829  	171,07565  	1327,82053  	26,72791  	0,04887  	0,01406  	-15815,93170  	0,22699  	0,20414  	1,97347  	1,97008  	41426166,96040  	567040,46247  	66,99239  	-4667896,50935  	1,56309  	0,04487  	-Inf  	-Inf  	0,00389  	0,00505  	0,00395  	0,00859  	-244,98909  	0,00400  	0,00427  
66,07867  	1327,82048  	-244,98909  	169,93547  	26,72895  	0,04459  	0,01413  	-15815,93170  	0,22664  	0,20515  	1,97545  	1,97205  	1406,92426  	2185657,89632  	66,89080  	-4667896,50935  	0,29491  	44,61012  	Inf  	-Inf  	0,00389  	0,00505  	0,00394  	0,00859  	-244,98909  	0,00398  	0,00427  
67,07913  	1327,82048  	913,75888  	913,80753  	26,73009  	0,04738  	0,01412  	58982,62883  	0,22338  	0,20497  	1,97325  	1,96986  	220306891,71799  	272,32775  	65,92681  	17408067,53802  	0,29465  	0,01831  	NaN  	NaN  	0,00389  	0,00504  	0,00395  	0,00858  	913,66104  	0,00399  	0,00427  
68,08106  	166,30785  	1327,75450  	166,30786  	26,73042  	0,04736  	0,01412  	10732,66145  	0,22369  	0,20496  	1,97202  	1,96862  	6422983,20369  	231,71706  	66,02093  	3167625,77464  	3577,45969  	0,04411  	-Inf  	-Inf  	0,00389  	0,00504  	0,00395  	0,00858  	166,25587  	0,00399  	0,00427  
69,08331  	-244,98909  	1327,75450  	918,46342  	26,73054  	0,04873  	0,01405  	-15815,93170  	0,22766  	0,20401  	1,97038  	1,96699  	170488433,65231  	899,46218  	67,19077  	-4667896,50935  	34,76835  	0,00777  	-Inf  	-Inf  	0,00389  	0,00506  	0,00395  	0,00858  	-244,98909  	0,00400  	0,00427  
70,08443  	-244,98909  	1327,75450  	1327,82053  	26,73116  	0,04696  	0,01406  	-15815,93170  	0,22359  	0,20409  	1,96656  	1,96317  	490093281,13136  	0,13985  	65,98983  	-4667896,50935  	34,78251  	0,00368  	-Inf  	-Inf  	0,00389  	0,00504  	0,00395  	0,00857  	-244,98909  	0,00399  	0,00427  
71,08596  	-244,98909  	156,12806  	156,14490  	26,73101  	0,04805  	0,01404  	59813,94924  	0,22219  	0,20380  	1,97189  	1,96849  	316,64517  	0,03650  	65,57660  	17653422,51930  	34,73261  	141,36211  	-Inf  	-Inf  	0,00389  	0,00503  	0,00395  	0,00858  	926,53842  	0,00399  	0,00427  
72,08684  	930,14185  	-244,98909  	-244,98909  	26,73231  	0,04727  	0,01404  	85706,53851  	0,22564  	0,20376  	1,96885  	1,96546  	291712,51479  	0,00000  	66,59532  	25295332,54600  	1,42477  	0,91458  	Inf  	-Inf  	0,00389  	0,00505  	0,00395  	0,00857  	1327,62170  	0,00399  	0,00427  
73,08893  	148,91951  	933,86242  	-244,98909  	26,73397  	0,04801  	0,01406  	85706,53851  	0,22495  	0,20411  	1,97132  	1,96793  	28136,59509  	237,77531  	66,39215  	25295332,54600  	3361,47202  	1,63140  	NaN  	NaN  	0,00389  	0,00504  	0,00395  	0,00858  	1327,62170  	0,00399  	0,00427  
74,08994  	937,68568  	1327,75450  	-244,98909  	26,73353  	0,04946  	0,01410  	9366,67743  	0,22549  	0,20471  	1,97781  	1,97442  	4957514,10559  	941097,58327  	66,55013  	2764470,76984  	1,37988  	0,19532  	NaN  	NaN  	0,00389  	0,00505  	0,00395  	0,00860  	145,09640  	0,00400  	0,00427  
75,09072  	143,26983  	143,25354  	-244,98909  	26,73528  	0,04469  	0,01406  	60645,01473  	0,22625  	0,20414  	1,96832  	1,96493  	161,91625  	72,85695  	66,77439  	17898702,26433  	3262,58274  	30,74794  	NaN  	NaN  	0,00389  	0,00505  	0,00395  	0,00857  	939,41185  	0,00398  	0,00427  
76,09138  	944,11649  	944,06660  	-244,98909  	26,73642  	0,04902  	0,01405  	8951,57850  	0,22181  	0,20402  	1,97235  	1,96896  	234956,47357  	738134,67609  	65,46585  	2641958,93199  	1,33334  	1,54854  	NaN  	NaN  	0,00389  	0,00503  	0,00395  	0,00858  	138,66641  	0,00400  	0,00427  
77,09139  	1327,82048  	135,14825  	947,66723  	26,73681  	0,04687  	0,01405  	61168,22054  	0,22602  	0,20393  	1,97126  	1,96787  	7056131,04206  	4499084,79124  	66,70595  	18053120,64518  	0,29315  	0,18505  	NaN  	NaN  	0,00389  	0,00505  	0,00395  	0,00858  	947,51645  	0,00399  	0,00427  
78,09159  	1327,82048  	949,27669  	1327,82053  	26,73844  	0,04987  	0,01402  	85706,53851  	0,22613  	0,20346  	1,96820  	1,96481  	887658162,99535  	2230505,64067  	66,73959  	25295332,54600  	0,29248  	0,00750  	-Inf  	-Inf  	0,00389  	0,00505  	0,00395  	0,00857  	1327,62170  	0,00400  	0,00427  
79,09147  	1327,82048  	132,09229  	1327,82053  	26,73929  	0,04960  	0,01402  	85706,53851  	0,22542  	0,20359  	1,96911  	1,96572  	51140809,51926  	7006903,18980  	66,52939  	25295332,54600  	0,29266  	0,05115  	-Inf  	-Inf  	0,00389  	0,00505  	0,00395  	0,00858  	1327,62170  	0,00400  	0,00427  
80,09137  	129,95410  	-244,98909  	129,95412  	26,73977  	0,04965  	0,01405  	85706,53851  	0,22102  	0,20401  	1,97177  	1,96838  	169,73064  	78,05024  	65,23171  	25295332,54600  	3002,02923  	28,55500  	NaN  	NaN  	0,00389  	0,00503  	0,00395  	0,00858  	1327,62170  	0,00400  	0,00427  
81,09256  	-244,98909  	953,20189  	953,25219  	26,74036  	0,04194  	0,01407  	8361,88514  	0,22598  	0,20423  	1,97740  	1,97400  	60101198,77815  	0,09515  	66,69631  	2467917,48884  	34,80942  	0,01350  	-Inf  	-Inf  	0,00389  	0,00505  	0,00395  	0,00859  	129,53190  	0,00397  	0,00427  
82,09228  	954,82465  	1327,75450  	128,00675  	26,74183  	0,04113  	0,01406  	61630,22384  	0,22568  	0,20415  	1,97539  	1,97200  	35904930,84956  	673661,96953  	66,60727  	18189475,78542  	1,26775  	0,04296  	NaN  	NaN  	0,00389  	0,00505  	0,00395  	0,00859  	954,67301  	0,00397  	0,00427  
83,09327  	1327,82048  	126,04770  	956,76816  	26,74104  	0,04530  	0,01407  	85706,53851  	0,22596  	0,20429  	1,97472  	1,97133  	7068561,24491  	4446094,28824  	66,69020  	25295332,54600  	0,29367  	0,17886  	NaN  	NaN  	0,00389  	0,00505  	0,00395  	0,00859  	1327,62170  	0,00399  	0,00427  
84,09410  	1327,82048  	-244,98909  	1327,82053  	26,74103  	0,04629  	0,01404  	85706,53851  	0,22471  	0,20384  	1,97345  	1,97006  	7053747,68290  	8602132,24148  	66,32045  	25295332,54600  	0,29302  	0,18277  	NaN  	NaN  	0,00389  	0,00504  	0,00395  	0,00859  	1327,62170  	0,00399  	0,00427  
85,09619  	121,01458  	-244,98909  	1327,82053  	26,74284  	0,04750  	0,01401  	85706,53851  	0,22446  	0,20333  	1,97632  	1,97292  	509797,52416  	312,96853  	66,24749  	25295332,54600  	2814,94089  	0,18753  	NaN  	NaN  	0,00389  	0,00504  	0,00394  	0,00859  	1327,62170  	0,00399  	0,00427  
86,09678  	963,99438  	963,94366  	118,83703  	26,74420  	0,04974  	0,01407  	85706,53851  	0,22348  	0,20424  	1,96980  	1,96641  	5089632,17635  	611448,34246  	65,95817  	25295332,54600  	1,21475  	0,19642  	NaN  	NaN  	0,00389  	0,00504  	0,00394  	0,00858  	1327,62170  	0,00400  	0,00427  
87,09766  	1327,82048  	115,39208  	967,42424  	26,74385  	0,04836  	0,01407  	85706,53851  	0,22563  	0,20431  	1,97145  	1,96806  	7069102,12053  	4868449,07749  	66,59079  	25295332,54600  	0,29369  	0,19095  	NaN  	NaN  	0,00389  	0,00505  	0,00395  	0,00858  	1327,62170  	0,00400  	0,00427  
88,09998  	111,65279  	-244,98909  	1327,82053  	26,74415  	0,04128  	0,01405  	85706,53851  	0,22705  	0,20397  	1,97540  	1,97201  	460607,69008  	271,78713  	67,01257  	25295332,54600  	2642,61184  	0,16297  	NaN  	NaN  	0,00389  	0,00505  	0,00394  	0,00859  	1327,62170  	0,00397  	0,00427  
89,10054  	973,53038  	973,47926  	1327,82053  	26,74540  	0,04851  	0,01408  	85706,53851  	0,22503  	0,20441  	1,97304  	1,96964  	693841591,13039  	266938,40512  	66,41531  	25295332,54600  	1,16292  	0,00697  	-Inf  	-Inf  	0,00389  	0,00504  	0,00395  	0,00858  	1327,62170  	0,00400  	0,00427  
90,10086  	104,69870  	104,68403  	104,69871  	26,74621  	0,04669  	0,01405  	6755,88399  	0,22416  	0,20403  	1,96818  	1,96479  	67,23918  	0,00287  	66,15722  	1993924,09365  	2513,82639  	798,32991  	-Inf  	-Inf  	0,00389  	0,00504  	0,00395  	0,00857  	104,65450  	0,00399  	0,00427  
91,10057  	980,85869  	980,80726  	-244,98909  	26,74757  	0,05155  	0,01404  	63310,68158  	0,22787  	0,20383  	1,97778  	1,97438  	353280,66882  	1031369,42029  	67,25238  	18685444,21639  	1,12108  	1,26473  	NaN  	NaN  	0,00389  	0,00506  	0,00395  	0,00860  	980,70376  	0,00401  	0,00427  
92,10078  	1327,82048  	100,63083  	982,18610  	26,74854  	0,05046  	0,01412  	85706,53851  	0,22759  	0,20500  	1,97824  	1,97484  	7093049,20105  	5256417,13053  	67,17050  	25295332,54600  	0,29468  	0,19926  	NaN  	NaN  	0,00389  	0,00506  	0,00395  	0,00860  	1327,62170  	0,00400  	0,00427  
93,10117  	99,14164  	983,63820  	99,14166  	26,74933  	0,04993  	0,01411  	85706,53851  	0,22603  	0,20482  	1,97406  	1,97067  	394231,93533  	184,75787  	66,70926  	25295332,54600  	2422,85324  	0,19718  	-Inf  	-Inf  	0,00389  	0,00505  	0,00395  	0,00859  	1327,62170  	0,00400  	0,00427  
94,10136  	984,67348  	98,14352  	-244,98909  	26,74999  	0,04779  	0,01409  	85706,53851  	0,22642  	0,20450  	1,97249  	1,96910  	2572,11724  	274642,33173  	66,82396  	25295332,54600  	1,10525  	18,29703  	NaN  	NaN  	0,00389  	0,00505  	0,00395  	0,00858  	1327,62170  	0,00399  	0,00427  
95,10337  	97,40405  	985,37573  	985,42739  	26,75075  	0,04607  	0,01408  	6285,02546  	0,22665  	0,20439  	1,97009  	1,96670  	19334500,88650  	0,00996  	66,89439  	1854955,43200  	2386,82567  	0,01286  	-Inf  	-Inf  	0,00389  	0,00505  	0,00395  	0,00858  	97,36077  	0,00399  	0,00427  
96,10559  	988,40818  	1327,75450  	94,42323  	26,75141  	0,04948  	0,01408  	63797,98944  	0,22594  	0,20446  	1,97404  	1,97064  	31984974,10075  	1047974,83690  	66,68330  	18829267,71586  	1,08634  	0,05729  	NaN  	NaN  	0,00389  	0,00505  	0,00395  	0,00859  	988,25229  	0,00400  	0,00427  
97,10692  	92,28805  	92,27390  	-244,98909  	26,75229  	0,05030  	0,01402  	85706,53851  	0,22603  	0,20348  	1,96937  	1,96598  	193,21925  	70,95445  	66,70987  	25295332,54600  	2287,25118  	17,92355  	NaN  	NaN  	0,00389  	0,00505  	0,00395  	0,00858  	1327,62170  	0,00400  	0,00427  
98,10625  	995,67826  	-244,98909  	-244,98909  	26,75237  	0,04891  	0,01406  	85706,53851  	0,22415  	0,20410  	1,97102  	1,96763  	313385,34752  	0,00000  	66,15663  	25295332,54600  	1,04925  	0,94644  	Inf  	-Inf  	0,00389  	0,00504  	0,00394  	0,00858  	1327,62170  	0,00400  	0,00427  
99,10965  	1327,82048  	999,56255  	-244,98909  	26,75246  	0,04074  	0,01407  	85706,53851  	0,22891  	0,20426  	1,97114  	1,96775  	578097,89584  	5990861,54472  	67,56171  	25295332,54600  	0,29361  	0,88374  	NaN  	NaN  	0,00389  	0,00506  	0,00394  	0,00858  	1327,62170  	0,00397  	0,00427  
100,11075  	80,82064  	80,80698  	1002,01079  	26,75475  	0,04491  	0,01399  	5214,59199  	0,22753  	0,20309  	1,97628  	1,97288  	292010,92449  	172,99326  	67,15391  	1539028,88626  	2090,94545  	0,17733  	-Inf  	-Inf  	0,00389  	0,00506  	0,00395  	0,00859  	80,77947  	0,00398  	0,00427  
101,11307  	-244,98909  	1005,22901  	77,54994  	26,75583  	0,04823  	0,01404  	-15815,93170  	0,22467  	0,20381  	1,97100  	1,96761  	1472539,04448  	2017,08907  	66,30945  	-4667896,50935  	34,74325  	0,19047  	-Inf  	-Inf  	0,00389  	0,00504  	0,00396  	0,00858  	-244,98909  	0,00399  	0,00427  
102,11323  	1008,98651  	73,83151  	1008,98655  	26,75609  	0,04437  	0,01407  	-15815,93170  	0,22456  	0,20420  	1,97254  	1,96914  	5333892,12664  	816863,26077  	66,27644  	-4667896,50935  	0,98893  	0,17521  	-Inf  	-Inf  	0,00389  	0,00504  	0,00395  	0,00858  	-244,98909  	0,00398  	0,00427  
103,11460  	1327,82048  	-244,98909  	1327,82053  	26,75625  	0,04388  	0,01405  	-15815,93170  	0,22078  	0,20390  	1,97165  	1,96826  	7055722,64973  	8154595,64878  	65,15968  	-4667896,50935  	0,29309  	0,17324  	NaN  	NaN  	0,00389  	0,00502  	0,00394  	0,00858  	-244,98909  	0,00398  	0,00427  
104,11518  	1327,82048  	1016,15546  	66,62303  	26,75792  	0,04966  	0,01406  	65592,44974  	0,22096  	0,20404  	1,96950  	1,96611  	7058223,20056  	5572152,89044  	65,21299  	19358882,73515  	0,29329  	0,19613  	NaN  	NaN  	0,00389  	0,00503  	0,00395  	0,00858  	1016,04897  	0,00400  	0,00427  
105,11694  	1327,82048  	62,07935  	-244,98909  	26,75909  	0,04959  	0,01409  	85706,53851  	0,22486  	0,20448  	1,98147  	1,97807  	6507,80230  	1799449,27230  	66,36382  	25295332,54600  	0,29393  	12,40328  	NaN  	NaN  	0,00389  	0,00504  	0,00394  	0,00860  	1327,62170  	0,00400  	0,00427  
106,11676  	1327,82048  	1023,20043  	-244,98909  	26,75788  	0,04542  	0,01407  	3843,39556  	0,22590  	0,20431  	1,97197  	1,96858  	720349,55674  	6806881,86561  	66,67256  	1134335,49598  	0,29368  	0,84813  	NaN  	NaN  	0,00389  	0,00505  	0,00395  	0,00858  	59,53926  	0,00399  	0,00427  
107,11685  	57,30491  	1327,75450  	1025,52652  	26,75869  	0,04700  	0,01408  	66193,91973  	0,22358  	0,20435  	1,97441  	1,97102  	25771669,94937  	59,40760  	65,98740  	19536399,92156  	1728,10403  	0,00615  	-Inf  	-Inf  	0,00389  	0,00504  	0,00395  	0,00859  	1025,36591  	0,00399  	0,00427  
108,11694  	-244,98909  	1327,75450  	1327,82053  	26,75960  	0,04430  	0,01414  	3603,81725  	0,22279  	0,20533  	1,97685  	1,97345  	493122939,10350  	0,13187  	65,75518  	1063626,61797  	35,00423  	0,00347  	-Inf  	-Inf  	0,00389  	0,00503  	0,00395  	0,00859  	55,82813  	0,00398  	0,00427  
109,11692  	1028,98666  	53,83219  	53,84474  	26,76000  	0,04966  	0,01414  	-15815,93170  	0,22517  	0,20520  	1,97818  	1,97479  	859,97889  	13,96248  	66,45593  	-4667896,50935  	0,91004  	511,64863  	NaN  	NaN  	0,00389  	0,00504  	0,00395  	0,00860  	-244,98909  	0,00400  	0,00427  
110,11693  	1327,82048  	1030,19141  	-244,98909  	26,76160  	0,05278  	0,01406  	-15815,93170  	0,22490  	0,20412  	1,97503  	1,97164  	766823,41055  	7953569,55397  	66,37551  	-4667896,50935  	0,29340  	0,94379  	NaN  	NaN  	0,00389  	0,00504  	0,00395  	0,00859  	-244,98909  	0,00401  	0,00427  
111,11679  	51,20975  	51,19733  	1031,62168  	26,76157  	0,05172  	0,01407  	66587,35280  	0,22615  	0,20429  	1,97271  	1,96932  	132822,42733  	212,05784  	66,74653  	19652517,31806  	1633,17706  	0,20420  	-Inf  	-Inf  	0,00389  	0,00505  	0,00394  	0,00858  	1031,46029  	0,00401  	0,00427  
112,11685  	1033,33163  	-244,98909  	49,49977  	26,76366  	0,04545  	0,01406  	85706,53851  	0,22400  	0,20418  	1,97287  	1,96948  	6263,65430  	308427,90854  	66,11119  	25295332,54600  	0,88856  	9,88085  	Inf  	-Inf  	0,00389  	0,00504  	0,00395  	0,00858  	1327,62170  	0,00399  	0,00427  
113,11666  	1327,82048  	1034,28054  	1034,33426  	26,76365  	0,04917  	0,01407  	3128,16124  	0,22091  	0,20421  	1,97305  	1,96966  	484399341,88354  	312,10635  	65,20058  	923242,03238  	0,29353  	0,01115  	NaN  	NaN  	0,00389  	0,00503  	0,00394  	0,00858  	48,46008  	0,00400  	0,00427  
114,11661  	47,29739  	47,28512  	1327,82053  	26,76520  	0,04235  	0,01409  	-15815,93170  	0,22716  	0,20450  	1,97376  	1,97037  	547717,56816  	226,79183  	67,04329  	-4667896,50935  	1574,79525  	0,05693  	-Inf  	-Inf  	0,00389  	0,00505  	0,00395  	0,00859  	-244,98909  	0,00398  	0,00427  
115,11656  	1036,41959  	1036,36583  	1327,82053  	26,76584  	0,04959  	0,01411  	-15815,93170  	0,22830  	0,20482  	1,96902  	1,96563  	879109074,17740  	339691,14285  	67,38102  	-4667896,50935  	0,87952  	0,00636  	-Inf  	-Inf  	0,00389  	0,00506  	0,00395  	0,00857  	-244,98909  	0,00400  	0,00427  
116,12005  	1327,82048  	1327,75450  	1327,82053  	26,76577  	0,04644  	0,01409  	-15815,93170  	0,22559  	0,20456  	1,97513  	1,97173  	2352003947,37259  	362,37455  	66,58139  	-4667896,50935  	0,29403  	0,00364  	-Inf  	-Inf  	0,00389  	0,00505  	0,00394  	0,00859  	-244,98909  	0,00399  	0,00427  
117,12051  	43,14485  	43,13276  	43,14486  	26,76535  	0,04632  	0,01410  	67107,92992  	0,22321  	0,20469  	1,97548  	1,97209  	14,02030  	0,00234  	65,87869  	19806159,87132  	1512,88668  	399,55986  	-Inf  	-Inf  	0,00389  	0,00504  	0,00395  	0,00859  	1039,52417  	0,00399  	0,00427  
118,12153  	-244,98909  	-244,98909  	1044,28148  	26,76617  	0,04763  	0,01412  	2486,08279  	0,22427  	0,20496  	1,97240  	1,96901  	182414,51894  	2767,73516  	66,19105  	733739,71285  	34,94348  	0,78148  	NaN  	NaN  	0,00389  	0,00504  	0,00395  	0,00858  	38,51411  	0,00399  	0,00427  
119,12257  	1047,69230  	-244,98909  	35,13910  	26,76689  	0,05095  	0,01406  	-15815,93170  	0,22743  	0,20413  	1,96917  	1,96578  	8143,06951  	360247,71633  	67,12308  	-4667896,50935  	0,83516  	9,48653  	Inf  	-Inf  	0,00389  	0,00506  	0,00395  	0,00858  	-244,98909  	0,00400  	0,00427  
120,12358  	34,37709  	1048,40004  	-244,98909  	26,76739  	0,04324  	0,01407  	67673,87597  	0,22875  	0,20424  	1,97237  	1,96897  	5278,04544  	233,92873  	67,51203  	19973192,55994  	1378,15557  	0,69213  	NaN  	NaN  	0,00389  	0,00506  	0,00395  	0,00858  	1048,29083  	0,00398  	0,00427  
121,12493  	1051,55852  	31,26128  	-244,98909  	26,76773  	0,04071  	0,01409  	2016,35847  	0,22600  	0,20454  	1,97491  	1,97152  	8752,34370  	290829,57608  	66,70092  	595105,79978  	0,82316  	7,27549  	NaN  	NaN  	0,00389  	0,00505  	0,00395  	0,00859  	31,23796  	0,00397  	0,00427  
122,12555  	1327,82048  	-244,98909  	-244,98909  	26,76818  	0,05153  	0,01407  	-15815,93170  	0,22534  	0,20429  	1,97092  	1,96753  	421195,95002  	0,00000  	66,50754  	-4667896,50935  	0,29364  	0,99708  	Inf  	-Inf  	0,00389  	0,00505  	0,00395  	0,00858  	-244,98909  	0,00401  	0,00427  
123,12835  	1327,82048  	1057,78254  	-244,98909  	26,76826  	0,04201  	0,01405  	68279,52765  	0,22403  	0,20403  	1,97200  	1,96861  	978469,53324  	6466649,86306  	66,11904  	20151943,92572  	0,29327  	0,63587  	NaN  	NaN  	0,00389  	0,00504  	0,00395  	0,00858  	1057,67254  	0,00397  	0,00427  
124,12842  	1327,82048  	20,58797  	1062,23232  	26,76853  	0,04935  	0,01405  	85706,53851  	0,23095  	0,20403  	1,97083  	1,96744  	7059472,77954  	6074490,40517  	68,16242  	25295332,54600  	0,29326  	0,19486  	Inf  	-Inf  	0,00389  	0,00507  	0,00395  	0,00858  	1327,62170  	0,00400  	0,00427  
125,13054  	1327,82048  	1066,25916  	1327,82053  	26,76805  	0,04805  	0,01408  	85706,53851  	0,22442  	0,20444  	1,97088  	1,96749  	1224067973,10820  	1485144,89285  	66,23642  	25295332,54600  	0,29385  	0,00584  	-Inf  	-Inf  	0,00389  	0,00504  	0,00395  	0,00858  	1327,62170  	0,00399  	0,00427  
126,13139  	14,00273  	1327,75450  	1327,82053  	26,76913  	0,04790  	0,01403  	901,59737  	0,22603  	0,20372  	1,97401  	1,97061  	22983608,79934  	0,01323  	66,71104  	266096,44461  	1086,00439  	0,00375  	-Inf  	-Inf  	0,00389  	0,00505  	0,00394  	0,00859  	13,97000  	0,00399  	0,00427  
127,13419  	1071,70142  	1327,75450  	1327,82053  	26,76976  	0,04766  	0,01405  	69174,44198  	0,22341  	0,20396  	1,97147  	1,96808  	1883440015,24504  	92,19872  	65,93714  	20416067,94629  	0,75415  	0,00373  	-Inf  	-Inf  	0,00389  	0,00504  	0,00395  	0,00858  	1071,53501  	0,00399  	0,00427  
128,13409  	6,52228  	1327,75450  	6,52229  	26,77156  	0,04617  	0,01407  	85706,53851  	0,22379  	0,20423  	1,97487  	1,97148  	442417,05111  	255,18817  	66,04850  	25295332,54600  	990,43109  	0,07098  	-Inf  	-Inf  	0,00389  	0,00504  	0,00395  	0,00859  	1327,62170  	0,00399  	0,00427  
129,13468  	1080,34166  	1327,75450  	-244,98909  	26,77295  	0,04631  	0,01409  	158,45059  	0,22650  	0,20451  	1,96906  	1,96567  	5728150,67966  	2249152,28987  	66,84961  	46764,93147  	0,72960  	0,18288  	NaN  	NaN  	0,00389  	0,00505  	0,00395  	0,00857  	2,45845  	0,00399  	0,00427  
130,13557  	1327,82048  	-0,89928  	1083,72048  	26,77275  	0,05154  	0,01409  	-15815,93170  	0,22089  	0,20462  	1,97266  	1,96927  	7079838,22330  	6605480,59563  	65,19344  	-4667896,50935  	0,29410  	0,20349  	Inf  	-Inf  	0,00389  	0,00503  	0,00395  	0,00858  	-244,98909  	0,00401  	0,00427  
131,13689  	-2,34141  	-244,98909  	1327,82053  	26,77281  	0,04744  	0,01406  	70043,99914  	0,22523  	0,20405  	1,97387  	1,97048  	158001,07038  	312,28884  	66,47296  	20672708,07943  	880,08926  	0,18732  	NaN  	NaN  	0,00389  	0,00505  	0,00395  	0,00859  	1085,00469  	0,00399  	0,00427  
132,13621  	1087,83116  	-244,98909  	1327,82053  	26,77431  	0,05024  	0,01401  	-324,98558  	0,22586  	0,20343  	1,97555  	1,97215  	5740798,51884  	2553345,47643  	66,65997  	-95915,88257  	0,70376  	0,19834  	NaN  	NaN  	0,00389  	0,00505  	0,00395  	0,00859  	-5,03010  	0,00400  	0,00427  
133,13801  	1327,82048  	-244,98909  	1327,82053  	26,77457  	0,04466  	0,01406  	70414,19603  	0,22516  	0,20412  	1,96717  	1,96379  	7063079,16840  	8301351,20170  	66,45363  	20781967,57727  	0,29339  	0,17635  	NaN  	NaN  	0,00389  	0,00504  	0,00395  	0,00857  	1090,73914  	0,00398  	0,00427  
134,13742  	1327,82048  	1091,93729  	-9,16198  	26,77470  	0,04414  	0,01405  	85706,53851  	0,22479  	0,20403  	1,97554  	1,97214  	7057620,10554  	5742942,63001  	66,34558  	25295332,54600  	0,29326  	0,17430  	NaN  	NaN  	0,00389  	0,00504  	0,00395  	0,00859  	1327,62170  	0,00398  	0,00427  
135,13833  	1327,82048  	-11,19863  	-244,98909  	26,77647  	0,04521  	0,01407  	85706,53851  	0,22523  	0,20433  	1,97033  	1,96694  	22344,85370  	1249072,03543  	66,47505  	25295332,54600  	0,29368  	5,27688  	Inf  	-Inf  	0,00389  	0,00505  	0,00395  	0,00858  	1327,62170  	0,00398  	0,00427  
136,14003  	-13,73983  	-244,98909  	1096,57127  	26,77678  	0,04949  	0,01408  	-889,14322  	0,22396  	0,20443  	1,97476  	1,97137  	42349,54569  	278,25775  	66,09878  	-262420,74306  	753,13627  	0,59948  	NaN  	NaN  	0,00389  	0,00504  	0,00395  	0,00859  	-13,76906  	0,00400  	0,00427  
137,13913  	1098,06662  	1098,01027  	-15,23522  	26,77705  	0,04841  	0,01407  	-15815,93170  	0,22348  	0,20430  	1,97431  	1,97092  	5819018,87955  	1851826,48976  	65,95621  	-4667896,50935  	0,67794  	0,19117  	NaN  	NaN  	0,00389  	0,00504  	0,00395  	0,00859  	-244,98909  	0,00400  	0,00427  
138,14093  	-19,35794  	-19,36741  	1102,18938  	26,77736  	0,04990  	0,01406  	71142,39062  	0,22556  	0,20408  	1,97412  	1,97073  	250399,11716  	234,82029  	66,57063  	20996886,12089  	693,98637  	0,19702  	NaN  	NaN  	0,00389  	0,00505  	0,00395  	0,00859  	1102,01907  	0,00400  	0,00427  
139,14090  	-244,98909  	-244,98909  	1327,82053  	26,77890  	0,04555  	0,01404  	85706,53851  	0,22766  	0,20386  	1,97432  	1,97093  	1473475,07083  	3228,75074  	67,19048  	25295332,54600  	34,75936  	0,17986  	NaN  	NaN  	0,00389  	0,00506  	0,00394  	0,00859  	1327,62170  	0,00399  	0,00427  
140,14122  	1104,47964  	-244,98909  	1327,82053  	26,77914  	0,04802  	0,01400  	85706,53851  	0,22450  	0,20318  	1,96924  	1,96585  	5823630,20098  	2696613,45007  	66,25964  	25295332,54600  	0,65697  	0,18961  	NaN  	NaN  	0,00389  	0,00504  	0,00394  	0,00858  	1327,62170  	0,00399  	0,00427  
141,14139  	-24,66355  	1107,43821  	1327,82053  	26,77996  	0,04891  	0,01407  	85706,53851  	0,22692  	0,20425  	1,97541  	1,97202  	53847091,90998  	45,30802  	66,97369  	25295332,54600  	643,21994  	0,00553  	-Inf  	-Inf  	0,00389  	0,00505  	0,00395  	0,00859  	1327,62170  	0,00400  	0,00427  
142,14138  	-244,98909  	1327,75450  	1327,82053  	26,78158  	0,04418  	0,01409  	85706,53851  	0,22557  	0,20461  	1,97557  	1,97217  	491430745,24365  	0,13148  	66,57334  	25295332,54600  	34,88928  	0,00346  	-Inf  	-Inf  	0,00389  	0,00505  	0,00395  	0,00859  	1327,62170  	0,00398  	0,00427  
143,14138  	-244,98909  	1327,75450  	-27,94136  	26,78128  	0,05191  	0,01410  	85706,53851  	0,22999  	0,20473  	1,97372  	1,97033  	5008216,90402  	3170,99287  	67,87916  	25295332,54600  	34,90866  	0,08970  	-Inf  	-Inf  	0,00389  	0,00507  	0,00395  	0,00859  	1327,62170  	0,00401  	0,00427  
144,14383  	1111,98784  	1327,75450  	-244,98909  	26,78147  	0,04369  	0,01407  	85706,53851  	0,22668  	0,20428  	1,97359  	1,97019  	5893600,78369  	2564711,80651  	66,90217  	25295332,54600  	0,64094  	0,17256  	NaN  	NaN  	0,00389  	0,00505  	0,00394  	0,00859  	1327,62170  	0,00398  	0,00427  
