11/18/2024 16:05:34Time	T_hot_in(C)	T_cold_in(C)	T_cold_out(C)	T_hot_out(C)	mdot_cold(kg/s)	ASFASIFUAS(kg/s)	Diferencial_cold(bar)	Diferencial_hot(bar)	mdot_hot(kg/s)	ABS_cold(bar)	ABS_hot(bar)	q_cold(kW)	q_hot(kW)	ASFASYFY	Tau_cold_haste	Re_hot	Re_cold	U_global	PSIG_cold(bar)	R_fouling	PSIG_hot(bar)	PSID_hot(bar)	m_dot_hot	PSID_cold(bar)	m_dot_cold
2,03640  	0,00000  	0,00000  	0,00000  	0,00000  	-1,18512  	-0,20833  	-0,25900  	-0,86180  	-3,02442  	-1,72343  	-1,72415  	-0,00000  	-0,00000  	-254,35069  	-76,44127  	-9234,48090  	-3618,55272  	NaN  	NaN  	0,00000  	0,00000  	0,00000  	0,00000  	0,00000  	0,00000  	0,00000  
3,03592  	1327,82048  	-244,98909  	1327,82053  	26,96064  	0,04529  	0,01486  	-15815,93170  	0,25231  	0,21578  	2,22057  	2,21700  	7465600,68354  	8424763,40563  	74,46669  	-4667896,50935  	0,30996  	0,17881  	NaN  	NaN  	0,00389  	0,00517  	0,00396  	0,00916  	-244,98909  	0,00399  	0,00429  
4,03646  	1327,82048  	883,82931  	198,95473  	26,96256  	0,04311  	0,01519  	57050,63949  	0,27702  	0,22057  	2,44964  	2,44591  	7628875,86688  	3492539,38987  	81,75960  	16837862,34922  	0,31683  	0,17026  	NaN  	NaN  	0,00389  	0,00529  	0,00394  	0,00969  	883,73400  	0,00398  	0,00429  
5,03731  	308,43600  	308,41278  	774,39542  	26,96353  	0,04649  	0,01561  	85706,53851  	0,28085  	0,22667  	2,45768  	2,45394  	1696587,73340  	156,84300  	82,89021  	25295332,54600  	425,36378  	0,18357  	-Inf  	-Inf  	0,00389  	0,00530  	0,00395  	0,00971  	1327,62170  	0,00399  	0,00430  
6,04004  	776,44224  	776,39939  	1327,82053  	26,96528  	0,04764  	0,01572  	19774,69670  	0,28016  	0,22826  	2,44803  	2,44430  	347659333,84929  	89205,98583  	82,68571  	5836282,01355  	3,65388  	0,01004  	-Inf  	-Inf  	0,00389  	0,00530  	0,00395  	0,00969  	306,31946  	0,00399  	0,00430  
7,04042  	1327,82048  	1327,75450  	1327,82053  	26,96626  	0,04776  	0,01571  	50358,22337  	0,27952  	0,22809  	2,45169  	2,44795  	2622212362,66321  	373,05415  	82,49808  	14862670,09225  	0,32764  	0,00374  	-Inf  	-Inf  	0,00389  	0,00530  	0,00395  	0,00970  	780,06665  	0,00399  	0,00430  
8,04037  	1327,82048  	299,03579  	1327,82053  	26,96745  	0,04574  	0,01570  	85706,53851  	0,27657  	0,22794  	2,44851  	2,44478  	115748567,97479  	5566217,50654  	81,62591  	25295332,54600  	0,32742  	0,02932  	-Inf  	-Inf  	0,00389  	0,00528  	0,00395  	0,00969  	1327,62170  	0,00399  	0,00430  
9,04029  	1327,82048  	-244,98909  	295,85103  	26,96733  	0,05047  	0,01567  	19094,47564  	0,28130  	0,22753  	2,45363  	2,44989  	1238,14342  	3228934,44878  	83,02339  	5635522,32365  	0,32683  	303,66156  	Inf  	-Inf  	0,00389  	0,00531  	0,00395  	0,00970  	295,78265  	0,00400  	0,00430  
10,04014  	295,01516  	-244,98909  	787,81627  	26,96871  	0,04738  	0,01576  	-15815,93170  	0,27482  	0,22875  	2,45113  	2,44739  	11732,73764  	305,83719  	81,11018  	-4667896,50935  	554,89173  	5,47568  	NaN  	NaN  	0,00389  	0,00528  	0,00394  	0,00969  	-244,98909  	0,00399  	0,00430  
11,04039  	788,66136  	-244,98909  	1327,82053  	26,97015  	0,04849  	0,01569  	-15815,93170  	0,27896  	0,22778  	2,44649  	2,44275  	4614378,01039  	288117,26053  	82,33269  	-4667896,50935  	3,39085  	0,19146  	NaN  	NaN  	0,00389  	0,00529  	0,00394  	0,00968  	-244,98909  	0,00400  	0,00430  
12,04247  	1327,82048  	789,98374  	1327,82053  	26,97239  	0,05043  	0,01571  	50992,79645  	0,28049  	0,22811  	2,45404  	2,45030  	628215379,00784  	3208093,14326  	82,78260  	15049957,28412  	0,32766  	0,01034  	-Inf  	-Inf  	0,00389  	0,00530  	0,00395  	0,00970  	789,89636  	0,00400  	0,00430  
13,04213  	1327,82048  	290,78070  	1327,82053  	26,97269  	0,04808  	0,01570  	18768,64606  	0,28163  	0,22794  	2,44896  	2,44523  	111998919,94791  	5897661,03635  	83,11985  	5539357,34467  	0,32742  	0,03151  	-Inf  	-Inf  	0,00389  	0,00531  	0,00395  	0,00969  	290,73547  	0,00399  	0,00430  
14,04317  	287,97495  	794,81281  	1327,82053  	26,97314  	0,04623  	0,01579  	51304,51863  	0,27723  	0,22920  	2,45066  	2,44692  	128489127,32575  	144,19515  	81,81996  	15141958,62435  	639,01192  	0,00938  	-Inf  	-Inf  	0,00389  	0,00529  	0,00395  	0,00969  	794,72502  	0,00399  	0,00430  
15,04382  	797,68467  	1327,75450  	1327,82053  	26,97441  	0,04311  	0,01575  	85706,53851  	0,27688  	0,22863  	2,45135  	2,44762  	1557219063,85406  	11,62070  	81,71922  	25295332,54600  	3,22848  	0,00338  	-Inf  	-Inf  	0,00389  	0,00528  	0,00395  	0,00970  	1327,62170  	0,00398  	0,00430  
16,04695  	282,95139  	1327,75450  	282,95141  	26,97578  	0,04998  	0,01568  	85706,53851  	0,27528  	0,22761  	2,44478  	2,44105  	21320042,92505  	292,86479  	81,24467  	25295332,54600  	702,15011  	0,03346  	-Inf  	-Inf  	0,00389  	0,00528  	0,00395  	0,00968  	1327,62170  	0,00400  	0,00430  
17,04665  	-244,98909  	1327,75450  	801,87601  	26,97657  	0,04641  	0,01575  	85706,53851  	0,28177  	0,22866  	2,45098  	2,44725  	136396726,93111  	1096,16908  	83,16205  	25295332,54600  	39,06895  	0,00929  	-Inf  	-Inf  	0,00389  	0,00531  	0,00396  	0,00969  	1327,62170  	0,00399  	0,00430  
18,04787  	805,95793  	276,85157  	1327,82053  	26,97767  	0,04660  	0,01574  	17869,50361  	0,27823  	0,22844  	2,45366  	2,44992  	63554662,66449  	214436,27044  	82,11628  	5273985,44114  	3,07526  	0,03172  	-Inf  	-Inf  	0,00389  	0,00529  	0,00395  	0,00970  	276,80750  	0,00399  	0,00430  
19,04846  	273,30887  	809,47828  	1327,82053  	26,97857  	0,04549  	0,01570  	-15815,93170  	0,28037  	0,22794  	2,45001  	2,44628  	125995897,59272  	123,24868  	82,74823  	-4667896,50935  	857,25125  	0,00897  	-Inf  	-Inf  	0,00389  	0,00530  	0,00395  	0,00969  	-244,98909  	0,00399  	0,00430  
20,05005  	-244,98909  	270,97897  	271,00063  	26,97973  	0,05142  	0,01580  	-15815,93170  	0,27950  	0,22944  	2,45138  	2,44764  	11798,98878  	0,05003  	82,49010  	-4667896,50935  	39,20339  	5,99299  	-Inf  	-Inf  	0,00389  	0,00530  	0,00395  	0,00970  	-244,98909  	0,00400  	0,00430  
21,05041  	814,53832  	814,49387  	-244,98909  	26,98104  	0,04760  	0,01576  	52574,95392  	0,27749  	0,22881  	2,45351  	2,44977  	49605,58503  	237279,96264  	81,89857  	15516913,48303  	2,93300  	4,27164  	NaN  	NaN  	0,00389  	0,00529  	0,00394  	0,00970  	814,40441  	0,00399  	0,00430  
22,04961  	1327,82048  	1327,75450  	818,11953  	26,98220  	0,04884  	0,01573  	17084,49297  	0,28125  	0,22838  	2,44904  	2,44530  	683819798,31402  	2944622,74404  	83,00777  	5042298,27249  	0,32804  	0,00946  	NaN  	NaN  	0,00389  	0,00531  	0,00395  	0,00969  	264,64747  	0,00400  	0,00430  
23,05202  	1327,82048  	262,90551  	1327,82053  	26,98437  	0,04747  	0,01577  	52921,33767  	0,27720  	0,22894  	2,45247  	2,44873  	100513346,03439  	5979935,30835  	81,81271  	15619144,79867  	0,32884  	0,03357  	-Inf  	-Inf  	0,00389  	0,00529  	0,00394  	0,00970  	819,76999  	0,00399  	0,00430  
24,05628  	1327,82048  	821,93804  	260,84860  	26,98856  	0,04927  	0,01578  	85706,53851  	0,27480  	0,22914  	2,45368  	2,44994  	7925413,77248  	3270092,41934  	81,10499  	25295332,54600  	0,32912  	0,19456  	NaN  	NaN  	0,00389  	0,00528  	0,00395  	0,00970  	1327,62170  	0,00400  	0,00430  
25,05748  	1327,82048  	1327,75450  	-244,98909  	26,99303  	0,04588  	0,01573  	16599,94384  	0,27894  	0,22837  	2,45156  	2,44782  	7897810,20100  	8535502,83670  	82,32642  	4899288,98029  	0,32801  	0,18119  	NaN  	NaN  	0,00389  	0,00529  	0,00394  	0,00970  	257,14168  	0,00399  	0,00430  
26,05860  	1327,82048  	1327,75450  	831,22626  	26,99633  	0,04462  	0,01570  	53652,13307  	0,27904  	0,22799  	2,45285  	2,44911  	709533787,61961  	2620982,18406  	82,35692  	15834830,94187  	0,32745  	0,00842  	NaN  	NaN  	0,00388  	0,00529  	0,00395  	0,00970  	831,09021  	0,00398  	0,00430  
27,06006  	1327,82048  	246,51296  	1327,82053  	26,99918  	0,04424  	0,01581  	85706,53851  	0,27573  	0,22953  	2,45372  	2,44998  	94220400,54190  	5659119,77271  	81,37886  	25295332,54600  	0,32967  	0,03273  	-Inf  	-Inf  	0,00388  	0,00528  	0,00395  	0,00970  	1327,62170  	0,00398  	0,00430  
28,06038  	1327,82048  	837,60576  	1327,82053  	27,00202  	0,04406  	0,01580  	15823,75275  	0,27768  	0,22932  	2,45268  	2,44894  	727299951,27716  	2555320,33120  	81,95372  	4670204,80439  	0,32936  	0,00821  	-Inf  	-Inf  	0,00389  	0,00529  	0,00395  	0,00970  	245,11826  	0,00398  	0,00430  
29,06018  	1327,82048  	240,72038  	1327,82053  	27,00541  	0,04892  	0,01577  	-15815,93170  	0,28186  	0,22900  	2,45145  	2,44771  	91779991,74820  	6292110,02978  	83,18715  	-4667896,50935  	0,32890  	0,03679  	-Inf  	-Inf  	0,00389  	0,00531  	0,00395  	0,00970  	-244,98909  	0,00400  	0,00430  
30,06006  	238,08140  	844,70428  	1327,82053  	27,00850  	0,04411  	0,01576  	54525,07195  	0,27448  	0,22881  	2,45343  	2,44969  	120220892,33467  	95,58468  	81,00958  	16092469,15288  	1803,09548  	0,00811  	-Inf  	-Inf  	0,00389  	0,00527  	0,00395  	0,00970  	844,61227  	0,00398  	0,00430  
31,06214  	846,22619  	1327,75450  	1327,82053  	27,01243  	0,04847  	0,01575  	15270,24868  	0,27763  	0,22868  	2,45092  	2,44718  	1655588835,90699  	19,49736  	81,93884  	4506844,22740  	2,45832  	0,00380  	-Inf  	-Inf  	0,00389  	0,00529  	0,00395  	0,00969  	236,54433  	0,00400  	0,00430  
32,06214  	1327,82048  	234,36809  	234,38821  	27,01543  	0,04566  	0,01580  	54763,46226  	0,28136  	0,22938  	2,45414  	2,45040  	18587,62997  	108,73784  	83,03937  	16162827,40278  	0,32943  	11,73099  	NaN  	NaN  	0,00389  	0,00531  	0,00395  	0,00970  	848,30500  	0,00399  	0,00430  
33,06340  	1327,82048  	851,65185  	851,69789  	27,01769  	0,04878  	0,01579  	85706,53851  	0,27661  	0,22925  	2,45229  	2,44855  	156644756,84738  	265,74861  	81,63864  	25295332,54600  	0,32924  	0,02559  	NaN  	NaN  	0,00389  	0,00528  	0,00394  	0,00970  	1327,62170  	0,00400  	0,00430  
34,06430  	1327,82048  	1327,75450  	1327,82053  	27,02023  	0,04268  	0,01577  	14839,63434  	0,27830  	0,22887  	2,45245  	2,44871  	2631047214,08081  	333,47921  	82,13789  	4379753,19142  	0,32870  	0,00334  	-Inf  	-Inf  	0,00389  	0,00529  	0,00395  	0,00970  	229,87400  	0,00398  	0,00430  
35,06470  	227,04222  	1327,75450  	227,04223  	27,02159  	0,05089  	0,01568  	55237,63421  	0,27643  	0,22770  	2,45101  	2,44728  	13252669,84472  	245,52920  	81,58378  	16302773,98566  	2232,32435  	0,03977  	-Inf  	-Inf  	0,00389  	0,00528  	0,00395  	0,00969  	855,65005  	0,00400  	0,00430  
36,06466  	858,99620  	223,81553  	-244,98909  	27,02360  	0,04911  	0,01569  	14445,96416  	0,28218  	0,22780  	2,44941  	2,44567  	811,23126  	155176,77437  	83,28331  	4263565,81003  	2,28603  	109,42051  	NaN  	NaN  	0,00388  	0,00531  	0,00395  	0,00969  	223,77594  	0,00400  	0,00430  
37,06568  	1327,82048  	860,64965  	860,69607  	27,02557  	0,04707  	0,01577  	55554,36486  	0,27678  	0,22897  	2,44820  	2,44446  	167421235,11390  	258,53839  	81,68990  	16396253,51656  	0,32884  	0,02359  	NaN  	NaN  	0,00389  	0,00528  	0,00395  	0,00969  	860,55630  	0,00399  	0,00430  
38,06571  	1327,82048  	1327,75450  	1327,82053  	27,02719  	0,04575  	0,01575  	85706,53851  	0,28328  	0,22868  	2,44895  	2,44522  	2628857815,87552  	357,46017  	83,60578  	25295332,54600  	0,32842  	0,00359  	-Inf  	-Inf  	0,00389  	0,00531  	0,00395  	0,00969  	1327,62170  	0,00399  	0,00430  
39,06935  	1327,82048  	218,34117  	218,36063  	27,02888  	0,04251  	0,01574  	85706,53851  	0,27671  	0,22845  	2,45138  	2,44764  	10838,53095  	97,84950  	81,66920  	25295332,54600  	0,32808  	16,30155  	NaN  	NaN  	0,00389  	0,00528  	0,00395  	0,00970  	1327,62170  	0,00398  	0,00430  
40,06875  	1327,82048  	866,88070  	866,92739  	27,03062  	0,05416  	0,01576  	85706,53851  	0,27866  	0,22875  	2,45140  	2,44766  	175215333,62905  	299,14023  	82,24317  	25295332,54600  	0,32851  	0,02630  	NaN  	NaN  	0,00389  	0,00529  	0,00395  	0,00970  	1327,62170  	0,00401  	0,00430  
41,07033  	211,38971  	1327,75450  	1327,82053  	27,03359  	0,04657  	0,01570  	85706,53851  	0,27401  	0,22794  	2,45105  	2,44731  	371361199,27719  	0,01321  	80,87123  	25295332,54600  	2927,35043  	0,00365  	-Inf  	-Inf  	0,00388  	0,00527  	0,00395  	0,00969  	1327,62170  	0,00399  	0,00430  
42,07040  	874,22811  	208,58426  	1327,82053  	27,03583  	0,05325  	0,01578  	13462,76752  	0,27662  	0,22909  	2,44929  	2,44555  	52270451,86565  	452174,06936  	81,64141  	3973386,24598  	2,12109  	0,04385  	-Inf  	-Inf  	0,00389  	0,00528  	0,00394  	0,00969  	208,54596  	0,00401  	0,00430  
43,07031  	1327,82048  	876,91602  	1327,82053  	27,03780  	0,04915  	0,01573  	56604,37811  	0,27892  	0,22841  	2,44747  	2,44374  	811988364,85468  	2622087,85734  	82,31943  	16706153,26288  	0,32802  	0,00848  	-Inf  	-Inf  	0,00388  	0,00529  	0,00394  	0,00969  	876,82129  	0,00400  	0,00430  
44,07042  	1327,82048  	204,72563  	204,74452  	27,03872  	0,04659  	0,01576  	85706,53851  	0,27806  	0,22884  	2,45156  	2,44783  	6795,38086  	104,08761  	82,06611  	25295332,54600  	0,32864  	25,95418  	NaN  	NaN  	0,00389  	0,00529  	0,00394  	0,00970  	1327,62170  	0,00399  	0,00430  
45,07025  	1327,82048  	879,43291  	-244,98909  	27,03987  	0,04379  	0,01569  	85706,53851  	0,27894  	0,22779  	2,45152  	2,44779  	182814,65973  	5825980,09835  	82,32488  	25295332,54600  	0,32713  	2,25133  	NaN  	NaN  	0,00388  	0,00529  	0,00395  	0,00970  	1327,62170  	0,00398  	0,00430  
46,07041  	1327,82048  	1327,75450  	880,60292  	27,04095  	0,05003  	0,01576  	13051,28538  	0,27914  	0,22874  	2,45236  	2,44862  	821665949,20632  	2646855,44455  	82,38605  	3851941,86632  	0,32849  	0,00857  	NaN  	NaN  	0,00389  	0,00530  	0,00394  	0,00970  	202,17199  	0,00400  	0,00430  
47,07043  	200,74514  	1327,75450  	1327,82053  	27,04179  	0,05207  	0,01571  	56935,07045  	0,27565  	0,22813  	2,45480  	2,45106  	350197759,86898  	0,01465  	81,35505  	16803753,43171  	3378,06615  	0,00408  	-Inf  	-Inf  	0,00389  	0,00528  	0,00394  	0,00970  	881,94380  	0,00401  	0,00430  
48,07142  	883,34450  	1327,75450  	1327,82053  	27,04235  	0,05249  	0,01577  	12874,31838  	0,27693  	0,22896  	2,45043  	2,44669  	1732659602,15014  	28,19778  	81,73260  	3799712,02170  	2,02173  	0,00411  	-Inf  	-Inf  	0,00389  	0,00529  	0,00395  	0,00969  	199,43072  	0,00401  	0,00430  
49,07213  	1327,82048  	1327,75450  	1327,82053  	27,04441  	0,04803  	0,01576  	57074,60085  	0,28200  	0,22881  	2,45323  	2,44949  	2630275019,54459  	375,31852  	83,23002  	16844934,27959  	0,32858  	0,00376  	-Inf  	-Inf  	0,00388  	0,00531  	0,00395  	0,00970  	884,10517  	0,00399  	0,00430  
50,07201  	1327,82048  	1327,75450  	197,16749  	27,04528  	0,04736  	0,01580  	85706,53851  	0,28040  	0,22933  	2,45280  	2,44906  	76514117,61385  	6336026,26275  	82,75659  	25295332,54600  	0,32933  	0,04031  	NaN  	NaN  	0,00389  	0,00530  	0,00395  	0,00970  	1327,62170  	0,00399  	0,00430  
51,07231  	1327,82048  	1327,75450  	-244,98909  	27,04657  	0,04623  	0,01576  	12479,54669  	0,27946  	0,22873  	2,45914  	2,45540  	7909791,36449  	8603830,35815  	82,48000  	3683199,54390  	0,32847  	0,18259  	NaN  	NaN  	0,00389  	0,00530  	0,00395  	0,00971  	193,31560  	0,00399  	0,00430  
52,07198  	1327,82048  	192,19843  	-244,98909  	27,04785  	0,04892  	0,01575  	57485,56408  	0,27905  	0,22866  	2,44785  	2,44412  	1380,45876  	2530778,11606  	82,35712  	16966225,50843  	0,32836  	67,81057  	NaN  	NaN  	0,00389  	0,00529  	0,00395  	0,00969  	890,47110  	0,00400  	0,00430  
53,07297  	1327,82048  	-244,98909  	892,43308  	27,04953  	0,04366  	0,01573  	85706,53851  	0,27836  	0,22833  	2,45183  	2,44810  	212830,63948  	5876093,28737  	82,15522  	25295332,54600  	0,32789  	2,02530  	Inf  	-Inf  	0,00388  	0,00529  	0,00395  	0,00970  	1327,62170  	0,00398  	0,00430  
54,07306  	189,96305  	-244,98909  	1327,82053  	27,05108  	0,04474  	0,01573  	12259,56846  	0,27916  	0,22833  	2,45565  	2,45191  	989293,97544  	298,24850  	82,39208  	3618275,41298  	3739,23628  	0,17664  	NaN  	NaN  	0,00388  	0,00530  	0,00394  	0,00970  	189,90808  	0,00398  	0,00430  
55,07296  	-244,98909  	-244,98909  	1327,82053  	27,05193  	0,04986  	0,01575  	57777,21849  	0,27839  	0,22871  	2,44814  	2,44441  	1654786,47950  	3517,38498  	82,16419  	17052304,06960  	39,10840  	0,19685  	NaN  	NaN  	0,00388  	0,00529  	0,00395  	0,00969  	894,98891  	0,00400  	0,00430  
56,07292  	-244,98909  	898,22369  	1327,82053  	27,05153  	0,05332  	0,01579  	85706,53851  	0,28059  	0,22926  	2,45039  	2,44666  	181158361,99432  	1027,48918  	82,81327  	25295332,54600  	39,20185  	0,00883  	-Inf  	-Inf  	0,00389  	0,00530  	0,00395  	0,00969  	1327,62170  	0,00401  	0,00430  
57,07440  	898,98683  	1327,75450  	1327,82053  	27,05235  	0,04625  	0,01576  	85706,53851  	0,27564  	0,22885  	2,44764  	2,44390  	1763462411,64117  	27,94555  	81,35266  	25295332,54600  	1,86524  	0,00362  	-Inf  	-Inf  	0,00389  	0,00528  	0,00395  	0,00969  	1327,62170  	0,00399  	0,00430  
58,07666  	1327,82048  	182,79717  	182,81513  	27,05491  	0,05003  	0,01569  	85706,53851  	0,28052  	0,22782  	2,44948  	2,44574  	3260,78853  	106,34224  	82,79145  	25295332,54600  	0,32714  	54,99641  	NaN  	NaN  	0,00388  	0,00530  	0,00394  	0,00969  	1327,62170  	0,00400  	0,00430  
59,07866  	180,19627  	-244,98909  	902,63516  	27,05573  	0,04710  	0,01573  	85706,53851  	0,27648  	0,22838  	2,44962  	2,44589  	28115,03562  	228,36581  	81,60014  	25295332,54600  	3936,57426  	2,01910  	NaN  	NaN  	0,00389  	0,00528  	0,00394  	0,00969  	1327,62170  	0,00399  	0,00430  
60,08005  	-244,98909  	908,02109  	1327,82053  	27,05723  	0,04528  	0,01576  	85706,53851  	0,28245  	0,22885  	2,45105  	2,44731  	185942687,32386  	852,56371  	83,36230  	25295332,54600  	39,13458  	0,00736  	-Inf  	-Inf  	0,00389  	0,00531  	0,00395  	0,00969  	1327,62170  	0,00399  	0,00430  
61,08033  	912,04187  	1327,75450  	170,78953  	27,05824  	0,04663  	0,01577  	85706,53851  	0,27719  	0,22894  	2,44867  	2,44493  	46385367,42785  	543710,53646  	81,80998  	25295332,54600  	1,74741  	0,04286  	NaN  	NaN  	0,00388  	0,00529  	0,00395  	0,00969  	1327,62170  	0,00399  	0,00430  
62,08041  	165,91095  	165,89371  	916,92048  	27,05841  	0,04531  	0,01578  	10707,04211  	0,27706  	0,22901  	2,44946  	2,44572  	845642,30055  	143,34225  	81,77065  	3160064,51212  	3996,85537  	0,17892  	-Inf  	-Inf  	0,00388  	0,00529  	0,00395  	0,00969  	165,85902  	0,00399  	0,00430  
63,07992  	917,94631  	917,89752  	164,88510  	27,05923  	0,05137  	0,01572  	59249,78277  	0,27972  	0,22815  	2,44653  	2,44279  	5404124,21220  	407060,78925  	82,55603  	17486915,05418  	1,69104  	0,20289  	NaN  	NaN  	0,00388  	0,00530  	0,00395  	0,00968  	917,79933  	0,00400  	0,00430  
64,08067  	1327,82048  	1327,75450  	919,28630  	27,06127  	0,04930  	0,01573  	85706,53851  	0,28078  	0,22839  	2,44891  	2,44517  	915794907,27784  	2383068,97037  	82,86947  	25295332,54600  	0,32796  	0,00785  	NaN  	NaN  	0,00388  	0,00530  	0,00395  	0,00969  	1327,62170  	0,00400  	0,00430  
65,08409  	1327,82048  	1327,75450  	1327,82053  	27,06118  	0,04932  	0,01577  	85706,53851  	0,27779  	0,22897  	2,45447  	2,45073  	2632056454,40191  	385,43711  	81,98595  	25295332,54600  	0,32879  	0,00387  	-Inf  	-Inf  	0,00389  	0,00529  	0,00395  	0,00970  	1327,62170  	0,00400  	0,00430  
66,08390  	1327,82048  	1327,75450  	160,47142  	27,06234  	0,04916  	0,01572  	10355,92812  	0,27526  	0,22828  	2,45138  	2,44764  	64985632,82355  	6790467,37023  	81,23885  	3056437,12003  	0,32780  	0,04658  	NaN  	NaN  	0,00389  	0,00528  	0,00394  	0,00970  	160,42017  	0,00400  	0,00430  
67,08395  	1327,82048  	157,29688  	925,51767  	27,06400  	0,04462  	0,01575  	-15815,93170  	0,27707  	0,22864  	2,45332  	2,44958  	7908829,82914  	4056724,83943  	81,77455  	-4667896,50935  	0,32831  	0,17620  	NaN  	NaN  	0,00388  	0,00529  	0,00394  	0,00970  	-244,98909  	0,00398  	0,00430  
68,08503  	152,92796  	-244,98909  	152,92797  	27,06464  	0,05295  	0,01570  	-15815,93170  	0,27979  	0,22795  	2,44848  	2,44475  	175,61459  	88,57191  	82,57675  	-4667896,50935  	3830,05594  	41,63075  	NaN  	NaN  	0,00389  	0,00530  	0,00395  	0,00969  	-244,98909  	0,00401  	0,00430  
69,08484  	932,41792  	932,36852  	932,41795  	27,06507  	0,05428  	0,01571  	-15815,93170  	0,27851  	0,22804  	2,44895  	2,44521  	194087598,82863  	31,34232  	82,19863  	-4667896,50935  	1,57437  	0,01923  	-Inf  	-Inf  	0,00388  	0,00529  	0,00395  	0,00969  	-244,98909  	0,00401  	0,00430  
70,08506  	1327,82048  	148,35414  	1327,82053  	27,06720  	0,04439  	0,01572  	60315,76465  	0,27862  	0,22827  	2,45278  	2,44904  	61625462,87657  	6196527,06698  	82,23088  	17801527,76025  	0,32778  	0,04360  	-Inf  	-Inf  	0,00388  	0,00529  	0,00395  	0,00970  	934,31168  	0,00398  	0,00430  
71,08507  	1327,82048  	-244,98909  	147,66272  	27,06894  	0,04561  	0,01576  	85706,53851  	0,27213  	0,22883  	2,44647  	2,44274  	1926,70963  	2119243,70459  	80,31757  	25295332,54600  	0,32859  	33,33484  	Inf  	-Inf  	0,00388  	0,00526  	0,00395  	0,00968  	1327,62170  	0,00399  	0,00430  
72,08509  	1327,82048  	936,37617  	936,42577  	27,06988  	0,04876  	0,01569  	85706,53851  	0,27563  	0,22780  	2,44870  	2,44496  	286327210,81128  	286,24515  	81,34878  	25295332,54600  	0,32711  	0,01696  	NaN  	NaN  	0,00388  	0,00528  	0,00395  	0,00969  	1327,62170  	0,00400  	0,00430  
73,08510  	144,59439  	1327,75450  	144,59441  	27,07103  	0,05185  	0,01573  	85706,53851  	0,28041  	0,22835  	2,45040  	2,44666  	5476290,22147  	257,63879  	82,76068  	25295332,54600  	3683,34715  	0,05151  	-Inf  	-Inf  	0,00388  	0,00530  	0,00394  	0,00969  	1327,62170  	0,00401  	0,00430  
74,08507  	939,09970  	143,71538  	-244,98909  	27,07312  	0,04499  	0,01574  	85706,53851  	0,28336  	0,22851  	2,44928  	2,44555  	1410,83924  	214236,88345  	83,63180  	25295332,54600  	1,52734  	31,14834  	NaN  	NaN  	0,00388  	0,00531  	0,00395  	0,00969  	1327,62170  	0,00398  	0,00430  
75,08511  	142,23663  	940,54503  	940,59480  	27,07383  	0,05164  	0,01573  	85706,53851  	0,27573  	0,22835  	2,45326  	2,44952  	26144597,60608  	0,01079  	81,37922  	25295332,54600  	3635,25480  	0,01761  	-Inf  	-Inf  	0,00388  	0,00528  	0,00394  	0,00970  	1327,62170  	0,00401  	0,00430  
76,08484  	941,77580  	1327,75450  	1327,82053  	27,07529  	0,04643  	0,01578  	85706,53851  	0,27536  	0,22906  	2,45332  	2,44959  	1851594138,81694  	38,28139  	81,26905  	25295332,54600  	1,51139  	0,00364  	-Inf  	-Inf  	0,00388  	0,00528  	0,00395  	0,00970  	1327,62170  	0,00399  	0,00430  
77,08651  	1327,82048  	140,01854  	1327,82053  	27,07695  	0,05526  	0,01572  	9036,76901  	0,27452  	0,22828  	2,44769  	2,44395  	59391247,71534  	7767998,91545  	81,02115  	2667101,96340  	0,32778  	0,05564  	-Inf  	-Inf  	0,00388  	0,00527  	0,00395  	0,00969  	139,98603  	0,00402  	0,00430  
78,08843  	1327,82048  	944,69457  	138,08692  	27,07638  	0,05100  	0,01573  	-15815,93170  	0,27626  	0,22841  	2,44850  	2,44476  	7899328,08009  	4868117,44688  	81,53369  	-4667896,50935  	0,32797  	0,20139  	NaN  	NaN  	0,00388  	0,00528  	0,00395  	0,00969  	-244,98909  	0,00400  	0,00430  
79,09042  	1327,82048  	1327,75450  	-244,98909  	27,07643  	0,04654  	0,01569  	61208,81329  	0,27612  	0,22773  	2,44981  	2,44608  	7875169,18121  	8661831,57766  	81,49271  	18065101,14460  	0,32700  	0,18379  	NaN  	NaN  	0,00388  	0,00528  	0,00395  	0,00969  	948,14525  	0,00399  	0,00430  
80,09042  	1327,82048  	1327,75450  	950,93618  	27,07774  	0,05039  	0,01571  	8511,38009  	0,27868  	0,22806  	2,45260  	2,44886  	999120355,46410  	2247280,82452  	82,24997  	2512039,26389  	0,32747  	0,00756  	NaN  	NaN  	0,00389  	0,00529  	0,00395  	0,00970  	131,84761  	0,00400  	0,00430  
81,09026  	1327,82048  	127,37877  	127,39441  	27,07993  	0,04136  	0,01575  	-15815,93170  	0,27683  	0,22862  	2,45499  	2,45125  	1305,18845  	76,52163  	81,70258  	-4667896,50935  	0,32828  	399,99999  	NaN  	NaN  	0,00388  	0,00528  	0,00395  	0,00970  	-244,98909  	0,00397  	0,00430  
82,09022  	124,86175  	957,91917  	-244,98909  	27,08133  	0,04827  	0,01575  	61833,22818  	0,27616  	0,22865  	2,45185  	2,44811  	32347,63691  	243,34463  	81,50535  	18249390,26064  	3258,36777  	1,38355  	NaN  	NaN  	0,00388  	0,00528  	0,00394  	0,00970  	957,81760  	0,00399  	0,00430  
83,09020  	-244,98909  	123,42114  	-244,98909  	27,08183  	0,04695  	0,01578  	85706,53851  	0,27473  	0,22907  	2,44942  	2,44568  	550,67267  	775,44902  	81,08276  	25295332,54600  	39,18165  	24,77658  	-Inf  	-Inf  	0,00388  	0,00527  	0,00394  	0,00969  	1327,62170  	0,00399  	0,00430  
84,09125  	-244,98909  	-244,98909  	960,33871  	27,08275  	0,04784  	0,01573  	7904,46142  	0,27688  	0,22839  	2,45138  	2,44764  	92130,47616  	2585,27062  	81,71876  	2332913,96008  	39,06505  	1,34857  	NaN  	NaN  	0,00388  	0,00528  	0,00395  	0,00970  	122,44628  	0,00399  	0,00430  
85,09129  	961,86818  	-244,98909  	1327,82053  	27,08483  	0,04685  	0,01571  	-15815,93170  	0,27800  	0,22810  	2,44769  	2,44395  	5670868,57296  	1058690,42397  	82,04730  	-4667896,50935  	1,36802  	0,18496  	NaN  	NaN  	0,00388  	0,00529  	0,00394  	0,00969  	-244,98909  	0,00399  	0,00430  
86,09067  	118,23329  	964,54735  	1327,82053  	27,08513  	0,05097  	0,01569  	-15815,93170  	0,27890  	0,22782  	2,45065  	2,44691  	72635823,03893  	77,55623  	82,31552  	-4667896,50935  	3100,49421  	0,00745  	-Inf  	-Inf  	0,00388  	0,00529  	0,00395  	0,00969  	-244,98909  	0,00400  	0,00430  
87,09229  	-244,98909  	1327,75450  	1327,82053  	27,08615  	0,05115  	0,01568  	62295,45688  	0,27785  	0,22767  	2,44880  	2,44506  	547410136,48478  	0,15142  	82,00450  	18385811,92584  	38,94341  	0,00401  	-Inf  	-Inf  	0,00388  	0,00529  	0,00395  	0,00969  	964,97765  	0,00400  	0,00430  
88,09209  	-244,98909  	1327,75450  	115,86519  	27,08672  	0,05253  	0,01572  	85706,53851  	0,27670  	0,22826  	2,44965  	2,44591  	11142050,64636  	2853,96009  	81,66579  	25295332,54600  	39,04503  	0,05693  	-Inf  	-Inf  	0,00388  	0,00528  	0,00395  	0,00969  	1327,62170  	0,00401  	0,00430  
89,09209  	969,94886  	112,86752  	969,94890  	27,08631  	0,04798  	0,01574  	85706,53851  	0,27474  	0,22848  	2,45095  	2,44721  	5728943,98518  	624589,23682  	81,08517  	25295332,54600  	1,31954  	0,18943  	-Inf  	-Inf  	0,00388  	0,00527  	0,00395  	0,00969  	1327,62170  	0,00399  	0,00430  
90,09175  	1327,82048  	970,57003  	1327,82053  	27,08726  	0,05059  	0,01577  	85706,53851  	0,28134  	0,22886  	2,44743  	2,44369  	1058751739,76173  	2139217,30659  	83,03408  	25295332,54600  	0,32861  	0,00731  	-Inf  	-Inf  	0,00388  	0,00531  	0,00394  	0,00969  	1327,62170  	0,00400  	0,00430  
91,09172  	1327,82048  	110,66435  	1327,82053  	27,08880  	0,05321  	0,01568  	85706,53851  	0,27722  	0,22769  	2,44749  	2,44375  	51909636,90779  	7665197,53413  	81,81858  	25295332,54600  	0,32692  	0,05858  	-Inf  	-Inf  	0,00388  	0,00529  	0,00395  	0,00969  	1327,62170  	0,00401  	0,00430  
92,09340  	1327,82048  	-244,98909  	1327,82053  	27,09014  	0,04784  	0,01572  	7094,09605  	0,28214  	0,22820  	2,44972  	2,44599  	7894319,21055  	8904768,31925  	83,26969  	2093743,62727  	0,32765  	0,18887  	NaN  	NaN  	0,00388  	0,00531  	0,00395  	0,00969  	109,89350  	0,00399  	0,00430  
93,09485  	1327,82048  	-244,98909  	1327,82053  	27,09189  	0,04684  	0,01577  	62924,89619  	0,27652  	0,22899  	2,44795  	2,44422  	7921889,45002  	8718974,39423  	81,61290  	18571583,94598  	0,32880  	0,18493  	NaN  	NaN  	0,00388  	0,00528  	0,00395  	0,00969  	974,72784  	0,00399  	0,00430  
94,09484  	1327,82048  	976,86100  	105,91914  	27,09195  	0,04914  	0,01573  	6834,66133  	0,27662  	0,22835  	2,45150  	2,44776  	7897099,54876  	5065746,61491  	81,64194  	2017174,35154  	0,32787  	0,19408  	NaN  	NaN  	0,00388  	0,00528  	0,00395  	0,00970  	105,87478  	0,00400  	0,00430  
95,09660  	101,76465  	1327,75450  	981,06678  	27,09295  	0,04230  	0,01569  	-15815,93170  	0,28438  	0,22774  	2,44816  	2,44442  	62239262,78509  	61,35938  	83,93150  	-4667896,50935  	2753,37032  	0,00600  	-Inf  	-Inf  	0,00388  	0,00532  	0,00394  	0,00969  	-244,98909  	0,00398  	0,00430  
96,09684  	983,61136  	1327,75450  	99,22004  	27,09351  	0,04993  	0,01568  	63488,36212  	0,27454  	0,22756  	2,44820  	2,44447  	36197679,95482  	1022393,89631  	81,02603  	18737884,65370  	1,23391  	0,05696  	NaN  	NaN  	0,00388  	0,00527  	0,00396  	0,00969  	983,45608  	0,00400  	0,00430  
97,09778  	1327,82048  	95,84539  	-244,98909  	27,09419  	0,05218  	0,01572  	85706,53851  	0,27651  	0,22814  	2,45101  	2,44727  	4048,73251  	2104867,27710  	81,61028  	25295332,54600  	0,32757  	19,42108  	NaN  	NaN  	0,00388  	0,00528  	0,00395  	0,00969  	1327,62170  	0,00401  	0,00430  
98,09923  	1327,82048  	-244,98909  	989,12921  	27,09536  	0,04809  	0,01570  	85706,53851  	0,28214  	0,22794  	2,44709  	2,44335  	583810,39730  	7024362,82728  	83,27116  	25295332,54600  	0,32728  	1,11665  	Inf  	-Inf  	0,00388  	0,00531  	0,00395  	0,00969  	1327,62170  	0,00399  	0,00430  
99,09874  	90,82871  	991,95079  	1327,82053  	27,09625  	0,04317  	0,01570  	85706,53851  	0,27950  	0,22788  	2,44151  	2,43778  	54766520,07512  	60,64913  	82,49060  	25295332,54600  	2540,11954  	0,00600  	-Inf  	-Inf  	0,00388  	0,00530  	0,00395  	0,00967  	1327,62170  	0,00398  	0,00430  
100,09931  	-244,98909  	88,79462  	88,80864  	27,09766  	0,05019  	0,01572  	85706,53851  	0,27995  	0,22816  	2,44685  	2,44311  	260,90005  	0,03153  	82,62478  	25295332,54600  	39,03277  	834,36538  	-Inf  	-Inf  	0,00388  	0,00530  	0,00395  	0,00968  	1327,62170  	0,00400  	0,00430  
101,09888  	-244,98909  	996,22015  	996,27226  	27,09762  	0,04626  	0,01576  	85706,53851  	0,27554  	0,22879  	2,45648  	2,45274  	89376213,53362  	0,10806  	81,32379  	25295332,54600  	39,13981  	0,01232  	-Inf  	-Inf  	0,00388  	0,00528  	0,00395  	0,00971  	1327,62170  	0,00399  	0,00430  
102,09899  	-244,98909  	85,28706  	1327,82053  	27,09852  	0,04736  	0,01572  	5503,78704  	0,27779  	0,22819  	2,45454  	2,45080  	9685368,07519  	2637,58090  	81,98695  	1624381,59228  	39,03789  	0,05641  	-Inf  	-Inf  	0,00388  	0,00529  	0,00395  	0,00970  	85,25918  	0,00399  	0,00430  
103,09945  	998,78872  	998,73654  	1327,82053  	27,10015  	0,04781  	0,01576  	64468,03774  	0,28036  	0,22877  	2,45074  	2,44700  	853893157,54327  	290248,43327  	82,74647  	19027025,02762  	1,15788  	0,00656  	-Inf  	-Inf  	0,00388  	0,00530  	0,00395  	0,00969  	998,63152  	0,00399  	0,00430  
104,10039  	1327,82048  	82,96745  	1327,82053  	27,10089  	0,04626  	0,01571  	85706,53851  	0,28245  	0,22805  	2,45467  	2,45093  	45776669,05034  	6816258,72207  	83,36268  	25295332,54600  	0,32743  	0,05551  	-Inf  	-Inf  	0,00388  	0,00531  	0,00395  	0,00970  	1327,62170  	0,00399  	0,00430  
105,10138  	82,01206  	1000,76706  	82,01207  	27,10086  	0,04394  	0,01575  	85706,53851  	0,27790  	0,22860  	2,45246  	2,44872  	333750,58710  	168,82348  	82,01907  	25295332,54600  	2382,03381  	0,17354  	-Inf  	-Inf  	0,00388  	0,00529  	0,00395  	0,00970  	1327,62170  	0,00398  	0,00430  
106,10259  	-244,98909  	78,99609  	1003,82175  	27,10083  	0,04642  	0,01575  	85706,53851  	0,27749  	0,22857  	2,45221  	2,44847  	1653935,99359  	1924,24829  	81,89883  	25295332,54600  	39,10451  	0,18330  	-Inf  	-Inf  	0,00388  	0,00529  	0,00395  	0,00970  	1327,62170  	0,00399  	0,00430  
107,10430  	-244,98909  	1005,67168  	77,10725  	27,10133  	0,04865  	0,01578  	85706,53851  	0,27579  	0,22903  	2,45490  	2,45116  	1656867,70811  	2024,77165  	81,39591  	25295332,54600  	39,18346  	0,19214  	-Inf  	-Inf  	0,00388  	0,00528  	0,00395  	0,00970  	1327,62170  	0,00400  	0,00430  
108,10584  	-244,98909  	72,88918  	1009,92891  	27,10134  	0,04781  	0,01579  	85706,53851  	0,27526  	0,22929  	2,45106  	2,44732  	1659107,08558  	2007,82962  	81,23919  	25295332,54600  	39,22684  	0,18877  	-Inf  	-Inf  	0,00388  	0,00528  	0,00395  	0,00969  	1327,62170  	0,00399  	0,00430  
109,10766  	1013,88581  	-244,98909  	1327,82053  	27,10295  	0,04304  	0,01572  	85706,53851  	0,28026  	0,22827  	2,44843  	2,44470  	5990978,68496  	1378969,37297  	82,71545  	25295332,54600  	1,08010  	0,16993  	NaN  	NaN  	0,00388  	0,00530  	0,00394  	0,00969  	1327,62170  	0,00398  	0,00430  
110,10907  	1327,82048  	-244,98909  	63,54048  	27,10386  	0,04128  	0,01570  	85706,53851  	0,27872  	0,22795  	2,44797  	2,44424  	7069,40539  	1507454,75314  	82,25965  	25295332,54600  	0,32728  	10,49640  	Inf  	-Inf  	0,00388  	0,00529  	0,00394  	0,00969  	1327,62170  	0,00397  	0,00430  
111,10942  	1327,82048  	1022,31858  	-244,98909  	27,10487  	0,04604  	0,01574  	3900,32025  	0,27584  	0,22855  	2,44969  	2,44595  	799120,18187  	6905366,87219  	81,41131  	1151136,18632  	0,32814  	0,86429  	NaN  	NaN  	0,00388  	0,00528  	0,00395  	0,00969  	60,42104  	0,00399  	0,00430  
112,10890  	57,81291  	1327,75450  	1025,01852  	27,10471  	0,04815  	0,01571  	66161,12891  	0,27610  	0,22805  	2,45527  	2,45153  	28873952,03669  	60,95949  	81,48784  	19526722,07413  	1943,40846  	0,00630  	-Inf  	-Inf  	0,00388  	0,00528  	0,00394  	0,00970  	1024,85797  	0,00399  	0,00430  
113,10890  	-244,98909  	1327,75450  	56,10689  	27,10653  	0,05192  	0,01572  	85706,53851  	0,27965  	0,22820  	2,44573  	2,44200  	8444488,54380  	2959,11083  	82,53610  	25295332,54600  	39,04314  	0,06786  	-Inf  	-Inf  	0,00388  	0,00530  	0,00395  	0,00968  	1327,62170  	0,00401  	0,00430  
114,10940  	1027,84840  	54,97040  	1027,84845  	27,10698  	0,04758  	0,01575  	85706,53851  	0,28036  	0,22864  	2,44671  	2,44297  	6084925,42971  	1032194,01300  	82,74475  	25295332,54600  	1,01748  	0,18788  	-Inf  	-Inf  	0,00388  	0,00530  	0,00394  	0,00968  	1327,62170  	0,00399  	0,00430  
115,11038  	1327,82048  	1029,38329  	1327,82053  	27,10864  	0,03787  	0,01578  	3444,28478  	0,27921  	0,22910  	2,45668  	2,45294  	1243348916,86454  	1337606,94360  	82,40531  	1016542,38288  	0,32893  	0,00492  	-Inf  	-Inf  	0,00388  	0,00530  	0,00395  	0,00971  	53,35692  	0,00396  	0,00430  
116,11125  	1327,82048  	52,47210  	52,48459  	27,10993  	0,05121  	0,01575  	-15815,93170  	0,28064  	0,22870  	2,44595  	2,44222  	1243,84542  	75,69870  	82,82774  	-4667896,50935  	0,32835  	516,41322  	NaN  	NaN  	0,00388  	0,00530  	0,00395  	0,00968  	-244,98909  	0,00400  	0,00430  
117,11214  	49,55868  	1033,21908  	-244,98909  	27,11052  	0,04564  	0,01573  	66693,92704  	0,27700  	0,22831  	2,44796  	2,44423  	15207,62674  	243,98867  	81,75300  	19683971,52243  	1802,79811  	0,80102  	NaN  	NaN  	0,00388  	0,00529  	0,00395  	0,00969  	1033,11116  	0,00399  	0,00430  
118,11227  	-244,98909  	47,97910  	1034,84004  	27,11266  	0,04418  	0,01577  	85706,53851  	0,27273  	0,22889  	2,45516  	2,45142  	1656326,93033  	1953,87200  	80,49227  	25295332,54600  	39,16385  	0,17446  	-Inf  	-Inf  	0,00388  	0,00527  	0,00394  	0,00970  	1327,62170  	0,00398  	0,00430  
119,11268  	1039,62413  	1039,57024  	1327,82053  	27,11519  	0,04884  	0,01579  	85706,53851  	0,27908  	0,22922  	2,45396  	2,45023  	995102950,60477  	338408,94114  	82,36787  	25295332,54600  	0,96934  	0,00623  	-Inf  	-Inf  	0,00388  	0,00530  	0,00395  	0,00970  	1327,62170  	0,00400  	0,00430  
120,11357  	1327,82048  	1327,75450  	1327,82053  	27,11617  	0,04994  	0,01577  	2696,15444  	0,27697  	0,22895  	2,45283  	2,44909  	2631708662,92472  	390,35781  	81,74469  	795740,02501  	0,32870  	0,00391  	-Inf  	-Inf  	0,00388  	0,00529  	0,00395  	0,00970  	41,76818  	0,00400  	0,00430  
121,11407  	38,57562  	1327,75450  	38,57563  	27,11693  	0,04493  	0,01569  	-15815,93170  	0,27391  	0,22773  	2,44844  	2,44471  	326366,20890  	242,26668  	80,84083  	-4667896,50935  	1612,25152  	0,06214  	-Inf  	-Inf  	0,00388  	0,00527  	0,00395  	0,00969  	-244,98909  	0,00398  	0,00430  
122,11470  	1046,23125  	36,58833  	1046,23129  	27,11928  	0,04370  	0,01579  	67530,38111  	0,27718  	0,22917  	2,45032  	2,44659  	6210925,61485  	1105926,48932  	81,80658  	19930841,64691  	0,94202  	0,17257  	-Inf  	-Inf  	0,00388  	0,00529  	0,00394  	0,00969  	1046,06806  	0,00398  	0,00430  
123,11497  	35,65627  	1047,12091  	1327,82053  	27,12014  	0,04604  	0,01573  	85706,53851  	0,27863  	0,22834  	2,45032  	2,44658  	8526660,71962  	54,06292  	82,23535  	25295332,54600  	1567,85138  	0,00579  	-Inf  	-Inf  	0,00388  	0,00529  	0,00394  	0,00969  	1327,62170  	0,00399  	0,00430  
124,11502  	1048,45431  	1327,75450  	34,37710  	27,12204  	0,04923  	0,01572  	2216,73084  	0,28027  	0,22821  	2,45069  	2,44696  	28566967,49606  	1618149,66568  	82,71752  	654243,47671  	0,92921  	0,06903  	NaN  	NaN  	0,00388  	0,00530  	0,00395  	0,00969  	34,34178  	0,00400  	0,00430  
125,11567  	31,77004  	31,75843  	1051,06139  	27,12322  	0,04861  	0,01572  	-15815,93170  	0,27646  	0,22815  	2,45132  	2,44758  	28195,03729  	207,26886  	81,59439  	-4667896,50935  	1502,46641  	0,19194  	-Inf  	-Inf  	0,00388  	0,00528  	0,00395  	0,00969  	-244,98909  	0,00400  	0,00430  
126,11844  	-244,98909  	-244,98909  	1327,82053  	27,12494  	0,04652  	0,01569  	67940,10622  	0,27444  	0,22773  	2,44359  	2,43986  	1648109,40822  	3278,11393  	80,99742  	20051767,46131  	38,96978  	0,18368  	NaN  	NaN  	0,00388  	0,00527  	0,00394  	0,00968  	1052,41481  	0,00399  	0,00430  
127,12011  	1054,60207  	1054,54754  	1327,82053  	27,12658  	0,03679  	0,01570  	85706,53851  	0,27726  	0,22797  	2,45262  	2,44888  	1045099139,64054  	265571,80679  	81,83167  	25295332,54600  	0,90431  	0,00457  	-Inf  	-Inf  	0,00388  	0,00529  	0,00394  	0,00970  	1327,62170  	0,00396  	0,00430  
128,11957  	1327,82048  	1327,75450  	23,06418  	27,12633  	0,04898  	0,01575  	85706,53851  	0,28065  	0,22869  	2,44515  	2,44141  	34511924,20720  	7563950,82774  	82,82932  	25295332,54600  	0,32833  	0,07127  	NaN  	NaN  	0,00388  	0,00530  	0,00395  	0,00968  	1327,62170  	0,00400  	0,00430  
129,12118  	20,18296  	1327,75450  	1062,64847  	27,12897  	0,04311  	0,01572  	1300,52153  	0,27979  	0,22828  	2,45392  	2,45018  	7226648,25226  	47,80880  	82,57575  	383834,47801  	1317,38300  	0,00527  	-Inf  	-Inf  	0,00388  	0,00530  	0,00394  	0,00970  	20,14945  	0,00398  	0,00430  
130,12325  	1065,58074  	17,23965  	1327,82053  	27,13045  	0,04629  	0,01571  	68779,36135  	0,28119  	0,22805  	2,45148  	2,44775  	26713914,10557  	1715353,38642  	82,99103  	20299464,28687  	0,86375  	0,06866  	NaN  	NaN  	0,00388  	0,00530  	0,00395  	0,00970  	1065,41510  	0,00399  	0,00430  
131,12572  	14,94830  	-244,98909  	1327,82053  	27,13222  	0,04939  	0,01571  	962,63224  	0,27437  	0,22800  	2,45037  	2,44664  	73883,50479  	324,97014  	80,97867  	284110,20878  	1235,25517  	0,19502  	NaN  	NaN  	0,00388  	0,00527  	0,00395  	0,00969  	14,91545  	0,00400  	0,00430  
132,12682  	1072,17611  	1072,12085  	1327,82053  	27,13464  	0,04808  	0,01579  	-15815,93170  	0,27591  	0,22918  	2,44918  	2,44545  	1119331014,46519  	362016,89524  	81,43269  	-4667896,50935  	0,84446  	0,00578  	-Inf  	-Inf  	0,00388  	0,00528  	0,00395  	0,00969  	-244,98909  	0,00399  	0,00430  
133,12767  	1327,82048  	6,77545  	6,78602  	27,13558  	0,05057  	0,01572  	-15815,93170  	0,27716  	0,22822  	2,45229  	2,44855  	1243,89651  	63,28089  	81,79924  	-4667896,50935  	0,32764  	187,68338  	Inf  	-Inf  	0,00388  	0,00529  	0,00395  	0,00970  	-244,98909  	0,00400  	0,00430  
