01/16/2025 17:11:59Time	T_hot_in(C)	T_cold_in(C)	T_cold_out(C)	T_hot_out(C)	mdot_cold(kg/s)	ASFASIFUAS(kg/s)	Diferencial_cold(bar)	Diferencial_hot(bar)	mdot_hot(kg/s)	ABS_cold(bar)	ABS_hot(bar)	q_cold(kW)	q_hot(kW)	ASFASYFY	Tau_cold_haste	Re_hot	Re_cold	U_global	PSIG_cold(bar)	R_fouling	PSIG_hot(bar)	PSID_hot(bar)	m_dot_hot	PSID_cold(bar)	m_dot_cold
2,05008  	0,00000  	0,00000  	0,00000  	0,00000  	-1,18512  	-0,20833  	-0,25900  	-0,86180  	-3,02442  	-1,72343  	-1,72415  	-0,00000  	-0,00000  	-254,35069  	-76,44127  	-9234,48090  	-3618,55272  	NaN  	NaN  	0,00000  	0,00000  	0,00000  	0,00000  	0,00000  	0,00000  	0,00000  
3,05060  	1327,82048  	1327,75450  	1327,82053  	26,26766  	0,05299  	0,02622  	85706,53851  	0,00537  	0,06673  	0,21576  	0,21363  	767519141,49100  	412,52876  	1,58482  	25295332,54600  	0,09607  	0,00415  	-Inf  	-Inf  	0,00405  	0,00402  	0,00396  	0,00450  	1327,62170  	0,00401  	0,00409  
4,05076  	199,34881  	199,33017  	199,34883  	26,29447  	0,04821  	0,02611  	85706,53851  	0,00474  	0,06608  	0,21492  	0,21280  	216,82853  	0,00383  	1,39922  	25295332,54600  	1001,90882  	31,44235  	-Inf  	-Inf  	0,00405  	0,00402  	0,00396  	0,00450  	1327,62170  	0,00399  	0,00409  
5,05187  	-244,98909  	773,42684  	773,46960  	26,32341  	0,05166  	0,02619  	19966,57829  	0,00512  	0,06399  	0,21557  	0,21345  	4887076,16973  	0,10031  	1,51179  	5892913,73147  	10,85858  	0,04129  	-Inf  	-Inf  	0,00405  	0,00402  	0,00396  	0,00450  	309,29176  	0,00401  	0,00408  
6,05300  	775,90788  	306,90036  	1327,82053  	26,34477  	0,04757  	0,02614  	50081,41765  	0,00480  	0,06290  	0,21511  	0,21298  	18987158,80546  	163245,13654  	1,41601  	14780973,95797  	1,01384  	0,02985  	-Inf  	-Inf  	0,00405  	0,00402  	0,00397  	0,00450  	775,77885  	0,00399  	0,00408  
7,05627  	1327,82048  	778,99145  	303,79700  	26,35881  	0,04988  	0,02629  	85706,53851  	0,00425  	0,06290  	0,21641  	0,21429  	2176571,51761  	2795288,23392  	1,25319  	25295332,54600  	0,09053  	0,19697  	NaN  	NaN  	0,00405  	0,00402  	0,00396  	0,00450  	1327,62170  	0,00400  	0,00408  
8,05692  	1327,82048  	300,82328  	-244,98909  	26,36809  	0,04739  	0,02654  	19416,90640  	0,00407  	0,06144  	0,21846  	0,21634  	334,49387  	3050693,79804  	1,19974  	5730684,18119  	0,08843  	301,71048  	NaN  	NaN  	0,00405  	0,00402  	0,00396  	0,00451  	300,77720  	0,00399  	0,00408  
9,05783  	1327,82048  	786,25132  	-244,98909  	26,37460  	0,05094  	0,02648  	-15815,93170  	0,00395  	0,06070  	0,21792  	0,21580  	14786,74103  	6196162,20811  	1,16694  	-4667896,50935  	0,08736  	5,97918  	NaN  	NaN  	0,00405  	0,00402  	0,00396  	0,00451  	-244,98909  	0,00400  	0,00408  
10,06047  	1327,82048  	1327,75450  	789,91146  	26,37806  	0,04981  	0,02634  	50985,32546  	0,00372  	0,06101  	0,21676  	0,21463  	168034953,60812  	3159816,82390  	1,09862  	15047752,30674  	0,08781  	0,01021  	NaN  	NaN  	0,00405  	0,00402  	0,00396  	0,00451  	789,78063  	0,00400  	0,00408  
11,06079  	1327,82048  	1327,75450  	1327,82053  	26,38100  	0,04564  	0,02655  	85706,53851  	0,00484  	0,06113  	0,21849  	0,21637  	703082672,06208  	355,45401  	1,42760  	25295332,54600  	0,08798  	0,00358  	-Inf  	-Inf  	0,00405  	0,00402  	0,00396  	0,00451  	1327,62170  	0,00399  	0,00408  
12,06103  	1327,82048  	1327,75450  	285,87340  	26,38213  	0,04781  	0,02641  	85706,53851  	0,00410  	0,06158  	0,21735  	0,21523  	29675680,53643  	5875510,14184  	1,21120  	25295332,54600  	0,08863  	0,03176  	NaN  	NaN  	0,00405  	0,00402  	0,00396  	0,00451  	1327,62170  	0,00399  	0,00408  
13,06318  	1327,82048  	282,93145  	-244,98909  	26,38317  	0,04752  	0,02663  	18261,96713  	0,00489  	0,06181  	0,21918  	0,21705  	336,51573  	2958685,73846  	1,44324  	5389816,68637  	0,08896  	244,51316  	NaN  	NaN  	0,00405  	0,00402  	0,00396  	0,00451  	282,88687  	0,00399  	0,00408  
14,06514  	1327,82048  	-244,98909  	801,24802  	26,38276  	0,04752  	0,02634  	51717,08302  	0,00346  	0,06260  	0,21677  	0,21465  	18769,10488  	5864049,30946  	1,02044  	15263722,41907  	0,09009  	4,82571  	Inf  	-Inf  	0,00405  	0,00402  	0,00396  	0,00451  	801,11575  	0,00399  	0,00408  
15,06707  	277,60578  	805,18155  	1327,82053  	26,38418  	0,04850  	0,02662  	85706,53851  	0,00415  	0,06303  	0,21911  	0,21698  	35081766,07772  	135,90648  	1,22473  	25295332,54600  	219,56336  	0,00964  	-Inf  	-Inf  	0,00405  	0,00402  	0,00396  	0,00451  	1327,62170  	0,00400  	0,00408  
16,06874  	-244,98909  	1327,75450  	1327,82053  	26,38597  	0,04875  	0,02643  	17626,76437  	0,00424  	0,06257  	0,21755  	0,21543  	150055282,10262  	0,14603  	1,25227  	5202343,65006  	10,62491  	0,00382  	-Inf  	-Inf  	0,00405  	0,00402  	0,00396  	0,00451  	273,04741  	0,00400  	0,00408  
17,07049  	-244,98909  	1327,75450  	1327,82053  	26,38755  	0,04639  	0,02617  	-15815,93170  	0,00441  	0,06197  	0,21542  	0,21329  	148612053,04394  	0,13897  	1,30157  	-4667896,50935  	10,52283  	0,00364  	-Inf  	-Inf  	0,00405  	0,00402  	0,00396  	0,00450  	-244,98909  	0,00399  	0,00408  
18,07111  	817,46559  	1327,75450  	265,36582  	26,38950  	0,04850  	0,02653  	52763,90499  	0,00448  	0,06271  	0,21834  	0,21621  	16907324,28921  	247192,76193  	1,32315  	15572680,29216  	0,79331  	0,03407  	NaN  	NaN  	0,00405  	0,00402  	0,00396  	0,00451  	817,33131  	0,00400  	0,00408  
19,07083  	1327,82048  	1327,75450  	821,56753  	26,39188  	0,04594  	0,02639  	85706,53851  	0,00421  	0,06261  	0,21722  	0,21510  	189466878,12248  	2742818,39981  	1,24288  	25295332,54600  	0,09010  	0,00884  	NaN  	NaN  	0,00405  	0,00402  	0,00396  	0,00451  	1327,62170  	0,00399  	0,00408  
20,07130  	1327,82048  	1327,75450  	1327,82053  	26,39451  	0,04650  	0,02618  	85706,53851  	0,00488  	0,06211  	0,21548  	0,21336  	714304239,25021  	362,21459  	1,44131  	25295332,54600  	0,08938  	0,00364  	-Inf  	-Inf  	0,00405  	0,00402  	0,00396  	0,00450  	1327,62170  	0,00399  	0,00408  
21,07218  	1327,82048  	1327,75450  	1327,82053  	26,39312  	0,04875  	0,02634  	85706,53851  	0,00475  	0,06322  	0,21680  	0,21468  	727059898,45472  	379,68684  	1,40298  	25295332,54600  	0,09098  	0,00382  	-Inf  	-Inf  	0,00405  	0,00402  	0,00396  	0,00451  	1327,62170  	0,00400  	0,00408  
22,07311  	1327,82048  	256,10091  	256,12195  	26,39431  	0,04689  	0,02652  	85706,53851  	0,00400  	0,06259  	0,21825  	0,21612  	10007,25024  	116,35459  	1,17994  	25295332,54600  	0,09008  	7,39770  	NaN  	NaN  	0,00405  	0,00402  	0,00396  	0,00451  	1327,62170  	0,00399  	0,00408  
23,07246  	253,92132  	-244,98909  	828,91010  	26,39591  	0,04717  	0,02640  	85706,53851  	0,00416  	0,06268  	0,21731  	0,21518  	4739,22599  	238,55447  	1,22789  	25295332,54600  	359,11423  	3,71547  	NaN  	NaN  	0,00405  	0,00402  	0,00396  	0,00451  	1327,62170  	0,00399  	0,00408  
24,07346  	831,20995  	831,16480  	1327,82053  	26,39778  	0,04792  	0,02644  	85706,53851  	0,00427  	0,06376  	0,21763  	0,21550  	122764508,56792  	127835,82577  	1,25968  	25295332,54600  	0,74676  	0,00905  	-Inf  	-Inf  	0,00405  	0,00402  	0,00396  	0,00451  	1327,62170  	0,00399  	0,00408  
25,07704  	1327,82048  	1327,75450  	249,40338  	26,39885  	0,05131  	0,02629  	85706,53851  	0,00406  	0,06561  	0,21635  	0,21423  	27258228,25654  	6526850,13687  	1,19891  	25295332,54600  	0,09441  	0,03767  	NaN  	NaN  	0,00405  	0,00402  	0,00395  	0,00450  	1327,62170  	0,00400  	0,00409  
26,07917  	1327,82048  	1327,75450  	-244,98909  	26,39769  	0,05369  	0,02640  	85706,53851  	0,00533  	0,06579  	0,21724  	0,21512  	2276138,47225  	9960472,48125  	1,57397  	25295332,54600  	0,09467  	0,21205  	NaN  	NaN  	0,00405  	0,00402  	0,00396  	0,00451  	1327,62170  	0,00401  	0,00409  
27,08085  	1327,82048  	241,70790  	841,10311  	26,39689  	0,04630  	0,02642  	85706,53851  	0,00458  	0,06489  	0,21748  	0,21536  	2245718,08961  	3273682,61357  	1,35176  	25295332,54600  	0,09338  	0,18283  	NaN  	NaN  	0,00405  	0,00402  	0,00396  	0,00451  	1327,62170  	0,00399  	0,00409  
28,08130  	237,38108  	-244,98909  	237,38109  	26,39941  	0,04927  	0,02650  	85706,53851  	0,00504  	0,06468  	0,21812  	0,21600  	57,65116  	106,26101  	1,48729  	25295332,54600  	523,50743  	134,47250  	NaN  	NaN  	0,00405  	0,00402  	0,00396  	0,00451  	1327,62170  	0,00400  	0,00409  
29,08372  	-244,98909  	-244,98909  	848,94833  	26,40035  	0,04665  	0,02634  	85706,53851  	0,00491  	0,06488  	0,21677  	0,21464  	7534,84680  	2314,33398  	1,45013  	25295332,54600  	11,01962  	3,08526  	NaN  	NaN  	0,00405  	0,00402  	0,00396  	0,00451  	1327,62170  	0,00399  	0,00409  
30,08376  	-244,98909  	-244,98909  	229,24065  	26,40092  	0,04429  	0,02615  	14794,87701  	0,00538  	0,06522  	0,21522  	0,21309  	75,28887  	952,52120  	1,58659  	4366543,56126  	11,07680  	107,04204  	NaN  	NaN  	0,00405  	0,00402  	0,00396  	0,00450  	229,18070  	0,00398  	0,00409  
31,08373  	-244,98909  	-244,98909  	-244,98909  	26,39877  	0,04912  	0,02639  	-15815,93170  	0,00556  	0,06588  	0,21720  	0,21508  	28332,11086  	0,00000  	1,64113  	-4667896,50935  	11,18850  	0,95046  	Inf  	-Inf  	0,00405  	0,00403  	0,00395  	0,00451  	-244,98909  	0,00400  	0,00409  
32,08357  	-244,98909  	860,24160  	860,28801  	26,39984  	0,05065  	0,02622  	-15815,93170  	0,00425  	0,06502  	0,21581  	0,21369  	9889086,92485  	0,10660  	1,25547  	-4667896,50935  	11,04343  	0,02543  	-Inf  	-Inf  	0,00405  	0,00402  	0,00396  	0,00450  	-244,98909  	0,00400  	0,00409  
33,08554  	861,23185  	1327,75450  	1327,82053  	26,40073  	0,05295  	0,02613  	-15815,93170  	0,00553  	0,06434  	0,21503  	0,21291  	474707110,44317  	23,86721  	1,63210  	-4667896,50935  	0,64018  	0,00415  	-Inf  	-Inf  	0,00405  	0,00403  	0,00396  	0,00450  	-244,98909  	0,00401  	0,00409  
34,08591  	1327,82048  	1327,75450  	220,46947  	26,40017  	0,04809  	0,02619  	55661,89625  	0,00499  	0,06506  	0,21558  	0,21346  	23966966,76780  	6280994,45661  	1,47181  	16427990,21408  	0,09362  	0,03829  	NaN  	NaN  	0,00405  	0,00402  	0,00396  	0,00450  	862,22199  	0,00399  	0,00409  
35,08693  	1327,82048  	217,95180  	864,86021  	26,39950  	0,05116  	0,02655  	85706,53851  	0,00465  	0,06509  	0,21854  	0,21641  	2252628,10295  	3903772,51383  	1,37338  	25295332,54600  	0,09367  	0,20201  	NaN  	NaN  	0,00405  	0,00402  	0,00396  	0,00451  	1327,62170  	0,00400  	0,00409  
36,08849  	213,90419  	868,88047  	1327,82053  	26,39898  	0,04605  	0,02623  	13804,93291  	0,00509  	0,06565  	0,21585  	0,21373  	32873011,13107  	90,95844  	1,50162  	4074372,55956  	819,01780  	0,00807  	-Inf  	-Inf  	0,00405  	0,00402  	0,00396  	0,00450  	213,84619  	0,00399  	0,00409  
37,09106  	-244,98909  	211,09713  	1327,82053  	26,40040  	0,04828  	0,02609  	56265,63043  	0,00560  	0,06505  	0,21473  	0,21261  	4805487,81085  	2445,15459  	1,65259  	16606175,64798  	11,04809  	0,03947  	-Inf  	-Inf  	0,00405  	0,00403  	0,00396  	0,00450  	871,57399  	0,00399  	0,00409  
38,09208  	875,26086  	875,21386  	207,57055  	26,40206  	0,05037  	0,02650  	85706,53851  	0,00544  	0,06510  	0,21809  	0,21596  	1469362,72967  	255930,98770  	1,60602  	25295332,54600  	0,60153  	0,19893  	NaN  	NaN  	0,00405  	0,00403  	0,00396  	0,00451  	1327,62170  	0,00400  	0,00409  
39,09140  	1327,82048  	1327,75450  	879,02961  	26,40021  	0,04741  	0,02615  	85706,53851  	0,00430  	0,06502  	0,21523  	0,21311  	232602746,03244  	2509469,04761  	1,27008  	25295332,54600  	0,09356  	0,00815  	NaN  	NaN  	0,00405  	0,00402  	0,00396  	0,00450  	1327,62170  	0,00399  	0,00409  
40,09370  	1327,82048  	1327,75450  	200,56693  	26,39829  	0,04857  	0,02651  	85706,53851  	0,00468  	0,06563  	0,21819  	0,21607  	22227364,40510  	6458441,25563  	1,38259  	25295332,54600  	0,09445  	0,04094  	NaN  	NaN  	0,00405  	0,00402  	0,00396  	0,00451  	1327,62170  	0,00400  	0,00409  
41,09350  	197,79509  	1327,75450  	885,03634  	26,40004  	0,04902  	0,02610  	85706,53851  	0,00482  	0,06400  	0,21484  	0,21272  	30680646,39676  	92,28784  	1,42185  	25295332,54600  	985,14365  	0,00833  	-Inf  	-Inf  	0,00405  	0,00402  	0,00396  	0,00450  	1327,62170  	0,00400  	0,00408  
42,09423  	888,65528  	1327,75450  	1327,82053  	26,40134  	0,04819  	0,02632  	12531,51544  	0,00450  	0,06454  	0,21663  	0,21450  	491771660,50340  	26,81685  	1,32754  	3698537,54434  	0,55631  	0,00378  	-Inf  	-Inf  	0,00405  	0,00402  	0,00397  	0,00451  	194,12061  	0,00399  	0,00409  
43,09619  	1327,82048  	193,80637  	1327,82053  	26,40163  	0,04489  	0,02624  	57381,76932  	0,00446  	0,06472  	0,21595  	0,21382  	21301934,40212  	6004705,46900  	1,31640  	16935591,63956  	0,09314  	0,03857  	-Inf  	-Inf  	0,00405  	0,00402  	0,00396  	0,00450  	888,86329  	0,00398  	0,00409  
44,09734  	1327,82048  	891,09056  	1327,82053  	26,40065  	0,04904  	0,02614  	85706,53851  	0,00510  	0,06470  	0,21517  	0,21305  	239658851,22033  	2526223,23746  	1,50407  	25295332,54600  	0,09311  	0,00824  	-Inf  	-Inf  	0,00405  	0,00402  	0,00396  	0,00450  	1327,62170  	0,00400  	0,00409  
45,09720  	1327,82048  	1327,75450  	1327,82053  	26,39877  	0,04752  	0,02637  	85706,53851  	0,00508  	0,06493  	0,21701  	0,21489  	746751236,46480  	370,18118  	1,50040  	25295332,54600  	0,09344  	0,00372  	-Inf  	-Inf  	0,00405  	0,00402  	0,00396  	0,00451  	1327,62170  	0,00399  	0,00409  
46,09930  	184,44482  	1327,75450  	184,44484  	26,40084  	0,04467  	0,02623  	85706,53851  	0,00578  	0,06575  	0,21585  	0,21373  	2523997,36613  	216,01459  	1,70636  	25295332,54600  	1117,09523  	0,03945  	-Inf  	-Inf  	0,00405  	0,00403  	0,00397  	0,00450  	1327,62170  	0,00398  	0,00409  
47,10062  	900,92849  	1327,75450  	-244,98909  	26,40287  	0,04795  	0,02648  	85706,53851  	0,00447  	0,06587  	0,21795  	0,21583  	1531454,72469  	696831,04556  	1,32013  	25295332,54600  	0,53337  	0,18939  	NaN  	NaN  	0,00405  	0,00402  	0,00397  	0,00451  	1327,62170  	0,00399  	0,00409  
48,10078  	1327,82048  	1327,75450  	-244,98909  	26,40129  	0,04611  	0,02621  	85706,53851  	0,00490  	0,06595  	0,21568  	0,21356  	2281778,66451  	8554407,93914  	1,44709  	25295332,54600  	0,09491  	0,18211  	NaN  	NaN  	0,00404  	0,00402  	0,00396  	0,00450  	1327,62170  	0,00399  	0,00409  
49,10172  	175,99647  	1327,75450  	-244,98909  	26,39872  	0,05120  	0,02639  	11358,04685  	0,00400  	0,06613  	0,21718  	0,21505  	263017,75988  	339,81506  	1,17949  	3352201,32762  	1153,60702  	0,20221  	NaN  	NaN  	0,00405  	0,00402  	0,00396  	0,00451  	175,94326  	0,00400  	0,00409  
50,10267  	910,14622  	172,66765  	910,14625  	26,39828  	0,04979  	0,02635  	58746,29877  	0,00487  	0,06560  	0,21689  	0,21477  	1541808,59129  	363181,78020  	1,43811  	17338317,34559  	0,50716  	0,19660  	-Inf  	-Inf  	0,00405  	0,00402  	0,00396  	0,00451  	910,00022  	0,00400  	0,00409  
51,10280  	1327,82048  	911,66152  	1327,82053  	26,39767  	0,04507  	0,02612  	85706,53851  	0,00438  	0,06603  	0,21495  	0,21283  	259306849,53678  	2212579,36879  	1,29393  	25295332,54600  	0,09502  	0,00728  	-Inf  	-Inf  	0,00405  	0,00402  	0,00396  	0,00450  	1327,62170  	0,00398  	0,00409  
52,10265  	167,08702  	1327,75450  	167,08703  	26,39486  	0,04399  	0,02623  	10782,95549  	0,00422  	0,06584  	0,21592  	0,21379  	2086874,38731  	215,06064  	1,24435  	3182469,50316  	1149,87548  	0,04087  	-Inf  	-Inf  	0,00405  	0,00402  	0,00396  	0,00450  	167,03494  	0,00398  	0,00409  
53,10251  	-244,98909  	1327,75450  	916,83827  	26,39255  	0,04843  	0,02621  	-15815,93170  	0,00498  	0,06562  	0,21568  	0,21356  	54515329,44878  	902,78392  	1,47039  	-4667896,50935  	11,14323  	0,00774  	-Inf  	-Inf  	0,00405  	0,00402  	0,00396  	0,00450  	-244,98909  	0,00400  	0,00409  
54,10259  	917,71377  	1327,75450  	165,11764  	26,39113  	0,04612  	0,02617  	-15815,93170  	0,00539  	0,06505  	0,21538  	0,21325  	12949201,72920  	560540,15297  	1,59063  	-4667896,50935  	0,48428  	0,04310  	NaN  	NaN  	0,00405  	0,00402  	0,00396  	0,00450  	-244,98909  	0,00399  	0,00409  
55,10265  	1327,82048  	1327,75450  	919,12285  	26,38741  	0,05259  	0,02637  	-15815,93170  	0,00572  	0,06538  	0,21700  	0,21488  	262170459,65167  	2534773,40797  	1,68792  	-4667896,50935  	0,09409  	0,00837  	NaN  	NaN  	0,00405  	0,00403  	0,00396  	0,00451  	-244,98909  	0,00401  	0,00409  
56,10214  	1327,82048  	1327,75450  	1327,82053  	26,38634  	0,04589  	0,02629  	59397,17610  	0,00524  	0,06500  	0,21638  	0,21426  	747641689,19747  	357,39485  	1,54706  	17530416,55805  	0,09355  	0,00360  	-Inf  	-Inf  	0,00405  	0,00402  	0,00396  	0,00450  	920,08249  	0,00399  	0,00409  
57,10340  	161,27285  	161,25580  	1327,82053  	26,38568  	0,04887  	0,02640  	10407,65954  	0,00469  	0,06590  	0,21726  	0,21514  	1952770,70196  	239,90533  	1,38366  	3071705,07338  	1137,65159  	0,04618  	-Inf  	-Inf  	0,00405  	0,00402  	0,00396  	0,00451  	161,22150  	0,00400  	0,00409  
58,10357  	922,99789  	922,94889  	1327,82053  	26,38450  	0,04835  	0,02587  	-15815,93170  	0,00540  	0,06500  	0,21288  	0,21076  	181538821,81939  	212627,35963  	1,59430  	-4667896,50935  	0,47145  	0,00764  	-Inf  	-Inf  	0,00404  	0,00402  	0,00396  	0,00450  	-244,98909  	0,00399  	0,00409  
59,10539  	1327,82048  	156,85036  	156,86723  	26,38148  	0,05154  	0,02655  	59767,32393  	0,00479  	0,06593  	0,21853  	0,21641  	496,67863  	102,56365  	1,41469  	17639661,57688  	0,09488  	147,28149  	NaN  	NaN  	0,00405  	0,00402  	0,00396  	0,00451  	925,81618  	0,00401  	0,00409  
60,10682  	1327,82048  	927,10553  	927,15474  	26,37526  	0,05220  	0,02648  	10046,43583  	0,00598  	0,06549  	0,21795  	0,21583  	77276118,24255  	302,96695  	1,76367  	2965093,90935  	0,09426  	0,01895  	NaN  	NaN  	0,00405  	0,00403  	0,00396  	0,00451  	155,62605  	0,00401  	0,00409  
