01/16/2025 17:15:03Time	T_hot_in(C)	T_cold_in(C)	T_cold_out(C)	T_hot_out(C)	mdot_cold(kg/s)	ASFASIFUAS(kg/s)	Diferencial_cold(bar)	Diferencial_hot(bar)	mdot_hot(kg/s)	ABS_cold(bar)	ABS_hot(bar)	q_cold(kW)	q_hot(kW)	ASFASYFY	Tau_cold_haste	Re_hot	Re_cold	U_global	PSIG_cold(bar)	R_fouling	PSIG_hot(bar)	PSID_hot(bar)	m_dot_hot	PSID_cold(bar)	m_dot_cold
2,04389  	0,00000  	0,00000  	0,00000  	0,00000  	-1,18512  	-0,20833  	-0,25900  	-0,86180  	-3,02442  	-1,72343  	-1,72415  	-0,00000  	-0,00000  	-254,35069  	-76,44127  	-9234,48090  	-3618,55272  	NaN  	NaN  	0,00000  	0,00000  	0,00000  	0,00000  	0,00000  	0,00000  	0,00000  
3,04555  	1327,82048  	-244,98909  	1327,82053  	26,07076  	0,05231  	0,04695  	-15815,93170  	0,00733  	0,08666  	0,38719  	0,38494  	3000188,60180  	9690160,40185  	2,16297  	-4667896,50935  	0,12484  	0,20655  	NaN  	NaN  	0,00405  	0,00403  	0,00397  	0,00490  	-244,98909  	0,00401  	0,00411  
4,04677  	1327,82048  	884,22269  	198,56134  	26,07087  	0,04729  	0,06923  	-15815,93170  	0,00771  	0,09721  	0,57138  	0,56900  	3364673,37387  	3819018,06984  	2,27421  	-4667896,50935  	0,14005  	0,18677  	NaN  	NaN  	0,00405  	0,00404  	0,00397  	0,00533  	-244,98909  	0,00399  	0,00413  
5,04659  	305,85521  	1327,75450  	-244,98909  	26,07112  	0,04782  	0,07121  	-15815,93170  	0,00758  	0,10756  	0,58776  	0,58536  	800074,91079  	522,89110  	2,23812  	-4667896,50935  	215,48059  	0,18888  	NaN  	NaN  	0,00405  	0,00404  	0,00396  	0,00537  	-244,98909  	0,00399  	0,00414  
6,04730  	780,59220  	1327,75450  	780,59223  	26,07246  	0,05099  	0,07090  	-15815,93170  	0,00930  	0,10752  	0,58521  	0,58282  	166923715,94329  	97492,43886  	2,74501  	-4667896,50935  	1,68787  	0,01065  	-Inf  	-Inf  	0,00405  	0,00404  	0,00396  	0,00536  	-244,98909  	0,00400  	0,00414  
7,05011  	300,88501  	1327,75450  	1327,82053  	26,07281  	0,04249  	0,07103  	-15815,93170  	0,00882  	0,10696  	0,58624  	0,58385  	259763729,80492  	0,01846  	2,60294  	-4667896,50935  	235,57765  	0,00333  	-Inf  	-Inf  	0,00405  	0,00404  	0,00396  	0,00536  	-244,98909  	0,00398  	0,00414  
8,05086  	784,41211  	298,39649  	1327,82053  	26,07244  	0,04980  	0,07097  	50630,35291  	0,00872  	0,10636  	0,58575  	0,58336  	31405784,32650  	185195,23964  	2,57445  	14942986,10198  	1,63225  	0,03197  	-Inf  	-Inf  	0,00405  	0,00404  	0,00396  	0,00536  	784,28201  	0,00400  	0,00414  
9,05271  	1327,82048  	-244,98909  	293,73040  	26,07233  	0,05333  	0,07120  	18957,59265  	0,00877  	0,10651  	0,58769  	0,58530  	580,00605  	3383580,87031  	2,58889  	5595122,82956  	0,15345  	313,00886  	Inf  	-Inf  	0,00405  	0,00404  	0,00396  	0,00537  	293,66230  	0,00401  	0,00414  
10,05408  	1327,82048  	-244,98909  	792,34249  	26,07254  	0,04989  	0,07124  	51142,24495  	0,00901  	0,10622  	0,58803  	0,58564  	28183,12877  	6095202,20774  	2,65816  	15094065,35113  	0,15303  	5,51798  	Inf  	-Inf  	0,00405  	0,00404  	0,00396  	0,00537  	792,21135  	0,00400  	0,00414  
11,05690  	287,23535  	795,55238  	287,23537  	26,07255  	0,05493  	0,07058  	18538,34800  	0,00928  	0,10639  	0,58256  	0,58017  	738745,44070  	161,07834  	2,73825  	5471387,42933  	306,52900  	0,21694  	-Inf  	-Inf  	0,00405  	0,00404  	0,00396  	0,00536  	287,16809  	0,00402  	0,00414  
12,05919  	799,88879  	282,92045  	799,88883  	26,07176  	0,04527  	0,07108  	-15815,93170  	0,00911  	0,10614  	0,58673  	0,58434  	2184100,97672  	96595,32232  	2,68828  	-4667896,50935  	1,48751  	0,17876  	-Inf  	-Inf  	0,00405  	0,00404  	0,00397  	0,00536  	-244,98909  	0,00399  	0,00414  
13,06063  	1327,82048  	804,76157  	278,02580  	26,07118  	0,05108  	0,07075  	51946,72246  	0,00891  	0,10648  	0,58399  	0,58160  	3685344,30198  	3168466,41395  	2,62944  	15331497,94890  	0,15339  	0,20170  	NaN  	NaN  	0,00405  	0,00404  	0,00396  	0,00536  	804,67293  	0,00400  	0,00414  
14,06133  	273,10550  	273,08376  	809,72593  	26,07139  	0,04553  	0,07120  	85706,53851  	0,00943  	0,10609  	0,58768  	0,58529  	696905,66458  	126,80516  	2,78338  	25295332,54600  	408,29736  	0,17980  	-Inf  	-Inf  	0,00405  	0,00404  	0,00396  	0,00537  	1327,62170  	0,00399  	0,00414  
15,06333  	-244,98909  	813,24985  	269,53716  	26,07165  	0,04858  	0,07107  	17395,95554  	0,00872  	0,10631  	0,58664  	0,58424  	766201,19208  	1204,68859  	2,57234  	5134222,98778  	17,99400  	0,19185  	-Inf  	-Inf  	0,00405  	0,00404  	0,00396  	0,00536  	269,47211  	0,00400  	0,00414  
16,06402  	-244,98909  	267,20589  	-244,98909  	26,07117  	0,05111  	0,07110  	52643,74283  	0,00942  	0,10732  	0,58683  	0,58444  	121,76551  	1193,94313  	2,78073  	15537215,76648  	18,16457  	213,90889  	-Inf  	-Inf  	0,00405  	0,00404  	0,00396  	0,00537  	815,46997  	0,00400  	0,00414  
17,06502  	-244,98909  	-244,98909  	-244,98909  	26,07113  	0,04947  	0,07097  	17065,92205  	0,00942  	0,10722  	0,58577  	0,58338  	46054,59116  	0,00000  	2,78120  	5036817,27170  	18,14724  	0,95727  	Inf  	-Inf  	0,00405  	0,00404  	0,00396  	0,00536  	264,35981  	0,00400  	0,00414  
18,06539  	-244,98909  	-244,98909  	822,61121  	26,07209  	0,05059  	0,07099  	53096,04468  	0,00949  	0,10760  	0,58595  	0,58356  	8933,17944  	2463,52211  	2,80143  	15670707,63170  	18,21243  	4,21645  	NaN  	NaN  	0,00405  	0,00404  	0,00396  	0,00536  	822,47625  	0,00400  	0,00414  
19,06675  	-244,98909  	-244,98909  	257,17870  	26,07228  	0,05567  	0,07089  	16598,23561  	0,00922  	0,10600  	0,58512  	0,58273  	120,42988  	1274,93867  	2,72182  	4898784,81542  	17,94155  	202,63746  	NaN  	NaN  	0,00405  	0,00404  	0,00396  	0,00536  	257,11521  	0,00402  	0,00414  
20,06711  	-244,98909  	828,53565  	828,58072  	26,07271  	0,05045  	0,07074  	53481,36768  	0,00806  	0,10790  	0,58385  	0,58146  	12862485,72323  	0,10371  	2,37920  	15784431,43355  	18,26320  	0,02983  	-Inf  	-Inf  	0,00405  	0,00404  	0,00396  	0,00536  	828,44500  	0,00400  	0,00414  
21,06837  	-244,98909  	1327,75450  	251,30715  	26,07210  	0,05147  	0,07103  	16219,23626  	0,00930  	0,10728  	0,58626  	0,58387  	9356643,66912  	2526,71027  	2,74538  	4786927,36723  	18,15792  	0,03758  	-Inf  	-Inf  	0,00405  	0,00404  	0,00396  	0,00536  	251,24441  	0,00401  	0,00414  
22,06974  	834,33459  	1327,75450  	834,33463  	26,07224  	0,04943  	0,07103  	53852,77364  	0,00997  	0,10619  	0,58626  	0,58387  	207227395,61209  	134006,73740  	2,94379  	15894047,77549  	1,22464  	0,00927  	-Inf  	-Inf  	0,00405  	0,00405  	0,00396  	0,00536  	834,19818  	0,00400  	0,00414  
23,06903  	245,92386  	1327,75450  	1327,82053  	26,07249  	0,05171  	0,07103  	15871,75408  	0,00903  	0,10689  	0,58631  	0,58392  	207675631,56409  	0,01562  	2,66395  	4684371,86327  	729,96615  	0,00405  	-Inf  	-Inf  	0,00405  	0,00404  	0,00396  	0,00536  	245,86182  	0,00401  	0,00414  
24,07112  	-244,98909  	1327,75450  	1327,82053  	26,07227  	0,04550  	0,07094  	-15815,93170  	0,00782  	0,10681  	0,58551  	0,58312  	255869605,90306  	0,13703  	2,30765  	-4667896,50935  	18,07915  	0,00357  	-Inf  	-Inf  	0,00404  	0,00404  	0,00396  	0,00536  	-244,98909  	0,00399  	0,00414  
25,07374  	-244,98909  	1327,75450  	1327,82053  	26,07229  	0,04292  	0,07090  	54280,01845  	0,00947  	0,10674  	0,58522  	0,58284  	255696949,15317  	0,12928  	2,79592  	16020144,33522  	18,06695  	0,00336  	-Inf  	-Inf  	0,00405  	0,00404  	0,00397  	0,00536  	840,81632  	0,00398  	0,00414  
26,07384  	-244,98909  	238,56994  	238,59025  	26,07168  	0,04674  	0,07078  	85706,53851  	0,00925  	0,10677  	0,58418  	0,58179  	2065,13413  	0,04328  	2,73047  	25295332,54600  	18,07155  	10,87737  	-Inf  	-Inf  	0,00405  	0,00404  	0,00396  	0,00536  	1327,62170  	0,00399  	0,00414  
27,07431  	-244,98909  	848,64264  	848,68856  	26,07194  	0,05077  	0,07108  	15111,30902  	0,00869  	0,10723  	0,58666  	0,58427  	14922933,46442  	0,10634  	2,56454  	4459934,95478  	18,14931  	0,02705  	-Inf  	-Inf  	0,00405  	0,00404  	0,00396  	0,00536  	234,08232  	0,00400  	0,00414  
28,07603  	851,64013  	231,17129  	1327,82053  	26,07339  	0,04791  	0,07089  	54969,81941  	0,00847  	0,10736  	0,58509  	0,58270  	26245673,48092  	331652,48517  	2,50039  	16223731,42313  	1,12648  	0,03700  	-Inf  	-Inf  	0,00404  	0,00404  	0,00396  	0,00536  	851,50153  	0,00399  	0,00414  
29,07756  	228,10952  	854,67574  	1327,82053  	26,07369  	0,04750  	0,07106  	85706,53851  	0,00967  	0,10661  	0,58648  	0,58409  	55199496,56338  	98,54459  	2,85377  	25295332,54600  	1042,84709  	0,00856  	-Inf  	-Inf  	0,00405  	0,00404  	0,00396  	0,00536  	1327,62170  	0,00399  	0,00414  
30,07903  	-244,98909  	1327,75450  	1327,82053  	26,07393  	0,04831  	0,07124  	85706,53851  	0,00923  	0,10628  	0,58804  	0,58565  	254594875,67172  	0,14551  	2,72390  	25295332,54600  	17,98928  	0,00379  	-Inf  	-Inf  	0,00405  	0,00404  	0,00396  	0,00537  	1327,62170  	0,00399  	0,00414  
31,07948  	-244,98909  	221,14861  	1327,82053  	26,07462  	0,04689  	0,07126  	85706,53851  	0,00936  	0,10778  	0,58814  	0,58575  	8296066,68720  	2366,57435  	2,76332  	25295332,54600  	18,24278  	0,03726  	-Inf  	-Inf  	0,00405  	0,00404  	0,00397  	0,00537  	1327,62170  	0,00399  	0,00414  
32,08026  	864,74863  	864,70207  	218,08278  	26,07386  	0,04799  	0,07083  	14074,65367  	0,00903  	0,10608  	0,58461  	0,58222  	2365465,96766  	217141,06188  	2,66485  	4153977,64587  	1,03770  	0,18951  	NaN  	NaN  	0,00405  	0,00404  	0,00396  	0,00536  	218,02424  	0,00399  	0,00414  
33,08017  	215,88215  	215,86282  	-244,98909  	26,07377  	0,04590  	0,07079  	55957,99937  	0,00896  	0,10662  	0,58430  	0,58191  	87,70770  	91,19630  	2,64370  	16515381,75745  	1295,43608  	90,72255  	NaN  	NaN  	0,00405  	0,00404  	0,00396  	0,00536  	866,80870  	0,00399  	0,00414  
34,07993  	868,96642  	868,91969  	868,96646  	26,07447  	0,05194  	0,07104  	85706,53851  	0,00946  	0,10755  	0,58632  	0,58393  	54194415,57483  	17,56538  	2,79266  	25295332,54600  	1,02887  	0,02497  	-Inf  	-Inf  	0,00405  	0,00404  	0,00396  	0,00536  	1327,62170  	0,00401  	0,00414  
35,08289  	212,20106  	1327,75450  	212,20107  	26,07448  	0,04839  	0,07093  	85706,53851  	0,00870  	0,10651  	0,58545  	0,58306  	5420076,55809  	231,85102  	2,56855  	25295332,54600  	1370,99195  	0,03944  	-Inf  	-Inf  	0,00405  	0,00404  	0,00396  	0,00536  	1327,62170  	0,00400  	0,00414  
36,08316  	872,60796  	210,20434  	872,60799  	26,07450  	0,04794  	0,07052  	85706,53851  	0,00876  	0,10620  	0,58202  	0,57963  	2390812,27516  	236190,83465  	2,58547  	25295332,54600  	0,99671  	0,18931  	-Inf  	-Inf  	0,00405  	0,00404  	0,00396  	0,00535  	1327,62170  	0,00399  	0,00414  
37,08570  	1327,82048  	-244,98909  	207,93231  	26,07443  	0,04673  	0,07086  	85706,53851  	0,00883  	0,10627  	0,58484  	0,58245  	609,76297  	2492635,32625  	2,60628  	25295332,54600  	0,15309  	81,96762  	Inf  	-Inf  	0,00405  	0,00404  	0,00396  	0,00536  	1327,62170  	0,00399  	0,00414  
38,08670  	204,69888  	-244,98909  	-244,98909  	26,07427  	0,04932  	0,07109  	13210,74424  	0,00917  	0,10610  	0,58674  	0,58435  	30032,96136  	0,00000  	2,70537  	3899004,37579  	1515,66084  	0,95432  	Inf  	-Inf  	0,00405  	0,00404  	0,00396  	0,00536  	204,64205  	0,00400  	0,00414  
39,08592  	-244,98909  	-244,98909  	882,62053  	26,07502  	0,04838  	0,07081  	-15815,93170  	0,00863  	0,10610  	0,58442  	0,58203  	18413,51845  	2488,03938  	2,54734  	-4667896,50935  	17,95875  	2,42492  	NaN  	NaN  	0,00405  	0,00404  	0,00396  	0,00536  	-244,98909  	0,00400  	0,00414  
40,08833  	885,58566  	885,53822  	1327,82053  	26,07612  	0,04475  	0,07126  	57160,95186  	0,00921  	0,10628  	0,58820  	0,58580  	255911396,22816  	162564,62058  	2,71904  	16870419,82001  	0,93234  	0,00760  	-Inf  	-Inf  	0,00405  	0,00404  	0,00396  	0,00537  	885,44277  	0,00398  	0,00414  
41,08874  	1327,82048  	194,62495  	1327,82053  	26,07711  	0,04682  	0,07101  	12561,67785  	0,00916  	0,10665  	0,58613  	0,58374  	35235057,52639  	6248618,95582  	2,70253  	3707439,64419  	0,15364  	0,04014  	-Inf  	-Inf  	0,00405  	0,00404  	0,00396  	0,00536  	194,58783  	0,00399  	0,00414  
42,08851  	1327,82048  	890,70660  	1327,82053  	26,07772  	0,04845  	0,07115  	57494,57657  	0,00919  	0,10660  	0,58727  	0,58488  	394529668,59538  	2494316,94500  	2,71351  	16968885,44745  	0,15357  	0,00814  	-Inf  	-Inf  	0,00405  	0,00404  	0,00396  	0,00537  	890,61071  	0,00400  	0,00414  
43,08931  	1327,82048  	190,34634  	1327,82053  	26,07751  	0,05213  	0,07081  	85706,53851  	0,00828  	0,10735  	0,58445  	0,58207  	34823771,09855  	6983845,47642  	2,44494  	25295332,54600  	0,15466  	0,04525  	-Inf  	-Inf  	0,00405  	0,00404  	0,00396  	0,00536  	1327,62170  	0,00401  	0,00414  
44,09001  	1327,82048  	-244,98909  	1327,82053  	26,07898  	0,04512  	0,07122  	12165,09664  	0,00973  	0,10744  	0,58780  	0,58541  	3719651,13427  	8358390,75919  	2,87050  	3590393,10447  	0,15478  	0,17816  	NaN  	NaN  	0,00405  	0,00404  	0,00396  	0,00537  	188,44468  	0,00398  	0,00414  
45,09224  	185,73232  	-244,98909  	1327,82053  	26,07993  	0,04848  	0,07105  	57904,12568  	0,00935  	0,10612  	0,58647  	0,58408  	450592,57542  	322,56426  	2,75875  	17089759,31600  	1794,31036  	0,19140  	NaN  	NaN  	0,00405  	0,00404  	0,00396  	0,00536  	896,95473  	0,00400  	0,00414  
46,09372  	898,98657  	898,93858  	183,84483  	26,08144  	0,04133  	0,07107  	11864,64600  	0,00930  	0,10683  	0,58656  	0,58417  	2479521,30586  	268503,00587  	2,74383  	3501718,43868  	0,87504  	0,16322  	NaN  	NaN  	0,00405  	0,00404  	0,00396  	0,00536  	183,79062  	0,00397  	0,00414  
47,09432  	1327,82048  	1327,75450  	-244,98909  	26,08310  	0,05118  	0,07111  	-15815,93170  	0,00913  	0,10705  	0,58696  	0,58457  	3704560,30038  	9479769,94721  	2,69567  	-4667896,50935  	0,15421  	0,20212  	NaN  	NaN  	0,00405  	0,00404  	0,00396  	0,00537  	-244,98909  	0,00400  	0,00414  
48,09457  	175,22241  	175,20478  	-244,98909  	26,08376  	0,04671  	0,07113  	-15815,93170  	0,00899  	0,10678  	0,58714  	0,58475  	80,90821  	82,79771  	2,65204  	-4667896,50935  	1865,40632  	50,43042  	NaN  	NaN  	0,00405  	0,00404  	0,00396  	0,00537  	-244,98909  	0,00399  	0,00414  
49,09456  	910,71138  	910,66290  	-244,98909  	26,08570  	0,05215  	0,07086  	58782,77941  	0,00873  	0,10648  	0,58488  	0,58249  	82768,98212  	597231,72881  	2,57684  	17349084,20052  	0,82215  	2,10351  	NaN  	NaN  	0,00405  	0,00404  	0,00397  	0,00536  	910,56532  	0,00401  	0,00414  
50,09434  	170,94495  	170,92750  	911,88648  	26,08834  	0,04559  	0,07107  	11031,97900  	0,00902  	0,10670  	0,58660  	0,58421  	411013,64102  	142,39768  	2,66211  	3255966,02540  	1868,03014  	0,18002  	-Inf  	-Inf  	0,00404  	0,00404  	0,00397  	0,00536  	170,89238  	0,00399  	0,00414  
51,09674  	912,91332  	-244,98909  	169,91809  	26,08986  	0,04499  	0,07137  	-15815,93170  	0,00881  	0,10741  	0,58906  	0,58666  	502,15991  	187989,44998  	2,60127  	-4667896,50935  	0,82023  	45,00379  	Inf  	-Inf  	0,00405  	0,00404  	0,00396  	0,00537  	-244,98909  	0,00398  	0,00414  
52,09662  	168,16404  	914,61870  	914,66739  	26,09119  	0,04645  	0,07075  	-15815,93170  	0,00892  	0,10659  	0,58398  	0,58160  	12585364,29800  	0,00953  	2,63143  	-4667896,50935  	1863,01866  	0,01788  	-Inf  	-Inf  	0,00405  	0,00404  	0,00396  	0,00536  	-244,98909  	0,00399  	0,00414  
53,09731  	917,56334  	165,25084  	1327,82053  	26,09285  	0,04586  	0,07125  	-15815,93170  	0,00933  	0,10712  	0,58806  	0,58567  	21347457,26618  	555511,95223  	2,75220  	-4667896,50935  	0,79931  	0,04283  	-Inf  	-Inf  	0,00405  	0,00404  	0,00397  	0,00537  	-244,98909  	0,00399  	0,00414  
54,09825  	1327,82048  	-244,98909  	1327,82053  	26,09272  	0,05275  	0,07103  	59393,40625  	0,00798  	0,10689  	0,58631  	0,58392  	3700631,81709  	9771144,46451  	2,35627  	17529303,92902  	0,15398  	0,20826  	NaN  	NaN  	0,00405  	0,00404  	0,00396  	0,00536  	920,02410  	0,00401  	0,00414  
55,09841  	1327,82048  	923,08298  	1327,82053  	26,09333  	0,04618  	0,07125  	85706,53851  	0,00935  	0,10677  	0,58806  	0,58566  	433110013,45544  	2201322,55506  	2,76040  	25295332,54600  	0,15380  	0,00730  	-Inf  	-Inf  	0,00405  	0,00404  	0,00397  	0,00537  	1327,62170  	0,00399  	0,00414  
56,09865  	158,50491  	1327,75450  	1327,82053  	26,09362  	0,04947  	0,07096  	85706,53851  	0,00878  	0,10710  	0,58572  	0,58333  	125324470,64080  	0,01374  	2,58992  	25295332,54600  	1831,58819  	0,00388  	-Inf  	-Inf  	0,00405  	0,00404  	0,00396  	0,00536  	1327,62170  	0,00400  	0,00414  
57,10078  	926,99454  	155,82004  	155,83687  	26,09432  	0,04601  	0,07116  	85706,53851  	0,00988  	0,10717  	0,58734  	0,58495  	549,21024  	8,63790  	2,91481  	25295332,54600  	0,76333  	137,04373  	NaN  	NaN  	0,00405  	0,00405  	0,00396  	0,00537  	1327,62170  	0,00399  	0,00414  
58,10111  	153,55658  	-244,98909  	-244,98909  	26,09527  	0,04835  	0,07104  	85706,53851  	0,00795  	0,10676  	0,58638  	0,58399  	21564,91433  	0,00000  	2,34561  	25295332,54600  	1791,23576  	0,93558  	Inf  	-Inf  	0,00405  	0,00404  	0,00396  	0,00536  	1327,62170  	0,00399  	0,00414  
59,10094  	-244,98909  	931,97720  	932,02662  	26,09728  	0,05001  	0,07106  	9731,96374  	0,00834  	0,10734  	0,58655  	0,58416  	27281454,33600  	0,11266  	2,46065  	2872280,96414  	18,17260  	0,01775  	-Inf  	-Inf  	0,00405  	0,00404  	0,00396  	0,00536  	150,75479  	0,00400  	0,00414  
60,10283  	935,01121  	147,80370  	1327,82053  	26,09858  	0,04749  	0,07108  	60351,29650  	0,00941  	0,10685  	0,58673  	0,58434  	20106955,59891  	662231,33000  	2,77725  	17812014,59156  	0,73186  	0,04672  	-Inf  	-Inf  	0,00405  	0,00404  	0,00396  	0,00536  	934,86208  	0,00399  	0,00414  
