01/16/2025 17:16:11Time	T_hot_in(C)	T_cold_in(C)	T_cold_out(C)	T_hot_out(C)	mdot_cold(kg/s)	ASFASIFUAS(kg/s)	Diferencial_cold(bar)	Diferencial_hot(bar)	mdot_hot(kg/s)	ABS_cold(bar)	ABS_hot(bar)	q_cold(kW)	q_hot(kW)	ASFASYFY	Tau_cold_haste	Re_hot	Re_cold	U_global	PSIG_cold(bar)	R_fouling	PSIG_hot(bar)	PSID_hot(bar)	m_dot_hot	PSID_cold(bar)	m_dot_cold
2,04037  	0,00000  	0,00000  	0,00000  	0,00000  	-1,18512  	-0,20833  	-0,25900  	-0,86180  	-3,02442  	-1,72343  	-1,72415  	-0,00000  	-0,00000  	-254,35069  	-76,44127  	-9234,48090  	-3618,55272  	NaN  	NaN  	0,00000  	0,00000  	0,00000  	0,00000  	0,00000  	0,00000  	0,00000  
3,04250  	-244,98909  	-244,98909  	-244,98909  	26,10654  	0,04708  	0,07169  	85706,53851  	0,00928  	0,10675  	0,59175  	0,58936  	45861,41244  	0,00000  	2,74035  	25295332,54600  	18,07542  	0,91102  	Inf  	-Inf  	0,00405  	0,00404  	0,00396  	0,00538  	1327,62170  	0,00399  	0,00414  
4,04273  	-244,98909  	-244,98909  	884,95686  	26,10836  	0,05040  	0,09798  	85706,53851  	0,00901  	0,11628  	0,80911  	0,80656  	20735,79610  	2595,65335  	2,66013  	25295332,54600  	19,68921  	2,47956  	NaN  	NaN  	0,00405  	0,00404  	0,00396  	0,00588  	1327,62170  	0,00400  	0,00415  
5,04375  	778,29597  	-244,98909  	1327,82053  	26,11030  	0,04675  	0,09981  	19655,04130  	0,00870  	0,12750  	0,82426  	0,82169  	2550568,64525  	251900,80389  	2,56728  	5800967,05027  	2,02872  	0,18458  	NaN  	NaN  	0,00405  	0,00404  	0,00396  	0,00592  	304,46597  	0,00399  	0,00417  
6,04495  	1327,82048  	780,12518  	302,66322  	26,11250  	0,05149  	0,09995  	50356,41438  	0,01021  	0,12731  	0,82534  	0,82278  	4406400,32861  	2895659,31702  	3,01195  	14862136,18893  	0,18339  	0,20332  	NaN  	NaN  	0,00405  	0,00405  	0,00396  	0,00592  	780,03862  	0,00401  	0,00417  
7,04508  	300,31435  	1327,75450  	782,51708  	26,11260  	0,04908  	0,10019  	85706,53851  	0,00897  	0,12674  	0,82734  	0,82477  	71924132,93686  	175,07294  	2,64698  	25295332,54600  	282,01075  	0,01021  	-Inf  	-Inf  	0,00405  	0,00404  	0,00396  	0,00592  	1327,62170  	0,00400  	0,00417  
8,04513  	-244,98909  	1327,75450  	296,78440  	26,11222  	0,04590  	0,09987  	85706,53851  	0,00942  	0,12669  	0,82471  	0,82214  	13284192,19045  	2156,57709  	2,77951  	25295332,54600  	21,45256  	0,02960  	-Inf  	-Inf  	0,00405  	0,00404  	0,00396  	0,00592  	1327,62170  	0,00399  	0,00417  
9,04589  	787,60963  	1327,75450  	-244,98909  	26,11274  	0,05144  	0,09994  	85706,53851  	0,00920  	0,12748  	0,82529  	0,82273  	2580687,86444  	300625,07659  	2,71661  	25295332,54600  	1,91915  	0,20317  	NaN  	NaN  	0,00405  	0,00404  	0,00396  	0,00592  	1327,62170  	0,00400  	0,00417  
10,04776  	1327,82048  	294,03961  	-244,98909  	26,11321  	0,05063  	0,10002  	85706,53851  	0,00921  	0,12663  	0,82592  	0,82335  	689,51174  	3214640,74833  	2,71769  	25295332,54600  	0,18240  	298,23154  	NaN  	NaN  	0,00405  	0,00404  	0,00396  	0,00592  	1327,62170  	0,00400  	0,00417  
11,04833  	1327,82048  	791,26372  	791,30723  	26,11374  	0,04739  	0,10003  	85706,53851  	0,00919  	0,12694  	0,82602  	0,82345  	53937238,80526  	242,89764  	2,71309  	25295332,54600  	0,18284  	0,03427  	NaN  	NaN  	0,00405  	0,00404  	0,00396  	0,00592  	1327,62170  	0,00399  	0,00417  
12,04777  	1327,82048  	287,53196  	1327,82053  	26,11437  	0,04781  	0,09986  	18558,93586  	0,00931  	0,12661  	0,82459  	0,82203  	61444628,73513  	5858481,35631  	2,74805  	5477463,70816  	0,18237  	0,03161  	-Inf  	-Inf  	0,00405  	0,00404  	0,00396  	0,00592  	287,48700  	0,00399  	0,00417  
13,04833  	1327,82048  	797,84589  	1327,82053  	26,11458  	0,04548  	0,10002  	-15815,93170  	0,00921  	0,12651  	0,82598  	0,82341  	356926605,14521  	2839354,24434  	2,71848  	-4667896,50935  	0,18222  	0,00918  	-Inf  	-Inf  	0,00405  	0,00404  	0,00396  	0,00592  	-244,98909  	0,00399  	0,00417  
14,04930  	1327,82048  	1327,75450  	1327,82053  	26,11584  	0,04576  	0,09986  	51588,16484  	0,01080  	0,12852  	0,82460  	0,82204  	1478481206,45991  	355,96716  	3,18664  	15225673,65162  	0,18513  	0,00359  	-Inf  	-Inf  	0,00405  	0,00405  	0,00397  	0,00592  	799,11877  	0,00399  	0,00417  
15,05044  	282,53124  	282,50911  	1327,82053  	26,11553  	0,04492  	0,09974  	18234,70481  	0,00947  	0,12726  	0,82364  	0,82108  	11923187,16968  	260,68193  	2,79518  	5381770,51582  	402,95074  	0,03010  	-Inf  	-Inf  	0,00405  	0,00404  	0,00396  	0,00592  	282,46457  	0,00398  	0,00417  
16,05145  	-244,98909  	802,66968  	280,11777  	26,11663  	0,04824  	0,10005  	51811,68865  	0,00987  	0,12718  	0,82624  	0,82368  	916774,09325  	1148,86037  	2,91161  	15291644,21840  	21,53660  	0,19051  	-Inf  	-Inf  	0,00405  	0,00405  	0,00396  	0,00592  	802,58122  	0,00399  	0,00417  
17,05104  	806,27683  	1327,75450  	806,27686  	26,11774  	0,04713  	0,09948  	17848,91942  	0,00960  	0,12735  	0,82153  	0,81897  	220785987,93781  	107125,72168  	2,83433  	5267910,24541  	1,71969  	0,00935  	-Inf  	-Inf  	0,00405  	0,00404  	0,00396  	0,00591  	276,48865  	0,00399  	0,00417  
18,05332  	1327,82048  	1327,75450  	1327,82053  	26,11779  	0,04604  	0,09980  	52143,04346  	0,00984  	0,12744  	0,82415  	0,82159  	1466023998,82329  	358,09692  	2,90543  	15389439,91007  	0,18357  	0,00361  	-Inf  	-Inf  	0,00405  	0,00405  	0,00396  	0,00592  	807,71400  	0,00399  	0,00417  
19,05314  	1327,82048  	272,65853  	272,68026  	26,11774  	0,05174  	0,10008  	17598,83817  	0,00933  	0,12718  	0,82643  	0,82387  	32810,74201  	132,45736  	2,75475  	5194101,54304  	0,18320  	5,83487  	NaN  	NaN  	0,00405  	0,00404  	0,00396  	0,00592  	272,61482  	0,00401  	0,00417  
20,05270  	1327,82048  	812,62126  	812,66566  	26,11827  	0,05708  	0,09995  	52454,07474  	0,00943  	0,12697  	0,82540  	0,82284  	64115181,05781  	298,56562  	2,78309  	15481237,33782  	0,18289  	0,03674  	NaN  	NaN  	0,00405  	0,00404  	0,00396  	0,00592  	812,53196  	0,00402  	0,00417  
21,05350  	267,95880  	1327,75450  	1327,82053  	26,11863  	0,04935  	0,09996  	85706,53851  	0,00845  	0,12697  	0,82547  	0,82290  	271373107,23766  	0,01640  	2,49503  	25295332,54600  	543,73654  	0,00387  	-Inf  	-Inf  	0,00405  	0,00404  	0,00396  	0,00592  	1327,62170  	0,00400  	0,00417  
22,05622  	816,85378  	1327,75450  	265,97763  	26,11900  	0,04995  	0,10018  	85706,53851  	0,00905  	0,12676  	0,82724  	0,82467  	34245663,52291  	252574,96015  	2,67093  	25295332,54600  	1,61155  	0,03503  	NaN  	NaN  	0,00405  	0,00404  	0,00396  	0,00592  	1327,62170  	0,00400  	0,00417  
23,05740  	1327,82048  	1327,75450  	-244,98909  	26,11916  	0,04662  	0,09970  	85706,53851  	0,00957  	0,12618  	0,82328  	0,82072  	4366568,45781  	8637370,89898  	2,82562  	25295332,54600  	0,18175  	0,18413  	NaN  	NaN  	0,00405  	0,00404  	0,00396  	0,00591  	1327,62170  	0,00399  	0,00417  
24,05736  	1327,82048  	261,06226  	821,74794  	26,11990  	0,04585  	0,09999  	16850,28502  	0,00900  	0,12657  	0,82574  	0,82317  	4381401,88127  	3027964,71733  	2,65529  	4973174,39955  	0,18232  	0,18103  	NaN  	NaN  	0,00405  	0,00404  	0,00397  	0,00592  	261,01953  	0,00399  	0,00417  
25,05744  	256,34985  	-244,98909  	1327,82053  	26,11951  	0,05029  	0,09992  	53345,87095  	0,00978  	0,12669  	0,82517  	0,82260  	775752,13284  	375,74364  	2,88688  	15744441,07959  	693,48894  	0,19855  	NaN  	NaN  	0,00405  	0,00405  	0,00397  	0,00592  	826,34612  	0,00400  	0,00417  
26,05942  	828,84066  	828,79561  	253,99074  	26,11948  	0,04714  	0,09978  	16392,45807  	0,00957  	0,12722  	0,82395  	0,82139  	2715339,84246  	142424,99145  	2,82523  	4838051,85989  	1,51218  	0,18615  	NaN  	NaN  	0,00405  	0,00404  	0,00396  	0,00592  	253,92766  	0,00399  	0,00417  
27,06027  	1327,82048  	252,97307  	-244,98909  	26,12081  	0,04860  	0,09995  	53562,48831  	0,00915  	0,12767  	0,82539  	0,82283  	697,23793  	2850752,62915  	2,70059  	15808373,28657  	0,18390  	166,60650  	NaN  	NaN  	0,00405  	0,00404  	0,00396  	0,00592  	829,70158  	0,00400  	0,00417  
28,06245  	1327,82048  	832,83519  	832,88044  	26,12093  	0,04799  	0,10003  	16131,69878  	0,00908  	0,12709  	0,82601  	0,82345  	75227787,17762  	255,84510  	2,68083  	4761091,65492  	0,18306  	0,02775  	NaN  	NaN  	0,00405  	0,00404  	0,00397  	0,00592  	249,88843  	0,00399  	0,00417  
29,06516  	1327,82048  	246,61100  	1327,82053  	26,12073  	0,04629  	0,09948  	53973,16758  	0,01083  	0,12744  	0,82150  	0,81894  	52371544,66602  	5895833,33899  	3,19640  	15929580,70954  	0,18357  	0,03424  	-Inf  	-Inf  	0,00405  	0,00405  	0,00396  	0,00591  	836,06312  	0,00399  	0,00417  
30,06485  	242,13932  	840,64653  	242,13933  	26,12106  	0,04833  	0,09973  	85706,53851  	0,00937  	0,12769  	0,82355  	0,82099  	733428,06247  	130,83183  	2,76449  	25295332,54600  	942,67800  	0,19087  	-Inf  	-Inf  	0,00405  	0,00404  	0,00397  	0,00591  	1327,62170  	0,00399  	0,00417  
31,06485  	-244,98909  	237,79639  	-244,98909  	26,12219  	0,05162  	0,09975  	15348,44551  	0,00837  	0,12657  	0,82375  	0,82118  	144,93068  	1135,65673  	2,47081  	4529923,15474  	21,43464  	141,75362  	-Inf  	-Inf  	0,00405  	0,00404  	0,00396  	0,00592  	237,75562  	0,00401  	0,00417  
32,06467  	-244,98909  	847,65713  	-244,98909  	26,12284  	0,04479  	0,09971  	54715,68243  	0,00884  	0,12738  	0,82342  	0,82086  	14543,09982  	2230,11046  	2,60910  	16148725,71694  	21,57161  	2,99537  	-Inf  	-Inf  	0,00405  	0,00404  	0,00397  	0,00591  	847,56488  	0,00398  	0,00417  
33,06634  	-244,98909  	1327,75450  	-244,98909  	26,12349  	0,04942  	0,09970  	85706,53851  	0,00976  	0,12753  	0,82332  	0,82076  	919215,36652  	3541,72689  	2,88000  	25295332,54600  	21,59791  	0,19518  	-Inf  	-Inf  	0,00405  	0,00405  	0,00396  	0,00591  	1327,62170  	0,00400  	0,00417  
34,06765  	850,65832  	232,15305  	-244,98909  	26,12483  	0,04997  	0,09934  	85706,53851  	0,00910  	0,12668  	0,82031  	0,81775  	443,07777  	149394,29197  	2,68710  	25295332,54600  	1,33594  	126,15185  	NaN  	NaN  	0,00405  	0,00404  	0,00396  	0,00591  	1327,62170  	0,00400  	0,00417  
35,06825  	230,05208  	852,73326  	852,77935  	26,12519  	0,05305  	0,09973  	85706,53851  	0,00920  	0,12706  	0,82352  	0,82096  	13722881,85020  	0,01076  	2,71652  	25295332,54600  	1196,24612  	0,02767  	-Inf  	-Inf  	0,00405  	0,00404  	0,00396  	0,00591  	1327,62170  	0,00401  	0,00417  
36,06941  	857,92634  	1327,75450  	1327,82053  	26,12493  	0,04701  	0,09991  	14515,02213  	0,00890  	0,12728  	0,82507  	0,82250  	935663755,52283  	20,60135  	2,62560  	4283947,50299  	1,29086  	0,00368  	-Inf  	-Inf  	0,00405  	0,00404  	0,00396  	0,00592  	224,84567  	0,00399  	0,00417  
37,06939  	223,23270  	223,21306  	1327,82053  	26,12638  	0,04643  	0,09967  	-15815,93170  	0,01001  	0,12730  	0,82306  	0,82050  	7186973,98061  	223,18117  	2,95527  	-4667896,50935  	1361,79964  	0,03668  	-Inf  	-Inf  	0,00405  	0,00405  	0,00396  	0,00591  	-244,98909  	0,00399  	0,00417  
38,07040  	860,50007  	860,45369  	1327,82053  	26,12859  	0,05121  	0,09976  	-15815,93170  	0,00982  	0,12847  	0,82379  	0,82123  	279338502,20908  	162081,18086  	2,89921  	-4667896,50935  	1,28503  	0,00913  	-Inf  	-Inf  	0,00405  	0,00405  	0,00396  	0,00592  	-244,98909  	0,00400  	0,00417  
39,07178  	218,93316  	1327,75450  	1327,82053  	26,12980  	0,04299  	0,10004  	55761,06168  	0,00878  	0,12768  	0,82610  	0,82353  	217551690,52004  	0,01228  	2,59213  	16457257,78867  	1473,05239  	0,00337  	-Inf  	-Inf  	0,00405  	0,00404  	0,00396  	0,00592  	863,75809  	0,00398  	0,00417  
40,07342  	-244,98909  	1327,75450  	216,14223  	26,13126  	0,04854  	0,10017  	85706,53851  	0,00910  	0,12694  	0,82722  	0,82466  	9566871,30209  	2458,52188  	2,68610  	25295332,54600  	21,49876  	0,03913  	-Inf  	-Inf  	0,00405  	0,00404  	0,00396  	0,00592  	1327,62170  	0,00400  	0,00417  
41,07394  	870,60110  	1327,75450  	870,60114  	26,13412  	0,05000  	0,10013  	13696,88536  	0,00874  	0,12682  	0,82684  	0,82428  	287340952,71816  	167451,49280  	2,57974  	4042483,52530  	1,20241  	0,00874  	-Inf  	-Inf  	0,00405  	0,00404  	0,00396  	0,00592  	212,17251  	0,00400  	0,00417  
42,07370  	208,11339  	1327,75450  	1327,82053  	26,13643  	0,05239  	0,09976  	-15815,93170  	0,00887  	0,12723  	0,82379  	0,82123  	204610921,87291  	0,01481  	2,61921  	-4667896,50935  	1735,96133  	0,00411  	-Inf  	-Inf  	0,00405  	0,00404  	0,00396  	0,00592  	-244,98909  	0,00401  	0,00417  
43,07463  	-244,98909  	1327,75450  	206,58790  	26,13899  	0,05029  	0,10014  	-15815,93170  	0,00910  	0,12730  	0,82694  	0,82438  	9215006,00508  	2568,68559  	2,68442  	-4667896,50935  	21,56219  	0,04166  	-Inf  	-Inf  	0,00405  	0,00404  	0,00396  	0,00592  	-244,98909  	0,00400  	0,00417  
44,07494  	877,77333  	1327,75450  	877,77337  	26,14161  	0,04330  	0,10005  	56656,67832  	0,00921  	0,12702  	0,82617  	0,82361  	296307544,32457  	150842,73510  	2,71911  	16721589,08827  	1,15993  	0,00746  	-Inf  	-Inf  	0,00405  	0,00404  	0,00397  	0,00592  	877,63143  	0,00398  	0,00417  
45,07580  	202,09281  	1327,75450  	1327,82053  	26,14154  	0,05041  	0,09963  	85706,53851  	0,00900  	0,12731  	0,82275  	0,82019  	197964124,79305  	0,01419  	2,65525  	25295332,54600  	1875,47968  	0,00395  	-Inf  	-Inf  	0,00405  	0,00404  	0,00396  	0,00591  	1327,62170  	0,00400  	0,00417  
46,07580  	881,86088  	1327,75450  	1327,82053  	26,14337  	0,04819  	0,09994  	85706,53851  	0,00811  	0,12661  	0,82529  	0,82273  	957498927,57947  	25,42053  	2,39277  	25295332,54600  	1,13188  	0,00378  	-Inf  	-Inf  	0,00405  	0,00404  	0,00396  	0,00592  	1327,62170  	0,00399  	0,00417  
47,07683  	1327,82048  	1327,75450  	198,95418  	26,14422  	0,04655  	0,09983  	12839,93134  	0,00867  	0,12698  	0,82438  	0,82182  	42718027,75009  	6189937,49490  	2,55799  	3789563,07020  	0,18288  	0,03941  	NaN  	NaN  	0,00405  	0,00404  	0,00396  	0,00592  	198,89806  	0,00399  	0,00417  
48,07739  	196,60623  	1327,75450  	-244,98909  	26,14479  	0,04613  	0,09968  	57202,23078  	0,00939  	0,12686  	0,82314  	0,82058  	574905,06282  	308,27881  	2,77139  	16882602,83524  	1980,44715  	0,18218  	NaN  	NaN  	0,00404  	0,00404  	0,00396  	0,00591  	886,08219  	0,00399  	0,00417  
49,08036  	887,50918  	1327,75450  	887,50921  	26,14558  	0,04482  	0,09974  	85706,53851  	0,00918  	0,12674  	0,82366  	0,82110  	307504760,90975  	164526,57382  	2,71001  	25295332,54600  	1,10045  	0,00758  	-Inf  	-Inf  	0,00405  	0,00404  	0,00396  	0,00592  	1327,62170  	0,00398  	0,00417  
50,08061  	1327,82048  	1327,75450  	1327,82053  	26,14773  	0,04953  	0,09971  	85706,53851  	0,00934  	0,12717  	0,82340  	0,82084  	1462925442,17296  	385,37195  	2,75804  	25295332,54600  	0,18317  	0,00388  	-Inf  	-Inf  	0,00405  	0,00404  	0,00396  	0,00591  	1327,62170  	0,00400  	0,00417  
51,08148  	187,21182  	187,19369  	1327,82053  	26,14916  	0,05417  	0,10001  	12081,98119  	0,00927  	0,12765  	0,82588  	0,82331  	5054353,39612  	261,54693  	2,73566  	3565862,50267  	2140,35759  	0,04745  	-Inf  	-Inf  	0,00405  	0,00404  	0,00396  	0,00592  	187,15720  	0,00401  	0,00417  
52,08454  	899,12994  	899,08194  	183,70147  	26,14965  	0,04841  	0,09985  	58035,21483  	0,01070  	0,12708  	0,82458  	0,82202  	2949748,59145  	315099,47878  	3,15938  	17128448,82109  	1,03978  	0,19116  	NaN  	NaN  	0,00405  	0,00405  	0,00396  	0,00592  	898,98534  	0,00400  	0,00417  
53,08752  	1327,82048  	181,83125  	900,98227  	26,15043  	0,04719  	0,09977  	85706,53851  	0,00994  	0,12631  	0,82392  	0,82136  	4372387,86249  	3998295,19318  	2,93300  	25295332,54600  	0,18193  	0,18634  	NaN  	NaN  	0,00405  	0,00405  	0,00396  	0,00592  	1327,62170  	0,00399  	0,00417  
54,08817  	176,31040  	906,47268  	1327,82053  	26,15253  	0,04692  	0,09987  	85706,53851  	0,00861  	0,12703  	0,82473  	0,82217  	56720151,12373  	83,43063  	2,54178  	25295332,54600  	2215,67145  	0,00765  	-Inf  	-Inf  	0,00405  	0,00404  	0,00396  	0,00592  	1327,62170  	0,00399  	0,00417  
55,08890  	-244,98909  	171,73148  	171,74897  	26,15298  	0,04678  	0,09974  	85706,53851  	0,01088  	0,12643  	0,82361  	0,82105  	274,61390  	0,03728  	3,21222  	25295332,54600  	21,41756  	75,64354  	-Inf  	-Inf  	0,00405  	0,00405  	0,00396  	0,00591  	1327,62170  	0,00399  	0,00417  
56,09031  	915,03269  	914,98403  	-244,98909  	26,15429  	0,05016  	0,09987  	10828,89345  	0,00803  	0,12656  	0,82468  	0,82212  	103635,33263  	595352,29594  	2,37017  	3196027,57960  	0,95597  	1,95830  	NaN  	NaN  	0,00405  	0,00404  	0,00396  	0,00592  	167,74653  	0,00400  	0,00417  
57,09098  	166,44331  	166,42605  	-244,98909  	26,15513  	0,05195  	0,10000  	59149,20168  	0,01087  	0,12673  	0,82575  	0,82319  	96,27021  	90,01505  	3,20963  	17457229,66162  	2210,54224  	49,42387  	NaN  	NaN  	0,00405  	0,00405  	0,00396  	0,00592  	916,24130  	0,00401  	0,00417  
58,09181  	-244,98909  	919,34344  	-244,98909  	26,15607  	0,04990  	0,10020  	85706,53851  	0,01026  	0,12607  	0,82742  	0,82485  	33021,45075  	2645,92967  	3,02897  	25295332,54600  	21,35772  	1,88595  	-Inf  	-Inf  	0,00405  	0,00405  	0,00396  	0,00592  	1327,62170  	0,00400  	0,00417  
59,09144  	-244,98909  	1327,75450  	923,54532  	26,15765  	0,04681  	0,09986  	85706,53851  	0,01031  	0,12608  	0,82466  	0,82210  	106652346,48105  	861,65208  	3,04151  	25295332,54600  	21,35857  	0,00739  	-Inf  	-Inf  	0,00405  	0,00405  	0,00396  	0,00592  	1327,62170  	0,00399  	0,00417  
60,09316  	-244,98909  	1327,75450  	1327,82053  	26,15786  	0,04752  	0,09996  	10087,42202  	0,00944  	0,12635  	0,82549  	0,82293  	302773804,83834  	0,14291  	2,78521  	2977190,52817  	21,40558  	0,00372  	-Inf  	-Inf  	0,00405  	0,00404  	0,00396  	0,00592  	156,26093  	0,00399  	0,00417  
61,09473  	928,49148  	1327,75450  	1327,82053  	26,15884  	0,04671  	0,10019  	-15815,93170  	0,00915  	0,12654  	0,82738  	0,82481  	1009029055,84405  	34,79869  	2,70056  	-4667896,50935  	0,89443  	0,00366  	-Inf  	-Inf  	0,00405  	0,00404  	0,00396  	0,00592  	-244,98909  	0,00399  	0,00417  
