01/16/2025 17:19:07Time	T_hot_in(C)	T_cold_in(C)	T_cold_out(C)	T_hot_out(C)	mdot_cold(kg/s)	ASFASIFUAS(kg/s)	Diferencial_cold(bar)	Diferencial_hot(bar)	mdot_hot(kg/s)	ABS_cold(bar)	ABS_hot(bar)	q_cold(kW)	q_hot(kW)	ASFASYFY	Tau_cold_haste	Re_hot	Re_cold	U_global	PSIG_cold(bar)	R_fouling	PSIG_hot(bar)	PSID_hot(bar)	m_dot_hot	PSID_cold(bar)	m_dot_cold
2,03693  	0,00000  	0,00000  	0,00000  	0,00000  	-1,18512  	-0,20833  	-0,25900  	-0,86180  	-3,02442  	-1,72343  	-1,72415  	-0,00000  	-0,00000  	-254,35069  	-76,44127  	-9234,48090  	-3618,55272  	NaN  	NaN  	0,00000  	0,00000  	0,00000  	0,00000  	0,00000  	0,00000  	0,00000  
3,03743  	1327,82048  	-244,98909  	-244,98909  	26,23929  	0,04178  	0,13426  	-15815,93170  	0,01119  	0,14859  	1,10904  	1,10627  	306473,65354  	0,00000  	3,30289  	-4667896,50935  	0,21394  	0,80834  	Inf  	-Inf  	0,00405  	0,00405  	0,00396  	0,00658  	-244,98909  	0,00397  	0,00420  
4,03739  	1327,82048  	883,23794  	-244,98909  	26,23849  	0,05084  	0,16765  	57012,46556  	0,01016  	0,15362  	1,38508  	1,38211  	128937,57999  	6761139,77237  	2,99738  	16826595,73706  	0,22119  	2,53585  	NaN  	NaN  	0,00405  	0,00405  	0,00396  	0,00722  	883,14267  	0,00400  	0,00420  
5,03745  	1327,82048  	1327,75450  	-244,98909  	26,23900  	0,05251  	0,17051  	85706,53851  	0,00878  	0,16619  	1,40877  	1,40579  	5750712,17847  	9733721,06595  	2,59139  	25295332,54600  	0,23929  	0,20738  	NaN  	NaN  	0,00405  	0,00404  	0,00396  	0,00727  	1327,62170  	0,00401  	0,00422  
6,03726  	1327,82048  	307,56250  	775,24575  	26,24047  	0,04845  	0,17020  	19851,93076  	0,00732  	0,16856  	1,40620  	1,40321  	5834060,95154  	2670869,45417  	2,16015  	5859076,78604  	0,24270  	0,19132  	NaN  	NaN  	0,00405  	0,00403  	0,00396  	0,00727  	307,51584  	0,00400  	0,00422  
7,03713  	1327,82048  	-244,98909  	1327,82053  	26,24061  	0,05094  	0,17107  	50111,70805  	0,00781  	0,16858  	1,41334  	1,41035  	5835636,64402  	9443237,82086  	2,30440  	14789913,83378  	0,24273  	0,20112  	NaN  	NaN  	0,00404  	0,00404  	0,00396  	0,00728  	776,24806  	0,00400  	0,00422  
8,03731  	1327,82048  	777,19991  	1327,82053  	26,24060  	0,04997  	0,17054  	85706,53851  	0,00963  	0,16968  	1,40896  	1,40597  	449914399,88564  	3243117,49226  	2,84230  	25295332,54600  	0,24432  	0,01051  	-Inf  	-Inf  	0,00405  	0,00404  	0,00396  	0,00727  	1327,62170  	0,00400  	0,00422  
9,03725  	1327,82048  	303,89842  	303,92147  	26,23978  	0,05077  	0,17037  	85706,53851  	0,00698  	0,16893  	1,40756  	1,40458  	98667,15433  	137,91902  	2,05879  	25295332,54600  	0,24323  	3,24997  	NaN  	NaN  	0,00405  	0,00403  	0,00396  	0,00727  	1327,62170  	0,00400  	0,00422  
10,03733  	302,55369  	780,23468  	-244,98909  	26,24001  	0,04681  	0,17047  	85706,53851  	0,00959  	0,16890  	1,40840  	1,40541  	8022,84914  	322,13479  	2,83169  	25295332,54600  	359,12855  	5,83169  	NaN  	NaN  	0,00405  	0,00404  	0,00396  	0,00727  	1327,62170  	0,00399  	0,00422  
11,03724  	-244,98909  	1327,75450  	781,63179  	26,24060  	0,05322  	0,17046  	19439,72109  	0,00893  	0,16859  	1,40836  	1,40537  	94387324,33670  	1321,74881  	2,63456  	5737417,68151  	28,58580  	0,01110  	-Inf  	-Inf  	0,00405  	0,00404  	0,00397  	0,00727  	301,13060  	0,00401  	0,00422  
12,03865  	782,68468  	1327,75450  	300,14673  	26,24040  	0,05041  	0,17049  	-15815,93170  	0,00939  	0,16952  	1,40859  	1,40560  	50264070,04323  	184606,27683  	2,77091  	-4667896,50935  	2,62563  	0,03222  	NaN  	NaN  	0,00405  	0,00404  	0,00396  	0,00727  	-244,98909  	0,00400  	0,00422  
13,03923  	1327,82048  	1327,75450  	784,16043  	26,24034  	0,04942  	0,17074  	-15815,93170  	0,00942  	0,16910  	1,41064  	1,40765  	457787717,14780  	3166315,56824  	2,77881  	-4667896,50935  	0,24348  	0,01025  	NaN  	NaN  	0,00405  	0,00404  	0,00396  	0,00728  	-244,98909  	0,00400  	0,00422  
14,04040  	296,67609  	1327,75450  	1327,82053  	26,24142  	0,04750  	0,16983  	50742,87347  	0,00885  	0,16913  	1,40310  	1,40012  	404214940,22579  	0,01979  	2,61263  	14976195,29588  	402,84872  	0,00372  	-Inf  	-Inf  	0,00405  	0,00404  	0,00396  	0,00726  	786,02498  	0,00399  	0,00422  
15,04063  	789,43205  	293,37676  	1327,82053  	26,24197  	0,05223  	0,17134  	18936,22447  	0,00802  	0,16967  	1,41560  	1,41261  	49419132,07008  	204186,34886  	2,36599  	5588816,24928  	2,52510  	0,03399  	-Inf  	-Inf  	0,00405  	0,00404  	0,00397  	0,00729  	293,33130  	0,00401  	0,00422  
16,04059  	289,45160  	793,33623  	289,45162  	26,24186  	0,05127  	0,17030  	-15815,93170  	0,00784  	0,16947  	1,40700  	1,40402  	1186025,19147  	152,16845  	2,31519  	-4667896,50935  	465,50747  	0,20247  	-Inf  	-Inf  	0,00405  	0,00404  	0,00396  	0,00727  	-244,98909  	0,00400  	0,00422  
17,04061  	794,53138  	1327,75450  	-244,98909  	26,24264  	0,04821  	0,17024  	-15815,93170  	0,00866  	0,16921  	1,40655  	1,40357  	3456119,50280  	299408,84364  	2,55570  	-4667896,50935  	2,44411  	0,19042  	NaN  	NaN  	0,00405  	0,00404  	0,00397  	0,00727  	-244,98909  	0,00399  	0,00422  
18,04063  	1327,82048  	1327,75450  	795,58176  	26,24276  	0,05192  	0,17030  	-15815,93170  	0,00750  	0,16933  	1,40702  	1,40404  	474382841,28743  	3256444,53912  	2,21464  	-4667896,50935  	0,24380  	0,01052  	NaN  	NaN  	0,00405  	0,00403  	0,00396  	0,00727  	-244,98909  	0,00401  	0,00422  
19,04062  	285,77911  	1327,75450  	1327,82053  	26,24228  	0,04848  	0,17015  	51446,25668  	0,00841  	0,16872  	1,40576  	1,40278  	386982073,12004  	0,01827  	2,48216  	15183791,03352  	498,89270  	0,00380  	-Inf  	-Inf  	0,00405  	0,00404  	0,00396  	0,00727  	796,92058  	0,00400  	0,00422  
20,04378  	-244,98909  	1327,75450  	1327,82053  	26,24192  	0,04626  	0,17010  	85706,53851  	0,01056  	0,16868  	1,40533  	1,40235  	404315785,16965  	0,13892  	3,11666  	25295332,54600  	28,60055  	0,00363  	-Inf  	-Inf  	0,00405  	0,00405  	0,00396  	0,00727  	1327,62170  	0,00399  	0,00422  
21,04385  	799,67335  	1327,75450  	1327,82053  	26,24265  	0,04836  	0,17012  	18275,16363  	0,00765  	0,16870  	1,40555  	1,40257  	1153078810,56794  	13,17617  	2,25717  	5393711,48845  	2,36488  	0,00379  	-Inf  	-Inf  	0,00405  	0,00404  	0,00396  	0,00727  	283,09129  	0,00400  	0,00422  
22,04579  	1327,82048  	280,20054  	1327,82053  	26,24423  	0,04676  	0,17005  	51804,92321  	0,00832  	0,16938  	1,40491  	1,40193  	79806640,53754  	5774255,47796  	2,45542  	15289647,47422  	0,24388  	0,03154  	-Inf  	-Inf  	0,00405  	0,00404  	0,00396  	0,00726  	802,47642  	0,00399  	0,00422  
23,04546  	1327,82048  	806,43949  	1327,82053  	26,24365  	0,05039  	0,17025  	17835,57241  	0,00863  	0,16908  	1,40658  	1,40360  	489383910,24676  	3096427,02343  	2,54781  	5263971,02369  	0,24345  	0,00999  	-Inf  	-Inf  	0,00405  	0,00404  	0,00396  	0,00727  	276,28190  	0,00400  	0,00422  
24,04525  	273,20895  	1327,75450  	273,20897  	26,24423  	0,04789  	0,17101  	-15815,93170  	0,00581  	0,16928  	1,41285  	1,40986  	14708757,08722  	262,54361  	1,71545  	-4667896,50935  	647,77941  	0,03292  	-Inf  	-Inf  	0,00405  	0,00403  	0,00396  	0,00728  	-244,98909  	0,00399  	0,00422  
25,04537  	812,46499  	270,34478  	812,46503  	26,24374  	0,04487  	0,17035  	-15815,93170  	0,00802  	0,16936  	1,40746  	1,40448  	3540845,69451  	111802,82366  	2,36697  	-4667896,50935  	2,20584  	0,17719  	-Inf  	-Inf  	0,00405  	0,00404  	0,00396  	0,00727  	-244,98909  	0,00398  	0,00422  
26,04679  	1327,82048  	-244,98909  	1327,82053  	26,24493  	0,04827  	0,17041  	52502,04985  	0,00804  	0,16940  	1,40791  	1,40493  	5863934,91812  	8947781,40775  	2,37286  	15495396,65772  	0,24390  	0,19057  	NaN  	NaN  	0,00405  	0,00404  	0,00396  	0,00727  	813,27510  	0,00399  	0,00422  
27,04625  	1327,82048  	814,82134  	267,96561  	26,24639  	0,04590  	0,17055  	85706,53851  	0,00892  	0,16972  	1,40912  	1,40613  	5873389,40267  	2958553,67764  	2,63317  	25295332,54600  	0,24436  	0,18126  	NaN  	NaN  	0,00405  	0,00404  	0,00396  	0,00727  	1327,62170  	0,00399  	0,00422  
28,04718  	265,65520  	1327,75450  	-244,98909  	26,24691  	0,05077  	0,17064  	85706,53851  	0,00837  	0,16964  	1,40985  	1,40686  	1079716,51916  	396,92068  	2,46987  	25295332,54600  	760,49794  	0,20051  	NaN  	NaN  	0,00405  	0,00404  	0,00396  	0,00728  	1327,62170  	0,00400  	0,00422  
29,04717  	-244,98909  	1327,75450  	819,26618  	26,24957  	0,05213  	0,17043  	17010,47853  	0,00784  	0,16824  	1,40809  	1,40511  	105392733,53070  	1205,42659  	2,31343  	5020453,73277  	28,52873  	0,01008  	-Inf  	-Inf  	0,00405  	0,00404  	0,00396  	0,00727  	263,50097  	0,00401  	0,00422  
30,04715  	821,37580  	261,43435  	261,45561  	26,25283  	0,04811  	0,17069  	53016,30310  	0,00829  	0,16917  	1,41027  	1,40728  	19347,07491  	5,06290  	2,44751  	15647172,79018  	2,09492  	6,79194  	NaN  	NaN  	0,00405  	0,00404  	0,00396  	0,00728  	821,24103  	0,00399  	0,00422  
31,04732  	260,09633  	822,69027  	822,73510  	26,25486  	0,04884  	0,17000  	85706,53851  	0,00747  	0,16884  	1,40451  	1,40153  	16586200,65503  	0,01058  	2,20576  	25295332,54600  	851,17155  	0,02979  	-Inf  	-Inf  	0,00405  	0,00403  	0,00396  	0,00726  	1327,62170  	0,00400  	0,00422  
32,04931  	-244,98909  	1327,75450  	1327,82053  	26,25697  	0,04670  	0,17072  	16691,56326  	0,00822  	0,17000  	1,41052  	1,40754  	407505508,28277  	0,14022  	2,42538  	4926329,43418  	28,82910  	0,00366  	-Inf  	-Inf  	0,00405  	0,00404  	0,00396  	0,00728  	258,56089  	0,00399  	0,00422  
33,05057  	826,76784  	1327,75450  	1327,82053  	26,25977  	0,05060  	0,17094  	53364,35121  	0,00817  	0,16952  	1,41230  	1,40931  	1199278374,95319  	17,28695  	2,41117  	15749895,32250  	2,03679  	0,00397  	-Inf  	-Inf  	0,00405  	0,00404  	0,00396  	0,00728  	826,63239  	0,00400  	0,00422  
34,05035  	1327,82048  	1327,75450  	252,21763  	26,26224  	0,05118  	0,17049  	16278,00646  	0,00880  	0,16895  	1,40855  	1,40556  	71020293,43419  	6488332,54910  	2,59864  	4804272,73984  	0,24324  	0,03728  	NaN  	NaN  	0,00405  	0,00404  	0,00396  	0,00727  	252,15478  	0,00400  	0,00422  
35,05154  	250,89373  	250,87292  	831,93770  	26,26553  	0,04637  	0,17050  	53698,05539  	0,00902  	0,16897  	1,40867  	1,40569  	1009352,62815  	125,37514  	2,66150  	15848384,40427  	1035,07683  	0,18312  	-Inf  	-Inf  	0,00405  	0,00404  	0,00396  	0,00727  	831,80156  	0,00399  	0,00422  
36,05255  	834,17411  	834,12883  	1327,82053  	26,26856  	0,04944  	0,17044  	16048,19227  	0,00892  	0,16948  	1,40817  	1,40519  	330449296,97773  	134157,97454  	2,63354  	4736445,63665  	1,95411  	0,00928  	-Inf  	-Inf  	0,00405  	0,00404  	0,00396  	0,00727  	248,59489  	0,00400  	0,00422  
37,05194  	246,43545  	246,41483  	246,43547  	26,27168  	0,04395  	0,17062  	-15815,93170  	0,00836  	0,16921  	1,40967  	1,40669  	3406,05586  	0,00416  	2,46853  	-4667896,50935  	1138,50530  	8,55670  	-Inf  	-Inf  	0,00405  	0,00404  	0,00396  	0,00728  	-244,98909  	0,00398  	0,00422  
38,05270  	840,24951  	-244,98909  	840,24955  	26,27489  	0,04900  	0,17033  	54234,57274  	0,00940  	0,16944  	1,40728  	1,40429  	52949,90037  	307006,04193  	2,77435  	16006731,53884  	1,88943  	3,49310  	NaN  	NaN  	0,00405  	0,00404  	0,00396  	0,00727  	840,11236  	0,00400  	0,00422  
39,05285  	1327,82048  	-244,98909  	241,71301  	26,27760  	0,04323  	0,17019  	15599,94879  	0,00805  	0,16891  	1,40608  	1,40310  	926,33368  	2480195,74100  	2,37545  	4604151,55302  	0,24317  	125,78321  	Inf  	-Inf  	0,00405  	0,00404  	0,00396  	0,00727  	241,65148  	0,00398  	0,00422  
40,05365  	1327,82048  	-244,98909  	-244,98909  	26,28002  	0,04894  	0,17048  	54347,15011  	0,00952  	0,16911  	1,40851  	1,40553  	348790,90687  	0,00000  	2,80899  	16039957,49714  	0,24346  	0,94692  	Inf  	-Inf  	0,00405  	0,00404  	0,00397  	0,00727  	841,85621  	0,00400  	0,00422  
41,05535  	1327,82048  	-244,98909  	844,72533  	26,28195  	0,04768  	0,17032  	85706,53851  	0,00854  	0,16980  	1,40721  	1,40423  	89737,90754  	6125014,39067  	2,51975  	25295332,54600  	0,24446  	3,26973  	Inf  	-Inf  	0,00405  	0,00404  	0,00396  	0,00727  	1327,62170  	0,00399  	0,00422  
42,05498  	235,78377  	847,00181  	1327,82053  	26,28358  	0,04864  	0,17058  	85706,53851  	0,00836  	0,16912  	1,40931  	1,40633  	88791892,64586  	104,13864  	2,46746  	25295332,54600  	1417,13434  	0,00890  	-Inf  	-Inf  	0,00404  	0,00404  	0,00397  	0,00728  	1327,62170  	0,00400  	0,00422  
43,05634  	849,41246  	233,39886  	1327,82053  	26,28505  	0,04819  	0,17102  	15064,58001  	0,00852  	0,16942  	1,41299  	1,41000  	41681463,77127  	327680,68852  	2,51328  	4446143,40503  	1,79720  	0,03699  	-Inf  	-Inf  	0,00405  	0,00404  	0,00396  	0,00728  	233,35847  	0,00399  	0,00422  
44,05625  	1327,82048  	-244,98909  	1327,82053  	26,28647  	0,04563  	0,17075  	-15815,93170  	0,00904  	0,16908  	1,41071  	1,40773  	5852756,14029  	8461101,21603  	2,66716  	-4667896,50935  	0,24341  	0,18017  	NaN  	NaN  	0,00405  	0,00404  	0,00396  	0,00728  	-244,98909  	0,00399  	0,00422  
45,05641  	227,79747  	-244,98909  	227,79748  	26,28822  	0,05132  	0,17062  	-15815,93170  	0,00947  	0,16971  	1,40969  	1,40670  	145,68863  	106,35521  	2,79640  	-4667896,50935  	1663,14165  	121,37877  	NaN  	NaN  	0,00405  	0,00404  	0,00396  	0,00728  	-244,98909  	0,00400  	0,00422  
46,05666  	856,29217  	856,24597  	856,29221  	26,29089  	0,04653  	0,17059  	55270,10194  	0,00954  	0,16963  	1,40940  	1,40641  	76564722,19944  	14,11336  	2,81440  	16312356,47521  	1,73384  	0,02384  	-Inf  	-Inf  	0,00405  	0,00404  	0,00396  	0,00728  	856,15299  	0,00399  	0,00422  
47,05724  	224,99898  	1327,75450  	224,99899  	26,29256  	0,04606  	0,17055  	14521,08468  	0,00771  	0,16986  	1,40911  	1,40613  	9737885,70963  	221,67578  	2,27696  	4285736,79822  	1754,10398  	0,03621  	-Inf  	-Inf  	0,00405  	0,00404  	0,00396  	0,00727  	224,93958  	0,00399  	0,00422  
48,05709  	-244,98909  	1327,75450  	-244,98909  	26,29510  	0,05135  	0,17033  	55499,49278  	0,00832  	0,16951  	1,40724  	1,40426  	1222561,02043  	3669,65578  	2,45478  	16380058,63391  	28,75844  	0,20281  	-Inf  	-Inf  	0,00405  	0,00404  	0,00396  	0,00727  	859,70631  	0,00400  	0,00422  
49,05708  	-244,98909  	221,48666  	-244,98909  	26,29626  	0,04788  	0,17072  	85706,53851  	0,00925  	0,17021  	1,41047  	1,40749  	198,28182  	1014,80207  	2,72939  	25295332,54600  	28,87625  	103,00475  	-Inf  	-Inf  	0,00405  	0,00404  	0,00396  	0,00728  	1327,62170  	0,00399  	0,00423  
50,05725  	-244,98909  	-244,98909  	-244,98909  	26,29702  	0,04441  	0,17044  	14220,42226  	0,00737  	0,16988  	1,40813  	1,40515  	73030,37623  	0,00000  	2,17562  	4196999,62445  	28,82038  	0,85932  	Inf  	-Inf  	0,00405  	0,00403  	0,00397  	0,00727  	220,28224  	0,00398  	0,00422  
51,05709  	-244,98909  	-244,98909  	863,61997  	26,29830  	0,04892  	0,17015  	55743,09799  	0,00867  	0,16936  	1,40576  	1,40278  	23509,58344  	2464,11894  	2,55749  	16451956,00417  	28,73304  	2,86075  	NaN  	NaN  	0,00405  	0,00404  	0,00396  	0,00727  	863,47982  	0,00400  	0,00422  
52,05907  	865,19243  	865,14586  	1327,82053  	26,29895  	0,04780  	0,17029  	85706,53851  	0,00870  	0,16907  	1,40696  	1,40398  	374664675,83322  	155574,06503  	2,56659  	25295332,54600  	1,64799  	0,00844  	-Inf  	-Inf  	0,00405  	0,00404  	0,00396  	0,00727  	1327,62170  	0,00399  	0,00422  
53,06067  	1327,82048  	1327,75450  	215,79007  	26,29982  	0,04812  	0,17058  	13926,66249  	0,00897  	0,16949  	1,40936  	1,40637  	61231315,90721  	6308302,73720  	2,64753  	4110299,69272  	0,24400  	0,03883  	NaN  	NaN  	0,00405  	0,00404  	0,00396  	0,00728  	215,73182  	0,00399  	0,00422  
54,06051  	213,09248  	1327,75450  	869,73894  	26,30092  	0,05207  	0,17008  	-15815,93170  	0,00924  	0,16943  	1,40516  	1,40217  	84703611,00408  	102,53991  	2,72847  	-4667896,50935  	2143,81278  	0,00911  	-Inf  	-Inf  	0,00404  	0,00404  	0,00396  	0,00727  	-244,98909  	0,00401  	0,00422  
55,06239  	872,97162  	1327,75450  	1327,82053  	26,30147  	0,05331  	0,17043  	-15815,93170  	0,00937  	0,17031  	1,40810  	1,40512  	1274287714,46107  	26,30153  	2,76692  	-4667896,50935  	1,59337  	0,00418  	-Inf  	-Inf  	0,00405  	0,00404  	0,00396  	0,00727  	-244,98909  	0,00401  	0,00423  
56,06508  	206,13413  	1327,75450  	1327,82053  	26,30190  	0,05008  	0,17058  	56587,21921  	0,00712  	0,16936  	1,40933  	1,40635  	269159317,53890  	0,01414  	2,10259  	16701089,00258  	2368,11119  	0,00392  	-Inf  	-Inf  	0,00405  	0,00403  	0,00396  	0,00728  	876,55549  	0,00400  	0,00422  
57,06715  	880,19888  	1327,75450  	1327,82053  	26,30147  	0,04757  	0,17074  	13077,36332  	0,00779  	0,16893  	1,41066  	1,40767  	1274771244,28836  	24,80611  	2,29808  	3859638,47981  	1,52198  	0,00373  	-Inf  	-Inf  	0,00405  	0,00404  	0,00396  	0,00728  	202,57594  	0,00399  	0,00422  
58,06705  	1327,82048  	1327,75450  	1327,82053  	26,30305  	0,05248  	0,16994  	56980,63916  	0,00814  	0,17027  	1,40403  	1,40105  	1958493315,41673  	408,56591  	2,40197  	16817202,53014  	0,24512  	0,00411  	-Inf  	-Inf  	0,00405  	0,00404  	0,00396  	0,00726  	882,64967  	0,00401  	0,00423  
59,06721  	1327,82048  	1327,75450  	1327,82053  	26,30422  	0,05109  	0,17028  	12581,96206  	0,00629  	0,16913  	1,40684  	1,40386  	1945354933,46209  	397,78154  	1,85790  	3713426,30334  	0,24347  	0,00400  	-Inf  	-Inf  	0,00405  	0,00403  	0,00396  	0,00727  	194,90204  	0,00400  	0,00422  
60,06721  	192,39158  	192,37323  	192,39159  	26,30485  	0,04730  	0,17038  	-15815,93170  	0,00960  	0,16987  	1,40765  	1,40467  	422,77429  	0,00368  	2,83391  	-4667896,50935  	2746,90653  	38,14180  	-Inf  	-Inf  	0,00405  	0,00404  	0,00396  	0,00727  	-244,98909  	0,00399  	0,00422  
61,06721  	892,23935  	892,19164  	892,23938  	26,30480  	0,04848  	0,17037  	57590,43748  	0,00819  	0,17062  	1,40759  	1,40461  	104696980,07362  	20,02651  	2,41737  	16997177,72863  	1,44469  	0,02078  	-Inf  	-Inf  	0,00405  	0,00404  	0,00396  	0,00727  	892,09562  	0,00400  	0,00423  
