01/16/2025 17:20:15Time	T_hot_in(C)	T_cold_in(C)	T_cold_out(C)	T_hot_out(C)	mdot_cold(kg/s)	ASFASIFUAS(kg/s)	Diferencial_cold(bar)	Diferencial_hot(bar)	mdot_hot(kg/s)	ABS_cold(bar)	ABS_hot(bar)	q_cold(kW)	q_hot(kW)	ASFASYFY	Tau_cold_haste	Re_hot	Re_cold	U_global	PSIG_cold(bar)	R_fouling	PSIG_hot(bar)	PSID_hot(bar)	m_dot_hot	PSID_cold(bar)	m_dot_cold
2,04593  	0,00000  	0,00000  	0,00000  	0,00000  	-1,18512  	-0,20833  	-0,25900  	-0,86180  	-3,02442  	-1,72343  	-1,72415  	-0,00000  	-0,00000  	-254,35069  	-76,44127  	-9234,48090  	-3618,55272  	NaN  	NaN  	0,00000  	0,00000  	0,00000  	0,00000  	0,00000  	0,00000  	0,00000  
3,04673  	-244,98909  	1327,75450  	-244,98909  	26,31197  	0,04827  	0,17225  	85706,53851  	0,00717  	0,16916  	1,42315  	1,42016  	1220057,29203  	3448,33666  	2,11685  	25295332,54600  	28,70279  	0,19064  	-Inf  	-Inf  	0,00405  	0,00403  	0,00396  	0,00731  	1327,62170  	0,00399  	0,00422  
4,04701  	-244,98909  	198,64100  	-244,98909  	26,31298  	0,04916  	0,20871  	85706,53851  	0,00547  	0,17617  	1,72454  	1,72133  	216,48950  	990,67167  	1,61536  	25295332,54600  	29,89307  	75,01586  	-Inf  	-Inf  	0,00405  	0,00403  	0,00396  	0,00801  	1327,62170  	0,00400  	0,00423  
5,04678  	775,67062  	775,62780  	775,67065  	26,31379  	0,04852  	0,21165  	19824,50366  	0,00431  	0,18749  	1,74885  	1,74562  	40288670,23572  	6,97256  	1,27145  	5850981,98350  	3,02702  	0,03830  	-Inf  	-Inf  	0,00405  	0,00402  	0,00396  	0,00806  	307,09099  	0,00400  	0,00425  
6,04691  	305,60438  	1327,75450  	1327,82053  	26,31545  	0,05212  	0,21130  	50166,56594  	0,00430  	0,18923  	1,74598  	1,74275  	467064448,20839  	0,02393  	1,27036  	14806104,53103  	379,13262  	0,00408  	-Inf  	-Inf  	0,00405  	0,00402  	0,00396  	0,00806  	777,09782  	0,00401  	0,00425  
7,04709  	-244,98909  	1327,75450  	304,44071  	26,31612  	0,04652  	0,21185  	85706,53851  	0,00411  	0,18852  	1,75050  	1,74727  	20393692,98200  	2162,01847  	1,21233  	25295332,54600  	31,99026  	0,02939  	-Inf  	-Inf  	0,00405  	0,00402  	0,00396  	0,00807  	1327,62170  	0,00399  	0,00425  
8,04835  	-244,98909  	303,17404  	779,63439  	26,31699  	0,05478  	0,21149  	85706,53851  	0,00513  	0,18947  	1,74759  	1,74436  	1366963,60721  	1185,44845  	1,51443  	25295332,54600  	32,15134  	0,21631  	-Inf  	-Inf  	0,00405  	0,00402  	0,00396  	0,00806  	1327,62170  	0,00402  	0,00425  
9,04908  	780,48275  	-244,98909  	302,34866  	26,31728  	0,04604  	0,21220  	85706,53851  	0,00389  	0,18908  	1,75344  	1,75021  	596,50124  	88161,33296  	1,14908  	25295332,54600  	2,96599  	298,12528  	Inf  	-Inf  	0,00405  	0,00402  	0,00396  	0,00807  	1327,62170  	0,00399  	0,00425  
10,05010  	300,10922  	782,67906  	-244,98909  	26,31748  	0,04618  	0,21194  	85706,53851  	0,00418  	0,18859  	1,75125  	1,74802  	9189,84180  	310,49476  	1,23339  	25295332,54600  	419,63404  	5,61463  	NaN  	NaN  	0,00405  	0,00402  	0,00396  	0,00807  	1327,62170  	0,00399  	0,00425  
11,05244  	-244,98909  	1327,75450  	-244,98909  	26,31754  	0,05111  	0,21155  	19147,73333  	0,00391  	0,18928  	1,74806  	1,74483  	1365205,19710  	3650,61264  	1,15475  	5651240,74078  	32,11871  	0,20184  	-Inf  	-Inf  	0,00405  	0,00402  	0,00396  	0,00806  	296,60763  	0,00400  	0,00425  
12,05565  	789,10966  	293,69913  	-244,98909  	26,31707  	0,05043  	0,21152  	-15815,93170  	0,00465  	0,18991  	1,74783  	1,74460  	605,95702  	102450,82946  	1,37206  	-4667896,50935  	2,83043  	295,90287  	NaN  	NaN  	0,00405  	0,00402  	0,00396  	0,00806  	-244,98909  	0,00400  	0,00425  
13,05587  	1327,82048  	793,67437  	793,71798  	26,31800  	0,04903  	0,21173  	-15815,93170  	0,00395  	0,19023  	1,74958  	1,74635  	82430038,48001  	252,11978  	1,16689  	-4667896,50935  	0,27383  	0,03499  	NaN  	NaN  	0,00405  	0,00402  	0,00396  	0,00807  	-244,98909  	0,00400  	0,00425  
14,05566  	1327,82048  	1327,75450  	283,77602  	26,31775  	0,04766  	0,21138  	-15815,93170  	0,00375  	0,18932  	1,74669  	1,74346  	90464502,73685  	5866712,04488  	1,10728  	-4667896,50935  	0,27252  	0,03184  	NaN  	NaN  	0,00405  	0,00402  	0,00396  	0,00806  	-244,98909  	0,00399  	0,00425  
15,05907  	1327,82048  	1327,75450  	803,13099  	26,31880  	0,04861  	0,21171  	51838,62619  	0,00395  	0,18899  	1,74935  	1,74612  	541521756,77767  	3007102,07501  	1,16628  	15299594,53614  	0,27205  	0,00970  	NaN  	NaN  	0,00405  	0,00402  	0,00396  	0,00806  	802,99849  	0,00400  	0,00425  
16,06097  	278,12945  	1327,75450  	1327,82053  	26,32006  	0,04670  	0,21158  	85706,53851  	0,00246  	0,18947  	1,74833  	1,74510  	421628220,34673  	0,01659  	0,72565  	25295332,54600  	653,76002  	0,00366  	-Inf  	-Inf  	0,00405  	0,00401  	0,00396  	0,00806  	1327,62170  	0,00399  	0,00425  
17,06142  	-244,98909  	1327,75450  	1327,82053  	26,31948  	0,05025  	0,21197  	85706,53851  	0,00364  	0,19004  	1,75157  	1,74834  	455648203,13269  	0,15070  	1,07464  	25295332,54600  	32,24850  	0,00394  	-Inf  	-Inf  	0,00405  	0,00402  	0,00396  	0,00807  	1327,62170  	0,00400  	0,00425  
18,06362  	813,92287  	268,88696  	1327,82053  	26,32033  	0,05147  	0,21209  	85706,53851  	0,00457  	0,19011  	1,75253  	1,74929  	51778528,90771  	253694,26948  	1,34949  	25295332,54600  	2,45462  	0,03580  	-Inf  	-Inf  	0,00405  	0,00402  	0,00396  	0,00807  	1327,62170  	0,00401  	0,00425  
19,06579  	1327,82048  	816,69921  	266,08765  	26,32170  	0,04759  	0,21177  	85706,53851  	0,00580  	0,18962  	1,74987  	1,74664  	6562002,74852  	3089528,34066  	1,71072  	25295332,54600  	0,27296  	0,18792  	NaN  	NaN  	0,00405  	0,00403  	0,00396  	0,00807  	1327,62170  	0,00399  	0,00425  
20,06575  	261,92361  	261,90234  	820,90782  	26,32302  	0,04746  	0,21198  	85706,53851  	0,00450  	0,18944  	1,75162  	1,74839  	1186903,25385  	129,40647  	1,32720  	25295332,54600  	917,46463  	0,18740  	-Inf  	-Inf  	0,00405  	0,00402  	0,00396  	0,00807  	1327,62170  	0,00399  	0,00425  
21,06682  	825,45196  	825,40706  	1327,82053  	26,32294  	0,04508  	0,21217  	85706,53851  	0,00378  	0,19090  	1,75316  	1,74993  	358845871,24034  	115997,54251  	1,11705  	25295332,54600  	2,30971  	0,00861  	-Inf  	-Inf  	0,00405  	0,00402  	0,00396  	0,00807  	1327,62170  	0,00398  	0,00425  
22,06703  	255,67918  	1327,75450  	1327,82053  	26,32204  	0,05192  	0,21207  	85706,53851  	0,00633  	0,19064  	1,75235  	1,74911  	386406198,98514  	0,01626  	1,86701  	25295332,54600  	1053,94020  	0,00407  	-Inf  	-Inf  	0,00405  	0,00403  	0,00396  	0,00807  	1327,62170  	0,00401  	0,00425  
23,06703  	828,68040  	1327,75450  	254,15101  	26,32206  	0,04977  	0,21235  	85706,53851  	0,00523  	0,19030  	1,75464  	1,75141  	49706154,21721  	280965,87752  	1,54270  	25295332,54600  	2,26137  	0,03606  	NaN  	NaN  	0,00405  	0,00402  	0,00395  	0,00808  	1327,62170  	0,00400  	0,00425  
24,06702  	251,38961  	251,36879  	831,44182  	26,32319  	0,05026  	0,21184  	85706,53851  	0,00411  	0,18971  	1,75045  	1,74722  	1135464,97424  	135,92694  	1,21321  	25295332,54600  	1148,61089  	0,19847  	-Inf  	-Inf  	0,00405  	0,00402  	0,00396  	0,00807  	1327,62170  	0,00400  	0,00425  
25,06749  	-244,98909  	832,75382  	1327,82053  	26,32439  	0,04787  	0,21163  	85706,53851  	0,00552  	0,19020  	1,74874  	1,74551  	124042603,43540  	1076,21585  	1,62895  	25295332,54600  	32,27831  	0,00901  	-Inf  	-Inf  	0,00405  	0,00403  	0,00396  	0,00806  	1327,62170  	0,00399  	0,00425  
26,06944  	-244,98909  	1327,75450  	1327,82053  	26,32603  	0,04807  	0,21246  	16054,56765  	0,00480  	0,19114  	1,75556  	1,75233  	458301958,26254  	0,14415  	1,41680  	4738327,25773  	32,43775  	0,00377  	-Inf  	-Inf  	0,00405  	0,00402  	0,00396  	0,00808  	248,69365  	0,00399  	0,00425  
27,07130  	835,98400  	1327,75450  	1327,82053  	26,32836  	0,04891  	0,21226  	53959,24040  	0,00327  	0,19092  	1,75391  	1,75068  	1366081037,97430  	18,02220  	0,96505  	15925470,25709  	2,17876  	0,00383  	-Inf  	-Inf  	0,00405  	0,00401  	0,00397  	0,00808  	835,84738  	0,00400  	0,00425  
28,07184  	1327,82048  	242,89779  	242,91827  	26,33143  	0,05063  	0,21183  	85706,53851  	0,00519  	0,19049  	1,75034  	1,74711  	20301,49572  	122,29907  	1,53053  	25295332,54600  	0,27419  	10,66694  	NaN  	NaN  	0,00405  	0,00402  	0,00396  	0,00807  	1327,62170  	0,00400  	0,00425  
29,07168  	1327,82048  	-244,98909  	842,98596  	26,33628  	0,04800  	0,21175  	85706,53851  	0,00420  	0,18979  	1,74974  	1,74651  	98140,41891  	6158049,89043  	1,23837  	25295332,54600  	0,27318  	3,34148  	Inf  	-Inf  	0,00405  	0,00402  	0,00396  	0,00807  	1327,62170  	0,00399  	0,00425  
30,07175  	1327,82048  	-244,98909  	236,07231  	26,34126  	0,04662  	0,21199  	15235,85004  	0,00434  	0,18965  	1,75167  	1,74844  	1043,72567  	2644970,51093  	1,28071  	4496691,85345  	0,27298  	124,79911  	Inf  	-Inf  	0,00404  	0,00402  	0,00396  	0,00807  	236,01149  	0,00399  	0,00425  
31,07208  	235,03239  	847,75315  	-244,98909  	26,34589  	0,04917  	0,21171  	-15815,93170  	0,00541  	0,19028  	1,74940  	1,74617  	16742,22077  	238,90204  	1,59573  	-4667896,50935  	1616,70491  	3,28559  	NaN  	NaN  	0,00405  	0,00402  	0,00396  	0,00806  	-244,98909  	0,00400  	0,00425  
32,07358  	-244,98909  	233,46698  	-244,98909  	26,35013  	0,04854  	0,21239  	-15815,93170  	0,00381  	0,19025  	1,75497  	1,75174  	218,72583  	1054,28899  	1,12425  	-4667896,50935  	32,29426  	124,98565  	-Inf  	-Inf  	0,00405  	0,00402  	0,00396  	0,00808  	-244,98909  	0,00400  	0,00425  
33,07374  	-244,98909  	852,16437  	852,21044  	26,35369  	0,04847  	0,21190  	-15815,93170  	0,00345  	0,19008  	1,75092  	1,74769  	27197603,37130  	0,10135  	1,01870  	-4667896,50935  	32,26688  	0,02536  	-Inf  	-Inf  	0,00405  	0,00402  	0,00397  	0,00807  	-244,98909  	0,00400  	0,00425  
34,07525  	855,37958  	227,43199  	1327,82053  	26,35602  	0,05275  	0,21191  	-15815,93170  	0,00369  	0,18887  	1,75102  	1,74779  	45648436,83793  	378282,79687  	1,08832  	-4667896,50935  	1,93934  	0,04118  	-Inf  	-Inf  	0,00405  	0,00402  	0,00397  	0,00807  	-244,98909  	0,00401  	0,00425  
35,07557  	1327,82048  	855,93142  	226,85380  	26,35967  	0,04574  	0,21166  	55249,79745  	0,00599  	0,19002  	1,74893  	1,74570  	6575511,25019  	3393180,36077  	1,76727  	16306363,82940  	0,27350  	0,18062  	NaN  	NaN  	0,00405  	0,00403  	0,00397  	0,00806  	855,83846  	0,00399  	0,00425  
36,07539  	224,84380  	1327,75450  	-244,98909  	26,36233  	0,04826  	0,21219  	85706,53851  	0,00415  	0,19106  	1,75334  	1,75010  	1008170,25905  	331,17244  	1,22580  	25295332,54600  	1976,15684  	0,19059  	NaN  	NaN  	0,00405  	0,00402  	0,00396  	0,00807  	1327,62170  	0,00399  	0,00425  
37,07610  	861,19725  	1327,75450  	-244,98909  	26,36522  	0,05130  	0,21197  	85706,53851  	0,00561  	0,19031  	1,75155  	1,74832  	4223874,80031  	550349,52455  	1,65484  	25295332,54600  	1,89424  	0,20259  	NaN  	NaN  	0,00405  	0,00403  	0,00396  	0,00807  	1327,62170  	0,00400  	0,00425  
38,07657  	1327,82048  	1327,75450  	862,99097  	26,36753  	0,05058  	0,21194  	85706,53851  	0,00378  	0,19015  	1,75131  	1,74808  	649559688,29799  	2772325,82930  	1,11569  	25295332,54600  	0,27368  	0,00897  	NaN  	NaN  	0,00405  	0,00402  	0,00396  	0,00807  	1327,62170  	0,00400  	0,00425  
39,07896  	217,80526  	1327,75450  	217,80527  	26,37032  	0,05119  	0,21211  	85706,53851  	0,00567  	0,18978  	1,75272  	1,74949  	10170230,51413  	245,56049  	1,67306  	25295332,54600  	2222,70860  	0,04107  	-Inf  	-Inf  	0,00405  	0,00403  	0,00396  	0,00807  	1327,62170  	0,00400  	0,00425  
40,07862  	867,98427  	214,82783  	-244,98909  	26,37270  	0,04984  	0,21195  	13865,79770  	0,00464  	0,19058  	1,75135  	1,74811  	696,44002  	164825,44264  	1,37032  	4092336,12614  	1,82973  	96,98196  	NaN  	NaN  	0,00405  	0,00402  	0,00396  	0,00807  	214,78901  	0,00400  	0,00425  
41,07870  	212,33264  	870,45196  	870,49879  	26,37486  	0,04687  	0,21212  	56187,11522  	0,00667  	0,19054  	1,75278  	1,74955  	21423827,75736  	0,00943  	1,96783  	16583002,75473  	2436,48201  	0,02236  	-Inf  	-Inf  	0,00405  	0,00403  	0,00396  	0,00807  	870,35777  	0,00399  	0,00425  
42,07908  	-244,98909  	210,25395  	210,27307  	26,37730  	0,04556  	0,21136  	85706,53851  	0,00452  	0,19074  	1,74650  	1,74327  	1430,04321  	0,03951  	1,33456  	25295332,54600  	32,38635  	21,72097  	-Inf  	-Inf  	0,00405  	0,00402  	0,00396  	0,00806  	1327,62170  	0,00399  	0,00425  
43,07834  	873,59308  	873,54615  	-244,98909  	26,37870  	0,04645  	0,21218  	13503,75769  	0,00369  	0,18968  	1,75323  	1,75000  	92538,85627  	390259,24650  	1,09006  	3985484,04184  	1,76818  	2,50411  	NaN  	NaN  	0,00405  	0,00402  	0,00396  	0,00807  	209,18091  	0,00399  	0,00425  
44,07936  	1327,82048  	207,68946  	-244,98909  	26,37965  	0,04627  	0,21179  	56485,59965  	0,00533  	0,18922  	1,75001  	1,74678  	1086,14498  	2470571,24812  	1,57212  	16671097,11932  	0,27232  	80,86926  	NaN  	NaN  	0,00405  	0,00402  	0,00396  	0,00807  	874,98138  	0,00399  	0,00425  
45,08036  	1327,82048  	876,91602  	-244,98909  	26,38115  	0,04779  	0,21177  	85706,53851  	0,00382  	0,19052  	1,74985  	1,74662  	148544,81650  	6323776,34241  	1,12611  	25295332,54600  	0,27419  	2,50719  	NaN  	NaN  	0,00405  	0,00402  	0,00396  	0,00807  	1327,62170  	0,00399  	0,00425  
46,08082  	1327,82048  	1327,75450  	878,35655  	26,38323  	0,04810  	0,21168  	13196,28500  	0,00501  	0,18977  	1,74911  	1,74588  	677629642,42600  	2549640,08805  	1,47855  	3894736,89376  	0,27311  	0,00828  	NaN  	NaN  	0,00405  	0,00402  	0,00396  	0,00806  	204,41807  	0,00399  	0,00425  
47,08024  	1327,82048  	1327,75450  	1327,82053  	26,38578  	0,04974  	0,21172  	56868,15404  	0,00418  	0,19029  	1,74943  	1,74620  	2188557051,99348  	387,38568  	1,23276  	16784003,79716  	0,27385  	0,00390  	-Inf  	-Inf  	0,00405  	0,00402  	0,00396  	0,00806  	880,90725  	0,00400  	0,00425  
48,08131  	1327,82048  	1327,75450  	1327,82053  	26,38744  	0,04938  	0,21235  	85706,53851  	0,00532  	0,18958  	1,75467  	1,75143  	2180370505,44555  	384,62514  	1,57104  	25295332,54600  	0,27283  	0,00387  	-Inf  	-Inf  	0,00405  	0,00402  	0,00396  	0,00808  	1327,62170  	0,00400  	0,00425  
49,08158  	1327,82048  	1327,75450  	1327,82053  	26,38927  	0,05272  	0,21200  	85706,53851  	0,00476  	0,19000  	1,75174  	1,74851  	2185218440,27175  	410,64555  	1,40573  	25295332,54600  	0,27343  	0,00413  	-Inf  	-Inf  	0,00405  	0,00402  	0,00396  	0,00807  	1327,62170  	0,00401  	0,00425  
50,08123  	1327,82048  	195,20304  	195,22152  	26,39008  	0,05107  	0,21250  	85706,53851  	0,00546  	0,19015  	1,75593  	1,75270  	4077,86436  	111,32769  	1,61011  	25295332,54600  	0,27366  	37,72683  	NaN  	NaN  	0,00405  	0,00403  	0,00396  	0,00808  	1327,62170  	0,00400  	0,00425  
51,08233  	1327,82048  	889,18587  	889,23349  	26,39073  	0,05059  	0,21233  	12494,19502  	0,00412  	0,18982  	1,75451  	1,75127  	171299712,55467  	284,19269  	1,21642  	3687522,83515  	0,27317  	0,02200  	NaN  	NaN  	0,00405  	0,00402  	0,00396  	0,00808  	193,54251  	0,00400  	0,00425  
52,08341  	192,21677  	1327,75450  	1327,82053  	26,39141  	0,04682  	0,21235  	57485,56408  	0,00469  	0,18991  	1,75470  	1,75146  	278305989,43921  	0,01311  	1,38381  	16966225,50843  	3073,08936  	0,00367  	-Inf  	-Inf  	0,00405  	0,00402  	0,00396  	0,00808  	890,47110  	0,00399  	0,00425  
53,08635  	-244,98909  	1327,75450  	190,05005  	26,39295  	0,05339  	0,21153  	85706,53851  	0,00438  	0,18981  	1,74791  	1,74468  	12816364,86734  	2755,52169  	1,29200  	25295332,54600  	32,23519  	0,04639  	-Inf  	-Inf  	0,00405  	0,00402  	0,00396  	0,00806  	1327,62170  	0,00401  	0,00425  
54,08680  	-244,98909  	1327,75450  	-244,98909  	26,39439  	0,04537  	0,21198  	12116,92672  	0,00463  	0,18976  	1,75161  	1,74838  	1369041,52652  	3236,47681  	1,36632  	3576176,28940  	32,22560  	0,17917  	-Inf  	-Inf  	0,00405  	0,00402  	0,00396  	0,00807  	187,69852  	0,00399  	0,00425  
55,08783  	-244,98909  	182,97048  	-244,98909  	26,39589  	0,05130  	0,21191  	58081,23867  	0,00445  	0,18989  	1,75102  	1,74779  	249,94576  	995,82362  	1,31476  	17142032,24605  	32,24829  	62,04459  	-Inf  	-Inf  	0,00405  	0,00402  	0,00396  	0,00807  	899,69826  	0,00400  	0,00425  
56,08921  	903,33169  	-244,98909  	903,33173  	26,39654  	0,05063  	0,21232  	11584,17521  	0,00393  	0,19027  	1,75441  	1,75117  	135174,18654  	546800,20136  	1,16009  	3418940,60075  	1,52209  	2,15894  	NaN  	NaN  	0,00405  	0,00402  	0,00396  	0,00808  	179,44605  	0,00400  	0,00425  
57,09037  	1327,82048  	-244,98909  	1327,82053  	26,39767  	0,05281  	0,21255  	58466,33089  	0,00649  	0,19031  	1,75633  	1,75309  	6587324,20596  	9797722,97786  	1,91425  	17255687,93622  	0,27388  	0,20852  	NaN  	NaN  	0,00405  	0,00403  	0,00396  	0,00808  	905,66345  	0,00401  	0,00425  
58,09231  	1327,82048  	909,75895  	1327,82053  	26,39955  	0,04589  	0,21208  	85706,53851  	0,00334  	0,19037  	1,75243  	1,74920  	743572273,51896  	2263139,76319  	0,98539  	25295332,54600  	0,27395  	0,00744  	-Inf  	-Inf  	0,00405  	0,00402  	0,00396  	0,00807  	1327,62170  	0,00399  	0,00425  
59,09362  	1327,82048  	1327,75450  	1327,82053  	26,40021  	0,04547  	0,21188  	85706,53851  	0,00349  	0,19004  	1,75077  	1,74754  	2185681781,43426  	354,19065  	1,03044  	25295332,54600  	0,27348  	0,00356  	-Inf  	-Inf  	0,00405  	0,00402  	0,00396  	0,00807  	1327,62170  	0,00399  	0,00425  
60,09363  	166,82504  	166,80776  	1327,82053  	26,40084  	0,05051  	0,21193  	10766,04522  	0,00559  	0,18959  	1,75121  	1,74798  	5991885,77647  	247,00313  	1,65002  	3177478,62378  	3309,86268  	0,04696  	-Inf  	-Inf  	0,00405  	0,00403  	0,00396  	0,00807  	166,77299  	0,00400  	0,00425  
61,09354  	919,46170  	919,41284  	163,36971  	26,40210  	0,04782  	0,21203  	-15815,93170  	0,00409  	0,18958  	1,75200  	1,74877  	4501481,21313  	382795,30381  	1,20724  	-4667896,50935  	1,39921  	0,18884  	NaN  	NaN  	0,00405  	0,00402  	0,00396  	0,00807  	-244,98909  	0,00399  	0,00425  
62,09347  	160,64347  	1327,75450  	922,18796  	26,40281  	0,04253  	0,21198  	59523,57250  	0,00406  	0,18978  	1,75164  	1,74841  	79179850,23627  	72,58561  	1,19919  	17567721,05093  	3270,56991  	0,00673  	-Inf  	-Inf  	0,00405  	0,00402  	0,00396  	0,00807  	922,04041  	0,00398  	0,00425  
63,09543  	922,97930  	1327,75450  	159,85211  	26,40305  	0,04993  	0,21187  	85706,53851  	0,00666  	0,18981  	1,75072  	1,74749  	37143957,73009  	633437,36580  	1,96442  	25295332,54600  	1,37682  	0,04740  	NaN  	NaN  	0,00405  	0,00403  	0,00396  	0,00807  	1327,62170  	0,00400  	0,00425  
64,09522  	1327,82048  	157,93224  	-244,98909  	26,40380  	0,05087  	0,21192  	85706,53851  	0,00494  	0,18970  	1,75115  	1,74791  	1438,92182  	2417902,85695  	1,45809  	25295332,54600  	0,27299  	42,90430  	NaN  	NaN  	0,00404  	0,00402  	0,00396  	0,00807  	1327,62170  	0,00400  	0,00425  
65,09559  	1327,82048  	-244,98909  	928,25207  	26,40486  	0,04981  	0,21207  	85706,53851  	0,00472  	0,19009  	1,75239  	1,74916  	262974,31028  	6893652,82445  	1,39398  	25295332,54600  	0,27355  	1,76318  	Inf  	-Inf  	0,00405  	0,00402  	0,00396  	0,00807  	1327,62170  	0,00400  	0,00425  
66,09565  	1327,82048  	930,00582  	152,77629  	26,40491  	0,04963  	0,21199  	85706,53851  	0,00473  	0,18998  	1,75171  	1,74848  	6573802,83810  	4550269,19450  	1,39657  	25295332,54600  	0,27340  	0,19600  	NaN  	NaN  	0,00405  	0,00402  	0,00396  	0,00807  	1327,62170  	0,00400  	0,00425  
67,09684  	151,98805  	1327,75450  	-244,98909  	26,40542  	0,04854  	0,21180  	9808,33978  	0,00589  	0,19002  	1,75009  	1,74686  	634405,76391  	320,85395  	1,73707  	2894822,50422  	3170,34265  	0,19170  	NaN  	NaN  	0,00405  	0,00403  	0,00396  	0,00807  	151,93787  	0,00400  	0,00425  
68,09684  	932,18072  	1327,75450  	932,18076  	26,40573  	0,05204  	0,21168  	60168,59259  	0,00485  	0,19002  	1,74912  	1,74589  	550140370,32820  	238931,64568  	1,43056  	17758091,56387  	1,31762  	0,00808  	-Inf  	-Inf  	0,00405  	0,00402  	0,00396  	0,00806  	932,03194  	0,00401  	0,00425  
69,09665  	1327,82048  	1327,75450  	1327,82053  	26,40778  	0,04852  	0,21252  	85706,53851  	0,00189  	0,19001  	1,75605  	1,75282  	2185284632,65351  	377,97410  	0,55663  	25295332,54600  	0,27343  	0,00380  	-Inf  	-Inf  	0,00405  	0,00401  	0,00396  	0,00808  	1327,62170  	0,00400  	0,00425  
70,09777  	145,46034  	1327,75450  	145,46035  	26,40834  	0,04811  	0,21181  	85706,53851  	0,00380  	0,19047  	1,75022  	1,74699  	4645169,84823  	238,89750  	1,12250  	25295332,54600  	3075,80675  	0,04767  	-Inf  	-Inf  	0,00405  	0,00402  	0,00396  	0,00807  	1327,62170  	0,00399  	0,00425  
71,09843  	-244,98909  	1327,75450  	-244,98909  	26,40830  	0,04615  	0,21242  	9321,03192  	0,00353  	0,18996  	1,75523  	1,75199  	1370603,03223  	3291,34056  	1,04182  	2750999,00476  	32,26537  	0,18225  	-Inf  	-Inf  	0,00405  	0,00402  	0,00396  	0,00808  	144,38934  	0,00399  	0,00425  
72,10104  	940,42587  	142,38927  	940,42591  	26,40853  	0,04883  	0,21179  	60700,80433  	0,00254  	0,18974  	1,75004  	1,74681  	4612036,10787  	479658,56177  	0,75060  	17915167,94434  	1,26420  	0,19282  	-Inf  	-Inf  	0,00404  	0,00401  	0,00396  	0,00807  	940,27605  	0,00400  	0,00425  
73,10193  	1327,82048  	944,38843  	1327,82053  	26,41004  	0,04958  	0,21187  	85706,53851  	0,00343  	0,19054  	1,75066  	1,74743  	820259986,53567  	2242509,31146  	1,01362  	25295332,54600  	0,27420  	0,00752  	-Inf  	-Inf  	0,00405  	0,00402  	0,00396  	0,00807  	1327,62170  	0,00400  	0,00425  
74,10252  	1327,82048  	1327,75450  	1327,82053  	26,40991  	0,05070  	0,21188  	8738,43447  	0,00534  	0,18959  	1,75078  	1,74755  	2180511200,98412  	394,95036  	1,57504  	2579051,84017  	0,27283  	0,00397  	-Inf  	-Inf  	0,00405  	0,00402  	0,00396  	0,00807  	135,36475  	0,00400  	0,00425  
75,10443  	1327,82048  	1327,75450  	131,80699  	26,40900  	0,04960  	0,21197  	-15815,93170  	0,00470  	0,19022  	1,75153  	1,74830  	47720173,32651  	6997809,53437  	1,38749  	-4667896,50935  	0,27374  	0,05121  	NaN  	NaN  	0,00405  	0,00402  	0,00396  	0,00807  	-244,98909  	0,00400  	0,00425  
76,10427  	127,87389  	1327,75450  	954,95754  	26,40949  	0,04900  	0,21243  	61638,79892  	0,00310  	0,19014  	1,75529  	1,75206  	65708117,82236  	76,57865  	0,91593  	18192006,62455  	2753,15109  	0,00729  	-Inf  	-Inf  	0,00405  	0,00401  	0,00396  	0,00808  	954,80584  	0,00400  	0,00425  
77,10562  	-244,98909  	124,84623  	124,86176  	26,41020  	0,04928  	0,21211  	85706,53851  	0,00398  	0,18979  	1,75271  	1,74948  	224,24912  	0,03470  	1,17533  	25295332,54600  	32,23684  	523,87570  	-Inf  	-Inf  	0,00405  	0,00402  	0,00396  	0,00807  	1327,62170  	0,00400  	0,00425  
78,10680  	959,76293  	-244,98909  	-244,98909  	26,41143  	0,04973  	0,21188  	85706,53851  	0,00254  	0,18971  	1,75078  	1,74755  	280593,68220  	0,00000  	0,75034  	25295332,54600  	1,15275  	0,96218  	Inf  	-Inf  	0,00404  	0,00401  	0,00396  	0,00807  	1327,62170  	0,00400  	0,00425  
79,10653  	120,48095  	962,29979  	-244,98909  	26,41164  	0,05044  	0,21184  	85706,53851  	0,00471  	0,19007  	1,75044  	1,74721  	27039,67366  	255,10054  	1,39135  	25295332,54600  	2615,58946  	1,40269  	NaN  	NaN  	0,00405  	0,00402  	0,00396  	0,00807  	1327,62170  	0,00400  	0,00425  
80,10679  	964,88862  	117,92755  	964,88866  	26,41343  	0,04772  	0,21204  	85706,53851  	0,00468  	0,18997  	1,75213  	1,74889  	4741127,49851  	590244,26804  	1,38096  	25295332,54600  	1,12686  	0,18843  	-Inf  	-Inf  	0,00405  	0,00402  	0,00396  	0,00807  	1327,62170  	0,00399  	0,00425  
81,10608  	1327,82048  	966,41029  	1327,82053  	26,41422  	0,04577  	0,21155  	85706,53851  	0,00372  	0,18990  	1,74804  	1,74481  	868929055,87267  	1951417,89174  	1,09751  	25295332,54600  	0,27327  	0,00667  	-Inf  	-Inf  	0,00405  	0,00402  	0,00397  	0,00806  	1327,62170  	0,00399  	0,00425  
82,10674  	114,72585  	1327,75450  	1327,82053  	26,41514  	0,04532  	0,21187  	85706,53851  	0,00578  	0,18938  	1,75074  	1,74751  	147795706,33312  	0,01253  	1,70483  	25295332,54600  	2502,18246  	0,00355  	-Inf  	-Inf  	0,00405  	0,00403  	0,00396  	0,00807  	1327,62170  	0,00399  	0,00425  
83,10644  	969,77741  	113,03896  	113,05399  	26,41515  	0,05094  	0,21205  	7295,20475  	0,00521  	0,19009  	1,75220  	1,74897  	763,38405  	11,56430  	1,53702  	2153098,62268  	1,10216  	768,63778  	NaN  	NaN  	0,00405  	0,00402  	0,00396  	0,00807  	113,00873  	0,00400  	0,00425  
84,10675  	1327,82048  	-244,98909  	970,57840  	26,41556  	0,04916  	0,21218  	62647,10211  	0,00570  	0,19053  	1,75329  	1,75005  	407299,25188  	7049395,44050  	1,68269  	18489596,10857  	0,27417  	1,29201  	Inf  	-Inf  	0,00405  	0,00403  	0,00396  	0,00807  	970,42473  	0,00400  	0,00425  
85,10612  	111,51022  	-244,98909  	111,51023  	26,41620  	0,05050  	0,21209  	7195,55765  	0,00695  	0,19090  	1,75248  	1,74925  	171,79285  	75,36997  	2,05224  	2123688,88917  	2464,99991  	22,85656  	NaN  	NaN  	0,00405  	0,00403  	0,00396  	0,00807  	111,46517  	0,00400  	0,00425  
86,10611  	973,23829  	973,18718  	-244,98909  	26,41609  	0,04759  	0,21137  	-15815,93170  	0,00524  	0,19004  	1,74653  	1,74330  	303303,49015  	896587,03044  	1,54797  	-4667896,50935  	1,08429  	1,22897  	NaN  	NaN  	0,00405  	0,00402  	0,00396  	0,00806  	-244,98909  	0,00399  	0,00425  
87,10670  	1327,82048  	108,42230  	974,39430  	26,41553  	0,05016  	0,21191  	-15815,93170  	0,00504  	0,18915  	1,75107  	1,74784  	6546436,84040  	5124226,43666  	1,48667  	-4667896,50935  	0,27220  	0,19806  	NaN  	NaN  	0,00405  	0,00402  	0,00397  	0,00807  	-244,98909  	0,00400  	0,00425  
88,10605  	106,76148  	976,01868  	1327,82053  	26,41649  	0,04552  	0,21153  	-15815,93170  	0,00508  	0,18892  	1,74791  	1,74468  	54798863,23504  	67,02508  	1,49846  	-4667896,50935  	2357,16115  	0,00651  	-Inf  	-Inf  	0,00405  	0,00402  	0,00397  	0,00806  	-244,98909  	0,00399  	0,00425  
