01/15/2025 10:54:31Time	T_hot_in(C)	T_cold_in(C)	T_cold_out(C)	T_hot_out(C)	mdot_cold(kg/s)	ASFASIFUAS(kg/s)	Diferencial_cold(bar)	Diferencial_hot(bar)	mdot_hot(kg/s)	ABS_cold(bar)	ABS_hot(bar)	q_cold(kW)	q_hot(kW)	ASFASYFY	Tau_cold_haste	Re_hot	Re_cold	U_global	PSIG_cold(bar)	R_fouling	PSIG_hot(bar)	PSID_hot(bar)	m_dot_hot	PSID_cold(bar)	m_dot_cold
2,03105  	0,00000  	0,00000  	0,00000  	0,00000  	-1,18512  	-0,20833  	-0,25900  	-0,86180  	-3,02442  	-1,72343  	-1,72415  	-0,00000  	-0,00000  	-254,35069  	-76,44127  	-9234,48090  	-3618,55272  	NaN  	NaN  	0,00000  	0,00000  	0,00000  	0,00000  	0,00000  	0,00000  	0,00000  
3,03160  	1327,82048  	1327,75450  	-244,98909  	25,40729  	0,04459  	0,10135  	-15815,93170  	0,05970  	0,12419  	0,83691  	0,83434  	4300074,09520  	8232819,52730  	17,61847  	-4667896,50935  	0,17931  	0,17611  	NaN  	NaN  	0,00376  	0,00428  	0,00397  	0,00595  	-244,98909  	0,00398  	0,00416  
4,03414  	199,44744  	199,42880  	-244,98909  	25,40707  	0,05011  	0,13130  	57018,83494  	0,07668  	0,13234  	1,08454  	1,08179  	104,05295  	94,73568  	22,63191  	16828475,58985  	2023,37734  	77,36734  	NaN  	NaN  	0,00376  	0,00436  	0,00396  	0,00652  	883,24134  	0,00400  	0,00418  
5,03474  	-244,98909  	773,44487  	773,48763  	25,40831  	0,04445  	0,13356  	85706,53851  	0,07796  	0,14329  	1,10325  	1,10048  	10908455,82814  	0,08766  	23,00976  	25295332,54600  	24,08566  	0,03552  	-Inf  	-Inf  	0,00376  	0,00436  	0,00396  	0,00656  	1327,62170  	0,00398  	0,00419  
6,03542  	-244,98909  	1327,75450  	305,63546  	25,40923  	0,05172  	0,13377  	85706,53851  	0,07791  	0,14449  	1,10497  	1,10221  	15652457,04867  	2438,20352  	22,99432  	25295332,54600  	24,28898  	0,03257  	-Inf  	-Inf  	0,00376  	0,00436  	0,00397  	0,00657  	1327,62170  	0,00401  	0,00419  
7,03664  	781,22119  	301,58727  	-244,98909  	25,40862  	0,04242  	0,13379  	85706,53851  	0,07775  	0,14465  	1,10518  	1,10241  	457,32772  	81002,12709  	22,94607  	25295332,54600  	2,27132  	272,39803  	NaN  	NaN  	0,00376  	0,00436  	0,00397  	0,00657  	1327,62170  	0,00398  	0,00419  
8,03721  	1327,82048  	-244,98909  	-244,98909  	25,40772  	0,05272  	0,13393  	85706,53851  	0,07803  	0,14528  	1,10629  	1,10353  	299837,01685  	0,00000  	23,02951  	25295332,54600  	0,20975  	1,02017  	Inf  	-Inf  	0,00376  	0,00436  	0,00397  	0,00657  	1327,62170  	0,00401  	0,00419  
9,04015  	297,41325  	785,37491  	785,41817  	25,40859  	0,04788  	0,13366  	19195,31602  	0,07660  	0,14474  	1,10412  	1,10136  	12243143,72292  	0,01306  	22,60716  	5665284,24245  	345,38592  	0,03578  	-Inf  	-Inf  	0,00376  	0,00436  	0,00397  	0,00657  	297,34470  	0,00399  	0,00419  
10,04164  	-244,98909  	294,85640  	1327,82053  	25,40970  	0,04352  	0,13341  	50858,86952  	0,07816  	0,14347  	1,10204  	1,09928  	14893309,66554  	2073,39234  	23,06885  	15010430,24046  	24,11663  	0,02821  	-Inf  	-Inf  	0,00376  	0,00436  	0,00396  	0,00656  	787,82179  	0,00398  	0,00419  
11,04494  	-244,98909  	792,63923  	290,14865  	25,40997  	0,04189  	0,13340  	85706,53851  	0,07788  	0,14437  	1,10192  	1,09916  	1037999,69709  	970,77274  	22,98529  	25295332,54600  	24,26922  	0,16541  	-Inf  	-Inf  	0,00376  	0,00436  	0,00396  	0,00656  	1327,62170  	0,00397  	0,00419  
12,04575  	798,42201  	284,38717  	798,42205  	25,41050  	0,04909  	0,13372  	85706,53851  	0,07795  	0,14429  	1,10460  	1,10184  	2966092,72676  	102278,45393  	23,00740  	25295332,54600  	2,04735  	0,19384  	-Inf  	-Inf  	0,00376  	0,00436  	0,00396  	0,00657  	1327,62170  	0,00400  	0,00419  
13,04801  	1327,82048  	-244,98909  	1327,82053  	25,41076  	0,04539  	0,13359  	18092,45174  	0,07820  	0,14479  	1,10349  	1,10072  	5015241,84999  	8381266,28512  	23,08083  	5339786,10387  	0,20904  	0,17923  	NaN  	NaN  	0,00376  	0,00436  	0,00396  	0,00656  	280,26103  	0,00399  	0,00419  
14,04787  	1327,82048  	806,64584  	1327,82053  	25,41129  	0,04919  	0,13351  	52068,35477  	0,07699  	0,14452  	1,10280  	1,10004  	418810172,47479  	3009753,17289  	22,72303  	15367396,37197  	0,20865  	0,00975  	-Inf  	-Inf  	0,00376  	0,00436  	0,00397  	0,00656  	806,55705  	0,00400  	0,00419  
15,04955  	1327,82048  	1327,75450  	272,36595  	25,41102  	0,04873  	0,13379  	85706,53851  	0,07805  	0,14406  	1,10516  	1,10239  	65786852,38451  	6036984,97387  	23,03684  	25295332,54600  	0,20799  	0,03358  	NaN  	NaN  	0,00376  	0,00436  	0,00397  	0,00657  	1327,62170  	0,00400  	0,00419  
16,05074  	1327,82048  	269,62417  	813,18566  	25,41055  	0,04872  	0,13314  	85706,53851  	0,07830  	0,14553  	1,09975  	1,09699  	5040264,80089  	3109044,98809  	23,10966  	25295332,54600  	0,21011  	0,19239  	NaN  	NaN  	0,00376  	0,00436  	0,00397  	0,00656  	1327,62170  	0,00400  	0,00419  
17,05289  	266,60611  	816,18076  	1327,82053  	25,41023  	0,04722  	0,13334  	85706,53851  	0,07856  	0,14506  	1,10145  	1,09869  	80087507,19817  	120,17374  	23,18738  	25295332,54600  	648,73467  	0,00918  	-Inf  	-Inf  	0,00376  	0,00436  	0,00397  	0,00656  	1327,62170  	0,00399  	0,00419  
18,05241  	-244,98909  	1327,75450  	1327,82053  	25,40853  	0,04425  	0,13328  	16978,33791  	0,07757  	0,14462  	1,10098  	1,09822  	345587871,58157  	0,13477  	22,89379  	5010967,78447  	24,31016  	0,00347  	-Inf  	-Inf  	0,00376  	0,00436  	0,00396  	0,00656  	263,00310  	0,00398  	0,00419  
19,05472  	823,88010  	1327,75450  	258,95131  	25,40852  	0,04657  	0,13352  	-15815,93170  	0,07871  	0,14420  	1,10291  	1,10014  	38226169,25957  	249758,02876  	23,22993  	-4667896,50935  	1,76913  	0,03330  	NaN  	NaN  	0,00376  	0,00437  	0,00396  	0,00656  	-244,98909  	0,00399  	0,00419  
20,05537  	256,55019  	1327,75450  	826,28124  	25,41027  	0,04680  	0,13375  	-15815,93170  	0,07818  	0,14504  	1,10480  	1,10204  	79048592,63124  	111,26138  	23,07515  	-4667896,50935  	802,56505  	0,00892  	-Inf  	-Inf  	0,00376  	0,00436  	0,00396  	0,00657  	-244,98909  	0,00399  	0,00419  
21,05809  	-244,98909  	253,20334  	1327,82053  	25,41124  	0,04520  	0,13349  	-15815,93170  	0,07946  	0,14544  	1,10269  	1,09993  	12756583,53783  	2240,08740  	23,45136  	-4667896,50935  	24,44890  	0,03283  	-Inf  	-Inf  	0,00376  	0,00437  	0,00396  	0,00656  	-244,98909  	0,00398  	0,00419  
22,05944  	-244,98909  	833,56240  	1327,82053  	25,41064  	0,04704  	0,13363  	53805,85021  	0,07820  	0,14540  	1,10380  	1,10104  	94726389,09026  	1072,28565  	23,07941  	15880198,84563  	24,44110  	0,00884  	-Inf  	-Inf  	0,00376  	0,00436  	0,00397  	0,00657  	833,47133  	0,00399  	0,00419  
23,06248  	-244,98909  	1327,75450  	1327,82053  	25,41094  	0,05005  	0,13332  	15831,38001  	0,07871  	0,14521  	1,10131  	1,09855  	347008139,60139  	0,15242  	23,22951  	4672455,90659  	24,41046  	0,00392  	-Inf  	-Inf  	0,00376  	0,00437  	0,00397  	0,00656  	245,23641  	0,00400  	0,00419  
24,06596  	-244,98909  	1327,75450  	1327,82053  	25,41036  	0,04549  	0,13346  	-15815,93170  	0,07870  	0,14576  	1,10246  	1,09969  	348309041,23128  	0,13856  	23,22807  	-4667896,50935  	24,50188  	0,00357  	-Inf  	-Inf  	0,00376  	0,00437  	0,00397  	0,00656  	-244,98909  	0,00399  	0,00419  
25,06779  	846,38654  	236,42465  	1327,82053  	25,40965  	0,04932  	0,13334  	-15815,93170  	0,07826  	0,14563  	1,10141  	1,09864  	36186851,16700  	324173,35123  	23,09852  	-4667896,50935  	1,57787  	0,03754  	-Inf  	-Inf  	0,00376  	0,00436  	0,00397  	0,00656  	-244,98909  	0,00400  	0,00419  
26,07086  	229,73852  	853,04680  	1327,82053  	25,40928  	0,05089  	0,13351  	-15815,93170  	0,08067  	0,14576  	1,10282  	1,10006  	75966256,84034  	106,10538  	23,80795  	-4667896,50935  	1399,77943  	0,00920  	-Inf  	-Inf  	0,00376  	0,00437  	0,00396  	0,00656  	-244,98909  	0,00400  	0,00419  
27,07133  	858,33447  	1327,75450  	1327,82053  	25,40930  	0,04749  	0,13352  	-15815,93170  	0,07827  	0,14508  	1,10289  	1,10013  	1067946864,76028  	20,76064  	23,10026  	-4667896,50935  	1,47379  	0,00372  	-Inf  	-Inf  	0,00376  	0,00436  	0,00396  	0,00656  	-244,98909  	0,00399  	0,00419  
28,07155  	1327,82048  	1327,75450  	1327,82053  	25,40990  	0,05063  	0,13351  	55662,52331  	0,07948  	0,14541  	1,10288  	1,10011  	1673657852,11825  	392,49587  	23,45722  	16428175,28271  	0,20994  	0,00397  	-Inf  	-Inf  	0,00376  	0,00437  	0,00396  	0,00656  	862,23170  	0,00400  	0,00419  
29,07436  	1327,82048  	1327,75450  	1327,82053  	25,41058  	0,04989  	0,13364  	13907,37707  	0,08052  	0,14688  	1,10392  	1,10116  	1690595385,37686  	386,71854  	23,76379  	4104607,81484  	0,21207  	0,00391  	-Inf  	-Inf  	0,00376  	0,00437  	0,00396  	0,00657  	215,43308  	0,00400  	0,00419  
30,07734  	1327,82048  	1327,75450  	1327,82053  	25,41043  	0,04581  	0,13380  	56045,09737  	0,07913  	0,14624  	1,10528  	1,10251  	1683199832,76215  	355,12372  	23,35552  	16541087,76604  	0,21114  	0,00359  	-Inf  	-Inf  	0,00376  	0,00437  	0,00397  	0,00657  	868,15788  	0,00399  	0,00419  
31,08075  	1327,82048  	210,36120  	210,38032  	25,41096  	0,04862  	0,13369  	85706,53851  	0,07931  	0,14566  	1,10435  	1,10158  	5260,90915  	109,12172  	23,40846  	25295332,54600  	0,21030  	23,11278  	NaN  	NaN  	0,00376  	0,00437  	0,00397  	0,00657  	1327,62170  	0,00400  	0,00419  
32,08148  	1327,82048  	880,10095  	-244,98909  	25,41247  	0,04555  	0,13362  	85706,53851  	0,07944  	0,14554  	1,10375  	1,10099  	117861,27012  	6016787,83518  	23,44438  	25295332,54600  	0,21012  	2,32964  	NaN  	NaN  	0,00376  	0,00437  	0,00396  	0,00657  	1327,62170  	0,00399  	0,00419  
33,08330  	197,33413  	1327,75450  	885,49730  	25,41387  	0,04574  	0,13356  	12735,36064  	0,07905  	0,14576  	1,10323  	1,10047  	70179976,27366  	85,96693  	23,33028  	3758700,18881  	2275,60255  	0,00777  	-Inf  	-Inf  	0,00376  	0,00437  	0,00396  	0,00656  	197,27823  	0,00399  	0,00419  
34,08531  	-244,98909  	194,23713  	1327,82053  	25,41661  	0,04416  	0,13375  	57353,96354  	0,07912  	0,14553  	1,10484  	1,10208  	9971040,29395  	2308,83815  	23,35208  	16927385,07393  	24,46545  	0,03790  	-Inf  	-Inf  	0,00376  	0,00437  	0,00396  	0,00657  	888,43257  	0,00398  	0,00419  
35,08777  	893,90952  	-244,98909  	188,92188  	25,41959  	0,04896  	0,13332  	85706,53851  	0,07905  	0,14656  	1,10126  	1,09850  	599,32016  	184880,70993  	23,33086  	25295332,54600  	1,23605  	64,64439  	Inf  	-Inf  	0,00376  	0,00437  	0,00397  	0,00656  	1327,62170  	0,00400  	0,00419  
36,08830  	1327,82048  	898,59594  	898,64396  	25,42175  	0,04924  	0,13324  	85706,53851  	0,07967  	0,14613  	1,10064  	1,09788  	141204733,57786  	277,59060  	23,51401  	25295332,54600  	0,21097  	0,02046  	NaN  	NaN  	0,00376  	0,00437  	0,00397  	0,00656  	1327,62170  	0,00400  	0,00419  
37,09009  	181,21590  	1327,75450  	1327,82053  	25,42250  	0,04900  	0,13366  	11694,95351  	0,07896  	0,14549  	1,10410  	1,10134  	200315556,21920  	0,01367  	23,30335  	3451635,58479  	2512,82858  	0,00384  	-Inf  	-Inf  	0,00376  	0,00437  	0,00396  	0,00657  	181,16204  	0,00400  	0,00419  
38,09054  	904,97499  	1327,75450  	1327,82053  	25,42304  	0,04533  	0,13370  	-15815,93170  	0,07853  	0,14538  	1,10441  	1,10164  	1130000093,34243  	28,29231  	23,17813  	-4667896,50935  	1,15906  	0,00355  	-Inf  	-Inf  	0,00376  	0,00436  	0,00396  	0,00657  	-244,98909  	0,00399  	0,00419  
39,09214  	173,12739  	173,10985  	173,12740  	25,42564  	0,04316  	0,13332  	58717,75470  	0,07948  	0,14638  	1,10123  	1,09847  	179,62922  	0,00319  	23,45729  	17329892,88108  	2562,50421  	66,39406  	-Inf  	-Inf  	0,00376  	0,00437  	0,00397  	0,00656  	909,55807  	0,00398  	0,00419  
40,09362  	911,57182  	911,52330  	911,57186  	25,42884  	0,04857  	0,13369  	85706,53851  	0,07971  	0,14627  	1,10437  	1,10160  	105409271,51228  	23,40316  	23,52560  	25295332,54600  	1,12821  	0,01897  	-Inf  	-Inf  	0,00376  	0,00437  	0,00396  	0,00657  	1327,62170  	0,00400  	0,00419  
41,09358  	169,48658  	1327,75450  	1327,82053  	25,43258  	0,04517  	0,13380  	10937,84364  	0,07997  	0,14677  	1,10525  	1,10249  	186848559,91968  	0,01257  	23,60117  	3228183,01812  	2566,96397  	0,00354  	-Inf  	-Inf  	0,00376  	0,00437  	0,00396  	0,00657  	169,43420  	0,00398  	0,00419  
42,09654  	-244,98909  	1327,75450  	165,73262  	25,43373  	0,05184  	0,13347  	59195,07626  	0,07939  	0,14585  	1,10248  	1,09972  	8833101,26491  	2777,21002  	23,43147  	17470769,03444  	24,52376  	0,04836  	-Inf  	-Inf  	0,00376  	0,00437  	0,00397  	0,00656  	916,95191  	0,00401  	0,00419  
43,09985  	-244,98909  	162,48021  	920,33413  	25,43541  	0,04857  	0,13361  	85706,53851  	0,07910  	0,14607  	1,10370  	1,10093  	1050460,01164  	1697,01871  	23,34606  	25295332,54600  	24,56068  	0,19179  	-Inf  	-Inf  	0,00376  	0,00437  	0,00397  	0,00657  	1327,62170  	0,00400  	0,00419  
44,10317  	925,29158  	925,24248  	1327,82053  	25,43680  	0,04619  	0,13346  	85706,53851  	0,07920  	0,14546  	1,10245  	1,09968  	410389731,93803  	203939,73195  	23,37480  	25295332,54600  	1,04815  	0,00727  	-Inf  	-Inf  	0,00376  	0,00437  	0,00396  	0,00656  	1327,62170  	0,00399  	0,00419  
45,10350  	151,74718  	1327,75450  	151,74719  	25,44003  	0,04290  	0,13336  	85706,53851  	0,07955  	0,14547  	1,10163  	1,09886  	3869941,49024  	212,03627  	23,47908  	25295332,54600  	2413,56738  	0,04172  	-Inf  	-Inf  	0,00376  	0,00437  	0,00397  	0,00656  	1327,62170  	0,00398  	0,00419  
46,10615  	-244,98909  	1327,75450  	934,85353  	25,44339  	0,04403  	0,13337  	85706,53851  	0,07925  	0,14534  	1,10172  	1,09896  	126579248,37123  	797,42414  	23,39017  	25295332,54600  	24,44049  	0,00680  	-Inf  	-Inf  	0,00376  	0,00437  	0,00396  	0,00656  	1327,62170  	0,00398  	0,00419  
47,10778  	-244,98909  	143,48611  	1327,82053  	25,44548  	0,03741  	0,13357  	85706,53851  	0,07869  	0,14584  	1,10334  	1,10057  	8010905,44021  	2042,20007  	23,22549  	25295332,54600  	24,52369  	0,03728  	-Inf  	-Inf  	0,00376  	0,00437  	0,00397  	0,00656  	1327,62170  	0,00396  	0,00419  
48,10968  	943,48142  	943,43156  	139,34999  	25,44555  	0,05143  	0,13321  	8992,57139  	0,07946  	0,14566  	1,10038  	1,09762  	3555314,11692  	516543,33168  	23,45277  	2654057,52872  	0,96076  	0,20308  	NaN  	NaN  	0,00376  	0,00437  	0,00397  	0,00656  	139,30140  	0,00400  	0,00419  
49,11256  	133,86514  	1327,75450  	-244,98909  	25,44627  	0,04515  	0,13321  	-15815,93170  	0,07850  	0,14601  	1,10038  	1,09762  	420850,93861  	297,80227  	23,16787  	-4667896,50935  	2185,84348  	0,17831  	NaN  	NaN  	0,00376  	0,00436  	0,00397  	0,00656  	-244,98909  	0,00398  	0,00419  
50,11462  	-244,98909  	128,18834  	-244,98909  	25,44786  	0,04822  	0,13332  	61617,49100  	0,07761  	0,14576  	1,10124  	1,09848  	325,55494  	829,47226  	22,90506  	18185717,82902  	24,51189  	27,09530  	-Inf  	-Inf  	0,00376  	0,00436  	0,00396  	0,00656  	954,47578  	0,00399  	0,00419  
51,11599  	959,04109  	958,99057  	-244,98909  	25,44996  	0,04462  	0,13318  	85706,53851  	0,07833  	0,14485  	1,10014  	1,09738  	197794,24751  	748360,53480  	23,11820  	25295332,54600  	0,88718  	1,26944  	NaN  	NaN  	0,00376  	0,00436  	0,00396  	0,00656  	1327,62170  	0,00398  	0,00419  
52,11728  	1327,82048  	119,80963  	963,00649  	25,45012  	0,04673  	0,13377  	85706,53851  	0,07778  	0,14553  	1,10503  	1,10226  	5040511,22237  	4626098,18876  	22,95602  	25295332,54600  	0,21009  	0,18450  	NaN  	NaN  	0,00376  	0,00436  	0,00397  	0,00657  	1327,62170  	0,00399  	0,00419  
53,12016  	1327,82048  	-244,98909  	114,89641  	25,44916  	0,04752  	0,13354  	85706,53851  	0,07717  	0,14476  	1,10305  	1,10029  	1891,76997  	2008182,43666  	22,77495  	25295332,54600  	0,20898  	22,46037  	Inf  	-Inf  	0,00376  	0,00436  	0,00396  	0,00656  	1327,62170  	0,00399  	0,00419  
54,12186  	1327,82048  	970,61260  	-244,98909  	25,45061  	0,04942  	0,13356  	7238,00252  	0,07867  	0,14577  	1,10326  	1,10049  	311957,53648  	7054123,69928  	23,22003  	2136216,02030  	0,21043  	1,29862  	NaN  	NaN  	0,00376  	0,00436  	0,00396  	0,00656  	112,12265  	0,00400  	0,00419  
55,12494  	1327,82048  	108,20383  	974,61279  	25,45136  	0,04697  	0,13332  	62907,51548  	0,08001  	0,14572  	1,10130  	1,09853  	5047062,56144  	4777981,25260  	23,61523  	18566454,22204  	0,21036  	0,18545  	NaN  	NaN  	0,00376  	0,00437  	0,00396  	0,00656  	974,45861  	0,00399  	0,00419  
56,12542  	1327,82048  	-244,98909  	102,50305  	25,45302  	0,04499  	0,13372  	85706,53851  	0,07960  	0,14652  	1,10455  	1,10178  	2331,49750  	1835523,93726  	23,49300  	25295332,54600  	0,21151  	18,17966  	Inf  	-Inf  	0,00376  	0,00437  	0,00396  	0,00657  	1327,62170  	0,00398  	0,00419  
57,12811  	1327,82048  	985,82641  	985,87809  	25,45335  	0,04664  	0,13351  	85706,53851  	0,08018  	0,14752  	1,10286  	1,10009  	257981896,78160  	283,01049  	23,66337  	25295332,54600  	0,21295  	0,01299  	NaN  	NaN  	0,00376  	0,00437  	0,00397  	0,00656  	1327,62170  	0,00399  	0,00420  
58,13060  	92,87138  	1327,75450  	1327,82053  	25,45431  	0,05299  	0,13343  	85706,53851  	0,08020  	0,14722  	1,10221  	1,09945  	87712779,94808  	0,01464  	23,67031  	25295332,54600  	1646,01936  	0,00415  	-Inf  	-Inf  	0,00376  	0,00437  	0,00397  	0,00656  	1327,62170  	0,00401  	0,00419  
59,13246  	-244,98909  	1327,75450  	1327,82053  	25,45694  	0,04512  	0,13317  	5750,49233  	0,07929  	0,14675  	1,10004  	1,09728  	350739659,63379  	0,13730  	23,40119  	1697193,91548  	24,68054  	0,00354  	-Inf  	-Inf  	0,00376  	0,00437  	0,00396  	0,00656  	89,08071  	0,00398  	0,00419  
60,13598  	-244,98909  	1327,75450  	85,88113  	25,45770  	0,04716  	0,13349  	64349,36880  	0,08057  	0,14726  	1,10271  	1,09994  	6227813,18491  	2699,22214  	23,77994  	18992001,20933  	24,76608  	0,05609  	-Inf  	-Inf  	0,00376  	0,00437  	0,00396  	0,00656  	996,79331  	0,00399  	0,00419  
61,13640  	1002,77945  	80,03831  	1002,77949  	25,45686  	0,03931  	0,13390  	5164,97377  	0,08110  	0,14684  	1,10610  	1,10334  	3816503,23324  	679654,65624  	23,93675  	1524384,61999  	0,73541  	0,15523  	-Inf  	-Inf  	0,00376  	0,00438  	0,00397  	0,00657  	80,01087  	0,00397  	0,00419  
62,13953  	1327,82048  	1007,74138  	75,03747  	25,45738  	0,05181  	0,13339  	-15815,93170  	0,08029  	0,14693  	1,10185  	1,09909  	5087646,49983  	5674282,81222  	23,69598  	-4667896,50935  	0,21210  	0,20461  	NaN  	NaN  	0,00376  	0,00437  	0,00397  	0,00656  	-244,98909  	0,00401  	0,00419  
63,14203  	1327,82048  	1327,75450  	1011,68894  	25,45694  	0,04442  	0,13336  	65300,72464  	0,07989  	0,14682  	1,10164  	1,09888  	760572325,61719  	1648588,38504  	23,57813  	19272783,31272  	0,21194  	0,00596  	NaN  	NaN  	0,00376  	0,00437  	0,00397  	0,00656  	1011,53007  	0,00398  	0,00419  
64,14323  	1327,82048  	1327,75450  	66,43662  	25,45818  	0,04372  	0,13324  	85706,53851  	0,08051  	0,14640  	1,10064  	1,09788  	27226971,86954  	6474699,28912  	23,76112  	25295332,54600  	0,21133  	0,05528  	NaN  	NaN  	0,00376  	0,00437  	0,00396  	0,00656  	1327,62170  	0,00398  	0,00419  
65,14358  	60,96588  	1327,75450  	1021,86555  	25,45877  	0,04703  	0,13357  	85706,53851  	0,07950  	0,14632  	1,10338  	1,10061  	21239776,44570  	60,16031  	23,46239  	25295332,54600  	1263,75225  	0,00619  	-Inf  	-Inf  	0,00376  	0,00437  	0,00396  	0,00656  	1327,62170  	0,00399  	0,00419  
66,14325  	1025,19998  	57,61872  	1327,82053  	25,45858  	0,04650  	0,13336  	3717,76237  	0,08050  	0,14783  	1,10159  	1,09882  	20250313,58347  	1281074,09087  	23,75905  	1097256,25395  	0,67032  	0,06047  	-Inf  	-Inf  	0,00376  	0,00437  	0,00396  	0,00656  	57,59317  	0,00399  	0,00420  
67,14571  	1327,82048  	-244,98909  	54,86310  	25,45839  	0,04813  	0,13366  	66351,53520  	0,07959  	0,14738  	1,10410  	1,10134  	5327,15474  	1694534,66495  	23,48893  	19582918,37358  	0,21275  	11,10153  	Inf  	-Inf  	0,00376  	0,00437  	0,00396  	0,00657  	1027,80741  	0,00399  	0,00419  
68,14661  	52,05181  	-244,98909  	1030,77963  	25,45926  	0,04696  	0,13393  	85706,53851  	0,07973  	0,14691  	1,10630  	1,10354  	11340,48881  	250,58271  	23,53084  	25295332,54600  	1169,37600  	0,83669  	NaN  	NaN  	0,00376  	0,00437  	0,00396  	0,00657  	1327,62170  	0,00399  	0,00419  
69,14829  	1034,68598  	-244,98909  	1327,82053  	25,46049  	0,04698  	0,13329  	85706,53851  	0,07964  	0,14689  	1,10102  	1,09826  	3942853,90358  	1703282,34682  	23,50571  	25295332,54600  	0,63912  	0,18550  	NaN  	NaN  	0,00376  	0,00437  	0,00397  	0,00656  	1327,62170  	0,00399  	0,00419  
70,15110  	45,11947  	1037,65811  	1327,82053  	25,46175  	0,04440  	0,13328  	2910,13544  	0,08066  	0,14684  	1,10095  	1,09819  	12313058,64194  	53,88086  	23,80616  	858894,14175  	1092,61549  	0,00568  	-Inf  	-Inf  	0,00376  	0,00437  	0,00396  	0,00656  	45,08280  	0,00398  	0,00419  
71,15197  	1040,16892  	1327,75450  	1327,82053  	25,46147  	0,04842  	0,13362  	67139,06694  	0,07985  	0,14640  	1,10376  	1,10100  	1312858609,97605  	76,31380  	23,56740  	19815349,61863  	0,62208  	0,00379  	-Inf  	-Inf  	0,00376  	0,00437  	0,00396  	0,00657  	1040,00650  	0,00400  	0,00419  
72,15299  	1327,82048  	1327,75450  	39,72206  	25,46213  	0,04664  	0,13348  	85706,53851  	0,07974  	0,14603  	1,10262  	1,09986  	23918453,29181  	7053308,84235  	23,53348  	25295332,54600  	0,21081  	0,06427  	NaN  	NaN  	0,00376  	0,00437  	0,00396  	0,00656  	1327,62170  	0,00399  	0,00419  
73,15298  	1327,82048  	33,77265  	-244,98909  	25,46360  	0,04622  	0,13353  	85706,53851  	0,07989  	0,14674  	1,10304  	1,10027  	7644,45229  	1512788,71630  	23,57833  	25295332,54600  	0,21183  	8,48058  	NaN  	NaN  	0,00376  	0,00437  	0,00396  	0,00656  	1327,62170  	0,00399  	0,00419  
74,15266  	1327,82048  	-244,98909  	1052,78340  	25,46427  	0,04622  	0,13388  	85706,53851  	0,07927  	0,14663  	1,10593  	1,10317  	673939,49551  	7043781,71612  	23,39496  	25295332,54600  	0,21167  	0,72078  	Inf  	-Inf  	0,00376  	0,00437  	0,00397  	0,00657  	1327,62170  	0,00399  	0,00419  
75,15398  	29,41866  	1053,35826  	29,41867  	25,46227  	0,04965  	0,13365  	85706,53851  	0,08081  	0,14711  	1,10398  	1,10121  	15474,04984  	212,66269  	23,84892  	25295332,54600  	926,58640  	0,19608  	-Inf  	-Inf  	0,00376  	0,00437  	0,00397  	0,00657  	1327,62170  	0,00400  	0,00419  
76,15474  	1054,09687  	1327,75450  	-244,98909  	25,46235  	0,05070  	0,13370  	85706,53851  	0,07979  	0,14651  	1,10441  	1,10164  	4006533,49181  	2078031,31147  	23,54906  	25295332,54600  	0,58654  	0,20025  	NaN  	NaN  	0,00376  	0,00437  	0,00396  	0,00657  	1327,62170  	0,00400  	0,00419  
77,15666  	27,19173  	1327,75450  	1055,63971  	25,46337  	0,04218  	0,13377  	85706,53851  	0,08001  	0,14691  	1,10496  	1,10220  	1136009,99733  	48,01187  	23,61476  	25295332,54600  	902,29347  	0,00522  	-Inf  	-Inf  	0,00376  	0,00437  	0,00397  	0,00657  	1327,62170  	0,00397  	0,00419  
78,15639  	-244,98909  	1327,75450  	1327,82053  	25,46343  	0,04777  	0,13315  	1483,04295  	0,07997  	0,14756  	1,09983  	1,09707  	352682526,72627  	0,14537  	23,60254  	437703,64731  	24,81834  	0,00374  	-Inf  	-Inf  	0,00376  	0,00437  	0,00397  	0,00656  	22,97675  	0,00399  	0,00420  
79,16035  	-244,98909  	1327,75450  	1327,82053  	25,46170  	0,04578  	0,13356  	68613,77989  	0,07956  	0,14655  	1,10328  	1,10052  	350270148,63022  	0,13931  	23,48213  	20250594,76017  	24,64829  	0,00359  	-Inf  	-Inf  	0,00376  	0,00437  	0,00397  	0,00656  	1062,85020  	0,00399  	0,00419  
80,16206  	-244,98909  	16,29738  	16,30836  	25,46162  	0,04112  	0,13321  	1050,42118  	0,07912  	0,14627  	1,10034  	1,09758  	165,50174  	0,02079  	23,35015  	310020,13883  	24,60114  	197,65385  	NaN  	NaN  	0,00376  	0,00437  	0,00397  	0,00656  	16,27532  	0,00397  	0,00419  
81,16252  	-244,98909  	1070,28799  	1070,34321  	25,46352  	0,04609  	0,13338  	-15815,93170  	0,07985  	0,14737  	1,10173  	1,09897  	90322716,53032  	0,11728  	23,56790  	-4667896,50935  	24,78570  	0,00902  	-Inf  	-Inf  	0,00376  	0,00437  	0,00396  	0,00656  	-244,98909  	0,00399  	0,00419  
82,16436  	1074,42513  	8,39563  	1327,82053  	25,46546  	0,05105  	0,13365  	-15815,93170  	0,07939  	0,14721  	1,10400  	1,10123  	16678499,83880  	1990629,80557  	23,43129  	-4667896,50935  	0,54113  	0,07798  	NaN  	NaN  	0,00376  	0,00437  	0,00396  	0,00657  	-244,98909  	0,00400  	0,00419  
83,16754  	4,02603  	1078,74983  	1327,82053  	25,46537  	0,04279  	0,13349  	-15815,93170  	0,07986  	0,14708  	1,10269  	1,09993  	14995874,88713  	44,59371  	23,56933  	-4667896,50935  	678,70901  	0,00509  	-Inf  	-Inf  	0,00376  	0,00437  	0,00396  	0,00656  	-244,98909  	0,00398  	0,00419  
84,16878  	1084,47302  	1327,75450  	1327,82053  	25,46543  	0,04229  	0,13317  	-15815,93170  	0,07918  	0,14593  	1,09999  	1,09723  	1365737252,82609  	87,73228  	23,37056  	-4667896,50935  	0,51460  	0,00331  	-Inf  	-Inf  	0,00376  	0,00437  	0,00396  	0,00656  	-244,98909  	0,00398  	0,00419  
85,17035  	1327,82048  	1327,75450  	1327,82053  	25,46465  	0,04100  	0,13332  	-15815,93170  	0,08016  	0,14667  	1,10130  	1,09854  	1688111571,32014  	317,91937  	23,65694  	-4667896,50935  	0,21172  	0,00321  	-Inf  	-Inf  	0,00376  	0,00437  	0,00396  	0,00656  	-244,98909  	0,00397  	0,00419  
86,17065  	1327,82048  	1327,75450  	-9,87026  	25,46585  	0,04517  	0,13343  	70529,97552  	0,07980  	0,14650  	1,10219  	1,09943  	18812726,97913  	7095418,75474  	23,55114  	20816138,60877  	0,21147  	0,07339  	NaN  	NaN  	0,00376  	0,00437  	0,00396  	0,00656  	1092,53260  	0,00398  	0,00419  
87,17299  	1327,82048  	-10,85085  	1093,67246  	25,46608  	0,04573  	0,13330  	85706,53851  	0,08049  	0,14692  	1,10112  	1,09836  	5088670,09207  	5930885,63002  	23,75629  	25295332,54600  	0,21208  	0,18056  	Inf  	-Inf  	0,00376  	0,00437  	0,00397  	0,00656  	1327,62170  	0,00399  	0,00419  
88,17237  	1327,82048  	1098,09498  	-15,31993  	25,46770  	0,04515  	0,13335  	85706,53851  	0,08040  	0,14732  	1,10155  	1,09879  	5100967,14096  	5902896,21752  	23,73054  	25295332,54600  	0,21266  	0,17831  	NaN  	NaN  	0,00376  	0,00437  	0,00396  	0,00656  	1327,62170  	0,00398  	0,00419  
89,17385  	1327,82048  	1327,75450  	-244,98909  	25,46865  	0,05105  	0,13363  	85706,53851  	0,08069  	0,14696  	1,10386  	1,10110  	5088398,40999  	9427476,97905  	23,81418  	25295332,54600  	0,21215  	0,20161  	NaN  	NaN  	0,00376  	0,00437  	0,00396  	0,00657  	1327,62170  	0,00400  	0,00419  
90,17498  	1327,82048  	-21,29883  	1104,12088  	25,46863  	0,04695  	0,13392  	85706,53851  	0,07940  	0,14608  	1,10625  	1,10349  	5059532,31374  	6203901,58776  	23,43344  	25295332,54600  	0,21087  	0,18536  	Inf  	-Inf  	0,00376  	0,00437  	0,00397  	0,00657  	1327,62170  	0,00399  	0,00419  
91,17693  	1327,82048  	-244,98909  	1327,82053  	25,46806  	0,04670  	0,13333  	85706,53851  	0,08068  	0,14744  	1,10138  	1,09861  	5106857,13941  	8624733,65027  	23,81324  	25295332,54600  	0,21283  	0,18438  	NaN  	NaN  	0,00376  	0,00437  	0,00396  	0,00656  	1327,62170  	0,00399  	0,00419  
92,17808  	-25,37385  	1108,14847  	1327,82053  	25,46743  	0,04840  	0,13380  	-1640,10136  	0,08100  	0,14697  	1,10520  	1,10244  	38363793,54097  	44,72748  	23,90765  	-484057,69399  	449,36780  	0,00546  	-Inf  	-Inf  	0,00376  	0,00438  	0,00396  	0,00657  	-25,40161  	0,00400  	0,00419  
93,17884  	1111,39032  	-28,56801  	-28,55893  	25,46544  	0,04593  	0,13336  	-15815,93170  	0,08018  	0,14733  	1,10161  	1,09884  	756,98115  	15,40166  	23,66391  	-4667896,50935  	0,46579  	59,69874  	Inf  	-Inf  	0,00376  	0,00437  	0,00396  	0,00656  	-244,98909  	0,00399  	0,00419  
94,18056  	1327,82048  	-244,98909  	1114,76061  	25,46637  	0,04586  	0,13343  	-15815,93170  	0,08065  	0,14749  	1,10221  	1,09945  	1138208,27605  	7322150,29437  	23,80424  	-4667896,50935  	0,21290  	0,50237  	Inf  	-Inf  	0,00376  	0,00437  	0,00397  	0,00656  	-244,98909  	0,00399  	0,00420  
95,18277  	-35,34382  	-244,98909  	1327,82053  	25,46724  	0,04329  	0,13323  	-15815,93170  	0,08014  	0,14671  	1,10055  	1,09779  	237285,77275  	288,14136  	23,65316  	-4667896,50935  	387,13489  	0,17094  	NaN  	NaN  	0,00376  	0,00437  	0,00396  	0,00656  	-244,98909  	0,00398  	0,00419  
96,18610  	-244,98909  	1124,59666  	-41,82272  	25,46638  	0,04234  	0,13350  	-15815,93170  	0,07978  	0,14709  	1,10272  	1,09996  	1057643,64776  	2275,78513  	23,54589  	-4667896,50935  	24,73999  	0,16722  	-Inf  	-Inf  	0,00376  	0,00437  	0,00397  	0,00656  	-244,98909  	0,00398  	0,00419  
97,18970  	-244,98909  	1327,75450  	1126,90962  	25,46610  	0,04748  	0,13373  	-15815,93170  	0,07934  	0,14648  	1,10463  	1,10186  	213433551,70932  	439,37560  	23,41496  	-4667896,50935  	24,63678  	0,00519  	-Inf  	-Inf  	0,00376  	0,00437  	0,00397  	0,00657  	-244,98909  	0,00399  	0,00419  
98,19082  	1133,61160  	1327,75450  	1327,82053  	25,46650  	0,05187  	0,13312  	73170,65001  	0,08120  	0,14666  	1,09963  	1,09687  	1436252503,47291  	143,90028  	23,96395  	21595504,34228  	0,42465  	0,00406  	-Inf  	-Inf  	0,00376  	0,00438  	0,00396  	0,00656  	1133,43736  	0,00401  	0,00419  
99,19256  	1327,82048  	1327,75450  	1327,82053  	25,46697  	0,04022  	0,13344  	85706,53851  	0,07944  	0,14736  	1,10230  	1,09954  	1696022279,23121  	311,85507  	23,44685  	25295332,54600  	0,21272  	0,00315  	-Inf  	-Inf  	0,00376  	0,00437  	0,00396  	0,00656  	1327,62170  	0,00397  	0,00419  
100,19419  	1327,82048  	-61,58608  	1327,82053  	25,46745  	0,05183  	0,13339  	85706,53851  	0,08082  	0,14742  	1,10183  	1,09907  	14533537,29029  	8456276,84420  	23,85182  	25295332,54600  	0,21280  	0,10071  	NaN  	NaN  	0,00376  	0,00437  	0,00396  	0,00656  	1327,62170  	0,00401  	0,00419  
101,19703  	-65,16757  	1147,94052  	-65,16756  	25,46653  	0,04493  	0,13335  	85706,53851  	0,08056  	0,14668  	1,10153  	1,09877  	353454,79337  	241,92449  	23,77547  	25295332,54600  	247,26728  	0,17745  	-Inf  	-Inf  	0,00376  	0,00437  	0,00396  	0,00656  	1327,62170  	0,00398  	0,00419  
102,19811  	1150,44775  	1327,75450  	-244,98909  	25,46626  	0,04964  	0,13351  	-4366,79085  	0,07978  	0,14648  	1,10281  	1,10005  	4380817,61061  	3612481,47278  	23,54499  	-1288809,79951  	0,39729  	0,19606  	NaN  	NaN  	0,00376  	0,00437  	0,00396  	0,00656  	-67,63877  	0,00400  	0,00419  
103,19761  	1327,82048  	-72,01869  	-244,98909  	25,46708  	0,04339  	0,13347  	74541,09318  	0,07970  	0,14681  	1,10254  	1,09978  	39653,65031  	881354,33593  	23,52110  	21999975,41836  	0,21193  	2,93388  	Inf  	-Inf  	0,00376  	0,00437  	0,00396  	0,00656  	1154,66590  	0,00398  	0,00419  
104,19833  	1327,82048  	1159,04429  	1159,10324  	25,46874  	0,05581  	0,13325  	85706,53851  	0,07983  	0,14656  	1,10068  	1,09792  	716610559,34403  	386,34012  	23,56189  	25295332,54600  	0,21156  	0,00778  	NaN  	NaN  	0,00375  	0,00437  	0,00396  	0,00656  	1327,62170  	0,00402  	0,00419  
105,20211  	1327,82048  	1327,75450  	-79,28124  	25,46808  	0,04780  	0,13346  	-5119,74182  	0,08091  	0,14610  	1,10243  	1,09967  	13115338,82079  	7896762,32265  	23,87988  	-1511034,91155  	0,21089  	0,09895  	NaN  	NaN  	0,00376  	0,00438  	0,00396  	0,00656  	-79,30219  	0,00399  	0,00419  
106,20143  	1327,82048  	1327,75450  	-244,98909  	25,46755  	0,04522  	0,13319  	-15815,93170  	0,08008  	0,14632  	1,10019  	1,09743  	5066227,76115  	8351482,93277  	23,63427  	-4667896,50935  	0,21122  	0,17860  	NaN  	NaN  	0,00376  	0,00437  	0,00397  	0,00656  	-244,98909  	0,00398  	0,00419  
107,20475  	-84,63281  	-84,63953  	1167,46424  	25,46779  	0,04281  	0,13335  	75355,78386  	0,08020  	0,14628  	1,10154  	1,09878  	428327,61010  	256,13888  	23,67055  	22240422,32108  	184,50568  	0,16902  	NaN  	NaN  	0,00376  	0,00437  	0,00397  	0,00656  	1167,28568  	0,00398  	0,00419  
108,20811  	1172,48514  	1172,42567  	1327,82053  	25,46796  	0,04824  	0,13325  	85706,53851  	0,08038  	0,14712  	1,10070  	1,09794  	1020922788,19470  	392614,45903  	23,72221  	25295332,54600  	0,36690  	0,00488  	-Inf  	-Inf  	0,00376  	0,00437  	0,00396  	0,00656  	1327,62170  	0,00399  	0,00419  
109,20827  	-94,55463  	1327,75450  	-94,55462  	25,46741  	0,04884  	0,13360  	85706,53851  	0,07954  	0,14740  	1,10363  	1,10086  	1123729,27665  	351,32136  	23,47548  	25295332,54600  	160,77020  	0,10686  	-Inf  	-Inf  	0,00376  	0,00437  	0,00396  	0,00657  	1327,62170  	0,00400  	0,00419  
110,20968  	-244,98909  	1327,75450  	1181,21333  	25,46735  	0,04603  	0,13366  	85706,53851  	0,08063  	0,14693  	1,10408  	1,10132  	245729843,25185  	310,77677  	23,79838  	25295332,54600  	24,71269  	0,00459  	-Inf  	-Inf  	0,00376  	0,00437  	0,00396  	0,00657  	1327,62170  	0,00399  	0,00419  
111,21305  	1185,52315  	-102,69773  	-102,69175  	25,46806  	0,04648  	0,13342  	85706,53851  	0,08198  	0,14705  	1,10214  	1,09937  	6172,98060  	15,63173  	24,19441  	25295332,54600  	0,34923  	9,07575  	Inf  	-Inf  	0,00376  	0,00438  	0,00397  	0,00656  	1327,62170  	0,00399  	0,00419  
112,21470  	1327,82048  	-244,98909  	1189,00626  	25,46885  	0,04842  	0,13384  	85706,53851  	0,08076  	0,14719  	1,10558  	1,10282  	2002546,33603  	8153135,87885  	23,83492  	25295332,54600  	0,21247  	0,36064  	Inf  	-Inf  	0,00376  	0,00437  	0,00396  	0,00657  	1327,62170  	0,00400  	0,00419  
113,21809  	-109,94354  	1192,71461  	-109,94353  	25,46979  	0,04879  	0,13410  	85706,53851  	0,07954  	0,14705  	1,10768  	1,10492  	529398,29278  	361,77525  	23,47643  	25295332,54600  	128,62256  	0,19268  	-Inf  	-Inf  	0,00376  	0,00437  	0,00396  	0,00657  	1327,62170  	0,00400  	0,00419  
114,21859  	1196,80526  	-113,97936  	1196,80530  	25,46914  	0,04613  	0,13357  	-7359,09779  	0,08001  	0,14683  	1,10336  	1,10060  	4574143,11225  	3620085,21868  	23,61365  	-2171955,94635  	0,33443  	0,18213  	NaN  	NaN  	0,00376  	0,00437  	0,00396  	0,00656  	-113,99042  	0,00399  	0,00419  
115,22037  	1327,82048  	1203,56577  	1327,82053  	25,46792  	0,04792  	0,13336  	77690,00846  	0,07975  	0,14706  	1,10156  	1,09880  	1252569198,76400  	699252,79765  	23,53823  	22929342,77413  	0,21228  	0,00460  	-Inf  	-Inf  	0,00376  	0,00437  	0,00396  	0,00656  	1203,44346  	0,00399  	0,00419  
116,22160  	1327,82048  	1327,75450  	-126,47036  	25,46753  	0,04627  	0,13374  	85706,53851  	0,07989  	0,14680  	1,10476  	1,10199  	10199618,18704  	7900514,51898  	23,58005  	25295332,54600  	0,21190  	0,11394  	NaN  	NaN  	0,00376  	0,00437  	0,00396  	0,00657  	1327,62170  	0,00399  	0,00419  
117,22621  	1327,82048  	-128,90788  	1211,73444  	25,46925  	0,04480  	0,13363  	85706,53851  	0,07941  	0,14620  	1,10384  	1,10107  	5063987,27601  	7053267,14139  	23,43717  	25295332,54600  	0,21105  	0,17690  	Inf  	-Inf  	0,00376  	0,00437  	0,00397  	0,00657  	1327,62170  	0,00398  	0,00419  
118,22710  	-134,32499  	1217,09504  	1327,82053  	25,47027  	0,04755  	0,13281  	85706,53851  	0,07937  	0,14580  	1,09707  	1,09431  	157565157,35430  	39,10514  	23,42416  	25295332,54600  	91,07691  	0,00446  	-Inf  	-Inf  	0,00376  	0,00437  	0,00397  	0,00655  	1327,62170  	0,00399  	0,00419  
119,22890  	-244,98909  	1327,75450  	1327,82053  	25,46872  	0,05018  	0,13332  	85706,53851  	0,07958  	0,14626  	1,10130  	1,09854  	349577146,20389  	0,15268  	23,48848  	25295332,54600  	24,60068  	0,00393  	-Inf  	-Inf  	0,00376  	0,00437  	0,00396  	0,00656  	1327,62170  	0,00400  	0,00419  
120,22872  	-244,98909  	1327,75450  	-141,62226  	25,46890  	0,04771  	0,13348  	85706,53851  	0,08066  	0,14624  	1,10257  	1,09980  	1938839,73015  	3230,09142  	23,80506  	25295332,54600  	24,59800  	0,12443  	-Inf  	-Inf  	0,00376  	0,00437  	0,00396  	0,00656  	1327,62170  	0,00399  	0,00419  
121,22977  	1227,67552  	1327,75450  	1227,67557  	25,47084  	0,04597  	0,13329  	-9351,72651  	0,08011  	0,14624  	1,10102  	1,09826  	1220256822,44678  	325101,00853  	23,64287  	-2760058,17229  	0,29771  	0,00424  	-Inf  	-Inf  	0,00376  	0,00437  	0,00397  	0,00656  	-144,85679  	0,00399  	0,00419  
122,23051  	-149,18184  	1327,75450  	1327,82053  	25,47008  	0,04331  	0,13365  	79522,32572  	0,08051  	0,14584  	1,10400  	1,10123  	225095895,94203  	0,02607  	23,76163  	23470130,85599  	74,84340  	0,00339  	-Inf  	-Inf  	0,00376  	0,00437  	0,00397  	0,00657  	1231,82656  	0,00398  	0,00419  
123,23364  	-244,98909  	-152,56722  	1327,82053  	25,46973  	0,05117  	0,13295  	85706,53851  	0,07945  	0,14614  	1,09825  	1,09549  	1821910,94904  	3490,26661  	23,44788  	25295332,54600  	24,58154  	0,13914  	NaN  	NaN  	0,00376  	0,00437  	0,00396  	0,00655  	1327,62170  	0,00400  	0,00419  
124,23595  	1237,61338  	-244,98909  	-154,78198  	25,46882  	0,04765  	0,13329  	-9993,20010  	0,08017  	0,14663  	1,10101  	1,09825  	106096,00783  	320080,09532  	23,66232  	-2949381,97320  	0,28811  	1,68940  	Inf  	-Inf  	0,00376  	0,00437  	0,00397  	0,00656  	-154,79339  	0,00399  	0,00419  
125,23527  	-157,55855  	-244,98909  	1240,38999  	25,46728  	0,04406  	0,13329  	80063,03000  	0,08008  	0,14562  	1,10100  	1,09824  	400347,27198  	677,35980  	23,63526  	23629713,71626  	67,08584  	0,25643  	NaN  	NaN  	0,00376  	0,00437  	0,00397  	0,00656  	1240,20221  	0,00398  	0,00419  
126,23756  	-244,98909  	-244,98909  	1327,82053  	25,46868  	0,04256  	0,13372  	85706,53851  	0,07989  	0,14697  	1,10460  	1,10184  	1057195,90457  	3084,45830  	23,57905  	25295332,54600  	24,72103  	0,16805  	NaN  	NaN  	0,00376  	0,00437  	0,00396  	0,00657  	1327,62170  	0,00398  	0,00419  
127,23798  	-244,98909  	1249,43187  	1327,82053  	25,46951  	0,04351  	0,13364  	-10760,11269  	0,08020  	0,14742  	1,10389  	1,10113  	291942002,42862  	157,14521  	23,66884  	-3175727,70239  	24,79661  	0,00387  	-Inf  	-Inf  	0,00376  	0,00437  	0,00397  	0,00657  	-166,67307  	0,00398  	0,00419  
128,24005  	-244,98909  	1327,75450  	-168,05989  	25,47090  	0,04881  	0,13356  	-15815,93170  	0,08058  	0,14695  	1,10326  	1,10049  	1675767,83902  	3363,97304  	23,78158  	-4667896,50935  	24,71721  	0,14099  	-Inf  	-Inf  	0,00376  	0,00437  	0,00397  	0,00656  	-244,98909  	0,00400  	0,00419  
129,24172  	-244,98909  	-172,14491  	1254,97329  	25,47142  	0,04795  	0,13367  	81004,35981  	0,08006  	0,14678  	1,10413  	1,10137  	1055782,67686  	3153,13665  	23,62995  	23907536,75026  	24,68891  	0,18934  	NaN  	NaN  	0,00376  	0,00437  	0,00397  	0,00657  	1254,78367  	0,00399  	0,00419  
130,24264  	1259,06893  	-244,98909  	-176,23753  	25,47084  	0,04312  	0,13322  	-11378,12312  	0,07959  	0,14656  	1,10048  	1,09771  	138140,36049  	246777,67164  	23,48918  	-3358126,61651  	0,26702  	1,31270  	Inf  	-Inf  	0,00376  	0,00437  	0,00396  	0,00656  	-176,24622  	0,00398  	0,00419  
131,24383  	-180,61976  	1263,38787  	-244,98909  	25,47157  	0,04798  	0,13363  	-15815,93170  	0,08031  	0,14736  	1,10380  	1,10104  	533015,09922  	1092,90764  	23,70219  	-4667896,50935  	50,98507  	0,25120  	NaN  	NaN  	0,00376  	0,00437  	0,00396  	0,00657  	-244,98909  	0,00399  	0,00419  
132,24716  	-244,98909  	-184,60781  	1267,43672  	25,47054  	0,04469  	0,13404  	-15815,93170  	0,07890  	0,14731  	1,10725  	1,10449  	1059581,17504  	2990,19513  	23,28689  	-4667896,50935  	24,77751  	0,17647  	NaN  	NaN  	0,00376  	0,00437  	0,00396  	0,00657  	-244,98909  	0,00398  	0,00419  
133,24764  	-244,98909  	-244,98909  	1327,82053  	25,47095  	0,04871  	0,13338  	-15815,93170  	0,07935  	0,14733  	1,10177  	1,09901  	1059789,93690  	3529,85569  	23,42010  	-4667896,50935  	24,78207  	0,19232  	NaN  	NaN  	0,00376  	0,00437  	0,00396  	0,00656  	-244,98909  	0,00400  	0,00419  
134,24882  	-244,98909  	1272,51545  	1327,82053  	25,46975  	0,04802  	0,13323  	-15815,93170  	0,07812  	0,14659  	1,10050  	1,09774  	307040275,71628  	122,35504  	23,05583  	-4667896,50935  	24,65747  	0,00411  	-Inf  	-Inf  	0,00376  	0,00436  	0,00396  	0,00656  	-244,98909  	0,00399  	0,00419  
135,24855  	1277,29727  	-194,46800  	-194,46588  	25,46879  	0,04486  	0,13366  	-15815,93170  	0,07921  	0,14683  	1,10408  	1,10132  	96477,82275  	8,69395  	23,37716  	-4667896,50935  	0,25117  	1,72104  	Inf  	-Inf  	0,00376  	0,00437  	0,00397  	0,00657  	-244,98909  	0,00398  	0,00419  
136,24975  	1327,82048  	1282,12668  	-244,98909  	25,47198  	0,03971  	0,13329  	-15815,93170  	0,08028  	0,14707  	1,10105  	1,09828  	3804941,12647  	7120592,47976  	23,69457  	-4667896,50935  	0,21229  	0,19112  	NaN  	NaN  	0,00376  	0,00437  	0,00397  	0,00656  	-244,98909  	0,00397  	0,00419  
137,25030  	-200,06962  	1327,75450  	1282,90106  	25,47116  	0,05028  	0,13360  	82807,05514  	0,07923  	0,14656  	1,10360  	1,10083  	262437447,90605  	47,69483  	23,38333  	24439582,24544  	40,30414  	0,00423  	-Inf  	-Inf  	0,00376  	0,00437  	0,00396  	0,00657  	1282,70791  	0,00400  	0,00419  
138,25262  	1286,28169  	-203,45204  	-203,45030  	25,47113  	0,04851  	0,13333  	85706,53851  	0,08076  	0,14691  	1,10133  	1,09857  	120154,60437  	8,08881  	23,83446  	25295332,54600  	0,24370  	1,63375  	Inf  	-Inf  	0,00376  	0,00437  	0,00396  	0,00656  	1327,62170  	0,00400  	0,00419  
139,25590  	1327,82048  	1286,96107  	1287,02539  	25,46944  	0,04691  	0,13360  	85706,53851  	0,08015  	0,14656  	1,10358  	1,10082  	1386477410,27839  	354,32765  	23,65423  	25295332,54600  	0,21156  	0,00419  	NaN  	NaN  	0,00376  	0,00437  	0,00397  	0,00657  	1327,62170  	0,00399  	0,00419  
140,25851  	1327,82048  	1327,75450  	-209,17916  	25,46924  	0,04097  	0,13367  	-13504,45545  	0,08073  	0,14679  	1,10413  	1,10136  	6327620,64005  	7393201,64330  	23,82721  	-3985689,97603  	0,21190  	0,13944  	NaN  	NaN  	0,00376  	0,00437  	0,00396  	0,00657  	-209,18369  	0,00397  	0,00419  
141,26195  	-212,72472  	-212,72608  	1295,55616  	25,47063  	0,04510  	0,13348  	-15815,93170  	0,07916  	0,14738  	1,10263  	1,09987  	933650,86679  	1795,24653  	23,36231  	-4667896,50935  	35,10167  	0,17805  	NaN  	NaN  	0,00376  	0,00437  	0,00396  	0,00656  	-244,98909  	0,00398  	0,00419  
142,26235  	1303,36779  	-244,98909  	1327,82053  	25,46957  	0,04894  	0,13356  	84128,15448  	0,08009  	0,14758  	1,10322  	1,10046  	5015948,62719  	8015529,10886  	23,63833  	24829490,03726  	0,23107  	0,19322  	NaN  	NaN  	0,00376  	0,00437  	0,00396  	0,00656  	1303,17210  	0,00400  	0,00420  
143,26535  	1327,82048  	-244,98909  	-227,09128  	25,46971  	0,04870  	0,13362  	85706,53851  	0,08027  	0,14722  	1,10378  	1,10101  	253382,45092  	102342,11526  	23,69068  	25295332,54600  	0,21251  	1,05525  	Inf  	-Inf  	0,00376  	0,00437  	0,00396  	0,00657  	1327,62170  	0,00400  	0,00419  
144,26777  	1327,82048  	-244,98909  	1313,99363  	25,46955  	0,04478  	0,13321  	85706,53851  	0,08004  	0,14692  	1,10034  	1,09758  	4665989,25144  	8197315,70240  	23,62255  	25295332,54600  	0,21209  	0,18753  	Inf  	-Inf  	0,00376  	0,00437  	0,00396  	0,00656  	1327,62170  	0,00398  	0,00419  
145,26778  	1327,82048  	1316,79134  	-234,02547  	25,47080  	0,04154  	0,13343  	-15108,24669  	0,07902  	0,14659  	1,10217  	1,09941  	5075518,34270  	7565536,72667  	23,32170  	-4459031,14051  	0,21161  	0,16408  	NaN  	NaN  	0,00376  	0,00437  	0,00396  	0,00656  	-234,02686  	0,00397  	0,00419  
146,26746  	-241,84410  	1327,75450  	-244,98909  	25,47034  	0,04217  	0,13365  	85503,53417  	0,08002  	0,14616  	1,10399  	1,10123  	1038715,69742  	2896,77224  	23,61835  	25235418,07078  	25,40406  	0,16653  	NaN  	NaN  	0,00376  	0,00437  	0,00396  	0,00657  	1324,47711  	0,00397  	0,00419  
147,26787  	1326,24830  	1327,44007  	-244,67465  	25,47207  	0,04475  	0,13348  	85686,24213  	0,07929  	0,14658  	1,10263  	1,09986  	5069031,14046  	8197480,13728  	23,40207  	25289342,29629  	0,21269  	0,17672  	NaN  	NaN  	0,00376  	0,00437  	0,00396  	0,00656  	1327,30730  	0,00398  	0,00419  
148,26909  	1327,82048  	-243,73064  	1327,82053  	25,47318  	0,04721  	0,13344  	-15815,93170  	0,08011  	0,14623  	1,10224  	1,09947  	5104730,55290  	8711936,97088  	23,64396  	-4667896,50935  	0,21108  	0,18540  	NaN  	NaN  	0,00376  	0,00437  	0,00397  	0,00656  	-244,98909  	0,00399  	0,00419  
149,26955  	1327,82048  	1325,55222  	1327,82053  	25,47255  	0,05164  	0,13338  	-15815,93170  	0,08006  	0,14741  	1,10174  	1,09898  	1687756147,12890  	13755,23518  	23,62741  	-4667896,50935  	0,21278  	0,00406  	-Inf  	-Inf  	0,00376  	0,00437  	0,00397  	0,00656  	-244,98909  	0,00401  	0,00419  
150,27215  	1327,82048  	-237,77179  	1327,82053  	25,47176  	0,04491  	0,13366  	-15815,93170  	0,08094  	0,14680  	1,10410  	1,10133  	5317685,08116  	8255916,61621  	23,88784  	-4667896,50935  	0,21190  	0,17200  	NaN  	NaN  	0,00376  	0,00438  	0,00397  	0,00657  	-244,98909  	0,00398  	0,00419  
151,27317  	1327,82048  	1318,01128  	1327,82053  	25,47176  	0,04572  	0,13369  	-15186,99554  	0,08032  	0,14754  	1,10435  	1,10158  	1659347717,45248  	52666,86491  	23,70554  	-4482272,98802  	0,21297  	0,00364  	-Inf  	-Inf  	0,00376  	0,00437  	0,00396  	0,00657  	-235,24670  	0,00399  	0,00420  
152,27305  	1327,82048  	-231,79651  	1327,82053  	25,47129  	0,04742  	0,13349  	85706,53851  	0,08014  	0,14698  	1,10266  	1,09990  	5524293,03848  	8684681,60165  	23,65235  	25295332,54600  	0,21217  	0,17714  	NaN  	NaN  	0,00376  	0,00437  	0,00397  	0,00656  	1327,62170  	0,00399  	0,00419  
153,27326  	1327,82048  	1327,75450  	1312,72760  	25,47127  	0,05188  	0,13334  	85706,53851  	0,08017  	0,14720  	1,10144  	1,09868  	1634604627,71636  	91540,02065  	23,66088  	25295332,54600  	0,21248  	0,00416  	NaN  	NaN  	0,00376  	0,00437  	0,00396  	0,00656  	1327,62170  	0,00401  	0,00419  
154,27479  	1327,82048  	1327,75450  	-228,63187  	25,46941  	0,04722  	0,13373  	85706,53851  	0,08131  	0,14720  	1,10465  	1,10189  	5638631,95354  	8630075,67055  	23,99790  	25295332,54600  	0,21248  	0,17413  	NaN  	NaN  	0,00376  	0,00438  	0,00397  	0,00657  	1327,62170  	0,00399  	0,00419  
155,27550  	1327,82048  	1327,75450  	1327,82053  	25,47050  	0,04378  	0,13341  	85706,53851  	0,07926  	0,14708  	1,10205  	1,09929  	1692772781,19241  	339,49443  	23,39303  	25295332,54600  	0,21231  	0,00343  	-Inf  	-Inf  	0,00376  	0,00437  	0,00396  	0,00656  	1327,62170  	0,00398  	0,00419  
156,27721  	1327,82048  	1327,75450  	1327,82053  	25,47035  	0,04392  	0,13397  	84326,93660  	0,08102  	0,14672  	1,10660  	1,10384  	1688695513,79276  	340,55947  	23,91310  	24888158,37019  	0,21180  	0,00344  	-Inf  	-Inf  	0,00376  	0,00438  	0,00396  	0,00657  	1306,25129  	0,00398  	0,00419  
157,27908  	1327,82048  	1327,75450  	1327,82053  	25,47130  	0,04486  	0,13321  	-14274,02368  	0,08056  	0,14720  	1,10040  	1,09764  	1694219496,04456  	347,84942  	23,77701  	-4212819,48932  	0,21249  	0,00352  	-Inf  	-Inf  	0,00376  	0,00437  	0,00396  	0,00656  	-221,10451  	0,00398  	0,00419  
158,28223  	1327,82048  	1297,96175  	1327,82053  	25,47207  	0,04731  	0,13378  	85706,53851  	0,08100  	0,14718  	1,10511  	1,10235  	1578030134,66018  	165863,65779  	23,90636  	25295332,54600  	0,21245  	0,00389  	-Inf  	-Inf  	0,00376  	0,00438  	0,00397  	0,00657  	1327,62170  	0,00399  	0,00419  
159,28267  	1327,82048  	-211,38614  	1294,21617  	25,47202  	0,05078  	0,13318  	85706,53851  	0,08001  	0,14714  	1,10007  	1,09731  	5096492,48480  	8977205,93132  	23,61493  	25295332,54600  	0,21240  	0,20048  	Inf  	-Inf  	0,00376  	0,00437  	0,00397  	0,00656  	1327,62170  	0,00400  	0,00419  
160,28621  	1287,69299  	1327,75450  	-244,98909  	25,46951  	0,04050  	0,13397  	85706,53851  	0,07999  	0,14782  	1,10664  	1,10387  	4960180,64196  	6133838,31627  	23,60932  	25295332,54600  	0,24403  	0,15995  	NaN  	NaN  	0,00376  	0,00437  	0,00397  	0,00657  	1327,62170  	0,00397  	0,00420  
161,28611  	-203,16072  	1327,75450  	-203,16072  	25,46802  	0,04581  	0,13389  	83006,58079  	0,07943  	0,14823  	1,10599  	1,10323  	1162894,08999  	1565,80949  	23,44414  	24498470,02563  	39,34061  	0,15218  	-Inf  	-Inf  	0,00376  	0,00437  	0,00396  	0,00657  	1285,79862  	0,00399  	0,00420  
162,28630  	1327,82048  	1327,75450  	1327,82053  	25,46957  	0,04405  	0,13304  	-12817,46321  	0,08030  	0,14724  	1,09892  	1,09616  	1694658296,97920  	341,55160  	23,70087  	-3782931,85155  	0,21254  	0,00345  	-Inf  	-Inf  	0,00376  	0,00437  	0,00397  	0,00655  	-198,54199  	0,00398  	0,00419  
163,28812  	1327,82048  	1277,50710  	1327,82053  	25,47006  	0,04896  	0,13361  	85706,53851  	0,07966  	0,14799  	1,10369  	1,10093  	1510653195,31300  	289272,56240  	23,51086  	25295332,54600  	0,21362  	0,00416  	-Inf  	-Inf  	0,00376  	0,00437  	0,00396  	0,00657  	1327,62170  	0,00400  	0,00420  
164,29023  	1327,82048  	-194,01181  	1327,82053  	25,47111  	0,04910  	0,13418  	85706,53851  	0,08153  	0,14793  	1,10835  	1,10558  	6983034,77114  	8774220,55238  	24,06150  	25295332,54600  	0,21354  	0,15714  	NaN  	NaN  	0,00376  	0,00438  	0,00396  	0,00658  	1327,62170  	0,00400  	0,00420  
165,29062  	1327,82048  	1327,75450  	1271,96257  	25,47064  	0,04879  	0,13339  	85706,53851  	0,08061  	0,14789  	1,10182  	1,09905  	1489331606,89099  	319625,07352  	23,79002  	25295332,54600  	0,21348  	0,00418  	NaN  	NaN  	0,00376  	0,00437  	0,00397  	0,00656  	1327,62170  	0,00400  	0,00420  
