01/15/2025 10:59:56Time	T_hot_in(C)	T_cold_in(C)	T_cold_out(C)	T_hot_out(C)	mdot_cold(kg/s)	ASFASIFUAS(kg/s)	Diferencial_cold(bar)	Diferencial_hot(bar)	mdot_hot(kg/s)	ABS_cold(bar)	ABS_hot(bar)	q_cold(kW)	q_hot(kW)	ASFASYFY	Tau_cold_haste	Re_hot	Re_cold	U_global	PSIG_cold(bar)	R_fouling	PSIG_hot(bar)	PSID_hot(bar)	m_dot_hot	PSID_cold(bar)	m_dot_cold
2,01282  	0,00000  	0,00000  	0,00000  	0,00000  	-1,18512  	-0,20833  	-0,25900  	-0,86180  	-3,02442  	-1,72343  	-1,72415  	-0,00000  	-0,00000  	-254,35069  	-76,44127  	-9234,48090  	-3618,55272  	NaN  	NaN  	0,00000  	0,00000  	0,00000  	0,00000  	0,00000  	0,00000  	0,00000  
3,01382  	1327,82048  	-244,98909  	1327,82053  	25,56570  	0,04202  	0,17219  	85706,53851  	0,10428  	0,16981  	1,42262  	1,41962  	5881312,55781  	7764114,17026  	30,77571  	25295332,54600  	0,24504  	0,16591  	NaN  	NaN  	0,00376  	0,00448  	0,00396  	0,00731  	1327,62170  	0,00397  	0,00422  
4,01580  	1327,82048  	-244,98909  	1327,82053  	25,56559  	0,04834  	0,20905  	12852,68067  	0,12540  	0,17603  	1,72736  	1,72415  	6096950,87191  	8931122,98764  	37,00946  	3793325,89249  	0,25403  	0,19084  	NaN  	NaN  	0,00376  	0,00458  	0,00396  	0,00801  	199,09555  	0,00399  	0,00423  
5,01807  	1327,82048  	-244,98909  	1327,82053  	25,56697  	0,04041  	0,21223  	49957,47431  	0,12639  	0,18720  	1,75367  	1,75043  	6483519,84433  	7467523,25577  	37,30197  	14744393,46052  	0,27013  	0,15957  	NaN  	NaN  	0,00376  	0,00459  	0,00397  	0,00807  	773,85893  	0,00397  	0,00425  
6,02001  	306,60939  	-244,98909  	1327,82053  	25,56877  	0,04295  	0,21214  	85706,53851  	0,12458  	0,18850  	1,75293  	1,74970  	1408983,64745  	471,01450  	36,76871  	25295332,54600  	375,82905  	0,16960  	NaN  	NaN  	0,00376  	0,00458  	0,00396  	0,00807  	1327,62170  	0,00398  	0,00425  
7,02066  	780,55175  	-244,98909  	302,27966  	25,56943  	0,04032  	0,21228  	19509,43430  	0,12671  	0,18846  	1,75411  	1,75088  	595,17354  	76746,69468  	37,39588  	5757992,76315  	2,96819  	260,90596  	Inf  	-Inf  	0,00376  	0,00459  	0,00397  	0,00808  	302,21048  	0,00397  	0,00425  
8,02179  	1327,82048  	-244,98909  	-244,98909  	25,56917  	0,05407  	0,21278  	-15815,93170  	0,12733  	0,18856  	1,75826  	1,75503  	389129,47070  	0,00000  	37,57968  	-4667896,50935  	0,27210  	1,04622  	Inf  	-Inf  	0,00376  	0,00459  	0,00396  	0,00809  	-244,98909  	0,00401  	0,00425  
9,02323  	1327,82048  	790,09930  	790,14276  	25,56922  	0,04575  	0,21171  	-15815,93170  	0,12607  	0,18875  	1,74937  	1,74614  	79475412,81967  	233,61254  	37,20767  	-4667896,50935  	0,27238  	0,03330  	NaN  	NaN  	0,00376  	0,00458  	0,00397  	0,00806  	-244,98909  	0,00399  	0,00425  
10,02358  	290,28823  	1327,75450  	1327,82053  	25,56974  	0,05207  	0,21190  	-15815,93170  	0,12621  	0,18848  	1,75094  	1,74771  	440931104,72163  	0,02028  	37,24872  	-4667896,50935  	516,02452  	0,00408  	-Inf  	-Inf  	0,00376  	0,00459  	0,00396  	0,00807  	-244,98909  	0,00401  	0,00425  
11,02479  	795,28699  	1327,75450  	1327,82053  	25,57079  	0,05124  	0,21269  	51332,31027  	0,12708  	0,18830  	1,75751  	1,75427  	1280865815,53956  	13,36919  	37,50587  	15150161,01629  	2,71851  	0,00402  	-Inf  	-Inf  	0,00376  	0,00459  	0,00397  	0,00808  	795,15552  	0,00400  	0,00425  
12,02531  	283,36680  	1327,75450  	1327,82053  	25,57090  	0,04323  	0,21250  	18288,63913  	0,12787  	0,18927  	1,75594  	1,75271  	431196129,38926  	0,01589  	37,73848  	5397688,63095  	595,73688  	0,00339  	-Inf  	-Inf  	0,00376  	0,00459  	0,00396  	0,00808  	283,30003  	0,00398  	0,00425  
13,02817  	801,34781  	1327,75450  	1327,82053  	25,57064  	0,04551  	0,21256  	-15815,93170  	0,12691  	0,18900  	1,75643  	1,75320  	1295727830,61694  	12,50615  	37,45665  	-4667896,50935  	2,63406  	0,00357  	-Inf  	-Inf  	0,00376  	0,00459  	0,00397  	0,00808  	-244,98909  	0,00399  	0,00425  
14,02916  	279,28077  	279,25877  	1327,82053  	25,57143  	0,05193  	0,21202  	-15815,93170  	0,12755  	0,18798  	1,75194  	1,74871  	17199023,73986  	293,74206  	37,64514  	-4667896,50935  	643,26520  	0,03511  	-Inf  	-Inf  	0,00376  	0,00459  	0,00396  	0,00807  	-244,98909  	0,00401  	0,00425  
15,02926  	808,57357  	808,52937  	1327,82053  	25,57237  	0,03980  	0,21212  	52189,93856  	0,12582  	0,18843  	1,75275  	1,74952  	330144718,58665  	91416,30439  	37,13553  	15403280,47863  	2,51910  	0,00786  	-Inf  	-Inf  	0,00376  	0,00458  	0,00397  	0,00807  	808,44041  	0,00397  	0,00425  
16,02878  	271,09888  	271,07723  	1327,82053  	25,57263  	0,04028  	0,21216  	85706,53851  	0,12676  	0,18797  	1,75308  	1,74985  	16102166,83865  	217,44463  	37,41208  	25295332,54600  	762,30452  	0,02785  	-Inf  	-Inf  	0,00376  	0,00459  	0,00396  	0,00807  	1327,62170  	0,00397  	0,00425  
17,03127  	812,77408  	-244,98909  	1327,82053  	25,57295  	0,05100  	0,21205  	17429,53135  	0,12462  	0,18763  	1,75221  	1,74898  	3928303,34196  	367496,97632  	36,77911  	5144132,51758  	2,44888  	0,20135  	NaN  	NaN  	0,00376  	0,00458  	0,00397  	0,00807  	269,99221  	0,00400  	0,00425  
18,03193  	268,17069  	814,61625  	1327,82053  	25,57332  	0,04339  	0,21196  	52582,85371  	0,12770  	0,18878  	1,75146  	1,74823  	104345598,32777  	111,81596  	37,68788  	15519245,01735  	814,09096  	0,00846  	-Inf  	-Inf  	0,00376  	0,00459  	0,00396  	0,00807  	814,52678  	0,00398  	0,00425  
19,03262  	817,56742  	1327,75450  	265,26399  	25,57406  	0,04963  	0,21158  	17120,12906  	0,12569  	0,18904  	1,74827  	1,74504  	51002909,76242  	251477,65607  	37,09571  	5052815,86974  	2,40099  	0,03487  	NaN  	NaN  	0,00376  	0,00458  	0,00396  	0,00806  	265,19949  	0,00400  	0,00425  
20,03381  	1327,82048  	260,72634  	-244,98909  	25,57522  	0,04999  	0,21214  	53062,00545  	0,12795  	0,18847  	1,75291  	1,74967  	1028,07167  	2969947,32704  	37,76324  	15660661,32988  	0,27196  	191,28482  	NaN  	NaN  	0,00376  	0,00459  	0,00396  	0,00807  	821,94897  	0,00400  	0,00425  
21,03624  	1327,82048  	-244,98909  	-244,98909  	25,57563  	0,04649  	0,21212  	16670,44610  	0,12859  	0,18886  	1,75281  	1,74957  	389731,83401  	0,00000  	37,95170  	4920096,93862  	0,27252  	0,89947  	Inf  	-Inf  	0,00376  	0,00460  	0,00396  	0,00807  	258,23377  	0,00399  	0,00425  
22,03760  	1327,82048  	826,70899  	826,75399  	25,57638  	0,04591  	0,21246  	53363,45490  	0,12721  	0,18909  	1,75554  	1,75231  	106757896,07515  	242,71152  	37,54431  	15749630,78554  	0,27286  	0,02741  	NaN  	NaN  	0,00376  	0,00459  	0,00396  	0,00808  	826,61850  	0,00399  	0,00425  
23,03911  	1327,82048  	250,97202  	1327,82053  	25,57727  	0,04256  	0,21279  	85706,53851  	0,12755  	0,18916  	1,75833  	1,75510  	79174363,18800  	5384382,25822  	37,64359  	25295332,54600  	0,27296  	0,03110  	-Inf  	-Inf  	0,00376  	0,00459  	0,00397  	0,00809  	1327,62170  	0,00398  	0,00425  
24,04085  	1327,82048  	834,20914  	248,57699  	25,57774  	0,05120  	0,21183  	85706,53851  	0,12590  	0,18944  	1,75040  	1,74717  	6559414,50285  	3522456,86363  	37,15794  	25295332,54600  	0,27336  	0,20217  	NaN  	NaN  	0,00376  	0,00458  	0,00397  	0,00807  	1327,62170  	0,00400  	0,00425  
25,04167  	244,71238  	244,69183  	838,11905  	25,57827  	0,04634  	0,21226  	85706,53851  	0,12766  	0,18887  	1,75390  	1,75066  	1100602,91160  	125,08572  	37,67859  	25295332,54600  	1336,64517  	0,18297  	-Inf  	-Inf  	0,00376  	0,00459  	0,00397  	0,00808  	1327,62170  	0,00399  	0,00425  
26,04226  	844,28993  	844,24423  	238,54148  	25,57978  	0,04811  	0,21236  	85706,53851  	0,12722  	0,18875  	1,75474  	1,75151  	4108679,78612  	172821,23766  	37,54841  	25295332,54600  	2,06655  	0,19000  	NaN  	NaN  	0,00376  	0,00459  	0,00396  	0,00808  	1327,62170  	0,00399  	0,00425  
27,04153  	1327,82048  	1327,75450  	-244,98909  	25,58287  	0,05130  	0,21196  	15235,85004  	0,12777  	0,18835  	1,75142  	1,74819  	6520702,21203  	9479543,29042  	37,71058  	4496691,85345  	0,27178  	0,20261  	NaN  	NaN  	0,00376  	0,00459  	0,00397  	0,00807  	236,01149  	0,00400  	0,00425  
28,04211  	1327,82048  	1327,75450  	847,51085  	25,58595  	0,05412  	0,21168  	-15815,93170  	0,12570  	0,18908  	1,74916  	1,74593  	617867101,47860  	3053900,24775  	37,09821  	-4667896,50935  	0,27284  	0,00989  	NaN  	NaN  	0,00376  	0,00458  	0,00396  	0,00806  	-244,98909  	0,00401  	0,00425  
29,04426  	234,62191  	1327,75450  	1327,82053  	25,59000  	0,04902  	0,21216  	54748,37673  	0,12661  	0,18888  	1,75308  	1,74984  	348919688,49987  	0,01436  	37,36851  	16158375,07561  	1642,68443  	0,00384  	-Inf  	-Inf  	0,00376  	0,00459  	0,00396  	0,00807  	848,07132  	0,00400  	0,00425  
30,04428  	-244,98909  	232,55191  	232,57196  	25,59293  	0,04848  	0,21227  	15009,90823  	0,12647  	0,18904  	1,75398  	1,75074  	3002,97569  	0,04470  	37,32570  	4430007,63850  	31,83853  	13,00874  	-Inf  	-Inf  	0,00376  	0,00459  	0,00397  	0,00808  	232,51159  	0,00400  	0,00425  
31,04422  	-244,98909  	-244,98909  	853,21171  	25,59712  	0,04448  	0,21208  	-15815,93170  	0,12576  	0,18855  	1,75242  	1,74919  	23008,54309  	2245,97647  	37,11813  	-4667896,50935  	31,75741  	2,83761  	NaN  	NaN  	0,00376  	0,00458  	0,00397  	0,00807  	-244,98909  	0,00398  	0,00425  
32,04538  	855,44296  	855,39680  	227,38845  	25,60063  	0,04518  	0,21288  	55215,28671  	0,12762  	0,18891  	1,75903  	1,75580  	4168162,77308  	183879,05944  	37,66434  	16296178,36861  	1,94698  	0,17841  	NaN  	NaN  	0,00376  	0,00459  	0,00396  	0,00809  	855,30388  	0,00398  	0,00425  
33,04723  	1327,82048  	226,26735  	856,54431  	25,60314  	0,04783  	0,21261  	85706,53851  	0,12768  	0,18901  	1,75686  	1,75362  	6545308,63105  	3542332,80838  	37,68298  	25295332,54600  	0,27272  	0,18887  	NaN  	NaN  	0,00376  	0,00459  	0,00396  	0,00808  	1327,62170  	0,00399  	0,00425  
34,04746  	224,40803  	-244,98909  	1327,82053  	25,60672  	0,04445  	0,21168  	85706,53851  	0,12641  	0,18856  	1,74910  	1,74587  	996991,51910  	304,53095  	37,30908  	25295332,54600  	1993,36919  	0,17552  	NaN  	NaN  	0,00376  	0,00459  	0,00396  	0,00806  	1327,62170  	0,00398  	0,00425  
35,05089  	-244,98909  	864,09336  	1327,82053  	25,61017  	0,04351  	0,21207  	14113,94624  	0,12603  	0,18847  	1,75235  	1,74912  	134317229,93836  	927,50744  	37,19746  	4165574,41176  	31,74767  	0,00770  	-Inf  	-Inf  	0,00376  	0,00458  	0,00396  	0,00807  	218,63289  	0,00398  	0,00425  
36,05145  	867,98427  	1327,75450  	214,84714  	25,61299  	0,04700  	0,21173  	56024,80911  	0,12632  	0,18905  	1,74958  	1,74635  	44028053,85066  	373983,38470  	37,28161  	16535099,91051  	1,82241  	0,03802  	NaN  	NaN  	0,00376  	0,00459  	0,00396  	0,00807  	867,84361  	0,00399  	0,00425  
37,05321  	211,69379  	1327,75450  	-244,98909  	25,61601  	0,04252  	0,21203  	85706,53851  	0,12751  	0,18962  	1,75205  	1,74882  	938049,26674  	287,02056  	37,63372  	25295332,54600  	2476,32527  	0,16795  	NaN  	NaN  	0,00376  	0,00459  	0,00396  	0,00807  	1327,62170  	0,00398  	0,00425  
38,05245  	-244,98909  	207,41817  	-244,98909  	25,61906  	0,04556  	0,21214  	13387,49561  	0,12582  	0,18886  	1,75292  	1,74969  	225,56700  	947,32961  	37,13487  	3951170,57809  	31,81582  	79,30203  	-Inf  	-Inf  	0,00376  	0,00458  	0,00396  	0,00807  	207,37998  	0,00399  	0,00425  
39,05388  	878,08689  	-244,98909  	878,08693  	25,62217  	0,04663  	0,21222  	-15815,93170  	0,12755  	0,18855  	1,75361  	1,75038  	97622,78858  	404844,23087  	37,64481  	-4667896,50935  	1,72364  	2,42353  	NaN  	NaN  	0,00376  	0,00459  	0,00396  	0,00807  	-244,98909  	0,00399  	0,00425  
40,05397  	1327,82048  	880,14922  	1327,82053  	25,62386  	0,04715  	0,21218  	-15815,93170  	0,12521  	0,18935  	1,75328  	1,75005  	680124717,73372  	2480597,94708  	36,95419  	-4667896,50935  	0,27318  	0,00809  	-Inf  	-Inf  	0,00376  	0,00458  	0,00396  	0,00807  	-244,98909  	0,00399  	0,00425  
41,05734  	1327,82048  	1327,75450  	199,89045  	25,62689  	0,04338  	0,21190  	-15815,93170  	0,12718  	0,18821  	1,75091  	1,74768  	63599034,03193  	5750045,57735  	37,53616  	-4667896,50935  	0,27155  	0,03664  	NaN  	NaN  	0,00376  	0,00459  	0,00396  	0,00807  	-244,98909  	0,00398  	0,00425  
42,05826  	198,32579  	198,30720  	-244,98909  	25,62875  	0,04590  	0,21257  	57091,23578  	0,12640  	0,18834  	1,75653  	1,75329  	147,49373  	86,50920  	37,30504  	16849843,89296  	2905,90462  	69,68308  	NaN  	NaN  	0,00376  	0,00459  	0,00396  	0,00808  	884,36285  	0,00399  	0,00425  
43,05990  	888,08665  	888,03912  	888,08669  	25,62963  	0,04797  	0,21208  	12568,21932  	0,12638  	0,18777  	1,75244  	1,74920  	111370657,96982  	19,03789  	37,30007  	3709370,28502  	1,62983  	0,02098  	-Inf  	-Inf  	0,00376  	0,00459  	0,00397  	0,00807  	194,68916  	0,00399  	0,00425  
44,06046  	190,38420  	1327,75450  	1327,82053  	25,63042  	0,04110  	0,21211  	-15815,93170  	0,12724  	0,18853  	1,75268  	1,74945  	274496706,83876  	0,01150  	37,55362  	-4667896,50935  	3109,12403  	0,00322  	-Inf  	-Inf  	0,00376  	0,00459  	0,00397  	0,00807  	-244,98909  	0,00397  	0,00425  
45,06142  	895,90253  	186,91074  	186,92887  	25,63316  	0,05010  	0,21190  	57826,89071  	0,12645  	0,18764  	1,75096  	1,74773  	2045,83996  	8,03891  	37,32074  	17066964,27136  	1,56472  	48,08270  	NaN  	NaN  	0,00376  	0,00459  	0,00397  	0,00807  	895,75834  	0,00400  	0,00425  
46,06270  	1327,82048  	899,56642  	-244,98909  	25,63445  	0,04452  	0,21151  	11824,11807  	0,12634  	0,18853  	1,74775  	1,74452  	190694,45079  	5987747,05547  	37,28725  	3489757,06979  	0,27200  	1,95393  	NaN  	NaN  	0,00376  	0,00459  	0,00397  	0,00806  	183,16283  	0,00398  	0,00425  
47,06419  	1327,82048  	1327,75450  	-244,98909  	25,63585  	0,04866  	0,21293  	-15815,93170  	0,12787  	0,18903  	1,75948  	1,75624  	6544054,65606  	8993971,28797  	37,74003  	-4667896,50935  	0,27272  	0,19218  	NaN  	NaN  	0,00376  	0,00459  	0,00396  	0,00809  	-244,98909  	0,00400  	0,00425  
48,06514  	1327,82048  	1327,75450  	-244,98909  	25,63850  	0,04190  	0,21224  	-15815,93170  	0,12675  	0,18772  	1,75374  	1,75050  	6498528,30313  	7744688,13846  	37,40823  	-4667896,50935  	0,27082  	0,16548  	NaN  	NaN  	0,00376  	0,00459  	0,00397  	0,00807  	-244,98909  	0,00397  	0,00425  
49,06703  	174,00738  	173,98980  	908,82405  	25,64023  	0,05039  	0,21241  	-15815,93170  	0,12631  	0,19004  	1,75517  	1,75193  	749805,83714  	156,16986  	37,27831  	-4667896,50935  	3325,13961  	0,19898  	-Inf  	-Inf  	0,00376  	0,00459  	0,00397  	0,00808  	-244,98909  	0,00400  	0,00425  
50,06753  	911,41476  	911,36624  	171,41665  	25,64092  	0,04600  	0,21149  	-15815,93170  	0,12696  	0,18902  	1,74758  	1,74436  	4451689,34684  	337951,45413  	37,47035  	-4667896,50935  	1,45754  	0,18167  	NaN  	NaN  	0,00376  	0,00459  	0,00397  	0,00806  	-244,98909  	0,00399  	0,00425  
51,06930  	1327,82048  	1327,75450  	916,53805  	25,64093  	0,04492  	0,21200  	59158,87937  	0,12675  	0,18858  	1,75175  	1,74852  	751136679,81649  	2171048,09470  	37,40786  	17460085,92377  	0,27206  	0,00719  	NaN  	NaN  	0,00376  	0,00459  	0,00396  	0,00807  	916,39121  	0,00398  	0,00425  
52,07045  	1327,82048  	1327,75450  	164,40678  	25,64322  	0,04552  	0,21207  	85706,53851  	0,12726  	0,18923  	1,75234  	1,74911  	54864886,42936  	6223934,50781  	37,56067  	25295332,54600  	0,27300  	0,04263  	NaN  	NaN  	0,00376  	0,00459  	0,00397  	0,00807  	1327,62170  	0,00399  	0,00425  
53,07295  	1327,82048  	1327,75450  	-244,98909  	25,64415  	0,04350  	0,21196  	85706,53851  	0,12702  	0,18888  	1,75148  	1,74825  	6538772,12345  	8040103,66008  	37,48987  	25295332,54600  	0,27249  	0,17179  	NaN  	NaN  	0,00376  	0,00459  	0,00397  	0,00807  	1327,62170  	0,00398  	0,00425  
54,07356  	1327,82048  	1327,75450  	925,43739  	25,64584  	0,04550  	0,21182  	85706,53851  	0,12626  	0,18923  	1,75031  	1,74708  	772847233,63841  	2151597,08680  	37,26311  	25295332,54600  	0,27299  	0,00716  	NaN  	NaN  	0,00376  	0,00459  	0,00396  	0,00807  	1327,62170  	0,00399  	0,00425  
55,07455  	1327,82048  	1327,75450  	1327,82053  	25,64758  	0,05213  	0,21198  	85706,53851  	0,12678  	0,18972  	1,75163  	1,74840  	2183277302,74717  	404,58410  	37,41882  	25295332,54600  	0,27370  	0,00409  	-Inf  	-Inf  	0,00376  	0,00459  	0,00396  	0,00807  	1327,62170  	0,00401  	0,00425  
56,07450  	1327,82048  	1327,75450  	1327,82053  	25,64845  	0,04695  	0,21259  	9711,80516  	0,12682  	0,18941  	1,75665  	1,75341  	2179657878,74082  	364,38496  	37,42881  	2866331,38424  	0,27325  	0,00368  	-Inf  	-Inf  	0,00376  	0,00459  	0,00396  	0,00808  	150,44253  	0,00399  	0,00425  
57,07621  	1327,82048  	1327,75450  	1327,82053  	25,64908  	0,04842  	0,21207  	60320,84788  	0,12746  	0,18856  	1,75239  	1,74916  	2169866442,48977  	375,75491  	37,61780  	17803028,01907  	0,27202  	0,00379  	-Inf  	-Inf  	0,00376  	0,00459  	0,00397  	0,00807  	934,39042  	0,00400  	0,00425  
58,07652  	146,09128  	1327,75450  	1327,82053  	25,65019  	0,04715  	0,21232  	85706,53851  	0,12689  	0,18871  	1,75446  	1,75123  	200859426,66876  	0,01308  	37,44942  	25295332,54600  	3045,21651  	0,00369  	-Inf  	-Inf  	0,00376  	0,00459  	0,00396  	0,00808  	1327,62170  	0,00399  	0,00425  
59,07911  	939,17377  	143,64132  	143,65763  	25,65098  	0,05020  	0,21216  	85706,53851  	0,12659  	0,18900  	1,75308  	1,74985  	838,33102  	9,93976  	37,36232  	25295332,54600  	1,27155  	248,05237  	NaN  	NaN  	0,00376  	0,00459  	0,00396  	0,00807  	1327,62170  	0,00400  	0,00425  
60,07851  	140,59280  	-244,98909  	-244,98909  	25,65054  	0,04531  	0,21250  	85706,53851  	0,12722  	0,18899  	1,75595  	1,75272  	34423,37900  	0,00000  	37,54675  	25295332,54600  	2954,93050  	0,87672  	Inf  	-Inf  	0,00376  	0,00459  	0,00396  	0,00808  	1327,62170  	0,00399  	0,00425  
61,07867  	-244,98909  	945,09335  	945,14332  	25,65010  	0,04832  	0,21251  	8885,30056  	0,12676  	0,18865  	1,75598  	1,75274  	52351889,66086  	0,11092  	37,41272  	2622397,73544  	31,79147  	0,01614  	-Inf  	-Inf  	0,00376  	0,00459  	0,00396  	0,00808  	137,63974  	0,00399  	0,00425  
62,07991  	-244,98909  	1327,75450  	1327,82053  	25,65194  	0,04063  	0,21238  	-15815,93170  	0,12630  	0,18904  	1,75492  	1,75169  	452135081,80051  	0,12324  	37,27498  	-4667896,50935  	31,85697  	0,00318  	-Inf  	-Inf  	0,00376  	0,00459  	0,00396  	0,00808  	-244,98909  	0,00397  	0,00425  
63,07950  	950,35878  	1327,75450  	1327,82053  	25,65303  	0,04706  	0,21152  	61341,95849  	0,12575  	0,18919  	1,74779  	1,74456  	1546061736,47510  	40,80635  	37,11388  	18104397,47047  	1,20629  	0,00369  	-Inf  	-Inf  	0,00376  	0,00458  	0,00396  	0,00806  	950,20770  	0,00399  	0,00425  
64,07952  	1327,82048  	1327,75450  	131,71861  	25,65354  	0,03472  	0,21238  	85706,53851  	0,12685  	0,18901  	1,75491  	1,75168  	47423812,67570  	4880247,47536  	37,43742  	25295332,54600  	0,27267  	0,03585  	NaN  	NaN  	0,00376  	0,00459  	0,00397  	0,00808  	1327,62170  	0,00395  	0,00425  
65,08228  	1327,82048  	1327,75450  	953,88119  	25,65449  	0,04584  	0,21182  	8321,28427  	0,12683  	0,18908  	1,75027  	1,74704  	836070827,21151  	2014281,59895  	37,43333  	2455934,59380  	0,27277  	0,00684  	NaN  	NaN  	0,00376  	0,00459  	0,00396  	0,00807  	128,90298  	0,00399  	0,00425  
66,08174  	126,78303  	1327,75450  	1327,82053  	25,65668  	0,04926  	0,21199  	-15815,93170  	0,12655  	0,19001  	1,75171  	1,74848  	169812126,21591  	0,01363  	37,35032  	-4667896,50935  	2717,00281  	0,00386  	-Inf  	-Inf  	0,00376  	0,00459  	0,00396  	0,00807  	-244,98909  	0,00400  	0,00425  
67,08161  	-244,98909  	1327,75450  	1327,82053  	25,65704  	0,05152  	0,21255  	61929,97599  	0,12711  	0,18960  	1,75636  	1,75312  	453489432,31054  	0,15627  	37,51614  	18277944,30124  	31,95349  	0,00404  	-Inf  	-Inf  	0,00376  	0,00459  	0,00397  	0,00808  	959,31625  	0,00401  	0,00425  
68,08175  	960,80013  	122,01586  	1327,82053  	25,65853  	0,04572  	0,21252  	85706,53851  	0,12610  	0,18891  	1,75609  	1,75286  	32597750,83337  	778654,27289  	37,21602  	25295332,54600  	1,14637  	0,04862  	-Inf  	-Inf  	0,00376  	0,00459  	0,00397  	0,00808  	1327,62170  	0,00399  	0,00425  
69,08317  	1327,82048  	-244,98909  	1327,82053  	25,65841  	0,04918  	0,21223  	85706,53851  	0,12682  	0,18958  	1,75369  	1,75046  	6565571,92001  	9090654,47940  	37,42815  	25295332,54600  	0,27349  	0,19416  	NaN  	NaN  	0,00376  	0,00459  	0,00396  	0,00807  	1327,62170  	0,00400  	0,00425  
70,08277  	1327,82048  	963,43422  	1327,82053  	25,65907  	0,04832  	0,21252  	7701,37586  	0,12641  	0,18941  	1,75612  	1,75288  	860106966,05742  	2069544,67248  	37,30877  	2272975,51428  	0,27324  	0,00708  	-Inf  	-Inf  	0,00376  	0,00459  	0,00396  	0,00808  	119,30043  	0,00399  	0,00425  
71,08465  	1327,82048  	1327,75450  	118,11207  	25,66018  	0,04645  	0,21229  	62268,91047  	0,12751  	0,18899  	1,75421  	1,75098  	44603018,99928  	6604592,33792  	37,63330  	18377977,04751  	0,27264  	0,05000  	NaN  	NaN  	0,00376  	0,00459  	0,00396  	0,00808  	964,56644  	0,00399  	0,00425  
72,08721  	115,69517  	1327,75450  	967,13626  	25,65982  	0,04521  	0,21201  	7465,68951  	0,12695  	0,18904  	1,75188  	1,74865  	59951244,73024  	68,27271  	37,46752  	2203415,30758  	2501,50299  	0,00658  	-Inf  	-Inf  	0,00376  	0,00459  	0,00396  	0,00807  	115,64958  	0,00398  	0,00425  
73,08778  	-244,98909  	1327,75450  	112,33919  	25,66123  	0,04634  	0,21194  	-15815,93170  	0,12769  	0,18936  	1,75128  	1,74805  	9049071,67694  	2586,87908  	37,68734  	-4667896,50935  	31,91476  	0,05077  	-Inf  	-Inf  	0,00376  	0,00459  	0,00396  	0,00807  	-244,98909  	0,00399  	0,00425  
74,08900  	-244,98909  	1327,75450  	974,36252  	25,66108  	0,04675  	0,21298  	62891,36092  	0,12694  	0,18902  	1,75984  	1,75661  	183816498,61224  	758,68089  	37,46348  	18561686,38394  	31,85625  	0,00671  	-Inf  	-Inf  	0,00376  	0,00459  	0,00396  	0,00809  	974,20837  	0,00399  	0,00425  
75,08864  	-244,98909  	104,75345  	1327,82053  	25,66078  	0,04357  	0,21173  	6760,36552  	0,12782  	0,18975  	1,74955  	1,74632  	8762118,17075  	2447,67063  	37,72459  	1995246,76882  	31,97953  	0,04885  	-Inf  	-Inf  	0,00376  	0,00459  	0,00397  	0,00807  	104,72392  	0,00398  	0,00425  
76,09138  	-244,98909  	-244,98909  	1327,82053  	25,66062  	0,04679  	0,21241  	63419,13610  	0,12793  	0,18921  	1,75514  	1,75190  	1361998,31201  	3379,68839  	37,75850  	18717453,36375  	31,88932  	0,18473  	NaN  	NaN  	0,00376  	0,00459  	0,00396  	0,00808  	982,38375  	0,00399  	0,00425  
77,09210  	-244,98909  	-244,98909  	1327,82053  	25,66047  	0,04744  	0,21263  	6415,56227  	0,12742  	0,18942  	1,75697  	1,75374  	1363515,13835  	3427,12909  	37,60803  	1893481,92116  	31,92480  	0,18732  	NaN  	NaN  	0,00377  	0,00459  	0,00396  	0,00808  	99,38282  	0,00399  	0,00425  
78,09376  	-244,98909  	-244,98909  	1327,82053  	25,66167  	0,04484  	0,21215  	63662,00692  	0,12824  	0,18825  	1,75303  	1,74980  	1355066,17346  	3238,94376  	37,84771  	18789133,98764  	31,72723  	0,17704  	NaN  	NaN  	0,00376  	0,00459  	0,00396  	0,00807  	986,14589  	0,00398  	0,00425  
79,09527  	989,91585  	989,86404  	1327,82053  	25,66114  	0,04464  	0,21209  	5995,29918  	0,12702  	0,18848  	1,75256  	1,74932  	681470759,42172  	259797,49118  	37,48772  	1769445,93881  	0,99954  	0,00623  	-Inf  	-Inf  	0,00376  	0,00459  	0,00397  	0,00807  	92,87283  	0,00398  	0,00425  
80,09534  	88,31322  	1327,75450  	88,31323  	25,66177  	0,05105  	0,21204  	64192,38049  	0,12833  	0,18929  	1,75208  	1,74884  	1875577,18010  	264,62900  	37,87388  	18945667,85214  	2047,75419  	0,06025  	-Inf  	-Inf  	0,00376  	0,00460  	0,00397  	0,00807  	994,36152  	0,00400  	0,00425  
81,09656  	-244,98909  	1327,75450  	-244,98909  	25,66226  	0,04437  	0,21221  	85706,53851  	0,12640  	0,18889  	1,75351  	1,75027  	1359154,74987  	3205,12504  	37,30643  	25295332,54600  	31,83619  	0,17525  	-Inf  	-Inf  	0,00376  	0,00459  	0,00397  	0,00807  	1327,62170  	0,00398  	0,00425  
82,09830  	-244,98909  	83,08522  	999,73245  	25,66320  	0,04316  	0,21232  	85706,53851  	0,12864  	0,18954  	1,75444  	1,75120  	1364232,90626  	1816,98335  	37,96804  	25295332,54600  	31,94493  	0,17043  	-Inf  	-Inf  	0,00376  	0,00460  	0,00396  	0,00808  	1327,62170  	0,00398  	0,00425  
83,09764  	1001,44757  	1001,39528  	1327,82053  	25,66318  	0,04383  	0,21213  	5250,94398  	0,12762  	0,18951  	1,75284  	1,74961  	715485270,18456  	266048,23723  	37,66481  	1549757,77236  	0,95393  	0,00599  	-Inf  	-Inf  	0,00376  	0,00459  	0,00397  	0,00807  	81,34257  	0,00398  	0,00425  
84,09821  	1327,82048  	1327,75450  	77,92848  	25,66411  	0,04709  	0,21213  	64862,70001  	0,12625  	0,18943  	1,75282  	1,74958  	37172576,10751  	6916875,13013  	37,26275  	19143505,21049  	0,27326  	0,05741  	NaN  	NaN  	0,00376  	0,00459  	0,00396  	0,00807  	1004,74495  	0,00399  	0,00425  
85,10053  	1327,82048  	75,09901  	1007,71899  	25,66374  	0,05121  	0,21197  	85706,53851  	0,12535  	0,18928  	1,75154  	1,74831  	6554741,48750  	5613278,00230  	36,99565  	25295332,54600  	0,27306  	0,20220  	NaN  	NaN  	0,00376  	0,00458  	0,00397  	0,00807  	1327,62170  	0,00400  	0,00425  
86,10164  	1327,82048  	-244,98909  	73,90426  	25,66459  	0,03942  	0,21245  	85706,53851  	0,12775  	0,18933  	1,75552  	1,75229  	4903,34014  	1477404,11822  	37,70501  	25295332,54600  	0,27312  	11,28989  	Inf  	-Inf  	0,00376  	0,00459  	0,00397  	0,00808  	1327,62170  	0,00397  	0,00425  
87,10353  	1327,82048  	1013,20578  	1013,25861  	25,66484  	0,04726  	0,21229  	85706,53851  	0,12661  	0,19012  	1,75422  	1,75098  	395909330,00558  	293,46058  	37,36816  	25295332,54600  	0,27427  	0,01170  	NaN  	NaN  	0,00376  	0,00459  	0,00397  	0,00808  	1327,62170  	0,00399  	0,00425  
88,10617  	1327,82048  	1327,75450  	1327,82053  	25,66510  	0,04434  	0,21218  	85706,53851  	0,12660  	0,19013  	1,75326  	1,75003  	2187951660,09698  	344,11945  	37,36359  	25295332,54600  	0,27428  	0,00347  	-Inf  	-Inf  	0,00376  	0,00459  	0,00397  	0,00807  	1327,62170  	0,00398  	0,00425  
89,10563  	1327,82048  	61,52004  	61,53291  	25,66529  	0,04218  	0,21196  	85706,53851  	0,12759  	0,18894  	1,75144  	1,74820  	1029,15364  	63,80760  	37,65803  	25295332,54600  	0,27255  	488,60168  	NaN  	NaN  	0,00376  	0,00459  	0,00397  	0,00807  	1327,62170  	0,00398  	0,00425  
90,10696  	57,82466  	1024,95345  	-244,98909  	25,66583  	0,04613  	0,21239  	3730,23592  	0,12705  	0,18934  	1,75497  	1,75174  	16766,23968  	245,00791  	37,49801  	1100937,68465  	1592,93854  	0,85205  	NaN  	NaN  	0,00376  	0,00459  	0,00396  	0,00808  	57,78639  	0,00399  	0,00425  
91,10839  	-244,98909  	1327,75450  	1027,92306  	25,66697  	0,04665  	0,21150  	66348,61252  	0,12707  	0,18755  	1,74762  	1,74439  	210929923,78371  	642,36116  	37,50292  	19582055,77734  	31,61074  	0,00607  	-Inf  	-Inf  	0,00376  	0,00459  	0,00396  	0,00806  	1027,76214  	0,00399  	0,00425  
92,10849  	1029,14997  	1327,75450  	1327,82053  	25,66721  	0,04881  	0,21196  	85706,53851  	0,12696  	0,18861  	1,75145  	1,74822  	1672644356,15865  	71,80251  	37,47031  	25295332,54600  	0,83986  	0,00382  	-Inf  	-Inf  	0,00376  	0,00459  	0,00396  	0,00807  	1327,62170  	0,00400  	0,00425  
93,11176  	1327,82048  	50,25406  	1327,82053  	25,66747  	0,05156  	0,21220  	3242,36488  	0,12798  	0,18940  	1,75345  	1,75022  	32630705,75999  	7742385,43234  	37,77228  	956947,96946  	0,27322  	0,06865  	-Inf  	-Inf  	0,00376  	0,00459  	0,00397  	0,00807  	50,22913  	0,00401  	0,00425  
94,11246  	1327,82048  	1035,21666  	1327,82053  	25,66791  	0,04135  	0,21209  	66822,87330  	0,12660  	0,18852  	1,75250  	1,74927  	1040353255,52536  	1422197,49246  	37,36332  	19722028,57697  	0,27195  	0,00531  	-Inf  	-Inf  	0,00376  	0,00459  	0,00396  	0,00807  	1035,10857  	0,00397  	0,00425  
95,11303  	1327,82048  	41,84968  	1327,82053  	25,66709  	0,04506  	0,21234  	2699,85242  	0,12594  	0,18901  	1,75463  	1,75139  	31280807,51375  	6810692,17943  	37,16936  	796831,44262  	0,27266  	0,06165  	-Inf  	-Inf  	0,00376  	0,00458  	0,00396  	0,00808  	41,82546  	0,00398  	0,00425  
96,11615  	1327,82048  	-244,98909  	1327,82053  	25,66754  	0,05147  	0,21209  	-15815,93170  	0,12840  	0,18933  	1,75251  	1,74928  	6557083,11450  	9515884,35639  	37,89546  	-4667896,50935  	0,27313  	0,20324  	NaN  	NaN  	0,00376  	0,00460  	0,00396  	0,00807  	-244,98909  	0,00401  	0,00425  
97,11673  	36,66597  	-244,98909  	36,66598  	25,66898  	0,04668  	0,21168  	67526,13208  	0,12695  	0,18935  	1,74913  	1,74590  	79,25586  	54,99436  	37,46839  	19929587,59438  	1294,08503  	8,83267  	NaN  	NaN  	0,00376  	0,00459  	0,00397  	0,00806  	1046,00224  	0,00399  	0,00425  
98,11672  	1050,57947  	1050,52512  	1050,57951  	25,66952  	0,04984  	0,21199  	85706,53851  	0,12782  	0,18844  	1,75167  	1,74844  	388807252,23917  	69,19388  	37,72546  	25295332,54600  	0,76509  	0,01057  	-Inf  	-Inf  	0,00376  	0,00459  	0,00396  	0,00807  	1327,62170  	0,00400  	0,00425  
99,11707  	1327,82048  	1327,75450  	27,10698  	25,66996  	0,04720  	0,21243  	85706,53851  	0,12729  	0,18919  	1,75533  	1,75209  	29150026,38355  	7216136,52016  	37,56857  	25295332,54600  	0,27292  	0,06779  	NaN  	NaN  	0,00376  	0,00459  	0,00396  	0,00808  	1327,62170  	0,00399  	0,00425  
100,11823  	26,01132  	1327,75450  	-244,98909  	25,67005  	0,04551  	0,21225  	1676,73327  	0,12613  	0,18934  	1,75381  	1,75057  	1717,80881  	299,42439  	37,22639  	494869,19341  	1149,91827  	0,17975  	NaN  	NaN  	0,00376  	0,00459  	0,00396  	0,00808  	25,97707  	0,00399  	0,00425  
101,12037  	1057,62147  	1327,75450  	-244,98909  	25,67083  	0,04644  	0,21204  	-15815,93170  	0,12679  	0,19005  	1,75208  	1,74885  	5213973,64672  	1948033,52445  	37,42054  	-4667896,50935  	0,74892  	0,18340  	NaN  	NaN  	0,00376  	0,00459  	0,00396  	0,00807  	-244,98909  	0,00399  	0,00425  
102,12064  	1327,82048  	1327,75450  	-244,98909  	25,67165  	0,04834  	0,21229  	68444,26612  	0,12745  	0,19006  	1,75416  	1,75092  	6579564,88912  	8936833,77590  	37,61653  	20200564,65301  	0,27417  	0,19093  	NaN  	NaN  	0,00376  	0,00459  	0,00396  	0,00808  	1060,22439  	0,00399  	0,00425  
103,12304  	1327,82048  	1327,75450  	-244,98909  	25,67270  	0,04604  	0,21217  	85706,53851  	0,12836  	0,18944  	1,75321  	1,74998  	6557857,71323  	8511810,43313  	37,88348  	25295332,54600  	0,27327  	0,18185  	NaN  	NaN  	0,00376  	0,00460  	0,00396  	0,00807  	1327,62170  	0,00399  	0,00425  
104,12306  	16,36241  	1327,75450  	1066,46902  	25,67354  	0,04538  	0,21162  	1053,91093  	0,12787  	0,18840  	1,74862  	1,74539  	8075885,63534  	49,59902  	37,73963  	311050,09997  	1020,11944  	0,00551  	-Inf  	-Inf  	0,00376  	0,00459  	0,00397  	0,00806  	16,32938  	0,00399  	0,00425  
105,12451  	1072,65974  	1327,75450  	10,17166  	25,67380  	0,04861  	0,21193  	69236,29979  	0,12740  	0,18920  	1,75121  	1,74798  	21576628,29366  	1874890,42973  	37,60014  	20434324,59163  	0,70000  	0,07384  	NaN  	NaN  	0,00376  	0,00459  	0,00397  	0,00807  	1072,49320  	0,00400  	0,00425  
106,12648  	9,17694  	1327,75450  	-244,98909  	25,67304  	0,04899  	0,21186  	85706,53851  	0,12774  	0,18963  	1,75065  	1,74742  	83164,32339  	322,31618  	37,70226  	25295332,54600  	938,24410  	0,19347  	NaN  	NaN  	0,00376  	0,00459  	0,00396  	0,00807  	1327,62170  	0,00400  	0,00425  
107,12896  	-244,98909  	7,30258  	1075,51827  	25,67381  	0,04325  	0,21241  	469,79576  	0,12658  	0,18948  	1,75515  	1,75192  	1363874,42466  	2121,56406  	37,35958  	138654,99913  	31,93817  	0,17079  	NaN  	NaN  	0,00376  	0,00459  	0,00397  	0,00808  	7,28128  	0,00398  	0,00425  
108,13016  	1080,68709  	-244,98909  	1327,82053  	25,67399  	0,04145  	0,21164  	-15815,93170  	0,12594  	0,18898  	1,74882  	1,74559  	5302680,91370  	2003992,07821  	37,16963  	-4667896,50935  	0,67631  	0,16364  	NaN  	NaN  	0,00376  	0,00458  	0,00396  	0,00806  	-244,98909  	0,00397  	0,00425  
109,13060  	1327,82048  	1086,01158  	-3,23602  	25,67519  	0,04613  	0,21237  	70101,74547  	0,12817  	0,18930  	1,75483  	1,75160  	6553620,92348  	5906579,83099  	37,82799  	20689751,26605  	0,27307  	0,18219  	NaN  	NaN  	0,00376  	0,00459  	0,00397  	0,00808  	1085,89919  	0,00399  	0,00425  
110,13229  	-5,58020  	1327,75450  	1088,41164  	25,67500  	0,04551  	0,21201  	85706,53851  	0,12687  	0,19002  	1,75187  	1,74864  	28963039,05047  	45,60212  	37,44324  	25295332,54600  	772,51887  	0,00532  	-Inf  	-Inf  	0,00376  	0,00459  	0,00397  	0,00807  	1327,62170  	0,00399  	0,00425  
111,13243  	1091,60063  	1327,75450  	1327,82053  	25,67386  	0,04681  	0,21248  	85706,53851  	0,12783  	0,18893  	1,75578  	1,75254  	1779709792,20484  	101,50812  	37,72838  	25295332,54600  	0,64650  	0,00367  	-Inf  	-Inf  	0,00376  	0,00459  	0,00397  	0,00808  	1327,62170  	0,00399  	0,00425  
112,13368  	1327,82048  	1327,75450  	-11,99190  	25,67542  	0,04561  	0,21191  	85706,53851  	0,12814  	0,18978  	1,75105  	1,74782  	24110021,95650  	7182896,61413  	37,81855  	25295332,54600  	0,27377  	0,07464  	NaN  	NaN  	0,00376  	0,00459  	0,00397  	0,00807  	1327,62170  	0,00399  	0,00425  
113,13421  	1327,82048  	-14,25725  	-244,98909  	25,67693  	0,04263  	0,21206  	85706,53851  	0,12754  	0,18925  	1,75227  	1,74904  	21737,13124  	1156297,65373  	37,64161  	25295332,54600  	0,27299  	4,83319  	Inf  	-Inf  	0,00376  	0,00459  	0,00397  	0,00807  	1327,62170  	0,00398  	0,00425  
114,13546  	-18,28063  	1101,05555  	1101,11207  	25,67754  	0,04944  	0,21183  	85706,53851  	0,12738  	0,18910  	1,75034  	1,74711  	22549629,74373  	0,01173  	37,59586  	25295332,54600  	642,82209  	0,00858  	-Inf  	-Inf  	0,00376  	0,00459  	0,00397  	0,00807  	1327,62170  	0,00400  	0,00425  
115,13918  	-244,98909  	1327,75450  	-19,94229  	25,67707  	0,05188  	0,21241  	85706,53851  	0,12792  	0,18927  	1,75520  	1,75197  	4801865,29104  	3210,32546  	37,75269  	25295332,54600  	31,90367  	0,08723  	-Inf  	-Inf  	0,00376  	0,00459  	0,00396  	0,00808  	1327,62170  	0,00401  	0,00425  
116,14139  	1104,16264  	-21,34063  	1104,16268  	25,67779  	0,04354  	0,21198  	-1379,15741  	0,12754  	0,18917  	1,75161  	1,74837  	5425811,19324  	1734797,96573  	37,64211  	-407042,98504  	0,61518  	0,17191  	NaN  	NaN  	0,00376  	0,00459  	0,00396  	0,00807  	-21,35951  	0,00398  	0,00425  
117,14174  	-28,38589  	-244,98909  	-28,38589  	25,67820  	0,05012  	0,21248  	71725,13096  	0,12732  	0,18958  	1,75576  	1,75253  	1125,35459  	45,72781  	37,57711  	21168875,45643  	556,27085  	4,97766  	NaN  	NaN  	0,00376  	0,00459  	0,00396  	0,00808  	1111,04588  	0,00400  	0,00425  
118,14368  	1114,01619  	-244,98909  	1114,01623  	25,67824  	0,04295  	0,21181  	-2015,18929  	0,12646  	0,18927  	1,75023  	1,74700  	1213345,10473  	2190638,60846  	37,32423  	-594760,72785  	0,59165  	0,47247  	NaN  	NaN  	0,00376  	0,00459  	0,00397  	0,00807  	-31,21182  	0,00398  	0,00425  
119,14361  	1327,82048  	1120,08700  	1327,82053  	25,67838  	0,04469  	0,21209  	72301,35417  	0,12698  	0,18717  	1,75255  	1,74931  	1290503221,05799  	1091131,16897  	37,47714  	21338941,33434  	0,27000  	0,00494  	-Inf  	-Inf  	0,00376  	0,00459  	0,00396  	0,00807  	1119,97173  	0,00398  	0,00425  
120,14528  	1327,82048  	-40,29975  	-40,29116  	25,67676  	0,04554  	0,21191  	85706,53851  	0,12741  	0,18842  	1,75100  	1,74777  	1350,64156  	46,00754  	37,60252  	25295332,54600  	0,27180  	42,09327  	Inf  	-Inf  	0,00376  	0,00459  	0,00397  	0,00807  	1327,62170  	0,00399  	0,00425  
121,14727  	1327,82048  	1125,07326  	-244,98909  	25,67651  	0,04661  	0,21180  	85706,53851  	0,12831  	0,18886  	1,75009  	1,74686  	1581855,26014  	7506911,90430  	37,86894  	25295332,54600  	0,27244  	0,48291  	NaN  	NaN  	0,00376  	0,00460  	0,00396  	0,00807  	1327,62170  	0,00399  	0,00425  
122,14729  	-45,32704  	1327,75450  	1128,15847  	25,67665  	0,04805  	0,21190  	85706,53851  	0,12740  	0,18933  	1,75094  	1,74771  	72661314,33822  	40,97269  	37,60022  	25295332,54600  	431,60868  	0,00524  	-Inf  	-Inf  	0,00376  	0,00459  	0,00397  	0,00807  	1327,62170  	0,00399  	0,00425  
123,15125  	1132,20209  	1327,75450  	1327,82053  	25,67818  	0,03838  	0,21157  	85706,53851  	0,12557  	0,18879  	1,74826  	1,74503  	1846151137,35802  	105,74812  	37,05993  	25295332,54600  	0,54921  	0,00301  	-Inf  	-Inf  	0,00376  	0,00458  	0,00397  	0,00806  	1327,62170  	0,00396  	0,00425  
124,15199  	1327,82048  	1327,75450  	1327,82053  	25,67799  	0,04255  	0,21192  	-3320,54688  	0,12745  	0,18878  	1,75113  	1,74790  	2172437953,53829  	330,30309  	37,61664  	-980022,51630  	0,27232  	0,00333  	-Inf  	-Inf  	0,00376  	0,00459  	0,00396  	0,00807  	-51,43217  	0,00398  	0,00425  
125,15338  	-56,55344  	-56,56134  	-56,55343  	25,67848  	0,04198  	0,21225  	-15815,93170  	0,12720  	0,18888  	1,75385  	1,75061  	121,98881  	0,00144  	37,54221  	-4667896,50935  	363,62447  	24,77002  	NaN  	NaN  	0,00376  	0,00459  	0,00396  	0,00808  	-244,98909  	0,00397  	0,00425  
126,15283  	1143,04285  	-244,98909  	1143,04290  	25,67814  	0,04751  	0,21200  	73779,42313  	0,12765  	0,18910  	1,75182  	1,74858  	1563812,94791  	2928734,86191  	37,67425  	21775176,96467  	0,52734  	0,44738  	NaN  	NaN  	0,00376  	0,00459  	0,00396  	0,00807  	1142,86743  	0,00399  	0,00425  
127,15612  	1327,82048  	1145,77637  	1327,82053  	25,67962  	0,04546  	0,21163  	85706,53851  	0,12743  	0,18875  	1,74873  	1,74550  	1389866242,60664  	972857,79182  	37,61091  	25295332,54600  	0,27227  	0,00481  	-Inf  	-Inf  	0,00376  	0,00459  	0,00397  	0,00806  	1327,62170  	0,00399  	0,00425  
128,15579  	-65,80428  	-65,81180  	1327,82053  	25,68038  	0,04949  	0,21235  	85706,53851  	0,12729  	0,18905  	1,75465  	1,75142  	1280585,72015  	306,44292  	37,56831  	25295332,54600  	316,67399  	0,09760  	NaN  	NaN  	0,00376  	0,00459  	0,00396  	0,00808  	1327,62170  	0,00400  	0,00425  
129,15779  	-244,98909  	1153,24976  	-70,47703  	25,68045  	0,04888  	0,21147  	-4551,44330  	0,12683  	0,18868  	1,74741  	1,74418  	1357798,61299  	2746,33726  	37,43162  	-1343307,91964  	31,80684  	0,19305  	-Inf  	-Inf  	0,00376  	0,00459  	0,00396  	0,00806  	-70,49909  	0,00400  	0,00425  
130,15943  	-244,98909  	1327,75450  	-244,98909  	25,68326  	0,04948  	0,21268  	74579,40013  	0,12774  	0,18980  	1,75737  	1,75414  	1365763,44245  	3572,51996  	37,70016  	22011281,28799  	31,99548  	0,19541  	-Inf  	-Inf  	0,00376  	0,00459  	0,00396  	0,00808  	1155,25929  	0,00400  	0,00425  
131,16112  	1159,51824  	-76,69391  	-244,98909  	25,68304  	0,05312  	0,21214  	-4952,27747  	0,12957  	0,18993  	1,75294  	1,74971  	47645,73825  	435963,39307  	38,24236  	-1461609,67092  	0,49713  	3,45356  	Inf  	-Inf  	0,00376  	0,00460  	0,00397  	0,00807  	-76,70812  	0,00401  	0,00425  
132,16079  	-80,83435  	1163,60664  	1163,66579  	25,68283  	0,04703  	0,21186  	75110,59919  	0,12657  	0,18924  	1,75058  	1,74735  	77581188,22730  	0,01304  	37,35505  	22168058,78907  	253,28419  	0,00645  	-Inf  	-Inf  	0,00376  	0,00459  	0,00396  	0,00807  	1163,48771  	0,00399  	0,00425  
133,16338  	1167,95908  	-85,13440  	-85,12769  	25,68296  	0,04136  	0,21267  	85706,53851  	0,12682  	0,18927  	1,75733  	1,75409  	4238,63012  	14,19358  	37,43059  	25295332,54600  	0,47975  	11,96079  	Inf  	-Inf  	0,00376  	0,00459  	0,00397  	0,00808  	1327,62170  	0,00397  	0,00425  
134,16292  	-85,82076  	1168,59285  	-244,98909  	25,68354  	0,04319  	0,21155  	-5541,85772  	0,12761  	0,18856  	1,74807  	1,74484  	188933,63479  	293,20067  	37,66210  	-1635617,72894  	234,44989  	0,35639  	NaN  	NaN  	0,00376  	0,00459  	0,00397  	0,00806  	-85,84088  	0,00398  	0,00425  
135,16245  	1170,19413  	1327,75450  	1170,19417  	25,68417  	0,05226  	0,21217  	-15815,93170  	0,12847  	0,18940  	1,75317  	1,74994  	1303858636,38877  	426296,51041  	37,91502  	-4667896,50935  	0,47604  	0,00530  	-Inf  	-Inf  	0,00376  	0,00460  	0,00396  	0,00807  	-244,98909  	0,00401  	0,00425  
136,16265  	1327,82048  	1327,75450  	-91,29127  	25,68423  	0,04579  	0,21217  	-15815,93170  	0,12793  	0,18964  	1,75322  	1,74999  	15963779,66485  	7638472,45472  	37,75800  	-4667896,50935  	0,27356  	0,09902  	NaN  	NaN  	0,00376  	0,00459  	0,00397  	0,00807  	-244,98909  	0,00399  	0,00425  
137,16473  	1327,82048  	1327,75450  	-244,98909  	25,68480  	0,04926  	0,21195  	75934,21348  	0,12728  	0,18975  	1,75136  	1,74813  	6568692,54930  	9106796,45150  	37,56487  	22411139,39498  	0,27371  	0,19455  	NaN  	NaN  	0,00376  	0,00459  	0,00396  	0,00807  	1176,24572  	0,00400  	0,00425  
138,16689  	1327,82048  	1327,75450  	-244,98909  	25,68486  	0,04336  	0,21192  	85706,53851  	0,12798  	0,18923  	1,75109  	1,74786  	6550738,23022  	8016179,99478  	37,77251  	25295332,54600  	0,27296  	0,17125  	NaN  	NaN  	0,00376  	0,00459  	0,00396  	0,00807  	1327,62170  	0,00398  	0,00425  
139,16691  	-99,35276  	1327,75450  	-244,98909  	25,68544  	0,04425  	0,21159  	85706,53851  	0,12816  	0,18934  	1,74840  	1,74518  	629394,45963  	363,15838  	37,82389  	25295332,54600  	193,26705  	0,17477  	NaN  	NaN  	0,00376  	0,00459  	0,00396  	0,00806  	1327,62170  	0,00398  	0,00425  
140,16832  	1186,52566  	1327,75450  	-244,98909  	25,68535  	0,04928  	0,21201  	85706,53851  	0,12700  	0,18892  	1,75185  	1,74862  	5830419,84604  	4392146,68480  	37,48125  	25295332,54600  	0,44664  	0,19463  	NaN  	NaN  	0,00376  	0,00459  	0,00397  	0,00807  	1327,62170  	0,00400  	0,00425  
141,16816  	1327,82048  	-104,55433  	-244,98909  	25,68361  	0,05068  	0,21211  	-6750,70114  	0,12852  	0,19014  	1,75267  	1,74944  	79498,20837  	836568,73005  	37,93165  	-1992394,43429  	0,27428  	2,62674  	Inf  	-Inf  	0,00376  	0,00460  	0,00396  	0,00807  	-104,56619  	0,00400  	0,00425  
142,17040  	-107,60796  	1190,37913  	1190,43940  	25,68287  	0,04796  	0,21179  	76838,79526  	0,12803  	0,18995  	1,75002  	1,74679  	112504301,82025  	0,01609  	37,78719  	22678116,65610  	172,26466  	0,00597  	-Inf  	-Inf  	0,00376  	0,00459  	0,00397  	0,00807  	1190,25794  	0,00399  	0,00425  
143,17050  	1192,58591  	-109,76019  	1327,82053  	25,68454  	0,04297  	0,21229  	85706,53851  	0,12673  	0,18928  	1,75421  	1,75098  	12923897,75959  	3618855,02125  	37,40226  	25295332,54600  	0,43754  	0,09941  	NaN  	NaN  	0,00376  	0,00459  	0,00396  	0,00808  	1327,62170  	0,00398  	0,00425  
144,17161  	1327,82048  	1194,28484  	-111,51383  	25,68644  	0,04656  	0,21212  	-7200,30673  	0,12713  	0,18898  	1,75279  	1,74955  	6542126,37985  	7146659,07203  	37,52103  	-2125090,52921  	0,27259  	0,18388  	NaN  	NaN  	0,00376  	0,00459  	0,00397  	0,00807  	-111,53071  	0,00399  	0,00425  
145,17227  	-115,23073  	-115,23617  	1198,06217  	25,68804  	0,04565  	0,21259  	77330,83332  	0,12667  	0,18872  	1,75666  	1,75342  	707280,80338  	357,81472  	37,38629  	22823336,22162  	153,70013  	0,18023  	NaN  	NaN  	0,00376  	0,00459  	0,00396  	0,00808  	1197,87974  	0,00399  	0,00425  
146,17239  	1201,07738  	-244,98909  	1327,82053  	25,68904  	0,04768  	0,21215  	85706,53851  	0,12854  	0,18934  	1,75301  	1,74978  	5919064,76270  	4600652,90712  	37,93726  	25295332,54600  	0,42418  	0,18825  	NaN  	NaN  	0,00376  	0,00460  	0,00396  	0,00807  	1327,62170  	0,00399  	0,00425  
147,17330  	1327,82048  	-244,98909  	1327,82053  	25,68781  	0,04743  	0,21212  	-7736,35899  	0,12751  	0,18964  	1,75275  	1,74952  	6567712,36446  	8769238,11700  	37,63308  	-2283300,39576  	0,27356  	0,18727  	NaN  	NaN  	0,00376  	0,00459  	0,00396  	0,00807  	-119,83430  	0,00399  	0,00425  
148,17627  	-121,36626  	1204,13685  	-121,36625  	25,68988  	0,04894  	0,21233  	77726,87235  	0,12845  	0,18993  	1,75452  	1,75129  	742560,38974  	412,43518  	37,91199  	22940222,74225  	142,02256  	0,19329  	-Inf  	-Inf  	0,00376  	0,00460  	0,00396  	0,00808  	1204,01449  	0,00400  	0,00425  
149,17610  	-244,98909  	-122,87387  	-244,98909  	25,69036  	0,04442  	0,21233  	85706,53851  	0,12700  	0,18951  	1,75451  	1,75128  	20800,74108  	249,00227  	37,48118  	25295332,54600  	31,94869  	1,99649  	Inf  	-Inf  	0,00376  	0,00459  	0,00397  	0,00808  	1327,62170  	0,00398  	0,00425  
150,17655  	1210,14219  	-244,98909  	1210,14224  	25,69023  	0,04568  	0,21203  	85706,53851  	0,12891  	0,18947  	1,75203  	1,74880  	2729452,50238  	4282576,79324  	38,04702  	25295332,54600  	0,41063  	0,30683  	NaN  	NaN  	0,00376  	0,00460  	0,00397  	0,00807  	1327,62170  	0,00399  	0,00425  
151,17653  	-132,17418  	1214,94432  	-132,17417  	25,68905  	0,04898  	0,21149  	-8533,90037  	0,12714  	0,18951  	1,74759  	1,74436  	795359,59973  	475,63884  	37,52395  	-2518685,87381  	122,22787  	0,19343  	-Inf  	-Inf  	0,00376  	0,00459  	0,00396  	0,00806  	-132,18844  	0,00400  	0,00425  
152,17903  	-244,98909  	1327,75450  	-244,98909  	25,69116  	0,04686  	0,21227  	78594,27578  	0,12841  	0,19018  	1,75400  	1,75076  	1368547,34089  	3383,23562  	37,89804  	23196227,22787  	32,06240  	0,18508  	-Inf  	-Inf  	0,00376  	0,00460  	0,00397  	0,00808  	1217,45081  	0,00399  	0,00425  
153,18023  	1217,89968  	1327,75450  	-244,98909  	25,69206  	0,04992  	0,21224  	85706,53851  	0,12796  	0,18879  	1,75379  	1,75056  	5983608,45970  	5273378,21626  	37,76613  	25295332,54600  	0,39779  	0,19717  	NaN  	NaN  	0,00376  	0,00459  	0,00396  	0,00808  	1327,62170  	0,00400  	0,00425  
154,17944  	-138,70967  	1327,75450  	-244,98909  	25,69138  	0,04266  	0,21188  	85706,53851  	0,12707  	0,18846  	1,75079  	1,74756  	823693,26041  	526,25580  	37,50190  	25295332,54600  	111,34390  	0,16848  	NaN  	NaN  	0,00376  	0,00459  	0,00397  	0,00807  	1327,62170  	0,00398  	0,00425  
155,18042  	-244,98909  	1327,75450  	1223,57362  	25,69309  	0,04853  	0,21239  	85706,53851  	0,12651  	0,18931  	1,75496  	1,75173  	352094657,91318  	232,06171  	37,33872  	25295332,54600  	31,91668  	0,00450  	-Inf  	-Inf  	0,00376  	0,00459  	0,00396  	0,00808  	1327,62170  	0,00400  	0,00425  
156,18207  	1227,57548  	1327,75450  	1327,82053  	25,69189  	0,03773  	0,21229  	-9345,26877  	0,12716  	0,18805  	1,75421  	1,75098  	1997383609,88164  	176,17828  	37,52900  	-2758152,23988  	0,38267  	0,00296  	-Inf  	-Inf  	0,00376  	0,00459  	0,00397  	0,00808  	-144,75675  	0,00396  	0,00425  
157,18467  	1327,82048  	-147,42045  	-147,41635  	25,69328  	0,03964  	0,21197  	79408,36645  	0,12765  	0,18904  	1,75152  	1,74829  	37230,48685  	19,09038  	37,67450  	23436497,04327  	0,27268  	3,24468  	Inf  	-Inf  	0,00376  	0,00459  	0,00396  	0,00807  	1230,06130  	0,00397  	0,00425  
158,18617  	-148,08018  	1230,84966  	-244,98909  	25,69293  	0,04674  	0,21175  	85706,53851  	0,12847  	0,18920  	1,74971  	1,74648  	462420,69687  	616,77470  	37,91609  	25295332,54600  	98,78924  	0,28443  	NaN  	NaN  	0,00376  	0,00460  	0,00396  	0,00807  	1327,62170  	0,00399  	0,00425  
01/15/2025 11:02:39Time	T_hot_in(C)	T_cold_in(C)	T_cold_out(C)	T_hot_out(C)	mdot_cold(kg/s)	ASFASIFUAS(kg/s)	Diferencial_cold(bar)	Diferencial_hot(bar)	mdot_hot(kg/s)	ABS_cold(bar)	ABS_hot(bar)	q_cold(kW)	q_hot(kW)	ASFASYFY	Tau_cold_haste	Re_hot	Re_cold	U_global	PSIG_cold(bar)	R_fouling	PSIG_hot(bar)	PSID_hot(bar)	m_dot_hot	PSID_cold(bar)	m_dot_cold
2,04270  	0,00000  	0,00000  	0,00000  	0,00000  	-1,18512  	-0,20833  	-0,25900  	-0,86180  	-3,02442  	-1,72343  	-1,72415  	-0,00000  	-0,00000  	-254,35069  	-76,44127  	-9234,48090  	-3618,55272  	NaN  	NaN  	0,00000  	0,00000  	0,00000  	0,00000  	0,00000  	0,00000  	0,00000  
