01/15/2025 12:51:52Time	T_hot_in(C)	T_cold_in(C)	T_cold_out(C)	T_hot_out(C)	mdot_cold(kg/s)	ASFASIFUAS(kg/s)	Diferencial_cold(bar)	Diferencial_hot(bar)	mdot_hot(kg/s)	ABS_cold(bar)	ABS_hot(bar)	q_cold(kW)	q_hot(kW)	ASFASYFY	Tau_cold_haste	Re_hot	Re_cold	U_global	PSIG_cold(bar)	R_fouling	PSIG_hot(bar)	PSID_hot(bar)	m_dot_hot	PSID_cold(bar)	m_dot_cold
2,02581  	0,00000  	0,00000  	0,00000  	0,00000  	-1,18512  	-0,20833  	-0,25900  	-0,86180  	-3,02442  	-1,72343  	-1,72415  	-0,00000  	-0,00000  	-254,35069  	-76,44127  	-9234,48090  	-3618,55272  	NaN  	NaN  	0,00000  	0,00000  	0,00000  	0,00000  	0,00000  	0,00000  	0,00000  
3,02684  	1327,82048  	1327,75450  	-244,98909  	25,66674  	0,04472  	0,02638  	85706,53851  	0,06167  	0,05542  	0,21709  	0,21497  	1918556,63972  	8266168,73094  	18,20185  	25295332,54600  	0,07995  	0,17660  	NaN  	NaN  	0,00376  	0,00429  	0,00396  	0,00451  	1327,62170  	0,00398  	0,00407  
4,02929  	1327,82048  	198,83769  	-244,98909  	25,66990  	0,04573  	0,02651  	85706,53851  	0,06190  	0,05530  	0,21815  	0,21603  	325,96551  	2385641,26589  	18,26991  	25295332,54600  	0,07978  	69,98378  	NaN  	NaN  	0,00376  	0,00429  	0,00396  	0,00451  	1327,62170  	0,00399  	0,00407  
5,03123  	1327,82048  	-244,98909  	774,82067  	25,67125  	0,04550  	0,02648  	85706,53851  	0,06177  	0,05598  	0,21791  	0,21579  	11595,34123  	5454192,62387  	18,23175  	25295332,54600  	0,08075  	5,98477  	Inf  	-Inf  	0,00377  	0,00429  	0,00396  	0,00451  	1327,62170  	0,00399  	0,00407  
6,03384  	304,55433  	778,23413  	1327,82053  	25,67233  	0,04736  	0,02649  	85706,53851  	0,06256  	0,05552  	0,21800  	0,21587  	31640219,06338  	177,48124  	18,46324  	25295332,54600  	114,86584  	0,00994  	-Inf  	-Inf  	0,00376  	0,00429  	0,00396  	0,00451  	1327,62170  	0,00399  	0,00407  
7,03452  	785,25606  	297,55257  	297,57535  	25,67660  	0,04384  	0,02682  	19205,77786  	0,06269  	0,05559  	0,22073  	0,21860  	16182,23340  	3,62200  	18,50324  	5668371,93846  	0,85076  	3,12871  	NaN  	NaN  	0,00377  	0,00429  	0,00396  	0,00451  	297,50676  	0,00398  	0,00407  
8,03655  	292,58126  	790,20670  	-244,98909  	25,67887  	0,04539  	0,02631  	51007,18842  	0,06231  	0,05580  	0,21652  	0,21440  	2946,44244  	283,32288  	18,38864  	15054204,91642  	145,64092  	5,12484  	NaN  	NaN  	0,00376  	0,00429  	0,00397  	0,00451  	790,11929  	0,00399  	0,00407  
9,04023  	-244,98909  	1327,75450  	792,96464  	25,67976  	0,05068  	0,02625  	85706,53851  	0,06178  	0,05725  	0,21608  	0,21396  	33092349,32586  	1244,31918  	18,23496  	25295332,54600  	9,65034  	0,01033  	-Inf  	-Inf  	0,00377  	0,00429  	0,00396  	0,00450  	1327,62170  	0,00400  	0,00408  
10,04040  	796,65646  	1327,75450  	1327,82053  	25,68066  	0,04937  	0,02632  	85706,53851  	0,06323  	0,05582  	0,21659  	0,21447  	380352147,60635  	13,04542  	18,66128  	25295332,54600  	0,79901  	0,00387  	-Inf  	-Inf  	0,00376  	0,00429  	0,00397  	0,00451  	1327,62170  	0,00400  	0,00407  
11,04302  	280,01343  	279,99140  	280,01344  	25,68040  	0,04395  	0,02654  	85706,53851  	0,06288  	0,05739  	0,21843  	0,21631  	3538,36280  	0,00526  	18,55870  	25295332,54600  	193,03962  	4,30782  	-Inf  	-Inf  	0,00376  	0,00429  	0,00397  	0,00451  	1327,62170  	0,00398  	0,00408  
12,04443  	805,54445  	805,50037  	805,54448  	25,67908  	0,04962  	0,02651  	85706,53851  	0,06304  	0,05606  	0,21819  	0,21607  	16020358,78765  	9,44526  	18,60602  	25295332,54600  	0,76214  	0,03319  	-Inf  	-Inf  	0,00376  	0,00429  	0,00396  	0,00451  	1327,62170  	0,00400  	0,00407  
13,04707  	1327,82048  	1327,75450  	1327,82053  	25,67698  	0,05118  	0,02612  	85706,53851  	0,06275  	0,05618  	0,21494  	0,21282  	646532361,19857  	397,27641  	18,52000  	25295332,54600  	0,08105  	0,00401  	-Inf  	-Inf  	0,00376  	0,00429  	0,00395  	0,00450  	1327,62170  	0,00400  	0,00407  
14,04729  	1327,82048  	270,48999  	1327,82053  	25,67492  	0,04526  	0,02634  	85706,53851  	0,06287  	0,05564  	0,21679  	0,21466  	25220135,58375  	5624916,59225  	18,55473  	25295332,54600  	0,08027  	0,03134  	-Inf  	-Inf  	0,00376  	0,00429  	0,00397  	0,00451  	1327,62170  	0,00398  	0,00407  
15,04805  	264,70315  	818,08364  	1327,82053  	25,67196  	0,04707  	0,02665  	17083,92862  	0,06352  	0,05570  	0,21937  	0,21724  	30647482,37281  	118,29518  	18,74716  	5042131,71023  	257,87460  	0,00912  	-Inf  	-Inf  	0,00376  	0,00429  	0,00396  	0,00451  	264,63873  	0,00399  	0,00407  
16,04795  	820,08779  	1327,75450  	262,74362  	25,66977  	0,05090  	0,02682  	52933,16372  	0,06309  	0,05688  	0,22074  	0,21861  	15235089,57264  	264199,03586  	18,62001  	15622635,12486  	0,71179  	0,03602  	NaN  	NaN  	0,00376  	0,00429  	0,00396  	0,00451  	819,95317  	0,00400  	0,00408  
17,04827  	259,56822  	259,54705  	823,26321  	25,66829  	0,04953  	0,02623  	16752,47674  	0,06365  	0,05588  	0,21584  	0,21371  	347598,50165  	134,25319  	18,78632  	4944307,37161  	288,46665  	0,19556  	-Inf  	-Inf  	0,00376  	0,00430  	0,00396  	0,00450  	259,50445  	0,00400  	0,00407  
18,05098  	-244,98909  	-244,98909  	1327,82053  	25,66623  	0,04714  	0,02639  	-15815,93170  	0,06362  	0,05628  	0,21721  	0,21509  	405148,02707  	3404,84849  	18,77778  	-4667896,50935  	9,48634  	0,18612  	NaN  	NaN  	0,00376  	0,00430  	0,00397  	0,00451  	-244,98909  	0,00399  	0,00407  
19,05279  	-244,98909  	826,42286  	256,36360  	25,66333  	0,04933  	0,02621  	53344,98463  	0,06316  	0,05636  	0,21567  	0,21355  	405586,85434  	1291,40956  	18,64154  	15744179,49183  	9,49909  	0,19480  	-Inf  	-Inf  	0,00376  	0,00429  	0,00397  	0,00450  	826,33239  	0,00400  	0,00407  
20,05358  	831,35836  	251,45221  	831,35839  	25,66319  	0,04652  	0,02630  	16229,94474  	0,06284  	0,05579  	0,21644  	0,21432  	1195371,87960  	144210,46411  	18,54707  	4790087,85648  	0,65559  	0,18369  	-Inf  	-Inf  	0,00376  	0,00429  	0,00396  	0,00450  	251,41029  	0,00399  	0,00407  
21,05618  	1327,82048  	-244,98909  	246,98576  	25,66239  	0,04972  	0,02643  	53950,30983  	0,06299  	0,05582  	0,21751  	0,21539  	305,51796  	2874813,09418  	18,59211  	15922834,49749  	0,08052  	156,29213  	Inf  	-Inf  	0,00376  	0,00429  	0,00396  	0,00451  	835,70905  	0,00400  	0,00407  
22,06015  	244,45494  	-244,98909  	838,37648  	25,66283  	0,04897  	0,02630  	85706,53851  	0,06364  	0,05667  	0,21643  	0,21430  	4649,08020  	241,19918  	18,78382  	25295332,54600  	402,51402  	3,54799  	NaN  	NaN  	0,00376  	0,00430  	0,00396  	0,00450  	1327,62170  	0,00400  	0,00407  
23,06155  	843,99967  	843,95399  	238,83173  	25,66425  	0,04498  	0,02639  	85706,53851  	0,06188  	0,05655  	0,21721  	0,21509  	1230412,45673  	161131,25243  	18,26336  	25295332,54600  	0,61984  	0,17761  	NaN  	NaN  	0,00376  	0,00429  	0,00396  	0,00451  	1327,62170  	0,00398  	0,00407  
24,06258  	232,84633  	1327,75450  	849,98509  	25,66425  	0,04505  	0,02653  	15027,61949  	0,06287  	0,05633  	0,21833  	0,21621  	29495333,36725  	95,12446  	18,55396  	4435234,91920  	506,66499  	0,00819  	-Inf  	-Inf  	0,00376  	0,00429  	0,00397  	0,00451  	232,78594  	0,00398  	0,00407  
25,06526  	-244,98909  	1327,75450  	228,74117  	25,66538  	0,04650  	0,02665  	-15815,93170  	0,06267  	0,05561  	0,21938  	0,21725  	4411196,41583  	2346,70320  	18,49561  	-4667896,50935  	9,37358  	0,03617  	-Inf  	-Inf  	0,00376  	0,00429  	0,00396  	0,00451  	-244,98909  	0,00399  	0,00407  
26,06820  	-244,98909  	1327,75450  	856,38568  	25,66650  	0,04496  	0,02661  	55276,13534  	0,06331  	0,05636  	0,21902  	0,21690  	39280065,35741  	973,17703  	18,68383  	16314137,16761  	9,49954  	0,00808  	-Inf  	-Inf  	0,00377  	0,00429  	0,00397  	0,00451  	856,24644  	0,00398  	0,00407  
27,06913  	862,20873  	1327,75450  	220,62268  	25,66884  	0,04836  	0,02648  	85706,53851  	0,06310  	0,05605  	0,21791  	0,21579  	13281084,42353  	366146,19306  	18,62205  	25295332,54600  	0,55691  	0,03849  	NaN  	NaN  	0,00376  	0,00429  	0,00396  	0,00451  	1327,62170  	0,00400  	0,00407  
28,07108  	1327,82048  	1327,75450  	-244,98909  	25,67040  	0,04433  	0,02630  	85706,53851  	0,06267  	0,05631  	0,21642  	0,21429  	1949411,83526  	8195075,65662  	18,49590  	25295332,54600  	0,08123  	0,17508  	NaN  	NaN  	0,00376  	0,00429  	0,00396  	0,00450  	1327,62170  	0,00398  	0,00407  
29,07274  	1327,82048  	210,47745  	872,33487  	25,67135  	0,04588  	0,02658  	85706,53851  	0,06290  	0,05589  	0,21879  	0,21667  	1935346,92263  	3568908,56393  	18,56524  	25295332,54600  	0,08062  	0,18115  	NaN  	NaN  	0,00376  	0,00429  	0,00397  	0,00451  	1327,62170  	0,00399  	0,00407  
30,07511  	1327,82048  	-244,98909  	208,42219  	25,67398  	0,04694  	0,02635  	13451,07708  	0,06372  	0,05631  	0,21689  	0,21476  	322,84562  	2501607,55855  	18,80550  	3969935,94342  	0,08124  	82,94286  	Inf  	-Inf  	0,00376  	0,00430  	0,00396  	0,00451  	208,36487  	0,00399  	0,00407  
31,07597  	1327,82048  	-244,98909  	-244,98909  	25,67651  	0,05040  	0,02660  	56755,03295  	0,06286  	0,05636  	0,21897  	0,21685  	116306,12861  	0,00000  	18,55251  	16750617,36501  	0,08131  	0,97529  	Inf  	-Inf  	0,00376  	0,00429  	0,00396  	0,00451  	879,15497  	0,00400  	0,00407  
32,07830  	198,58351  	884,20051  	884,24792  	25,67680  	0,04553  	0,02615  	85706,53851  	0,06307  	0,05586  	0,21522  	0,21310  	6459930,95669  	0,00918  	18,61494  	25295332,54600  	859,26341  	0,02029  	-Inf  	-Inf  	0,00376  	0,00429  	0,00396  	0,00450  	1327,62170  	0,00399  	0,00407  
33,07969  	885,84029  	1327,75450  	196,99112  	25,67723  	0,04643  	0,02622  	85706,53851  	0,06280  	0,05635  	0,21581  	0,21369  	12424090,47229  	430763,14212  	18,53487  	25295332,54600  	0,49472  	0,03954  	NaN  	NaN  	0,00376  	0,00429  	0,00397  	0,00450  	1327,62170  	0,00399  	0,00407  
34,08065  	1327,82048  	191,41353  	-244,98909  	25,67837  	0,04436  	0,02615  	12354,37671  	0,06344  	0,05667  	0,21519  	0,21307  	343,59666  	2275405,20126  	18,72289  	3646257,01469  	0,08174  	60,77286  	NaN  	NaN  	0,00376  	0,00429  	0,00396  	0,00450  	191,37668  	0,00398  	0,00407  
35,08117  	1327,82048  	895,82372  	895,87162  	25,67906  	0,04443  	0,02644  	57824,89268  	0,06239  	0,05726  	0,21762  	0,21550  	54237238,65037  	250,14352  	18,41397  	17066374,57637  	0,08260  	0,01871  	NaN  	NaN  	0,00376  	0,00429  	0,00396  	0,00451  	895,72739  	0,00398  	0,00408  
36,08248  	1327,82048  	1327,75450  	1327,82053  	25,68091  	0,04214  	0,02622  	11907,04408  	0,06237  	0,05571  	0,21577  	0,21365  	641051943,13612  	327,09651  	18,40825  	3514231,76046  	0,08036  	0,00330  	-Inf  	-Inf  	0,00376  	0,00429  	0,00396  	0,00450  	184,44738  	0,00397  	0,00407  
37,08454  	1327,82048  	1327,75450  	182,04225  	25,68339  	0,04607  	0,02657  	-15815,93170  	0,06293  	0,05600  	0,21873  	0,21660  	17528949,39872  	6204545,32648  	18,57402  	-4667896,50935  	0,08078  	0,04097  	NaN  	NaN  	0,00376  	0,00429  	0,00397  	0,00451  	-244,98909  	0,00399  	0,00407  
38,08672  	179,96743  	179,94961  	902,86399  	25,68523  	0,04891  	0,02656  	-15815,93170  	0,06274  	0,05664  	0,21858  	0,21646  	232382,82257  	149,32317  	18,51702  	-4667896,50935  	981,06176  	0,19312  	-Inf  	-Inf  	0,00377  	0,00429  	0,00396  	0,00451  	-244,98909  	0,00400  	0,00407  
39,08822  	-244,98909  	908,52356  	1327,82053  	25,68877  	0,05541  	0,02643  	58644,68292  	0,06306  	0,05665  	0,21752  	0,21539  	45862471,22840  	1066,47193  	18,61154  	17308326,55679  	9,55054  	0,00900  	-Inf  	-Inf  	0,00376  	0,00429  	0,00396  	0,00451  	908,42617  	0,00402  	0,00407  
40,09038  	-244,98909  	1327,75450  	169,56936  	25,69095  	0,04399  	0,02636  	10943,18585  	0,06275  	0,05698  	0,21699  	0,21486  	3512643,67568  	2338,89778  	18,51971  	3229759,71131  	9,60707  	0,04058  	-Inf  	-Inf  	0,00376  	0,00429  	0,00396  	0,00451  	169,51695  	0,00398  	0,00408  
41,09374  	917,19475  	1327,75450  	-244,98909  	25,69470  	0,04273  	0,02626  	-15815,93170  	0,06289  	0,05593  	0,21609  	0,21397  	1325537,16363  	696337,38739  	18,56060  	-4667896,50935  	0,41891  	0,16877  	NaN  	NaN  	0,00376  	0,00429  	0,00396  	0,00450  	-244,98909  	0,00398  	0,00407  
42,09372  	1327,82048  	1327,75450  	922,31831  	25,69789  	0,05014  	0,02638  	-15815,93170  	0,06167  	0,05592  	0,21709  	0,21496  	226401428,46492  	2389593,40562  	18,20237  	-4667896,50935  	0,08067  	0,00793  	NaN  	NaN  	0,00376  	0,00429  	0,00397  	0,00451  	-244,98909  	0,00400  	0,00407  
43,09453  	1327,82048  	1327,75450  	1327,82053  	25,70116  	0,04934  	0,02658  	59884,03308  	0,06302  	0,05669  	0,21877  	0,21665  	652396267,79677  	383,01170  	18,59860  	17674106,98479  	0,08178  	0,00387  	-Inf  	-Inf  	0,00376  	0,00429  	0,00396  	0,00451  	927,62404  	0,00400  	0,00407  
44,09451  	153,78675  	153,77002  	1327,82053  	25,70322  	0,04412  	0,02647  	85706,53851  	0,06279  	0,05597  	0,21790  	0,21578  	1523908,09872  	217,72748  	18,53260  	25295332,54600  	938,39815  	0,04263  	-Inf  	-Inf  	0,00376  	0,00429  	0,00396  	0,00451  	1327,62170  	0,00398  	0,00407  
45,09474  	932,17877  	932,12938  	150,65263  	25,70527  	0,05064  	0,02615  	9722,14015  	0,06338  	0,05615  	0,21519  	0,21307  	1353349,76326  	457002,87687  	18,70451  	2869381,64206  	0,39071  	0,19999  	NaN  	NaN  	0,00376  	0,00429  	0,00396  	0,00450  	150,60262  	0,00400  	0,00407  
46,09798  	1327,82048  	150,00510  	932,80976  	25,70665  	0,04459  	0,02687  	-15815,93170  	0,06354  	0,05594  	0,22114  	0,21901  	1937155,09054  	4103037,50122  	18,75300  	-4667896,50935  	0,08069  	0,17605  	NaN  	NaN  	0,00376  	0,00429  	0,00396  	0,00452  	-244,98909  	0,00398  	0,00407  
47,09791  	148,29190  	934,49001  	1327,82053  	25,70823  	0,04683  	0,02631  	60320,84788  	0,06336  	0,05650  	0,21656  	0,21443  	22284841,55035  	77,37731  	18,70098  	17803028,01907  	922,71088  	0,00724  	-Inf  	-Inf  	0,00376  	0,00429  	0,00396  	0,00451  	934,39042  	0,00399  	0,00407  
48,09792  	937,52024  	1327,75450  	145,31116  	25,71151  	0,05240  	0,02639  	85706,53851  	0,06276  	0,05546  	0,21720  	0,21508  	10351934,79774  	743325,73043  	18,52398  	25295332,54600  	0,37599  	0,05194  	NaN  	NaN  	0,00376  	0,00429  	0,00397  	0,00451  	1327,62170  	0,00401  	0,00407  
49,09913  	1327,82048  	1327,75450  	-244,98909  	25,71292  	0,04549  	0,02660  	9087,72103  	0,06235  	0,05625  	0,21897  	0,21684  	1947189,37936  	8411850,32847  	18,40077  	2682139,88628  	0,08113  	0,17968  	NaN  	NaN  	0,00376  	0,00429  	0,00396  	0,00451  	140,77529  	0,00399  	0,00407  
50,10315  	1327,82048  	1327,75450  	943,66359  	25,71367  	0,05051  	0,02630  	60909,79193  	0,06343  	0,05632  	0,21647  	0,21435  	242032418,72603  	2280977,93071  	18,72112  	17976848,31384  	0,08123  	0,00768  	NaN  	NaN  	0,00376  	0,00429  	0,00396  	0,00450  	943,51332  	0,00400  	0,00407  
51,10459  	1327,82048  	1327,75450  	136,54489  	25,71590  	0,05157  	0,02628  	85706,53851  	0,06327  	0,05572  	0,21628  	0,21416  	14285191,30182  	7222738,06762  	18,67234  	25295332,54600  	0,08037  	0,05249  	NaN  	NaN  	0,00376  	0,00429  	0,00396  	0,00450  	1327,62170  	0,00401  	0,00407  
52,10446  	129,83349  	1327,75450  	952,99794  	25,71583  	0,04984  	0,02653  	85706,53851  	0,06226  	0,05629  	0,21832  	0,21619  	19854003,56250  	78,31401  	18,37522  	25295332,54600  	822,06429  	0,00744  	-Inf  	-Inf  	0,00376  	0,00429  	0,00396  	0,00451  	1327,62170  	0,00400  	0,00407  
53,10509  	956,13975  	126,67604  	1327,82053  	25,71524  	0,04643  	0,02617  	85706,53851  	0,06270  	0,05673  	0,21541  	0,21328  	9946090,15411  	762808,35257  	18,50427  	25295332,54600  	0,35181  	0,04867  	-Inf  	-Inf  	0,00376  	0,00429  	0,00396  	0,00450  	1327,62170  	0,00399  	0,00408  
54,10639  	1327,82048  	-244,98909  	1327,82053  	25,71380  	0,04561  	0,02659  	85706,53851  	0,06369  	0,05756  	0,21889  	0,21677  	1993469,98384  	8433614,90697  	18,79662  	25295332,54600  	0,08303  	0,18008  	NaN  	NaN  	0,00376  	0,00430  	0,00396  	0,00451  	1327,62170  	0,00399  	0,00408  
55,10829  	1327,82048  	-244,98909  	1327,82053  	25,71279  	0,04660  	0,02608  	7861,83292  	0,06256  	0,05675  	0,21463  	0,21251  	1965212,14191  	8616351,46033  	18,46503  	2320332,63136  	0,08185  	0,18398  	NaN  	NaN  	0,00376  	0,00429  	0,00397  	0,00450  	121,78595  	0,00399  	0,00408  
56,11027  	1327,82048  	964,71704  	118,06361  	25,71176  	0,05262  	0,02599  	-15815,93170  	0,06272  	0,05738  	0,21389  	0,21177  	1986375,86156  	5237179,42873  	18,50970  	-4667896,50935  	0,08276  	0,20779  	NaN  	NaN  	0,00376  	0,00429  	0,00397  	0,00450  	-244,98909  	0,00401  	0,00408  
57,11225  	113,72187  	113,70682  	-244,98909  	25,70883  	0,04199  	0,02638  	62552,29092  	0,06301  	0,05636  	0,21708  	0,21496  	50,69666  	63,06945  	18,59597  	18461613,63864  	735,66820  	19,54708  	NaN  	NaN  	0,00376  	0,00429  	0,00396  	0,00451  	968,95608  	0,00397  	0,00407  
58,11429  	974,25289  	974,20174  	974,25293  	25,70657  	0,04917  	0,02659  	85706,53851  	0,06161  	0,05663  	0,21884  	0,21672  	66864532,25370  	39,00255  	18,18302  	25295332,54600  	0,32262  	0,01441  	-Inf  	-Inf  	0,00376  	0,00429  	0,00397  	0,00451  	1327,62170  	0,00400  	0,00407  
59,11636  	1327,82048  	106,46199  	106,47675  	25,70418  	0,04657  	0,02647  	85706,53851  	0,06365  	0,05642  	0,21785  	0,21572  	310,90424  	80,78622  	18,78587  	25295332,54600  	0,08137  	782,70132  	NaN  	NaN  	0,00376  	0,00430  	0,00396  	0,00451  	1327,62170  	0,00399  	0,00407  
60,11775  	1327,82048  	981,66940  	981,72091  	25,70436  	0,04619  	0,02655  	85706,53851  	0,06377  	0,05639  	0,21854  	0,21642  	95966866,03745  	279,66890  	18,82037  	25295332,54600  	0,08133  	0,01310  	NaN  	NaN  	0,00376  	0,00430  	0,00397  	0,00451  	1327,62170  	0,00399  	0,00407  
61,11837  	1327,82048  	95,25887  	95,27316  	25,70741  	0,05172  	0,02638  	6147,47925  	0,06394  	0,05617  	0,21711  	0,21498  	307,93831  	86,85952  	18,87174  	1814360,19600  	0,08102  	898,88294  	NaN  	NaN  	0,00376  	0,00430  	0,00396  	0,00451  	95,23014  	0,00401  	0,00407  
62,12199  	92,33345  	990,44611  	990,49798  	25,70782  	0,04625  	0,02645  	63932,88060  	0,06304  	0,05604  	0,21766  	0,21553  	5165973,00568  	0,01003  	18,60423  	18869079,34264  	625,27443  	0,01263  	-Inf  	-Inf  	0,00376  	0,00429  	0,00397  	0,00451  	990,34179  	0,00399  	0,00407  
63,12229  	993,30033  	89,51703  	89,53107  	25,70809  	0,04985  	0,02627  	85706,53851  	0,06331  	0,05668  	0,21619  	0,21407  	230,51192  	12,33784  	18,68556  	25295332,54600  	0,29591  	834,13875  	NaN  	NaN  	0,00376  	0,00429  	0,00397  	0,00450  	1327,62170  	0,00400  	0,00407  
64,12345  	1327,82048  	997,80829  	997,86047  	25,70695  	0,04502  	0,02647  	85706,53851  	0,06251  	0,05615  	0,21785  	0,21573  	106041300,61199  	276,16576  	18,44895  	25295332,54600  	0,08099  	0,01190  	NaN  	NaN  	0,00376  	0,00429  	0,00396  	0,00451  	1327,62170  	0,00398  	0,00407  
65,12469  	1327,82048  	1327,75450  	82,14274  	25,70437  	0,04267  	0,02601  	85706,53851  	0,06240  	0,05637  	0,21407  	0,21195  	11281008,88101  	6248235,73556  	18,41682  	25295332,54600  	0,08131  	0,05134  	NaN  	NaN  	0,00376  	0,00429  	0,00396  	0,00450  	1327,62170  	0,00398  	0,00407  
66,12725  	79,37931  	79,36570  	-244,98909  	25,70240  	0,04612  	0,02635  	85706,53851  	0,06355  	0,05691  	0,21685  	0,21473  	55,24188  	62,54819  	18,75643  	25295332,54600  	574,47795  	14,08125  	NaN  	NaN  	0,00376  	0,00429  	0,00397  	0,00451  	1327,62170  	0,00399  	0,00408  
67,12877  	-244,98909  	-244,98909  	1006,60852  	25,69916  	0,05457  	0,02656  	85706,53851  	0,06278  	0,05720  	0,21857  	0,21645  	35990,83572  	3134,50275  	18,52744  	25295332,54600  	9,64401  	1,13126  	NaN  	NaN  	0,00376  	0,00429  	0,00396  	0,00451  	1327,62170  	0,00402  	0,00408  
68,13011  	-244,98909  	1011,63461  	1327,82053  	25,69779  	0,04908  	0,02651  	85706,53851  	0,06254  	0,05672  	0,21823  	0,21610  	61072261,58323  	712,28733  	18,45932  	25295332,54600  	9,56291  	0,00658  	-Inf  	-Inf  	0,00376  	0,00429  	0,00397  	0,00451  	1327,62170  	0,00400  	0,00408  
69,12997  	1015,07793  	1327,75450  	1327,82053  	25,69599  	0,04462  	0,02656  	85706,53851  	0,06403  	0,05641  	0,21858  	0,21646  	493234110,55357  	59,94169  	18,89676  	25295332,54600  	0,26717  	0,00350  	-Inf  	-Inf  	0,00376  	0,00430  	0,00395  	0,00451  	1327,62170  	0,00398  	0,00407  
70,13037  	63,33702  	1327,75450  	63,33703  	25,69165  	0,04598  	0,02645  	85706,53851  	0,06251  	0,05665  	0,21769  	0,21557  	300101,96080  	243,10276  	18,44963  	25295332,54600  	500,58620  	0,05872  	-Inf  	-Inf  	0,00376  	0,00429  	0,00396  	0,00451  	1327,62170  	0,00399  	0,00407  
71,13361  	1019,72819  	63,09028  	1019,72823  	25,68702  	0,04587  	0,02677  	85706,53851  	0,06336  	0,05535  	0,22037  	0,21825  	1463135,71524  	919985,00264  	18,69896  	25295332,54600  	0,25681  	0,18111  	-Inf  	-Inf  	0,00376  	0,00429  	0,00396  	0,00451  	1327,62170  	0,00399  	0,00407  
72,13614  	59,21300  	-244,98909  	1327,82053  	25,68282  	0,04768  	0,02655  	3819,85146  	0,06303  	0,05564  	0,21852  	0,21640  	49619,04339  	313,59932  	18,60329  	1127386,71513  	474,07387  	0,18825  	NaN  	NaN  	0,00376  	0,00429  	0,00396  	0,00451  	59,17455  	0,00399  	0,00407  
73,13622  	1028,37209  	1028,31867  	54,45931  	25,67794  	0,04518  	0,02631  	66377,59930  	0,06280  	0,05577  	0,21652  	0,21440  	1486788,74901  	975408,91204  	18,53415  	19590610,90568  	0,24917  	0,17843  	NaN  	NaN  	0,00376  	0,00429  	0,00397  	0,00451  	1028,21115  	0,00398  	0,00407  
74,13818  	1327,82048  	1327,75450  	-244,98909  	25,67288  	0,05068  	0,02648  	3161,17938  	0,06330  	0,05665  	0,21794  	0,21582  	1961117,96728  	9368496,61158  	18,68219  	932986,97061  	0,08172  	0,20015  	NaN  	NaN  	0,00376  	0,00429  	0,00397  	0,00451  	48,97154  	0,00400  	0,00407  
75,13956  	1327,82048  	1327,75450  	1036,05932  	25,66886  	0,05280  	0,02658  	-15815,93170  	0,06355  	0,05582  	0,21875  	0,21663  	308663188,16698  	1810236,03347  	18,75504  	-4667896,50935  	0,08052  	0,00677  	NaN  	NaN  	0,00376  	0,00429  	0,00396  	0,00451  	-244,98909  	0,00401  	0,00407  
76,14024  	42,88843  	1327,75450  	1327,82053  	25,66378  	0,04884  	0,02671  	-15815,93170  	0,06250  	0,05608  	0,21986  	0,21774  	8536610,47111  	0,01349  	18,44756  	-4667896,50935  	408,85576  	0,00383  	-Inf  	-Inf  	0,00376  	0,00429  	0,00396  	0,00451  	-244,98909  	0,00400  	0,00407  
77,14158  	-244,98909  	39,10522  	1327,82053  	25,65750  	0,04723  	0,02635  	67367,91266  	0,06362  	0,05620  	0,21687  	0,21475  	1907797,21793  	2795,66024  	18,77566  	19882890,89027  	9,47130  	0,06520  	-Inf  	-Inf  	0,00376  	0,00430  	0,00396  	0,00451  	1043,55138  	0,00399  	0,00407  
78,14342  	-244,98909  	1045,28209  	37,49518  	25,65232  	0,04602  	0,02640  	85706,53851  	0,06385  	0,05666  	0,21732  	0,21519  	407708,77050  	2130,12709  	18,84395  	25295332,54600  	9,54863  	0,18173  	-Inf  	-Inf  	0,00376  	0,00430  	0,00396  	0,00451  	1327,62170  	0,00399  	0,00407  
79,14604  	1049,60012  	1327,75450  	-244,98909  	25,64898  	0,04661  	0,02630  	85706,53851  	0,06278  	0,05535  	0,21647  	0,21434  	1506800,32464  	1859232,19823  	18,52994  	25295332,54600  	0,22570  	0,18407  	NaN  	NaN  	0,00376  	0,00429  	0,00397  	0,00450  	1327,62170  	0,00399  	0,00407  
80,14791  	1327,82048  	30,63344  	1052,18643  	25,64507  	0,04579  	0,02624  	1975,83054  	0,06242  	0,05589  	0,21598  	0,21385  	1935557,03848  	5497028,76339  	18,42392  	583144,43089  	0,08063  	0,18079  	NaN  	NaN  	0,00376  	0,00429  	0,00396  	0,00450  	30,61017  	0,00399  	0,00407  
81,14834  	26,41244  	-244,98909  	1327,82053  	25,63796  	0,04859  	0,02619  	-15815,93170  	0,06321  	0,05576  	0,21556  	0,21344  	1148,47944  	319,65916  	18,65598  	-4667896,50935  	340,07215  	0,19183  	NaN  	NaN  	0,00376  	0,00429  	0,00396  	0,00450  	-244,98909  	0,00400  	0,00407  
82,15177  	-244,98909  	1059,81955  	1327,82053  	25,62878  	0,04602  	0,02614  	-15815,93170  	0,06250  	0,05472  	0,21515  	0,21303  	67000242,35707  	566,79509  	18,44587  	-4667896,50935  	9,21945  	0,00566  	-Inf  	-Inf  	0,00376  	0,00429  	0,00396  	0,00450  	-244,98909  	0,00399  	0,00407  
83,15214  	1063,59349  	1327,75450  	1327,82053  	25,62429  	0,04931  	0,02650  	68651,08761  	0,06368  	0,05516  	0,21811  	0,21599  	506022664,26090  	90,10342  	18,79494  	20261605,71747  	0,21202  	0,00386  	-Inf  	-Inf  	0,00376  	0,00430  	0,00396  	0,00451  	1063,42811  	0,00400  	0,00407  
84,15327  	1327,82048  	14,36132  	1327,82053  	25,62226  	0,04931  	0,02654  	85706,53851  	0,06301  	0,05601  	0,21847  	0,21635  	8111717,46221  	7611362,41558  	18,59643  	25295332,54600  	0,08080  	0,07385  	NaN  	NaN  	0,00376  	0,00429  	0,00395  	0,00451  	1327,62170  	0,00400  	0,00407  
85,15380  	10,54532  	1072,23081  	1327,82053  	25,61907  	0,04972  	0,02659  	678,42647  	0,06244  	0,05628  	0,21884  	0,21671  	3965736,87898  	53,16479  	18,42763  	200230,03382  	283,14953  	0,00598  	-Inf  	-Inf  	0,00376  	0,00429  	0,00396  	0,00451  	10,51302  	0,00400  	0,00407  
86,15600  	1074,95216  	1327,75450  	1327,82053  	25,61652  	0,04369  	0,02650  	-15815,93170  	0,06293  	0,05648  	0,21810  	0,21597  	523765314,24854  	85,62343  	18,57389  	-4667896,50935  	0,20703  	0,00342  	-Inf  	-Inf  	0,00376  	0,00429  	0,00396  	0,00451  	-244,98909  	0,00398  	0,00407  
87,15638  	1327,82048  	1327,75450  	4,57343  	25,61402  	0,04755  	0,02651  	69597,65734  	0,06256  	0,05587  	0,21817  	0,21605  	7708435,08070  	7392617,25636  	18,46363  	20540975,25784  	0,08061  	0,07358  	NaN  	NaN  	0,00376  	0,00429  	0,00396  	0,00451  	1078,09073  	0,00399  	0,00407  
88,15921  	1,66461  	1327,75450  	1081,16683  	25,60910  	0,04902  	0,02673  	85706,53851  	0,06348  	0,05659  	0,22004  	0,21791  	6483328,52042  	50,57728  	18,73471  	25295332,54600  	253,55234  	0,00580  	-Inf  	-Inf  	0,00376  	0,00429  	0,00396  	0,00451  	1327,62170  	0,00400  	0,00407  
89,16118  	1085,89811  	-3,07687  	1327,82053  	25,60599  	0,05141  	0,02630  	-200,21016  	0,06262  	0,05672  	0,21650  	0,21437  	6137144,03298  	2169932,64786  	18,48186  	-59089,80287  	0,19875  	0,08160  	NaN  	NaN  	0,00376  	0,00429  	0,00396  	0,00451  	-3,09730  	0,00400  	0,00408  
90,16403  	1327,82048  	1089,22224  	1327,82053  	25,60143  	0,04977  	0,02640  	-15815,93170  	0,06336  	0,05667  	0,21732  	0,21520  	360716558,38443  	1395436,96069  	18,70129  	-4667896,50935  	0,08177  	0,00581  	-Inf  	-Inf  	0,00376  	0,00429  	0,00397  	0,00451  	-244,98909  	0,00400  	0,00407  
91,16410  	-11,06153  	1327,75450  	-11,06153  	25,59680  	0,05137  	0,02605  	-15815,93170  	0,06253  	0,05571  	0,21437  	0,21225  	200181,99529  	288,17005  	18,45556  	-4667896,50935  	209,62722  	0,08380  	-Inf  	-Inf  	0,00376  	0,00429  	0,00396  	0,00450  	-244,98909  	0,00400  	0,00407  
92,16498  	1098,02076  	1327,75450  	1098,02080  	25,59383  	0,04892  	0,02640  	70873,31532  	0,06251  	0,05639  	0,21725  	0,21512  	302355475,10059  	383379,17400  	18,44935  	20917471,53432  	0,18804  	0,00562  	-Inf  	-Inf  	0,00376  	0,00429  	0,00396  	0,00451  	1097,85102  	0,00400  	0,00407  
93,16817  	1327,82048  	1327,75450  	1327,82053  	25,58926  	0,05076  	0,02618  	85706,53851  	0,06337  	0,05580  	0,21548  	0,21336  	642201986,98361  	393,83556  	18,70301  	25295332,54600  	0,08052  	0,00398  	-Inf  	-Inf  	0,00376  	0,00429  	0,00396  	0,00450  	1327,62170  	0,00400  	0,00407  
94,16812  	-21,42342  	1327,75450  	-21,42342  	25,58517  	0,05316  	0,02637  	85706,53851  	0,06283  	0,05619  	0,21708  	0,21495  	245726,53787  	301,27471  	18,54263  	25295332,54600  	182,27766  	0,08984  	-Inf  	-Inf  	0,00376  	0,00429  	0,00396  	0,00451  	1327,62170  	0,00401  	0,00407  
95,16989  	1108,46815  	1327,75450  	1108,46819  	25,57797  	0,05595  	0,02641  	85706,53851  	0,06325  	0,05739  	0,21737  	0,21525  	319278574,65326  	445290,24733  	18,66833  	25295332,54600  	0,18350  	0,00631  	-Inf  	-Inf  	0,00377  	0,00429  	0,00397  	0,00451  	1327,62170  	0,00402  	0,00408  
96,17145  	-30,10032  	1327,75450  	1327,82053  	25,57362  	0,04208  	0,02644  	-1945,18812  	0,06303  	0,05651  	0,21763  	0,21551  	27802900,05168  	0,01172  	18,60318  	-574100,66122  	161,42391  	0,00330  	-Inf  	-Inf  	0,00376  	0,00429  	0,00396  	0,00451  	-30,12748  	0,00397  	0,00407  
97,17469  	1114,51563  	1327,75450  	1327,82053  	25,56834  	0,04435  	0,02670  	-15815,93170  	0,06369  	0,05799  	0,21978  	0,21765  	558102511,78988  	110,15950  	18,79761  	-4667896,50935  	0,18101  	0,00348  	-Inf  	-Inf  	0,00376  	0,00430  	0,00396  	0,00451  	-244,98909  	0,00398  	0,00408  
98,17656  	1327,82048  	1327,75450  	-37,33054  	25,56636  	0,04795  	0,02648  	72302,49478  	0,06318  	0,05599  	0,21791  	0,21579  	6255958,37584  	7689464,84805  	18,64732  	21339277,97188  	0,08080  	0,08559  	NaN  	NaN  	0,00376  	0,00429  	0,00396  	0,00451  	1119,98940  	0,00399  	0,00407  
99,17723  	-42,73482  	-42,74331  	-244,98909  	25,56370  	0,04542  	0,02678  	85706,53851  	0,06343  	0,05699  	0,22039  	0,21827  	530,34281  	39,13548  	18,72203  	25295332,54600  	134,84053  	3,96004  	Inf  	-Inf  	0,00376  	0,00429  	0,00396  	0,00451  	1327,62170  	0,00399  	0,00408  
100,17877  	1129,41416  	1129,35650  	-244,98909  	25,55934  	0,04921  	0,02655  	85706,53851  	0,06295  	0,05658  	0,21850  	0,21638  	415542,59722  	2775047,46687  	18,57966  	25295332,54600  	0,16649  	0,49825  	NaN  	NaN  	0,00376  	0,00429  	0,00396  	0,00451  	1327,62170  	0,00400  	0,00407  
101,17942  	-50,55094  	-50,55910  	1133,38238  	25,55503  	0,04632  	0,02635  	-3265,24425  	0,06264  	0,05640  	0,21683  	0,21471  	114147,12786  	236,00775  	18,48741  	-963700,55891  	118,62669  	0,18288  	NaN  	NaN  	0,00377  	0,00429  	0,00396  	0,00451  	-50,57551  	0,00399  	0,00407  
102,18078  	-244,98909  	1134,65462  	1327,82053  	25,55064  	0,05464  	0,02650  	-15815,93170  	0,06338  	0,05641  	0,21807  	0,21595  	83881359,43969  	485,65032  	18,70548  	-4667896,50935  	9,49590  	0,00589  	-Inf  	-Inf  	0,00376  	0,00429  	0,00396  	0,00451  	-244,98909  	0,00402  	0,00407  
103,18380  	1138,71895  	-55,89549  	-55,88755  	25,54801  	0,04358  	0,02595  	73500,32180  	0,06258  	0,05667  	0,21352  	0,21140  	486,72537  	14,97731  	18,47072  	21692803,30867  	0,16078  	26,17345  	Inf  	-Inf  	0,00376  	0,00429  	0,00396  	0,00450  	1138,54407  	0,00398  	0,00407  
104,18437  	1327,82048  	1142,15317  	-244,98909  	25,54551  	0,04665  	0,02632  	-3835,14498  	0,06311  	0,05641  	0,21666  	0,21454  	539958,54242  	7600912,82834  	18,62572  	-1131900,42873  	0,08140  	0,44129  	NaN  	NaN  	0,00376  	0,00429  	0,00396  	0,00451  	-59,40343  	0,00399  	0,00407  
105,18539  	1327,82048  	1327,75450  	1145,98012  	25,54409  	0,04774  	0,02642  	-15815,93170  	0,06304  	0,05533  	0,21747  	0,21535  	407636898,13318  	1019361,46398  	18,60456  	-4667896,50935  	0,07985  	0,00505  	NaN  	NaN  	0,00376  	0,00429  	0,00396  	0,00451  	-244,98909  	0,00399  	0,00407  
106,18776  	-66,73943  	1327,75450  	1327,82053  	25,54059  	0,04786  	0,02664  	74200,79383  	0,06360  	0,05540  	0,21931  	0,21718  	45178645,58903  	0,01409  	18,77201  	21899539,84674  	91,30979  	0,00375  	-Inf  	-Inf  	0,00376  	0,00430  	0,00396  	0,00451  	1149,39457  	0,00399  	0,00407  
107,18764  	1152,36762  	1327,75450  	1327,82053  	25,53638  	0,04866  	0,02633  	-4490,71590  	0,06319  	0,05581  	0,21672  	0,21460  	555820789,00801  	150,36825  	18,64839  	-1325384,90158  	0,15023  	0,00381  	-Inf  	-Inf  	0,00377  	0,00429  	0,00396  	0,00451  	-69,55840  	0,00400  	0,00407  
108,18834  	-76,31643  	1327,75450  	-76,31643  	25,53366  	0,04468  	0,02651  	74818,97468  	0,06308  	0,05571  	0,21817  	0,21604  	397357,27880  	288,80986  	18,61691  	22081989,05387  	79,56921  	0,09152  	-Inf  	-Inf  	0,00376  	0,00429  	0,00396  	0,00451  	1158,97036  	0,00398  	0,00407  
109,19011  	1159,84442  	-77,02007  	1159,84446  	25,52987  	0,05192  	0,02637  	85706,53851  	0,06288  	0,05689  	0,21701  	0,21489  	1716075,60144  	3134586,32211  	18,55816  	25295332,54600  	0,14880  	0,20500  	NaN  	NaN  	0,00376  	0,00429  	0,00396  	0,00451  	1327,62170  	0,00401  	0,00408  
110,19249  	1327,82048  	1161,24349  	1327,82053  	25,52733  	0,05332  	0,02642  	-5067,44804  	0,06352  	0,05650  	0,21745  	0,21532  	432731491,81538  	1043212,08553  	18,74685  	-1495600,98411  	0,08154  	0,00549  	-Inf  	-Inf  	0,00376  	0,00429  	0,00396  	0,00451  	-78,49214  	0,00401  	0,00407  
111,19314  	1327,82048  	-81,94550  	1327,82053  	25,52482  	0,04629  	0,02663  	-15815,93170  	0,06324  	0,05767  	0,21917  	0,21704  	5105447,83487  	7665240,75117  	18,66414  	-4667896,50935  	0,08322  	0,09674  	NaN  	NaN  	0,00376  	0,00429  	0,00396  	0,00451  	-244,98909  	0,00399  	0,00408  
112,19464  	-88,02207  	1170,79406  	1327,82053  	25,52116  	0,04517  	0,02670  	-15815,93170  	0,06279  	0,05667  	0,21979  	0,21766  	38770633,77646  	34,49081  	18,53320  	-4667896,50935  	68,06032  	0,00458  	-Inf  	-Inf  	0,00376  	0,00429  	0,00396  	0,00451  	-244,98909  	0,00398  	0,00407  
113,19454  	-244,98909  	1327,75450  	1327,82053  	25,51964  	0,05241  	0,02627  	-15815,93170  	0,06362  	0,05597  	0,21618  	0,21405  	133811220,10182  	0,15934  	18,77723  	-4667896,50935  	9,41986  	0,00411  	-Inf  	-Inf  	0,00376  	0,00430  	0,00396  	0,00450  	-244,98909  	0,00401  	0,00407  
114,19441  	1176,83076  	1327,75450  	-93,99937  	25,51667  	0,05174  	0,02638  	75960,38137  	0,06298  	0,05625  	0,21709  	0,21497  	4125991,77251  	3947884,03430  	18,58784  	22418862,55669  	0,13797  	0,11299  	NaN  	NaN  	0,00376  	0,00429  	0,00397  	0,00451  	1176,65106  	0,00401  	0,00407  
115,19453  	-95,25762  	1327,75450  	1178,08906  	25,51365  	0,05469  	0,02607  	85706,53851  	0,06378  	0,05610  	0,21453  	0,21241  	41572768,73437  	41,57865  	18,82543  	25295332,54600  	60,61329  	0,00548  	-Inf  	-Inf  	0,00376  	0,00430  	0,00396  	0,00450  	1327,62170  	0,00402  	0,00407  
116,19640  	1179,43629  	-96,61112  	1327,82053  	25,51109  	0,04946  	0,02643  	-6237,95730  	0,06230  	0,05668  	0,21750  	0,21538  	4110439,08764  	3835442,56036  	18,38641  	-1841063,78615  	0,13769  	0,10901  	NaN  	NaN  	0,00376  	0,00429  	0,00396  	0,00451  	-96,62365  	0,00400  	0,00407  
117,19845  	1327,82048  	1181,75215  	1327,82053  	25,50856  	0,04771  	0,02637  	-15815,93170  	0,06230  	0,05600  	0,21706  	0,21493  	451662061,20351  	818555,24301  	18,38606  	-4667896,50935  	0,08082  	0,00475  	-Inf  	-Inf  	0,00376  	0,00429  	0,00396  	0,00451  	-244,98909  	0,00399  	0,00407  
118,20024  	-102,89236  	1327,75450  	-102,89236  	25,50374  	0,03974  	0,02661  	76534,41048  	0,06301  	0,05633  	0,21903  	0,21691  	439141,03222  	305,03168  	18,59680  	22588280,87040  	54,49982  	0,08965  	-Inf  	-Inf  	0,00376  	0,00429  	0,00396  	0,00451  	1185,54293  	0,00397  	0,00407  
119,20209  	1188,28694  	1327,75450  	-244,98909  	25,50228  	0,04417  	0,02654  	85706,53851  	0,06272  	0,05641  	0,21847  	0,21635  	1743916,89665  	3970446,15729  	18,51048  	25295332,54600  	0,13259  	0,17443  	NaN  	NaN  	0,00376  	0,00429  	0,00396  	0,00451  	1327,62170  	0,00398  	0,00407  
120,20223  	1327,82048  	1327,75450  	1194,21188  	25,49929  	0,04646  	0,02652  	85706,53851  	0,06262  	0,05653  	0,21824  	0,21611  	470310707,96388  	728651,56194  	18,48106  	25295332,54600  	0,08159  	0,00453  	NaN  	NaN  	0,00376  	0,00429  	0,00396  	0,00451  	1327,62170  	0,00399  	0,00407  
121,20451  	1327,82048  	-113,50773  	-113,50221  	25,49657  	0,04258  	0,02665  	-7328,65319  	0,06329  	0,05710  	0,21933  	0,21720  	3886,49784  	27,60719  	18,67994  	-2162970,56032  	0,08241  	6,63078  	Inf  	-Inf  	0,00376  	0,00429  	0,00397  	0,00451  	-113,51883  	0,00398  	0,00408  
122,20617  	1327,82048  	1197,76531  	-244,98909  	25,49548  	0,05004  	0,02602  	77315,58170  	0,06309  	0,05573  	0,21413  	0,21201  	807850,16252  	8478161,64718  	18,62111  	22818834,87602  	0,08043  	0,35695  	NaN  	NaN  	0,00376  	0,00429  	0,00396  	0,00450  	1197,64349  	0,00400  	0,00407  
123,20693  	1327,82048  	-119,10682  	-244,98909  	25,49207  	0,05327  	0,02632  	-7690,08129  	0,06379  	0,05618  	0,21665  	0,21453  	28296,34310  	787581,64742  	18,82619  	-2269642,04803  	0,08108  	2,46472  	Inf  	-Inf  	0,00376  	0,00430  	0,00396  	0,00451  	-119,11745  	0,00401  	0,00407  
124,20693  	1327,82048  	1206,17004  	1206,23098  	25,48858  	0,04986  	0,02633  	77858,11742  	0,06299  	0,05615  	0,21674  	0,21462  	353130122,86829  	356,74759  	18,59195  	22978958,26625  	0,08105  	0,00587  	NaN  	NaN  	0,00376  	0,00429  	0,00397  	0,00451  	1206,04751  	0,00400  	0,00407  
125,20761  	1327,82048  	1327,75450  	1327,82053  	25,48510  	0,04907  	0,02629  	85706,53851  	0,06315  	0,05640  	0,21636  	0,21423  	649172431,61678  	380,53775  	18,63824  	25295332,54600  	0,08142  	0,00385  	-Inf  	-Inf  	0,00376  	0,00429  	0,00397  	0,00450  	1327,62170  	0,00400  	0,00407  
126,20749  	-127,63402  	1327,75450  	1327,82053  	25,48222  	0,04623  	0,02654  	85706,53851  	0,06432  	0,05558  	0,21847  	0,21635  	75207152,30290  	0,02088  	18,98229  	25295332,54600  	38,02088  	0,00362  	-Inf  	-Inf  	0,00376  	0,00430  	0,00396  	0,00451  	1327,62170  	0,00399  	0,00407  
127,20881  	-244,98909  	-128,72233  	1327,82053  	25,47996  	0,05422  	0,02626  	-8310,77406  	0,06241  	0,05492  	0,21617  	0,21404  	782964,18636  	3638,36677  	18,41815  	-2452832,62314  	9,23930  	0,13464  	NaN  	NaN  	0,00376  	0,00429  	0,00397  	0,00450  	-128,73215  	0,00401  	0,00407  
128,20822  	-244,98909  	1214,33851  	1327,82053  	25,47790  	0,04802  	0,02663  	78385,40152  	0,06289  	0,05669  	0,21922  	0,21710  	102997991,99561  	251,05155  	18,56147  	23134580,31088  	9,53671  	0,00453  	-Inf  	-Inf  	0,00376  	0,00429  	0,00397  	0,00451  	1214,21529  	0,00399  	0,00407  
129,20938  	-244,98909  	1327,75450  	-134,62200  	25,47555  	0,04921  	0,02656  	85706,53851  	0,06416  	0,05631  	0,21861  	0,21649  	776460,25837  	3315,22467  	18,93705  	25295332,54600  	9,47210  	0,12497  	-Inf  	-Inf  	0,00376  	0,00430  	0,00396  	0,00451  	1327,62170  	0,00400  	0,00407  
130,21296  	-244,98909  	-136,59985  	-244,98909  	25,47142  	0,04776  	0,02654  	85706,53851  	0,06343  	0,05610  	0,21847  	0,21634  	7287,65492  	238,53650  	18,72101  	25295332,54600  	9,43614  	1,93528  	Inf  	-Inf  	0,00376  	0,00429  	0,00396  	0,00451  	1327,62170  	0,00399  	0,00407  
131,21248  	-244,98909  	1222,42281  	-244,98909  	25,46730  	0,04584  	0,02624  	85706,53851  	0,06282  	0,05598  	0,21594  	0,21382  	200791,75739  	3099,43864  	18,54089  	25295332,54600  	9,41551  	0,29030  	-Inf  	-Inf  	0,00376  	0,00429  	0,00395  	0,00450  	1327,62170  	0,00399  	0,00407  
132,21490  	-244,98909  	-141,72973  	-244,98909  	25,46821  	0,04575  	0,02647  	-9150,41729  	0,06278  	0,05612  	0,21789  	0,21577  	7757,94619  	217,65525  	18,52973  	-2700643,99304  	9,44002  	1,78417  	Inf  	-Inf  	0,00376  	0,00429  	0,00396  	0,00451  	-141,73845  	0,00399  	0,00407  
133,21551  	-244,98909  	1229,14398  	-244,98909  	25,46814  	0,05259  	0,02643  	79341,11206  	0,06316  	0,05656  	0,21755  	0,21543  	212602,69548  	3571,80065  	18,64096  	23416647,65715  	9,51290  	0,32259  	-Inf  	-Inf  	0,00376  	0,00429  	0,00396  	0,00451  	1229,01951  	0,00401  	0,00407  
134,21799  	1233,03132  	-150,20390  	-244,98909  	25,46606  	0,04618  	0,02642  	-9697,43519  	0,06383  	0,05632  	0,21742  	0,21530  	38462,49637  	318133,54060  	18,83773  	-2862090,24818  	0,11248  	1,69232  	Inf  	-Inf  	0,00376  	0,00430  	0,00396  	0,00451  	-150,21191  	0,00399  	0,00407  
135,22067  	-154,76396  	1237,53315  	1237,59540  	25,46400  	0,04966  	0,02626  	-15815,93170  	0,06266  	0,05638  	0,21616  	0,21403  	57685119,90104  	0,03064  	18,49299  	-4667896,50935  	26,91751  	0,00524  	-Inf  	-Inf  	0,00376  	0,00429  	0,00396  	0,00450  	-244,98909  	0,00400  	0,00407  
136,22209  	-244,98909  	1327,75450  	1327,82053  	25,46313  	0,05015  	0,02635  	-15815,93170  	0,06301  	0,05601  	0,21690  	0,21478  	133860387,66509  	0,15259  	18,59593  	-4667896,50935  	9,41976  	0,00393  	-Inf  	-Inf  	0,00376  	0,00429  	0,00397  	0,00451  	-244,98909  	0,00400  	0,00407  
137,22142  	1244,57811  	1327,75450  	-161,74672  	25,46175  	0,04644  	0,02625  	80333,37002  	0,06321  	0,05613  	0,21606  	0,21394  	2992016,21000  	5341819,33365  	18,65430  	23709501,56943  	0,10760  	0,13089  	NaN  	NaN  	0,00376  	0,00429  	0,00397  	0,00450  	1244,38985  	0,00399  	0,00407  
138,22403  	-165,13827  	-165,14162  	1247,96971  	25,45943  	0,05046  	0,02673  	-10661,68276  	0,06284  	0,05646  	0,22005  	0,21792  	286194,74483  	832,27976  	18,54700  	-3146677,20492  	23,62993  	0,19922  	NaN  	NaN  	0,00376  	0,00429  	0,00396  	0,00451  	-165,14837  	0,00400  	0,00407  
139,22572  	1250,23231  	1250,16958  	1327,82053  	25,45661  	0,05010  	0,02623  	-15815,93170  	0,06307  	0,05661  	0,21587  	0,21375  	508566860,29922  	309386,14395  	18,61434  	-4667896,50935  	0,10638  	0,00445  	-Inf  	-Inf  	0,00377  	0,00429  	0,00397  	0,00450  	-244,98909  	0,00400  	0,00407  
140,22709  	-170,90065  	-170,90376  	1327,82053  	25,45241  	0,05012  	0,02634  	80924,24251  	0,06311  	0,05652  	0,21680  	0,21467  	460511,73614  	963,73864  	18,62665  	23883891,01764  	22,01717  	0,14637  	NaN  	NaN  	0,00376  	0,00429  	0,00396  	0,00451  	1253,54263  	0,00400  	0,00407  
141,22732  	-244,98909  	1257,96655  	1327,82053  	25,45206  	0,04602  	0,02638  	85706,53851  	0,06315  	0,05611  	0,21709  	0,21497  	113451463,28918  	148,16455  	18,63825  	25295332,54600  	9,43687  	0,00404  	-Inf  	-Inf  	0,00376  	0,00429  	0,00396  	0,00451  	1327,62170  	0,00399  	0,00407  
142,22974  	1260,37851  	-177,54994  	1327,82053  	25,45085  	0,04977  	0,02640  	-11462,65466  	0,06271  	0,05626  	0,21725  	0,21513  	2773803,24999  	6278354,83106  	18,50828  	-3383075,15974  	0,10205  	0,14918  	NaN  	NaN  	0,00376  	0,00429  	0,00397  	0,00451  	-177,55564  	0,00400  	0,00407  
143,23015  	1327,82048  	1265,85030  	1327,82053  	25,45064  	0,04687  	0,02634  	81710,54917  	0,06283  	0,05597  	0,21678  	0,21466  	555496999,41914  	341004,96630  	18,54214  	24115960,69307  	0,08080  	0,00406  	-Inf  	-Inf  	0,00376  	0,00429  	0,00396  	0,00451  	1265,72273  	0,00399  	0,00407  
144,23217  	-185,92233  	-185,92481  	1327,82053  	25,44821  	0,05489  	0,02643  	-12003,26203  	0,06302  	0,05596  	0,21752  	0,21539  	449681,90632  	1374,56787  	18,60088  	-3542629,41737  	18,16309  	0,17008  	NaN  	NaN  	0,00376  	0,00429  	0,00396  	0,00451  	-185,92979  	0,00402  	0,00407  
145,23315  	1271,86204  	-244,98909  	1327,82053  	25,44614  	0,05520  	0,02623  	82094,50579  	0,06268  	0,05622  	0,21585  	0,21373  	1863764,54594  	7715727,33099  	18,49795  	24229281,22242  	0,09800  	0,21794  	NaN  	NaN  	0,00376  	0,00429  	0,00396  	0,00450  	1271,67033  	0,00402  	0,00407  
146,23652  	1327,82048  	1274,05259  	1327,82053  	25,44363  	0,04658  	0,02625  	85706,53851  	0,06299  	0,05578  	0,21603  	0,21391  	564688706,85193  	294030,91570  	18,59083  	25295332,54600  	0,08053  	0,00398  	-Inf  	-Inf  	0,00376  	0,00429  	0,00397  	0,00450  	1327,62170  	0,00399  	0,00407  
147,23849  	-195,12334  	1327,75450  	-195,12334  	25,44110  	0,04908  	0,02650  	-12597,17342  	0,06355  	0,05622  	0,21815  	0,21603  	446302,88450  	1450,65762  	18,75729  	-3717915,76761  	16,36713  	0,15783  	-Inf  	-Inf  	0,00376  	0,00429  	0,00396  	0,00451  	-195,12964  	0,00400  	0,00407  
148,23963  	1283,95727  	1327,75450  	-244,98909  	25,43995  	0,04790  	0,02686  	82875,23456  	0,06252  	0,05581  	0,22107  	0,21894  	1867302,18721  	7117929,80999  	18,45282  	24459704,64406  	0,09333  	0,18917  	NaN  	NaN  	0,00377  	0,00429  	0,00396  	0,00452  	1283,76403  	0,00399  	0,00407  
149,24062  	1327,82048  	-208,53061  	1291,36052  	25,43730  	0,05173  	0,02653  	85706,53851  	0,06324  	0,05655  	0,21832  	0,21620  	1958764,82273  	9109726,36697  	18,66426  	25295332,54600  	0,08164  	0,20425  	Inf  	-Inf  	0,00376  	0,00429  	0,00396  	0,00451  	1327,62170  	0,00401  	0,00407  
150,24101  	-211,03677  	-244,98909  	1327,82053  	25,43477  	0,04738  	0,02638  	-13624,36129  	0,06254  	0,05608  	0,21711  	0,21499  	352700,90649  	1910,99003  	18,45935  	-4021078,85234  	13,60651  	0,18709  	NaN  	NaN  	0,00377  	0,00429  	0,00396  	0,00451  	-211,04107  	0,00399  	0,00407  
151,24220  	-244,98909  	-244,98909  	-213,20562  	25,43348  	0,04532  	0,02628  	83654,96398  	0,06282  	0,05573  	0,21630  	0,21417  	17233,59209  	66,41625  	18,54207  	24689833,11931  	9,37059  	1,07477  	NaN  	NaN  	0,00376  	0,00429  	0,00396  	0,00450  	1295,84225  	0,00399  	0,00407  
152,24317  	1296,69130  	-244,98909  	1296,69135  	25,43392  	0,04656  	0,02637  	-13806,59053  	0,06348  	0,05574  	0,21704  	0,21491  	1547299,88568  	7228931,68229  	18,73553  	-4074861,78794  	0,08927  	0,21015  	NaN  	NaN  	0,00376  	0,00429  	0,00396  	0,00451  	-213,86385  	0,00399  	0,00407  
153,24520  	1327,82048  	-244,98909  	-215,82233  	25,43269  	0,04209  	0,02620  	83823,86857  	0,06312  	0,05578  	0,21560  	0,21348  	85388,81325  	144134,44445  	18,63025  	24739683,43291  	0,08053  	0,98116  	Inf  	-Inf  	0,00376  	0,00429  	0,00396  	0,00450  	1298,45863  	0,00397  	0,00407  
154,24745  	1327,82048  	-244,98909  	1304,56620  	25,43065  	0,04913  	0,02664  	-14314,90017  	0,06330  	0,05605  	0,21928  	0,21715  	1676644,12824  	8936989,70014  	18,68340  	-4224883,73210  	0,08092  	0,21427  	Inf  	-Inf  	0,00376  	0,00429  	0,00396  	0,00451  	-221,73770  	0,00400  	0,00407  
155,24719  	-224,57115  	-244,98909  	1327,82053  	25,42953  	0,05474  	0,02651  	84388,59152  	0,06336  	0,05699  	0,21819  	0,21607  	378948,84129  	2796,12722  	18,70001  	24906355,13665  	11,90506  	0,21614  	NaN  	NaN  	0,00376  	0,00429  	0,00396  	0,00451  	1307,20634  	0,00402  	0,00408  
156,25010  	1310,85789  	1310,79261  	1327,82053  	25,42811  	0,04684  	0,02630  	-14721,02190  	0,06334  	0,05697  	0,21642  	0,21430  	621695998,11243  	86171,82917  	18,69483  	-4344746,04620  	0,08701  	0,00377  	-Inf  	-Inf  	0,00376  	0,00429  	0,00396  	0,00450  	-228,02864  	0,00399  	0,00408  
157,25096  	1327,82048  	-231,47431  	1327,82053  	25,42513  	0,05149  	0,02632  	-15815,93170  	0,06305  	0,05628  	0,21663  	0,21450  	2119575,26727  	9425687,81387  	18,60748  	-4667896,50935  	0,08125  	0,19208  	NaN  	NaN  	0,00376  	0,00429  	0,00396  	0,00451  	-244,98909  	0,00401  	0,00407  
158,25356  	-233,99262  	-244,98909  	-233,99262  	25,42354  	0,04707  	0,02648  	-15815,93170  	0,06274  	0,05691  	0,21795  	0,21582  	20939,65901  	19,78471  	18,51726  	-4667896,50935  	10,74057  	0,97608  	NaN  	NaN  	0,00376  	0,00429  	0,00396  	0,00451  	-244,98909  	0,00399  	0,00408  
159,25363  	1319,97056  	1319,90491  	1319,97061  	25,42165  	0,05407  	0,02636  	85199,83822  	0,06303  	0,05701  	0,21699  	0,21487  	628416086,07391  	401,40020  	18,60358  	25145785,58525  	0,08447  	0,00434  	-Inf  	-Inf  	0,00376  	0,00429  	0,00396  	0,00451  	1319,77277  	0,00401  	0,00408  
160,25452  	1326,56525  	-241,22354  	1326,56530  	25,42054  	0,04963  	0,02634  	85706,53851  	0,06324  	0,05612  	0,21682  	0,21469  	1972472,65451  	9079084,48043  	18,66374  	25295332,54600  	0,08135  	0,19389  	NaN  	NaN  	0,00376  	0,00429  	0,00397  	0,00451  	1327,62170  	0,00400  	0,00407  
161,25436  	-241,84473  	-244,98909  	-241,84473  	25,42006  	0,04619  	0,02636  	85706,53851  	0,06285  	0,05615  	0,21696  	0,21484  	23043,92855  	6,34945  	18,55076  	25295332,54600  	9,75416  	0,91149  	NaN  	NaN  	0,00376  	0,00429  	0,00397  	0,00451  	1327,62170  	0,00399  	0,00407  
