01/15/2025 12:54:40Time	T_hot_in(C)	T_cold_in(C)	T_cold_out(C)	T_hot_out(C)	mdot_cold(kg/s)	ASFASIFUAS(kg/s)	Diferencial_cold(bar)	Diferencial_hot(bar)	mdot_hot(kg/s)	ABS_cold(bar)	ABS_hot(bar)	q_cold(kW)	q_hot(kW)	ASFASYFY	Tau_cold_haste	Re_hot	Re_cold	U_global	PSIG_cold(bar)	R_fouling	PSIG_hot(bar)	PSID_hot(bar)	m_dot_hot	PSID_cold(bar)	m_dot_cold
2,03097  	0,00000  	0,00000  	0,00000  	0,00000  	-1,18512  	-0,20833  	-0,25900  	-0,86180  	-3,02442  	-1,72343  	-1,72415  	-0,00000  	-0,00000  	-254,35069  	-76,44127  	-9234,48090  	-3618,55272  	NaN  	NaN  	0,00000  	0,00000  	0,00000  	0,00000  	0,00000  	0,00000  	0,00000  
3,03071  	-244,98909  	-244,98909  	-244,98909  	25,41234  	0,05256  	0,02654  	85706,53851  	0,06306  	0,05616  	0,21846  	0,21634  	24064,59423  	0,00000  	18,61142  	25295332,54600  	9,44062  	1,01702  	Inf  	-Inf  	0,00376  	0,00429  	0,00397  	0,00451  	1327,62170  	0,00401  	0,00407  
4,03210  	883,67971  	-244,98909  	-244,98909  	25,41121  	0,05094  	0,04484  	85706,53851  	0,10228  	0,06903  	0,36972  	0,36749  	93892,89712  	0,00000  	30,18646  	25295332,54600  	0,61368  	0,98570  	Inf  	-Inf  	0,00376  	0,00447  	0,00396  	0,00486  	1327,62170  	0,00400  	0,00409  
5,03142  	1327,82048  	-244,98909  	-244,98909  	25,40984  	0,04817  	0,04659  	19933,13249  	0,10971  	0,07832  	0,38425  	0,38200  	161644,17994  	0,00000  	32,38012  	5883042,57613  	0,11308  	0,93208  	Inf  	-Inf  	0,00376  	0,00451  	0,00397  	0,00489  	308,77368  	0,00399  	0,00410  
6,03316  	1327,82048  	-244,98909  	-244,98909  	25,40873  	0,04409  	0,04669  	-15815,93170  	0,10881  	0,07544  	0,38500  	0,38276  	155706,55145  	0,00000  	32,11354  	-4667896,50935  	0,10892  	0,85319  	Inf  	-Inf  	0,00376  	0,00450  	0,00396  	0,00490  	-244,98909  	0,00398  	0,00410  
7,03414  	1327,82048  	-244,98909  	779,00501  	25,40717  	0,04494  	0,04642  	-15815,93170  	0,10865  	0,07515  	0,38279  	0,38055  	16533,98235  	5401570,95465  	32,06623  	-4667896,50935  	0,10851  	5,66689  	Inf  	-Inf  	0,00376  	0,00450  	0,00397  	0,00489  	-244,98909  	0,00398  	0,00410  
8,03568  	302,64918  	780,13920  	1327,82053  	25,40548  	0,05184  	0,04681  	50357,31942  	0,10939  	0,07588  	0,38601  	0,38376  	43237905,52094  	189,04095  	32,28616  	14862403,30066  	163,64329  	0,01084  	-Inf  	-Inf  	0,00376  	0,00451  	0,00396  	0,00490  	780,05264  	0,00401  	0,00410  
9,03888  	-244,98909  	299,33769  	299,36054  	25,40441  	0,05155  	0,04656  	85706,53851  	0,10848  	0,07541  	0,38399  	0,38174  	8172,48756  	0,05435  	32,01675  	25295332,54600  	12,67498  	3,56726  	-Inf  	-Inf  	0,00376  	0,00450  	0,00396  	0,00489  	1327,62170  	0,00401  	0,00410  
10,03951  	789,12693  	-244,98909  	789,12697  	25,40300  	0,04942  	0,04640  	18955,91914  	0,10848  	0,07569  	0,38263  	0,38039  	11265,61843  	191224,96131  	32,01762  	5594628,91272  	1,13407  	5,63918  	NaN  	NaN  	0,00376  	0,00450  	0,00396  	0,00489  	293,63638  	0,00400  	0,00410  
11,04134  	288,07092  	-244,98909  	1327,82053  	25,40199  	0,04673  	0,04650  	51298,32405  	0,10936  	0,07584  	0,38350  	0,38126  	529794,69329  	424,59167  	32,27527  	15140130,36317  	217,78524  	0,18451  	NaN  	NaN  	0,00376  	0,00451  	0,00396  	0,00489  	794,62906  	0,00399  	0,00410  
12,04517  	-244,98909  	798,58363  	284,20400  	25,40084  	0,04907  	0,04651  	18342,67766  	0,10915  	0,07597  	0,38355  	0,38131  	546157,79069  	1164,25576  	32,21415  	5413637,50248  	12,76882  	0,19377  	-Inf  	-Inf  	0,00376  	0,00451  	0,00396  	0,00489  	284,13710  	0,00400  	0,00410  
13,04711  	802,40045  	280,40890  	802,40049  	25,39973  	0,05160  	0,04659  	-15815,93170  	0,10892  	0,07653  	0,38418  	0,38194  	1581289,37243  	112913,83285  	32,14535  	-4667896,50935  	1,06118  	0,20374  	-Inf  	-Inf  	0,00376  	0,00451  	0,00396  	0,00489  	-244,98909  	0,00401  	0,00410  
14,04644  	1327,82048  	-244,98909  	1327,82053  	25,39941  	0,04770  	0,04647  	-15815,93170  	0,10976  	0,07574  	0,38324  	0,38099  	2623472,16434  	8806565,19419  	32,39531  	-4667896,50935  	0,10935  	0,18833  	NaN  	NaN  	0,00376  	0,00451  	0,00396  	0,00489  	-244,98909  	0,00399  	0,00410  
15,04936  	1327,82048  	-244,98909  	271,84953  	25,39867  	0,04888  	0,04654  	52345,39138  	0,10882  	0,07568  	0,38382  	0,38157  	412,47339  	2965586,33763  	32,11792  	15449160,65039  	0,10927  	217,82464  	Inf  	-Inf  	0,00376  	0,00450  	0,00396  	0,00489  	810,84842  	0,00400  	0,00410  
16,05031  	268,38249  	814,40445  	-244,98909  	25,39895  	0,04479  	0,04669  	17321,42465  	0,10892  	0,07534  	0,38507  	0,38283  	5033,59753  	238,34718  	32,14630  	5112226,02661  	324,65598  	4,02274  	NaN  	NaN  	0,00376  	0,00451  	0,00396  	0,00490  	268,31761  	0,00398  	0,00410  
17,05322  	817,87265  	264,93735  	-244,98909  	25,39723  	0,04420  	0,04641  	-15815,93170  	0,10857  	0,07569  	0,38272  	0,38047  	251,11676  	107582,82347  	32,04360  	-4667896,50935  	0,96061  	179,30694  	NaN  	NaN  	0,00376  	0,00450  	0,00396  	0,00489  	-244,98909  	0,00398  	0,00410  
18,05409  	259,80519  	822,98139  	823,02623  	25,39583  	0,04805  	0,04652  	-15815,93170  	0,10940  	0,07504  	0,38366  	0,38142  	7406990,08312  	0,01036  	32,28799  	-4667896,50935  	387,66254  	0,02926  	-Inf  	-Inf  	0,00376  	0,00451  	0,00396  	0,00489  	-244,98909  	0,00399  	0,00410  
19,05348  	826,68172  	1327,75450  	1327,82053  	25,39359  	0,04701  	0,04653  	-15815,93170  	0,10915  	0,07574  	0,38374  	0,38150  	536325060,44883  	15,93542  	32,21520  	-4667896,50935  	0,91483  	0,00368  	-Inf  	-Inf  	0,00376  	0,00451  	0,00396  	0,00489  	-244,98909  	0,00399  	0,00410  
20,05561  	1327,82048  	1327,75450  	1327,82053  	25,39242  	0,04641  	0,04653  	-15815,93170  	0,10872  	0,07539  	0,38372  	0,38148  	867777178,07801  	359,76318  	32,08662  	-4667896,50935  	0,10886  	0,00364  	-Inf  	-Inf  	0,00376  	0,00450  	0,00396  	0,00489  	-244,98909  	0,00399  	0,00410  
21,05778  	251,40634  	1327,75450  	1327,82053  	25,39135  	0,04711  	0,04666  	53664,96736  	0,10921  	0,07564  	0,38476  	0,38251  	151073946,37861  	0,01445  	32,23224  	15838618,83855  	466,87641  	0,00369  	-Inf  	-Inf  	0,00376  	0,00451  	0,00396  	0,00490  	831,28901  	0,00399  	0,00410  
22,05976  	-244,98909  	247,60962  	1327,82053  	25,39144  	0,04938  	0,04661  	85706,53851  	0,10918  	0,07557  	0,38440  	0,38216  	6476752,67041  	2461,06438  	32,22205  	25295332,54600  	12,70028  	0,03643  	-Inf  	-Inf  	0,00376  	0,00451  	0,00396  	0,00489  	1327,62170  	0,00400  	0,00410  
23,06072  	841,43956  	841,39398  	241,39185  	25,39071  	0,04821  	0,04689  	85706,53851  	0,10921  	0,07548  	0,38669  	0,38444  	1637653,86776  	167398,39654  	32,23117  	25295332,54600  	0,84022  	0,19038  	NaN  	NaN  	0,00376  	0,00451  	0,00397  	0,00490  	1327,62170  	0,00399  	0,00410  
24,06167  	238,56485  	1327,75450  	844,26657  	25,39005  	0,05211  	0,04664  	15396,74128  	0,10792  	0,07629  	0,38461  	0,38237  	40423564,01516  	112,69900  	31,85063  	4544177,11536  	615,27433  	0,00959  	-Inf  	-Inf  	0,00376  	0,00450  	0,00396  	0,00490  	238,50374  	0,00401  	0,00410  
25,06373  	845,32887  	237,48228  	1327,82053  	25,38886  	0,04925  	0,04675  	54562,43740  	0,10918  	0,07537  	0,38554  	0,38329  	18787193,19328  	320606,16694  	32,22361  	16103497,14975  	0,82144  	0,03737  	-Inf  	-Inf  	0,00376  	0,00451  	0,00396  	0,00490  	845,19107  	0,00400  	0,00410  
26,06360  	1327,82048  	849,12070  	1327,82053  	25,38838  	0,04863  	0,04631  	85706,53851  	0,10869  	0,07541  	0,38192  	0,37967  	247677314,24675  	2732713,34941  	32,07843  	25295332,54600  	0,10889  	0,00886  	-Inf  	-Inf  	0,00376  	0,00450  	0,00396  	0,00489  	1327,62170  	0,00400  	0,00410  
27,06445  	229,52489  	1327,75450  	1327,82053  	25,38783  	0,04874  	0,04662  	85706,53851  	0,10942  	0,07554  	0,38445  	0,38220  	136274640,59366  	0,01413  	32,29483  	25295332,54600  	728,67874  	0,00382  	-Inf  	-Inf  	0,00376  	0,00451  	0,00396  	0,00490  	1327,62170  	0,00400  	0,00410  
28,06699  	856,13473  	1327,75450  	1327,82053  	25,38638  	0,04795  	0,04657  	85706,53851  	0,10941  	0,07639  	0,38401  	0,38177  	560865934,63951  	20,60115  	32,29118  	25295332,54600  	0,78534  	0,00376  	-Inf  	-Inf  	0,00376  	0,00451  	0,00396  	0,00489  	1327,62170  	0,00399  	0,00410  
29,06765  	1327,82048  	1327,75450  	224,05587  	25,38597  	0,04968  	0,04687  	85706,53851  	0,10936  	0,07560  	0,38652  	0,38428  	28297445,08039  	6436578,74285  	32,27772  	25295332,54600  	0,10917  	0,03916  	NaN  	NaN  	0,00376  	0,00451  	0,00396  	0,00490  	1327,62170  	0,00400  	0,00410  
30,07013  	1327,82048  	221,18341  	-244,98909  	25,38535  	0,05083  	0,04634  	85706,53851  	0,10871  	0,07542  	0,38212  	0,37988  	421,97619  	2781275,26884  	32,08597  	25295332,54600  	0,10889  	108,84984  	NaN  	NaN  	0,00376  	0,00450  	0,00396  	0,00489  	1327,62170  	0,00400  	0,00410  
31,06961  	216,53153  	-244,98909  	866,29990  	25,38485  	0,04980  	0,04673  	13974,52385  	0,10871  	0,07569  	0,38537  	0,38313  	7644,53193  	238,60570  	32,08376  	4124425,44167  	920,17267  	2,84864  	NaN  	NaN  	0,00376  	0,00450  	0,00396  	0,00490  	216,47320  	0,00400  	0,00410  
32,07063  	870,17287  	-244,98909  	212,65854  	25,38409  	0,04991  	0,04626  	56166,07990  	0,10916  	0,07547  	0,38147  	0,37923  	278,04139  	165816,29272  	32,21797  	16576794,41383  	0,72004  	93,99750  	Inf  	-Inf  	0,00376  	0,00451  	0,00397  	0,00489  	870,03193  	0,00400  	0,00410  
33,07175  	211,33925  	871,44531  	871,49218  	25,38370  	0,04633  	0,04652  	13639,36966  	0,10901  	0,07575  	0,38366  	0,38141  	8580074,69255  	0,00931  	32,17446  	4025508,40627  	997,84135  	0,02199  	-Inf  	-Inf  	0,00376  	0,00451  	0,00397  	0,00489  	211,28157  	0,00399  	0,00410  
34,07415  	874,53676  	208,27561  	1327,82053  	25,38298  	0,04890  	0,04643  	56447,76259  	0,10899  	0,07589  	0,38292  	0,38067  	17333066,47560  	411098,86343  	32,16636  	16659929,93225  	0,70762  	0,04031  	-Inf  	-Inf  	0,00376  	0,00451  	0,00396  	0,00489  	874,39527  	0,00400  	0,00410  
35,07609  	1327,82048  	-244,98909  	1327,82053  	25,38237  	0,04679  	0,04652  	13338,30285  	0,10889  	0,07578  	0,38359  	0,38135  	2624964,22130  	8638812,32548  	32,13729  	3936651,88245  	0,10942  	0,18476  	NaN  	NaN  	0,00376  	0,00451  	0,00396  	0,00489  	206,61797  	0,00399  	0,00410  
36,07714  	203,53314  	-244,98909  	1327,82053  	25,38178  	0,04968  	0,04645  	56755,10967  	0,10890  	0,07499  	0,38307  	0,38083  	355296,98965  	333,18491  	32,13946  	16750640,00557  	1095,84792  	0,19615  	NaN  	NaN  	0,00376  	0,00451  	0,00397  	0,00489  	879,15616  	0,00400  	0,00410  
37,07786  	883,91774  	-244,98909  	1327,82053  	25,38194  	0,05000  	0,04679  	85706,53851  	0,10934  	0,07526  	0,38590  	0,38365  	1718429,69470  	634466,35110  	32,27061  	25295332,54600  	0,66828  	0,19743  	NaN  	NaN  	0,00376  	0,00451  	0,00396  	0,00490  	1327,62170  	0,00400  	0,00410  
38,07845  	195,13352  	-244,98909  	1327,82053  	25,38003  	0,04539  	0,04648  	12593,31441  	0,10894  	0,07577  	0,38328  	0,38103  	342098,40169  	303,00639  	32,15167  	3716776,82215  	1207,09844  	0,17920  	NaN  	NaN  	0,00377  	0,00451  	0,00396  	0,00489  	195,07789  	0,00399  	0,00410  
39,08117  	-244,98909  	890,28808  	1327,82053  	25,37958  	0,05070  	0,04632  	57467,56067  	0,10921  	0,07600  	0,38202  	0,37977  	58345978,49213  	1023,72995  	32,23169  	16960912,00405  	12,77065  	0,00853  	-Inf  	-Inf  	0,00376  	0,00451  	0,00396  	0,00489  	890,19222  	0,00400  	0,00410  
40,08216  	-244,98909  	1327,75450  	188,98695  	25,37971  	0,04453  	0,04660  	12196,56208  	0,11024  	0,07617  	0,38426  	0,38201  	5100491,13669  	2340,28889  	32,53549  	3599679,77945  	12,80000  	0,03881  	-Inf  	-Inf  	0,00376  	0,00451  	0,00396  	0,00489  	188,93209  	0,00398  	0,00410  
41,08271  	-244,98909  	1327,75450  	896,93100  	25,38006  	0,04961  	0,04665  	57893,27391  	0,10931  	0,07504  	0,38469  	0,38245  	58704857,53648  	986,24767  	32,26307  	17086556,53483  	12,61041  	0,00824  	-Inf  	-Inf  	0,00376  	0,00451  	0,00396  	0,00490  	896,78664  	0,00400  	0,00410  
42,08432  	-244,98909  	181,85810  	181,87602  	25,37996  	0,04834  	0,04629  	11737,56251  	0,10877  	0,07524  	0,38173  	0,37949  	217,48606  	0,03998  	32,10151  	3464211,15684  	12,64453  	54,84240  	-Inf  	-Inf  	0,00376  	0,00450  	0,00396  	0,00489  	181,82206  	0,00399  	0,00410  
43,08716  	904,90387  	-244,98909  	904,90391  	25,37975  	0,04926  	0,04632  	-15815,93170  	0,10927  	0,07598  	0,38196  	0,37972  	55093,50372  	534906,20567  	32,24875  	-4667896,50935  	0,60611  	2,07536  	NaN  	NaN  	0,00376  	0,00451  	0,00396  	0,00489  	-244,98909  	0,00400  	0,00410  
44,08761  	175,11704  	-244,98909  	1327,82053  	25,37960  	0,04658  	0,04687  	-15815,93170  	0,10956  	0,07586  	0,38653  	0,38429  	302108,88402  	309,02553  	32,33616  	-4667896,50935  	1326,44905  	0,18391  	NaN  	NaN  	0,00376  	0,00451  	0,00395  	0,00490  	-244,98909  	0,00399  	0,00410  
45,08858  	-244,98909  	912,66825  	1327,82053  	25,38002  	0,04834  	0,04670  	-15815,93170  	0,10944  	0,07616  	0,38515  	0,38291  	62316339,41378  	926,10851  	32,30053  	-4667896,50935  	12,79917  	0,00779  	-Inf  	-Inf  	0,00376  	0,00451  	0,00396  	0,00490  	-244,98909  	0,00399  	0,00410  
46,09104  	-244,98909  	1327,75450  	1327,82053  	25,38007  	0,05020  	0,04655  	-15815,93170  	0,10945  	0,07598  	0,38391  	0,38167  	181542984,78782  	0,15296  	32,30257  	-4667896,50935  	12,76810  	0,00393  	-Inf  	-Inf  	0,00376  	0,00451  	0,00396  	0,00489  	-244,98909  	0,00400  	0,00410  
47,09290  	-244,98909  	1327,75450  	1327,82053  	25,37944  	0,04432  	0,04631  	-15815,93170  	0,10953  	0,07574  	0,38185  	0,37961  	180966165,66614  	0,13504  	32,32790  	-4667896,50935  	12,72748  	0,00347  	-Inf  	-Inf  	0,00376  	0,00451  	0,00396  	0,00489  	-244,98909  	0,00398  	0,00410  
48,09418  	922,76471  	160,04969  	160,06669  	25,37924  	0,04994  	0,04679  	59560,80352  	0,10909  	0,07559  	0,38589  	0,38364  	416,33898  	9,14262  	32,19792  	17578709,37143  	0,55169  	125,66262  	NaN  	NaN  	0,00376  	0,00451  	0,00396  	0,00490  	922,61712  	0,00400  	0,00410  
49,09618  	1327,82048  	926,55722  	926,60641  	25,37889  	0,05272  	0,04639  	10081,82988  	0,10907  	0,07613  	0,38257  	0,38032  	89556961,23452  	304,40395  	32,19026  	2975540,06750  	0,10993  	0,01919  	NaN  	NaN  	0,00376  	0,00451  	0,00396  	0,00489  	156,17431  	0,00401  	0,00410  
50,09681  	1327,82048  	1327,75450  	1327,82053  	25,37994  	0,04556  	0,04636  	60032,09345  	0,10884  	0,07546  	0,38233  	0,38009  	868513836,63010  	353,12870  	32,12193  	17717805,35775  	0,10895  	0,00357  	-Inf  	-Inf  	0,00376  	0,00450  	0,00397  	0,00489  	929,91753  	0,00399  	0,00410  
51,09733  	1327,82048  	1327,75450  	1327,82053  	25,38046  	0,05036  	0,04661  	9620,51204  	0,10915  	0,07624  	0,38434  	0,38210  	877570632,13877  	390,36969  	32,21557  	2839387,23518  	0,11009  	0,00395  	-Inf  	-Inf  	0,00376  	0,00451  	0,00396  	0,00489  	149,02837  	0,00400  	0,00410  
52,10122  	147,03535  	1327,75450  	1327,82053  	25,37955  	0,04542  	0,04632  	60401,95636  	0,10908  	0,07621  	0,38194  	0,37970  	81937909,58582  	0,01260  	32,19428  	17826966,28655  	1234,33925  	0,00356  	-Inf  	-Inf  	0,00376  	0,00451  	0,00397  	0,00489  	935,64681  	0,00399  	0,00410  
53,10255  	-244,98909  	1327,75450  	1327,82053  	25,37865  	0,04311  	0,04646  	9250,59438  	0,10852  	0,07528  	0,38315  	0,38091  	179874746,79890  	0,13138  	32,02798  	2730210,14564  	12,65065  	0,00338  	-Inf  	-Inf  	0,00376  	0,00450  	0,00396  	0,00489  	143,29825  	0,00398  	0,00410  
54,10237  	-244,98909  	1327,75450  	1327,82053  	25,37988  	0,04729  	0,04661  	60953,35249  	0,10950  	0,07548  	0,38435  	0,38210  	180345389,40787  	0,14410  	32,31726  	17989704,72808  	12,68385  	0,00371  	-Inf  	-Inf  	0,00376  	0,00451  	0,00397  	0,00489  	944,18809  	0,00399  	0,00410  
55,10372  	949,70499  	1327,75450  	1327,82053  	25,38010  	0,04911  	0,04676  	8590,84921  	0,10874  	0,07551  	0,38560  	0,38335  	616804956,92670  	42,30549  	32,09299  	2535493,68921  	0,48358  	0,00385  	-Inf  	-Inf  	0,00376  	0,00450  	0,00396  	0,00490  	133,07861  	0,00400  	0,00410  
56,10471  	130,31192  	130,29617  	1327,82053  	25,38087  	0,04757  	0,04663  	61481,42830  	0,10896  	0,07568  	0,38450  	0,38226  	1520844,98057  	238,81530  	32,15735  	18145560,43715  	1106,18638  	0,04932  	-Inf  	-Inf  	0,00376  	0,00451  	0,00396  	0,00490  	952,36813  	0,00399  	0,00410  
57,10471  	955,91688  	-244,98909  	126,91452  	25,37945  	0,04415  	0,04676  	85706,53851  	0,10925  	0,07512  	0,38563  	0,38339  	587,66872  	223697,73390  	32,24488  	25295332,54600  	0,46710  	24,39083  	Inf  	-Inf  	0,00376  	0,00451  	0,00396  	0,00490  	1327,62170  	0,00398  	0,00410  
58,10535  	1327,82048  	957,91917  	957,96968  	25,38049  	0,04488  	0,04667  	8057,37863  	0,10921  	0,07526  	0,38490  	0,38266  	109566616,67463  	266,04529  	32,23078  	2378045,77602  	0,10868  	0,01415  	NaN  	NaN  	0,00376  	0,00451  	0,00396  	0,00490  	124,81501  	0,00398  	0,00410  
59,10688  	1327,82048  	1327,75450  	1327,82053  	25,38133  	0,04859  	0,04643  	-15815,93170  	0,10900  	0,07514  	0,38285  	0,38061  	864910473,45008  	376,58699  	32,17095  	-4667896,50935  	0,10850  	0,00381  	-Inf  	-Inf  	0,00376  	0,00451  	0,00396  	0,00489  	-244,98909  	0,00400  	0,00410  
60,10654  	1327,82048  	1327,75450  	1327,82053  	25,38193  	0,04552  	0,04658  	62008,50183  	0,11007  	0,07540  	0,38415  	0,38190  	867911976,06081  	352,78543  	32,48453  	18301120,33240  	0,10888  	0,00357  	-Inf  	-Inf  	0,00376  	0,00451  	0,00396  	0,00489  	960,53264  	0,00399  	0,00410  
61,10889  	118,81352  	1327,75450  	1327,82053  	25,38353  	0,05208  	0,04682  	7666,97474  	0,10928  	0,07528  	0,38607  	0,38383  	62160061,91252  	0,01440  	32,25351  	2262822,40650  	1016,51598  	0,00408  	-Inf  	-Inf  	0,00376  	0,00451  	0,00397  	0,00490  	118,76754  	0,00401  	0,00410  
62,11108  	-244,98909  	1327,75450  	1327,82053  	25,38385  	0,05085  	0,04633  	62378,05713  	0,10900  	0,07594  	0,38203  	0,37979  	181455285,59585  	0,15495  	32,16999  	18410190,47319  	12,76225  	0,00399  	-Inf  	-Inf  	0,00376  	0,00451  	0,00396  	0,00489  	966,25715  	0,00400  	0,00410  
63,11215  	970,49221  	112,32419  	1327,82053  	25,38381  	0,05011  	0,04672  	7249,06552  	0,10911  	0,07624  	0,38529  	0,38304  	12724601,48770  	917928,32966  	32,20230  	2139481,14388  	0,44267  	0,05489  	-Inf  	-Inf  	0,00376  	0,00451  	0,00397  	0,00490  	112,29402  	0,00400  	0,00410  
64,11134  	1327,82048  	974,45247  	1327,82053  	25,38418  	0,04809  	0,04654  	-15815,93170  	0,10905  	0,07617  	0,38384  	0,38159  	356632080,10258  	1994567,32822  	32,18605  	-4667896,50935  	0,10999  	0,00690  	-Inf  	-Inf  	0,00376  	0,00451  	0,00396  	0,00489  	-244,98909  	0,00399  	0,00410  
65,11268  	1327,82048  	1327,75450  	104,90839  	25,38563  	0,04431  	0,04649  	63121,18785  	0,10893  	0,07569  	0,38336  	0,38112  	16826633,74260  	6359863,03679  	32,14855  	18629517,24746  	0,10929  	0,04966  	NaN  	NaN  	0,00376  	0,00451  	0,00397  	0,00489  	977,76845  	0,00398  	0,00410  
66,11515  	102,84682  	1327,75450  	979,98461  	25,38700  	0,04520  	0,04672  	85706,53851  	0,10933  	0,07531  	0,38525  	0,38300  	21286682,82581  	65,77731  	32,26653  	25295332,54600  	906,33410  	0,00642  	-Inf  	-Inf  	0,00376  	0,00451  	0,00397  	0,00490  	1327,62170  	0,00398  	0,00410  
67,11705  	-244,98909  	101,32905  	1327,82053  	25,38629  	0,04705  	0,04650  	6539,31624  	0,10909  	0,07605  	0,38348  	0,38124  	3453741,83381  	2662,36460  	32,19580  	1930006,52864  	12,78082  	0,05331  	-Inf  	-Inf  	0,00376  	0,00451  	0,00396  	0,00489  	101,29981  	0,00399  	0,00410  
68,11670  	984,39451  	984,34293  	1327,82053  	25,38577  	0,04788  	0,04637  	-15815,93170  	0,10896  	0,07627  	0,38237  	0,38013  	270151673,81068  	272380,44469  	32,15916  	-4667896,50935  	0,41531  	0,00675  	-Inf  	-Inf  	0,00376  	0,00451  	0,00396  	0,00489  	-244,98909  	0,00399  	0,00410  
69,11663  	91,27760  	1327,75450  	1327,82053  	25,38694  	0,04344  	0,04689  	64001,03438  	0,10960  	0,07598  	0,38667  	0,38443  	44243893,28297  	0,01200  	32,34811  	18889194,17397  	838,92996  	0,00340  	-Inf  	-Inf  	0,00376  	0,00451  	0,00396  	0,00490  	991,39751  	0,00398  	0,00410  
70,11717  	-244,98909  	90,20641  	1327,82053  	25,38715  	0,05107  	0,04630  	85706,53851  	0,10924  	0,07541  	0,38181  	0,37956  	3253809,90301  	2916,46300  	32,24155  	25295332,54600  	12,67313  	0,05991  	-Inf  	-Inf  	0,00376  	0,00451  	0,00396  	0,00489  	1327,62170  	0,00400  	0,00410  
71,11878  	-244,98909  	-244,98909  	1327,82053  	25,38848  	0,05345  	0,04645  	85706,53851  	0,10927  	0,07549  	0,38307  	0,38083  	542814,21883  	3879,10373  	32,25012  	25295332,54600  	12,68614  	0,21105  	NaN  	NaN  	0,00376  	0,00451  	0,00396  	0,00489  	1327,62170  	0,00401  	0,00410  
72,12103  	994,60344  	994,55143  	88,22796  	25,38923  	0,04916  	0,04668  	5692,72263  	0,10929  	0,07537  	0,38496  	0,38271  	1942161,48810  	790351,89791  	32,25626  	1680143,83165  	0,39175  	0,19415  	NaN  	NaN  	0,00376  	0,00451  	0,00396  	0,00490  	88,18584  	0,00400  	0,00410  
73,12236  	84,39347  	1327,75450  	-244,98909  	25,38982  	0,04808  	0,04689  	64445,39432  	0,11010  	0,07622  	0,38673  	0,38448  	119561,59774  	316,21215  	32,49538  	19020342,07304  	798,36218  	0,18989  	NaN  	NaN  	0,00376  	0,00451  	0,00397  	0,00490  	998,28077  	0,00399  	0,00410  
74,12647  	-244,98909  	1327,75450  	1002,58485  	25,39158  	0,04389  	0,04634  	5177,53719  	0,10942  	0,07599  	0,38216  	0,37991  	79737588,27686  	658,41664  	32,29271  	1528092,57276  	12,77129  	0,00598  	-Inf  	-Inf  	0,00376  	0,00451  	0,00396  	0,00489  	80,20548  	0,00398  	0,00410  
75,13115  	1007,42754  	75,39041  	1327,82053  	25,39226  	0,04741  	0,04639  	65025,66058  	0,10857  	0,07608  	0,38253  	0,38029  	11129766,62809  	1146606,88854  	32,04447  	19191601,21362  	0,37327  	0,05826  	-Inf  	-Inf  	0,00376  	0,00450  	0,00396  	0,00489  	1007,26925  	0,00399  	0,00410  
76,13448  	68,63290  	-244,98909  	1327,82053  	25,39320  	0,04787  	0,04682  	85706,53851  	0,10923  	0,07540  	0,38609  	0,38384  	86711,51275  	314,80845  	32,23905  	25295332,54600  	695,47839  	0,18899  	NaN  	NaN  	0,00376  	0,00451  	0,00396  	0,00490  	1327,62170  	0,00399  	0,00410  
77,13558  	1021,71790  	1021,66476  	1327,82053  	25,39558  	0,04447  	0,04672  	3942,52515  	0,10964  	0,07546  	0,38527  	0,38302  	307271006,49981  	288627,35022  	32,35970  	1163592,49206  	0,34755  	0,00585  	-Inf  	-Inf  	0,00376  	0,00451  	0,00396  	0,00490  	61,07480  	0,00398  	0,00410  
78,13816  	54,01101  	53,99847  	1327,82053  	25,39470  	0,04199  	0,04673  	-15815,93170  	0,10935  	0,07564  	0,38537  	0,38312  	291532,08062  	223,67069  	32,27490  	-4667896,50935  	612,90022  	0,05524  	-Inf  	-Inf  	0,00376  	0,00451  	0,00396  	0,00490  	-244,98909  	0,00397  	0,00410  
79,13736  	-244,98909  	1033,39577  	1327,82053  	25,39539  	0,04832  	0,04655  	66705,33233  	0,10910  	0,07615  	0,38385  	0,38160  	86832338,51343  	656,30973  	32,19933  	19687337,66581  	12,79815  	0,00623  	-Inf  	-Inf  	0,00376  	0,00451  	0,00396  	0,00489  	1033,28783  	0,00399  	0,00410  
80,14083  	1035,37277  	1327,75450  	1327,82053  	25,39576  	0,04583  	0,04670  	85706,53851  	0,10863  	0,07724  	0,38510  	0,38286  	689403561,51890  	70,03080  	32,05979  	25295332,54600  	0,33516  	0,00359  	-Inf  	-Inf  	0,00376  	0,00450  	0,00397  	0,00490  	1327,62170  	0,00399  	0,00410  
81,14079  	43,88789  	1327,75450  	43,88790  	25,39708  	0,04495  	0,04667  	85706,53851  	0,10974  	0,07583  	0,38487  	0,38262  	179900,72564  	241,37970  	32,38877  	25295332,54600  	556,95988  	0,06111  	-Inf  	-Inf  	0,00376  	0,00451  	0,00396  	0,00490  	1327,62170  	0,00398  	0,00410  
82,14133  	1043,08230  	39,73714  	1043,08234  	25,39646  	0,05174  	0,04658  	85706,53851  	0,10944  	0,07630  	0,38414  	0,38190  	2064889,92985  	1261611,64572  	32,30071  	25295332,54600  	0,32024  	0,20428  	-Inf  	-Inf  	0,00376  	0,00451  	0,00396  	0,00489  	1327,62170  	0,00401  	0,00410  
83,14419  	36,13960  	-244,98909  	36,13961  	25,39717  	0,04689  	0,04650  	85706,53851  	0,10882  	0,07537  	0,38349  	0,38125  	31,09850  	55,14467  	32,11588  	25295332,54600  	510,75365  	8,82376  	NaN  	NaN  	0,00376  	0,00450  	0,00397  	0,00489  	1327,62170  	0,00399  	0,00410  
84,14534  	1047,53332  	1047,47910  	1047,53337  	25,39788  	0,04912  	0,04679  	85706,53851  	0,11004  	0,07588  	0,38586  	0,38361  	153291775,92343  	66,62943  	32,47853  	25295332,54600  	0,31249  	0,01054  	-Inf  	-Inf  	0,00376  	0,00451  	0,00396  	0,00490  	1327,62170  	0,00400  	0,00410  
85,14757  	1327,82048  	30,52345  	1327,82053  	25,39708  	0,04901  	0,04665  	85706,53851  	0,10891  	0,07657  	0,38474  	0,38249  	12000518,70409  	7463082,23224  	32,14218  	25295332,54600  	0,11055  	0,06958  	-Inf  	-Inf  	0,00376  	0,00451  	0,00396  	0,00490  	1327,62170  	0,00400  	0,00410  
86,15085  	1327,82048  	1056,99257  	1327,82053  	25,39794  	0,04941  	0,04683  	85706,53851  	0,10931  	0,07586  	0,38618  	0,38393  	443716702,78776  	1570906,97341  	32,26247  	25295332,54600  	0,10954  	0,00611  	-Inf  	-Inf  	0,00376  	0,00451  	0,00396  	0,00490  	1327,62170  	0,00400  	0,00410  
87,15075  	22,06218  	1327,75450  	1327,82053  	25,39802  	0,04882  	0,04658  	1421,82212  	0,10879  	0,07589  	0,38416  	0,38192  	2237130,98017  	0,01349  	32,10678  	419635,00025  	438,70317  	0,00383  	-Inf  	-Inf  	0,00376  	0,00450  	0,00396  	0,00489  	22,02842  	0,00400  	0,00410  
88,15143  	1065,68555  	17,13484  	17,14585  	25,39839  	0,04618  	0,04670  	-15815,93170  	0,10917  	0,07619  	0,38514  	0,38290  	331,60114  	14,22871  	32,21896  	-4667896,50935  	0,29056  	226,83318  	Inf  	-Inf  	0,00376  	0,00451  	0,00397  	0,00490  	-244,98909  	0,00399  	0,00410  
89,15167  	1327,82048  	-244,98909  	-244,98909  	25,39768  	0,04819  	0,04671  	69039,88223  	0,10914  	0,07662  	0,38524  	0,38299  	158147,20927  	0,00000  	32,21000  	20376354,13079  	0,11063  	0,93240  	Inf  	-Inf  	0,00376  	0,00451  	0,00396  	0,00490  	1069,45064  	0,00399  	0,00410  
90,15600  	1327,82048  	-244,98909  	1071,34318  	25,39884  	0,04765  	0,04669  	739,29126  	0,10915  	0,07614  	0,38506  	0,38282  	410689,73689  	7362471,99935  	32,21413  	218193,60040  	0,10994  	0,66625  	Inf  	-Inf  	0,00376  	0,00451  	0,00396  	0,00490  	11,45584  	0,00399  	0,00410  
91,15835  	1327,82048  	1074,10643  	1327,82053  	25,40042  	0,04582  	0,04649  	-15815,93170  	0,10960  	0,07627  	0,38336  	0,38112  	466684024,82147  	1364513,07322  	32,34776  	-4667896,50935  	0,11012  	0,00549  	-Inf  	-Inf  	0,00376  	0,00451  	0,00397  	0,00489  	-244,98909  	0,00399  	0,00410  
92,15902  	3,97638  	3,96594  	1327,82053  	25,39908  	0,04742  	0,04691  	69636,19534  	0,11011  	0,07541  	0,38685  	0,38461  	170706,31324  	262,68955  	32,49848  	20552349,31834  	347,45093  	0,07352  	NaN  	NaN  	0,00376  	0,00451  	0,00396  	0,00490  	1078,68770  	0,00399  	0,00410  
93,15972  	1084,68994  	-244,98909  	1327,82053  	25,40025  	0,04602  	0,04689  	85706,53851  	0,11006  	0,07606  	0,38668  	0,38443  	2142827,37417  	2276306,17233  	32,48237  	25295332,54600  	0,26804  	0,18172  	NaN  	NaN  	0,00377  	0,00451  	0,00396  	0,00490  	1327,62170  	0,00399  	0,00410  
94,15954  	-5,40959  	-244,98909  	-5,40958  	25,40052  	0,04695  	0,04644  	85706,53851  	0,10895  	0,07687  	0,38298  	0,38074  	181,54666  	47,09353  	32,15464  	25295332,54600  	312,05755  	5,79406  	NaN  	NaN  	0,00376  	0,00451  	0,00397  	0,00489  	1327,62170  	0,00399  	0,00410  
95,16221  	-244,98909  	1091,84296  	1091,89909  	25,40078  	0,04927  	0,04646  	85706,53851  	0,10914  	0,07584  	0,38315  	0,38091  	52745530,22013  	0,12757  	32,21141  	25295332,54600  	12,74813  	0,00886  	-Inf  	-Inf  	0,00376  	0,00451  	0,00396  	0,00489  	1327,62170  	0,00400  	0,00410  
96,16333  	1093,43855  	-10,61699  	1327,82053  	25,40204  	0,04067  	0,04687  	85706,53851  	0,10983  	0,07661  	0,38652  	0,38427  	8041007,59389  	1804536,14509  	32,41633  	25295332,54600  	0,26050  	0,06623  	NaN  	NaN  	0,00376  	0,00451  	0,00397  	0,00490  	1327,62170  	0,00397  	0,00410  
97,16654  	-13,88750  	-244,98909  	1327,82053  	25,40400  	0,04940  	0,04666  	-898,67515  	0,10975  	0,07522  	0,38481  	0,38257  	78609,47934  	325,73053  	32,39168  	-265233,98494  	271,22636  	0,19506  	NaN  	NaN  	0,00376  	0,00451  	0,00397  	0,00490  	-13,91671  	0,00400  	0,00410  
98,16903  	-244,98909  	-244,98909  	1327,82053  	25,40457  	0,04813  	0,04655  	-15815,93170  	0,10883  	0,07476  	0,38384  	0,38160  	537659,82343  	3491,99410  	32,12123  	-4667896,50935  	12,56703  	0,19004  	NaN  	NaN  	0,00376  	0,00450  	0,00395  	0,00489  	-244,98909  	0,00399  	0,00410  
99,17045  	1104,70026  	-244,98909  	1327,82053  	25,40556  	0,04895  	0,04694  	-15815,93170  	0,10998  	0,07592  	0,38710  	0,38485  	2179320,92598  	2729811,83095  	32,45857  	-4667896,50935  	0,24663  	0,19326  	NaN  	NaN  	0,00376  	0,00451  	0,00396  	0,00490  	-244,98909  	0,00400  	0,00410  
100,17123  	-28,51570  	1111,29019  	-28,51569  	25,40613  	0,04940  	0,04687  	71733,50975  	0,10932  	0,07573  	0,38656  	0,38431  	108565,07391  	237,22028  	32,26593  	21171348,36319  	220,90002  	0,19508  	-Inf  	-Inf  	0,00376  	0,00451  	0,00397  	0,00490  	1111,17567  	0,00400  	0,00410  
101,17181  	-244,98909  	1327,75450  	1114,44636  	25,40524  	0,04430  	0,04665  	85706,53851  	0,10824  	0,07570  	0,38473  	0,38249  	106798642,59625  	435,88307  	31,94670  	25295332,54600  	12,72465  	0,00495  	-Inf  	-Inf  	0,00376  	0,00450  	0,00396  	0,00490  	1327,62170  	0,00398  	0,00410  
102,17432  	1117,19038  	1327,75450  	1327,82053  	25,40481  	0,04776  	0,04662  	-2220,07821  	0,10905  	0,07637  	0,38447  	0,38222  	736891380,98980  	120,39241  	32,18515  	-655231,41499  	0,23600  	0,00374  	-Inf  	-Inf  	0,00376  	0,00451  	0,00396  	0,00490  	-34,38561  	0,00399  	0,00410  
103,17729  	1327,82048  	-36,73485  	1327,82053  	25,40546  	0,05020  	0,04654  	72263,47924  	0,10881  	0,07559  	0,38377  	0,38153  	8475709,05707  	8040739,58590  	32,11330  	21327762,97067  	0,10914  	0,08940  	NaN  	NaN  	0,00376  	0,00450  	0,00396  	0,00489  	1119,38504  	0,00400  	0,00410  
104,17849  	1327,82048  	-244,98909  	-40,50816  	25,40570  	0,05040  	0,04665  	85706,53851  	0,10875  	0,07610  	0,38471  	0,38247  	13063,54918  	1209765,82550  	32,09592  	25295332,54600  	0,10987  	4,48273  	Inf  	-Inf  	0,00376  	0,00450  	0,00396  	0,00490  	1327,62170  	0,00400  	0,00410  
105,17961  	-46,42737  	1129,20111  	-244,98909  	25,40668  	0,04470  	0,04678  	85706,53851  	0,10949  	0,07640  	0,38575  	0,38350  	36467,84265  	262,85642  	32,31512  	25295332,54600  	170,61002  	0,45290  	NaN  	NaN  	0,00376  	0,00451  	0,00397  	0,00490  	1327,62170  	0,00398  	0,00410  
106,18036  	-244,98909  	-51,58031  	1134,40363  	25,40820  	0,04718  	0,04662  	85706,53851  	0,10889  	0,07602  	0,38446  	0,38222  	546693,31511  	2580,71757  	32,13826  	25295332,54600  	12,77913  	0,18628  	NaN  	NaN  	0,00376  	0,00451  	0,00396  	0,00490  	1327,62170  	0,00399  	0,00410  
107,18239  	1136,20597  	1136,14803  	1327,82053  	25,40771  	0,04962  	0,04655  	85706,53851  	0,10968  	0,07614  	0,38386  	0,38162  	466672482,70000  	405467,73295  	32,36994  	25295332,54600  	0,21829  	0,00534  	-Inf  	-Inf  	0,00376  	0,00451  	0,00397  	0,00489  	1327,62170  	0,00400  	0,00410  
108,18544  	1327,82048  	-56,72502  	-56,71711  	25,40761  	0,04877  	0,04651  	85706,53851  	0,10925  	0,07562  	0,38352  	0,38128  	776,94241  	45,25667  	32,24473  	25295332,54600  	0,10918  	28,65217  	Inf  	-Inf  	0,00376  	0,00451  	0,00396  	0,00489  	1327,62170  	0,00400  	0,00410  
109,18713  	1327,82048  	1142,37527  	-244,98909  	25,40761  	0,04347  	0,04692  	85706,53851  	0,10869  	0,07633  	0,38692  	0,38467  	731962,62133  	7079300,62710  	32,07977  	25295332,54600  	0,11020  	0,41073  	NaN  	NaN  	0,00376  	0,00450  	0,00396  	0,00490  	1327,62170  	0,00398  	0,00410  
110,18836  	1327,82048  	1327,75450  	1148,15149  	25,40789  	0,04330  	0,04661  	85706,53851  	0,10941  	0,07537  	0,38439  	0,38214  	558375398,73509  	912932,97096  	32,29025  	25295332,54600  	0,10882  	0,00456  	NaN  	NaN  	0,00376  	0,00451  	0,00396  	0,00489  	1327,62170  	0,00398  	0,00410  
111,19157  	-71,52206  	1327,75450  	-71,52205  	25,40624  	0,04698  	0,04666  	85706,53851  	0,10931  	0,07539  	0,38480  	0,38256  	524823,11732  	297,53876  	32,26253  	25295332,54600  	115,43039  	0,09460  	-Inf  	-Inf  	0,00376  	0,00451  	0,00396  	0,00490  	1327,62170  	0,00399  	0,00410  
112,19415  	1159,63077  	1327,75450  	1159,63082  	25,40758  	0,04803  	0,04699  	-4959,54122  	0,11028  	0,07574  	0,38754  	0,38529  	503121726,68825  	393413,54834  	32,54824  	-1463753,48624  	0,19837  	0,00496  	-Inf  	-Inf  	0,00376  	0,00451  	0,00396  	0,00490  	-76,82064  	0,00399  	0,00410  
113,19460  	-79,52915  	1327,75450  	1327,82053  	25,40805  	0,04757  	0,04672  	75026,35037  	0,10837  	0,07617  	0,38529  	0,38305  	70636621,45808  	0,01466  	31,98492  	22143193,68542  	103,51445  	0,00373  	-Inf  	-Inf  	0,00376  	0,00450  	0,00397  	0,00490  	1162,18267  	0,00399  	0,00410  
114,19721  	-244,98909  	-86,11021  	-86,10354  	25,40978  	0,05376  	0,04677  	85706,53851  	0,10986  	0,07616  	0,38572  	0,38348  	417,76082  	0,01654  	32,42517  	25295332,54600  	12,80310  	15,19664  	NaN  	NaN  	0,00376  	0,00451  	0,00396  	0,00490  	1327,62170  	0,00401  	0,00410  
115,19692  	1170,44548  	-244,98909  	-244,98909  	25,41026  	0,04658  	0,04669  	85706,53851  	0,10964  	0,07631  	0,38502  	0,38277  	138474,21462  	0,00000  	32,35870  	25295332,54600  	0,19183  	0,90124  	Inf  	-Inf  	0,00376  	0,00451  	0,00396  	0,00490  	1327,62170  	0,00399  	0,00410  
116,19714  	1327,82048  	1176,45656  	-244,98909  	25,41029  	0,04798  	0,04640  	85706,53851  	0,10932  	0,07684  	0,38264  	0,38040  	953502,04785  	8005588,64525  	32,26376  	25295332,54600  	0,11095  	0,38045  	NaN  	NaN  	0,00376  	0,00451  	0,00397  	0,00489  	1327,62170  	0,00399  	0,00410  
117,19667  	-95,00305  	1327,75450  	1177,83449  	25,41043  	0,04708  	0,04620  	85706,53851  	0,10901  	0,07592  	0,38100  	0,37876  	56053195,94913  	35,81902  	32,17177  	25295332,54600  	82,20157  	0,00472  	-Inf  	-Inf  	0,00376  	0,00451  	0,00396  	0,00489  	1327,62170  	0,00399  	0,00410  
118,19786  	1179,60253  	-96,77736  	-96,77114  	25,41030  	0,04935  	0,04645  	85706,53851  	0,10950  	0,07637  	0,38305  	0,38081  	2596,90049  	16,72471  	32,31630  	25295332,54600  	0,18545  	10,95908  	Inf  	-Inf  	0,00376  	0,00451  	0,00396  	0,00489  	1327,62170  	0,00400  	0,00410  
119,19739  	-97,69522  	1180,46681  	1180,52666  	25,41115  	0,04627  	0,04670  	-6308,33615  	0,10931  	0,07608  	0,38515  	0,38291  	39477230,32240  	0,01431  	32,26018  	-1861835,32185  	79,22606  	0,00597  	-Inf  	-Inf  	0,00376  	0,00451  	0,00397  	0,00490  	-97,71384  	0,00399  	0,00410  
120,20145  	1184,00816  	1327,75450  	1327,82053  	25,41080  	0,04887  	0,04702  	76423,67158  	0,10944  	0,07642  	0,38778  	0,38553  	782446072,70612  	180,09499  	32,30101  	22555597,51633  	0,18255  	0,00383  	-Inf  	-Inf  	0,00376  	0,00451  	0,00396  	0,00490  	1183,82756  	0,00400  	0,00410  
121,20339  	1327,82048  	-102,09805  	1327,82053  	25,41162  	0,04995  	0,04670  	85706,53851  	0,10959  	0,07627  	0,38509  	0,38284  	6059982,34353  	8385018,15119  	32,34421  	25295332,54600  	0,11012  	0,11234  	NaN  	NaN  	0,00376  	0,00451  	0,00397  	0,00490  	1327,62170  	0,00400  	0,00410  
122,20415  	1327,82048  	1188,77077  	-105,99953  	25,41156  	0,05195  	0,04717  	-6844,36691  	0,10960  	0,07636  	0,38901  	0,38677  	2644126,69663  	7896686,74158  	32,34771  	-2020038,84497  	0,11025  	0,20518  	NaN  	NaN  	0,00376  	0,00451  	0,00396  	0,00491  	-106,01710  	0,00401  	0,00410  
