01/15/2025 12:58:47Time	T_hot_in(C)	T_cold_in(C)	T_cold_out(C)	T_hot_out(C)	mdot_cold(kg/s)	ASFASIFUAS(kg/s)	Diferencial_cold(bar)	Diferencial_hot(bar)	mdot_hot(kg/s)	ABS_cold(bar)	ABS_hot(bar)	q_cold(kW)	q_hot(kW)	ASFASYFY	Tau_cold_haste	Re_hot	Re_cold	U_global	PSIG_cold(bar)	R_fouling	PSIG_hot(bar)	PSID_hot(bar)	m_dot_hot	PSID_cold(bar)	m_dot_cold
2,02306  	0,00000  	0,00000  	0,00000  	0,00000  	-1,18512  	-0,20833  	-0,25900  	-0,86180  	-3,02442  	-1,72343  	-1,72415  	-0,00000  	-0,00000  	-254,35069  	-76,44127  	-9234,48090  	-3618,55272  	NaN  	NaN  	0,00000  	0,00000  	0,00000  	0,00000  	0,00000  	0,00000  	0,00000  
3,02525  	1327,82048  	1327,75450  	1327,82053  	25,46735  	0,04710  	0,07151  	85706,53851  	0,16509  	0,09423  	0,59021  	0,58782  	1084494066,14337  	365,25344  	48,72343  	25295332,54600  	0,13602  	0,00369  	-Inf  	-Inf  	0,00376  	0,00477  	0,00396  	0,00537  	1327,62170  	0,00399  	0,00412  
4,02499  	198,85631  	1327,75450  	198,85632  	25,46859  	0,04517  	0,09823  	85706,53851  	0,22417  	0,10360  	0,81114  	0,80859  	4640516,80111  	216,86828  	66,16003  	25295332,54600  	1592,44977  	0,03826  	-Inf  	-Inf  	0,00376  	0,00504  	0,00396  	0,00589  	1327,62170  	0,00398  	0,00414  
5,02797  	775,70402  	307,10421  	-244,98909  	25,47031  	0,05086  	0,10011  	85706,53851  	0,23010  	0,11445  	0,82674  	0,82417  	359,17629  	93508,07942  	67,91152  	25295332,54600  	1,85686  	346,81112  	NaN  	NaN  	0,00376  	0,00507  	0,00396  	0,00592  	1327,62170  	0,00400  	0,00415  
6,02823  	303,79698  	778,99145  	779,03444  	25,47159  	0,04626  	0,10012  	85706,53851  	0,23018  	0,11368  	0,82680  	0,82424  	9331331,02752  	0,01342  	67,93638  	25295332,54600  	239,52208  	0,03583  	-Inf  	-Inf  	0,00376  	0,00507  	0,00396  	0,00592  	1327,62170  	0,00399  	0,00415  
7,02910  	-244,98909  	301,04134  	301,06427  	25,47150  	0,04532  	0,09992  	19430,98265  	0,22990  	0,11423  	0,82514  	0,82258  	12919,65585  	0,04787  	67,85136  	5734838,62813  	19,21373  	3,04519  	-Inf  	-Inf  	0,00376  	0,00507  	0,00396  	0,00592  	300,99524  	0,00399  	0,00415  
8,03184  	-244,98909  	-244,98909  	-244,98909  	25,47201  	0,04516  	0,10004  	-15815,93170  	0,22980  	0,11382  	0,82614  	0,82358  	48780,88686  	0,00000  	67,82146  	-4667896,50935  	19,14454  	0,87381  	Inf  	-Inf  	0,00376  	0,00507  	0,00396  	0,00592  	-244,98909  	0,00398  	0,00415  
9,03340  	-244,98909  	787,99820  	-244,98909  	25,47135  	0,04957  	0,10014  	-15815,93170  	0,22979  	0,11229  	0,82691  	0,82435  	5826,16599  	2359,42575  	67,82000  	-4667896,50935  	18,88827  	5,71955  	-Inf  	-Inf  	0,00376  	0,00507  	0,00396  	0,00592  	-244,98909  	0,00400  	0,00415  
10,03471  	-244,98909  	1327,75450  	-244,98909  	25,47123  	0,05023  	0,10027  	-15815,93170  	0,23064  	0,11329  	0,82800  	0,82544  	814587,69067  	3640,07740  	68,07046  	-4667896,50935  	19,05615  	0,19839  	-Inf  	-Inf  	0,00376  	0,00507  	0,00396  	0,00593  	-244,98909  	0,00400  	0,00415  
11,03673  	795,91461  	1327,75450  	795,91464  	25,47217  	0,04740  	0,10013  	-15815,93170  	0,23054  	0,11305  	0,82689  	0,82433  	187665113,79661  	100059,94854  	68,04112  	-4667896,50935  	1,62713  	0,00960  	-Inf  	-Inf  	0,00376  	0,00507  	0,00396  	0,00592  	-244,98909  	0,00399  	0,00415  
12,03716  	282,94919  	282,92704  	1327,82053  	25,47181  	0,04862  	0,10040  	-15815,93170  	0,23046  	0,11361  	0,82906  	0,82650  	10706019,85179  	281,54767  	68,01756  	-4667896,50935  	361,37728  	0,03255  	-Inf  	-Inf  	0,00376  	0,00507  	0,00396  	0,00593  	-244,98909  	0,00400  	0,00415  
13,03719  	802,08414  	802,04021  	1327,82053  	25,47186  	0,04857  	0,10013  	-15815,93170  	0,23077  	0,11264  	0,82688  	0,82432  	191995906,86443  	106844,80064  	68,10863  	-4667896,50935  	1,56409  	0,00972  	-Inf  	-Inf  	0,00376  	0,00507  	0,00396  	0,00592  	-244,98909  	0,00400  	0,00415  
14,03701  	1327,82048  	1327,75450  	277,81459  	25,47292  	0,04738  	0,10015  	-15815,93170  	0,22907  	0,11237  	0,82704  	0,82447  	52455120,01892  	5842024,57009  	67,60824  	-4667896,50935  	0,16220  	0,03217  	NaN  	NaN  	0,00376  	0,00506  	0,00396  	0,00592  	-244,98909  	0,00399  	0,00415  
15,03821  	1327,82048  	275,27449  	807,53511  	25,47471  	0,04663  	0,09988  	52122,90536  	0,23035  	0,11241  	0,82476  	0,82220  	3893011,79767  	2914758,04255  	67,98390  	15383496,37449  	0,16226  	0,18414  	NaN  	NaN  	0,00376  	0,00507  	0,00397  	0,00592  	807,40205  	0,00399  	0,00415  
16,03844  	273,72684  	-244,98909  	273,72686  	25,47517  	0,04551  	0,10014  	17666,39407  	0,22943  	0,11252  	0,82696  	0,82440  	116,88263  	122,52866  	67,71491  	5214039,91706  	432,85148  	207,93638  	NaN  	NaN  	0,00376  	0,00506  	0,00396  	0,00592  	273,66128  	0,00399  	0,00415  
17,04104  	811,40839  	-244,98909  	-244,98909  	25,47295  	0,04913  	0,10033  	-15815,93170  	0,23111  	0,11265  	0,82853  	0,82597  	140298,87654  	0,00000  	68,21017  	-4667896,50935  	1,48259  	0,95058  	Inf  	-Inf  	0,00376  	0,00507  	0,00396  	0,00593  	-244,98909  	0,00400  	0,00415  
18,04368  	269,62841  	-244,98909  	-244,98909  	25,47266  	0,05051  	0,10040  	-15815,93170  	0,23056  	0,11269  	0,82907  	0,82650  	43599,20783  	0,00000  	68,04865  	-4667896,50935  	472,28627  	0,97732  	Inf  	-Inf  	0,00376  	0,00507  	0,00396  	0,00593  	-244,98909  	0,00400  	0,00415  
19,04782  	-244,98909  	-244,98909  	816,17989  	25,47313  	0,04783  	0,09993  	52680,91312  	0,23108  	0,11305  	0,82519  	0,82263  	8606,93250  	2338,66670  	68,20072  	15548186,16407  	19,01638  	4,22650  	NaN  	NaN  	0,00376  	0,00507  	0,00396  	0,00592  	816,04574  	0,00399  	0,00415  
20,04842  	-244,98909  	-244,98909  	1327,82053  	25,47371  	0,04735  	0,10015  	85706,53851  	0,22966  	0,11289  	0,82700  	0,82444  	812047,42282  	3431,01007  	67,78227  	25295332,54600  	18,98922  	0,18694  	NaN  	NaN  	0,00376  	0,00507  	0,00396  	0,00592  	1327,62170  	0,00399  	0,00415  
21,05122  	-244,98909  	828,50568  	1327,82053  	25,47429  	0,04872  	0,10045  	16411,17327  	0,23050  	0,11343  	0,82951  	0,82695  	72828770,87487  	1120,68975  	68,02896  	4843575,44338  	19,08071  	0,00924  	-Inf  	-Inf  	0,00376  	0,00507  	0,00396  	0,00593  	254,21757  	0,00400  	0,00415  
22,05486  	833,67026  	249,14040  	249,16115  	25,47541  	0,04306  	0,10072  	-15815,93170  	0,23120  	0,11205  	0,83178  	0,82921  	9008,07872  	4,85879  	68,23659  	-4667896,50935  	1,30130  	7,89261  	NaN  	NaN  	0,00376  	0,00507  	0,00396  	0,00593  	-244,98909  	0,00398  	0,00415  
23,05406  	1327,82048  	839,25081  	839,29633  	25,47520  	0,04824  	0,10020  	54173,04397  	0,23056  	0,11342  	0,82744  	0,82487  	70580966,62470  	257,89386  	68,04587  	15988572,00608  	0,16371  	0,02697  	NaN  	NaN  	0,00376  	0,00507  	0,00397  	0,00592  	839,15926  	0,00399  	0,00415  
24,05666  	238,22727  	238,20700  	238,22729  	25,47524  	0,04930  	0,10000  	85706,53851  	0,23033  	0,11293  	0,82579  	0,82322  	1694,51979  	0,00447  	67,97796  	25295332,54600  	915,45801  	11,56872  	-Inf  	-Inf  	0,00376  	0,00507  	0,00396  	0,00592  	1327,62170  	0,00400  	0,00415  
25,05701  	-244,98909  	-244,98909  	-244,98909  	25,47626  	0,04817  	0,10012  	85706,53851  	0,23058  	0,11369  	0,82676  	0,82420  	48728,79144  	0,00000  	68,05210  	25295332,54600  	19,12464  	0,93208  	Inf  	-Inf  	0,00376  	0,00507  	0,00396  	0,00592  	1327,62170  	0,00399  	0,00415  
26,05938  	-244,98909  	851,53653  	851,58257  	25,47533  	0,04831  	0,10024  	85706,53851  	0,23049  	0,11325  	0,82774  	0,82518  	16075593,78138  	0,10247  	68,02758  	25295332,54600  	19,05028  	0,02536  	-Inf  	-Inf  	0,00376  	0,00507  	0,00396  	0,00592  	1327,62170  	0,00399  	0,00415  
27,05997  	855,41185  	1327,75450  	1327,82053  	25,47508  	0,04666  	0,10007  	85706,53851  	0,23085  	0,11292  	0,82639  	0,82383  	828238700,85811  	19,94455  	68,13385  	25295332,54600  	1,16481  	0,00366  	-Inf  	-Inf  	0,00376  	0,00507  	0,00396  	0,00592  	1327,62170  	0,00399  	0,00415  
28,06105  	1327,82048  	1327,75450  	1327,82053  	25,47567  	0,05063  	0,10044  	14527,14966  	0,23058  	0,11385  	0,82945  	0,82689  	1310327881,35815  	392,61205  	68,05331  	4287526,80888  	0,16434  	0,00397  	-Inf  	-Inf  	0,00376  	0,00507  	0,00397  	0,00593  	225,03353  	0,00400  	0,00415  
29,06380  	222,64539  	222,62577  	1327,82053  	25,47586  	0,04542  	0,10027  	-15815,93170  	0,22942  	0,11388  	0,82800  	0,82544  	6416027,38592  	218,05542  	67,71164  	-4667896,50935  	1245,67335  	0,03594  	-Inf  	-Inf  	0,00376  	0,00506  	0,00396  	0,00593  	-244,98909  	0,00399  	0,00415  
30,06486  	-244,98909  	864,18589  	218,59898  	25,47641  	0,04739  	0,10030  	-15815,93170  	0,23025  	0,11317  	0,82831  	0,82574  	813818,03579  	1409,64029  	67,95467  	-4667896,50935  	19,03649  	0,18717  	-Inf  	-Inf  	0,00376  	0,00507  	0,00397  	0,00593  	-244,98909  	0,00399  	0,00415  
31,06501  	-244,98909  	1327,75450  	868,20677  	25,47731  	0,04271  	0,10019  	-15815,93170  	0,23028  	0,11288  	0,82737  	0,82481  	81355761,85481  	904,28051  	67,96521  	-4667896,50935  	18,98899  	0,00750  	-Inf  	-Inf  	0,00376  	0,00507  	0,00397  	0,00592  	-244,98909  	0,00398  	0,00415  
32,06694  	871,04644  	211,76578  	211,78496  	25,47748  	0,04927  	0,10022  	-15815,93170  	0,22971  	0,11195  	0,82763  	0,82507  	2755,34900  	6,91167  	67,79501  	-4667896,50935  	1,06264  	22,53601  	NaN  	NaN  	0,00376  	0,00507  	0,00396  	0,00592  	-244,98909  	0,00400  	0,00415  
33,06708  	1327,82048  	874,94261  	-244,98909  	25,47788  	0,04642  	0,10003  	-15815,93170  	0,23050  	0,11259  	0,82602  	0,82346  	85834,04474  	6104900,86911  	68,02953  	-4667896,50935  	0,16252  	2,47443  	NaN  	NaN  	0,00376  	0,00507  	0,00397  	0,00592  	-244,98909  	0,00399  	0,00415  
34,06716  	205,01357  	1327,75450  	877,81786  	25,47818  	0,05251  	0,10015  	56659,55003  	0,23082  	0,11238  	0,82699  	0,82443  	55272606,30985  	100,85823  	68,12402  	16722436,64045  	1611,06789  	0,00905  	-Inf  	-Inf  	0,00376  	0,00507  	0,00397  	0,00592  	877,67592  	0,00401  	0,00415  
35,07161  	879,93014  	202,88246  	202,90126  	25,47788  	0,04784  	0,10050  	85706,53851  	0,23128  	0,11304  	0,82992  	0,82736  	2069,21663  	7,04486  	68,26043  	25295332,54600  	1,02428  	28,10612  	NaN  	NaN  	0,00376  	0,00507  	0,00396  	0,00593  	1327,62170  	0,00399  	0,00415  
36,07413  	200,71342  	-244,98909  	-244,98909  	25,47865  	0,04773  	0,10039  	85706,53851  	0,23094  	0,11334  	0,82901  	0,82645  	31472,26674  	0,00000  	68,16053  	25295332,54600  	1708,37584  	0,92357  	Inf  	-Inf  	0,00376  	0,00507  	0,00396  	0,00593  	1327,62170  	0,00399  	0,00415  
37,07672  	888,92604  	888,87847  	888,92608  	25,47844  	0,04648  	0,10029  	85706,53851  	0,22990  	0,11362  	0,82822  	0,82566  	67876761,54773  	18,55745  	67,85100  	25295332,54600  	0,98269  	0,02025  	-Inf  	-Inf  	0,00376  	0,00507  	0,00397  	0,00593  	1327,62170  	0,00399  	0,00415  
38,07855  	188,61835  	188,60016  	1327,82053  	25,47959  	0,04516  	0,10064  	85706,53851  	0,23113  	0,11262  	0,83107  	0,82851  	4544122,67271  	217,84748  	68,21449  	25295332,54600  	1880,21088  	0,03940  	-Inf  	-Inf  	0,00376  	0,00507  	0,00397  	0,00593  	1327,62170  	0,00398  	0,00415  
39,07935  	897,21878  	897,17086  	1327,82053  	25,48091  	0,04931  	0,10001  	85706,53851  	0,23056  	0,11301  	0,82586  	0,82330  	285295947,14913  	189520,96363  	68,04686  	25295332,54600  	0,93682  	0,00818  	-Inf  	-Inf  	0,00376  	0,00507  	0,00396  	0,00592  	1327,62170  	0,00400  	0,00415  
40,07922  	180,58728  	180,56943  	180,58729  	25,48122  	0,04259  	0,10001  	11654,37698  	0,22893  	0,11311  	0,82584  	0,82328  	180,36692  	0,00321  	67,56543  	3439659,87374  	1956,95379  	50,46714  	-Inf  	-Inf  	0,00376  	0,00506  	0,00396  	0,00592  	180,53349  	0,00398  	0,00415  
41,08126  	-244,98909  	904,96383  	905,01211  	25,48271  	0,04837  	0,10032  	58414,89782  	0,23003  	0,11320  	0,82845  	0,82589  	23770746,14943  	0,10758  	67,89106  	17240508,03861  	19,04306  	0,01949  	-Inf  	-Inf  	0,00376  	0,00507  	0,00396  	0,00593  	904,86673  	0,00400  	0,00415  
42,08386  	907,88033  	174,93345  	174,95108  	25,48373  	0,04880  	0,10011  	85706,53851  	0,23006  	0,11297  	0,82669  	0,82412  	870,44402  	8,31324  	67,90021  	25295332,54600  	0,88733  	70,34666  	NaN  	NaN  	0,00376  	0,00507  	0,00396  	0,00592  	1327,62170  	0,00400  	0,00415  
43,08535  	172,85713  	-244,98909  	909,97430  	25,48517  	0,05143  	0,09998  	85706,53851  	0,22977  	0,11323  	0,82566  	0,82310  	14551,12576  	250,45329  	67,81347  	25295332,54600  	1982,30951  	2,08519  	NaN  	NaN  	0,00376  	0,00507  	0,00396  	0,00592  	1327,62170  	0,00400  	0,00415  
44,08869  	914,78156  	914,73290  	1327,82053  	25,48633  	0,04534  	0,10012  	85706,53851  	0,22992  	0,11246  	0,82675  	0,82419  	304412714,91513  	190377,67270  	67,85772  	25295332,54600  	0,85337  	0,00728  	-Inf  	-Inf  	0,00377  	0,00507  	0,00396  	0,00592  	1327,62170  	0,00399  	0,00415  
45,08982  	162,74145  	1327,75450  	1327,82053  	25,48774  	0,04649  	0,10011  	10502,45582  	0,23066  	0,11209  	0,82666  	0,82410  	135958176,46438  	0,01292  	68,07683  	3099683,14191  	1937,84503  	0,00364  	-Inf  	-Inf  	0,00376  	0,00507  	0,00396  	0,00592  	162,68992  	0,00399  	0,00415  
46,09011  	-244,98909  	1327,75450  	1327,82053  	25,48932  	0,04656  	0,10026  	-15815,93170  	0,23048  	0,11318  	0,82793  	0,82537  	270530718,38386  	0,14161  	68,02256  	-4667896,50935  	19,04059  	0,00365  	-Inf  	-Inf  	0,00376  	0,00507  	0,00396  	0,00592  	-244,98909  	0,00399  	0,00415  
47,09373  	-244,98909  	1327,75450  	153,55233  	25,49196  	0,04626  	0,10058  	59981,29596  	0,23162  	0,11327  	0,83062  	0,82806  	6504523,21874  	2501,92633  	68,36153  	17702813,04296  	19,05700  	0,04474  	-Inf  	-Inf  	0,00376  	0,00507  	0,00396  	0,00593  	929,13067  	0,00399  	0,00415  
48,09309  	-244,98909  	1327,75450  	933,28417  	25,49485  	0,04471  	0,10048  	9650,79052  	0,23014  	0,11334  	0,82978  	0,82722  	98295011,21132  	812,34554  	67,92368  	2848323,59095  	19,06935  	0,00693  	-Inf  	-Inf  	0,00376  	0,00507  	0,00396  	0,00593  	149,49739  	0,00398  	0,00415  
49,09451  	-244,98909  	145,13424  	145,15062  	25,49603  	0,04755  	0,09961  	60523,61300  	0,22850  	0,11311  	0,82256  	0,82000  	150,77997  	0,03587  	67,44042  	17862871,89356  	19,03015  	220,55093  	-Inf  	-Inf  	0,00376  	0,00506  	0,00396  	0,00591  	937,53131  	0,00399  	0,00415  
50,09505  	940,98160  	-244,98909  	-244,98909  	25,49845  	0,04669  	0,10007  	9153,93060  	0,23100  	0,11338  	0,82640  	0,82384  	164488,84415  	0,00000  	68,17760  	2701680,90667  	0,75672  	0,90342  	Inf  	-Inf  	0,00376  	0,00507  	0,00396  	0,00592  	141,80090  	0,00399  	0,00415  
51,09796  	1327,82048  	-244,98909  	-244,98909  	25,49918  	0,04548  	0,10020  	60924,18561  	0,23098  	0,11299  	0,82744  	0,82487  	233193,14814  	0,00000  	68,17163  	17981096,44819  	0,16309  	0,88005  	Inf  	-Inf  	0,00376  	0,00507  	0,00396  	0,00592  	943,73629  	0,00399  	0,00415  
52,09892  	1327,82048  	-244,98909  	946,34259  	25,50026  	0,04633  	0,10011  	8807,88937  	0,23064  	0,11393  	0,82672  	0,82416  	190697,51505  	6482178,17308  	68,07077  	2599550,68199  	0,16444  	1,44008  	Inf  	-Inf  	0,00376  	0,00507  	0,00396  	0,00592  	136,44062  	0,00399  	0,00415  
53,09940  	134,57894  	-244,98909  	134,57896  	25,50168  	0,05015  	0,10023  	61205,99817  	0,23078  	0,11330  	0,82772  	0,82516  	93,65919  	79,84729  	68,11192  	18064270,29291  	1704,63890  	30,68240  	NaN  	NaN  	0,00376  	0,00507  	0,00396  	0,00592  	948,10164  	0,00400  	0,00415  
54,10079  	-244,98909  	953,45663  	-244,98909  	25,50226  	0,04109  	0,10035  	85706,53851  	0,23051  	0,11269  	0,82872  	0,82616  	42144,99896  	2267,52148  	68,03241  	25295332,54600  	18,96066  	1,21483  	-Inf  	-Inf  	0,00376  	0,00507  	0,00396  	0,00593  	1327,62170  	0,00397  	0,00415  
55,10169  	-244,98909  	128,18834  	954,62743  	25,50378  	0,04410  	0,09940  	85706,53851  	0,22911  	0,11317  	0,82080  	0,81824  	814050,03286  	1678,17739  	67,61812  	25295332,54600  	19,04174  	0,17412  	-Inf  	-Inf  	0,00376  	0,00506  	0,00396  	0,00591  	1327,62170  	0,00398  	0,00415  
56,10292  	959,11472  	959,06421  	123,71668  	25,50519  	0,04637  	0,10037  	85706,53851  	0,23077  	0,11320  	0,82885  	0,82628  	2809975,49472  	540072,16519  	68,10953  	25295332,54600  	0,69292  	0,18311  	NaN  	NaN  	0,00376  	0,00507  	0,00396  	0,00593  	1327,62170  	0,00399  	0,00415  
57,10306  	1327,82048  	1327,75450  	962,73768  	25,50573  	0,04676  	0,10048  	7749,61172  	0,23093  	0,11387  	0,82974  	0,82718  	516053557,38224  	2004635,42016  	68,15704  	2287211,79315  	0,16435  	0,00686  	NaN  	NaN  	0,00376  	0,00507  	0,00397  	0,00593  	120,04761  	0,00399  	0,00415  
58,10369  	117,45873  	117,44352  	1327,82053  	25,50690  	0,04407  	0,10055  	62311,08228  	0,23103  	0,11393  	0,83036  	0,82779  	1893567,61045  	223,40876  	68,18447  	18390423,58986  	1524,99723  	0,04752  	-Inf  	-Inf  	0,00376  	0,00507  	0,00396  	0,00593  	965,21969  	0,00398  	0,00415  
59,10408  	-244,98909  	-244,98909  	1327,82053  	25,50892  	0,04912  	0,10041  	85706,53851  	0,23100  	0,11236  	0,82920  	0,82663  	808334,82779  	3557,61126  	68,17598  	25295332,54600  	18,90685  	0,19396  	NaN  	NaN  	0,00376  	0,00507  	0,00396  	0,00593  	1327,62170  	0,00400  	0,00415  
60,10559  	-244,98909  	969,26842  	1327,82053  	25,51101  	0,04707  	0,10028  	7324,77143  	0,23005  	0,11302  	0,82813  	0,82556  	108339356,15239  	777,04766  	67,89563  	2161824,90231  	19,01806  	0,00682  	-Inf  	-Inf  	0,00376  	0,00507  	0,00396  	0,00593  	113,46672  	0,00399  	0,00415  
61,10541  	-244,98909  	1327,75450  	112,48192  	25,51172  	0,05032  	0,10031  	62632,32818  	0,23133  	0,11257  	0,82832  	0,82576  	5379938,33386  	2815,90933  	68,27561  	18485235,74852  	18,94301  	0,05511  	-Inf  	-Inf  	0,00376  	0,00507  	0,00396  	0,00593  	970,19588  	0,00400  	0,00415  
62,10734  	-244,98909  	109,15317  	973,66340  	25,51253  	0,04659  	0,10000  	85706,53851  	0,23038  	0,11332  	0,82581  	0,82325  	815167,51065  	1854,40174  	67,99330  	25295332,54600  	19,06890  	0,18396  	-Inf  	-Inf  	0,00376  	0,00507  	0,00396  	0,00592  	1327,62170  	0,00399  	0,00415  
63,10986  	976,56177  	976,51052  	106,26963  	25,51347  	0,04818  	0,10038  	6857,28478  	0,23011  	0,11345  	0,82897  	0,82641  	2868679,25586  	659105,64636  	67,91426  	2023851,40993  	0,64007  	0,19025  	NaN  	NaN  	0,00376  	0,00507  	0,00397  	0,00593  	106,22523  	0,00399  	0,00415  
64,11106  	1327,82048  	1327,75450  	980,12040  	25,51479  	0,04984  	0,09993  	63263,02355  	0,23021  	0,11349  	0,82523  	0,82266  	539522955,02882  	2035044,58141  	67,94358  	18671378,47710  	0,16380  	0,00708  	NaN  	NaN  	0,00376  	0,00507  	0,00396  	0,00592  	979,96552  	0,00400  	0,00415  
65,11288  	1327,82048  	98,15497  	1327,82053  	25,51523  	0,05075  	0,09999  	85706,53851  	0,23021  	0,11333  	0,82568  	0,82311  	24431395,66420  	7330192,50307  	67,94303  	25295332,54600  	0,16356  	0,05808  	-Inf  	-Inf  	0,00376  	0,00507  	0,00396  	0,00592  	1327,62170  	0,00400  	0,00415  
66,11408  	1327,82048  	987,98165  	94,79803  	25,51588  	0,04890  	0,10001  	85706,53851  	0,23037  	0,11290  	0,82589  	0,82333  	3909339,27116  	5129551,82083  	67,99199  	25295332,54600  	0,16295  	0,19310  	NaN  	NaN  	0,00376  	0,00507  	0,00396  	0,00592  	1327,62170  	0,00400  	0,00415  
67,11583  	1327,82048  	1327,75450  	992,49752  	25,51617  	0,04763  	0,10007  	5828,65895  	0,22965  	0,11286  	0,82636  	0,82380  	554984988,74954  	1875526,01512  	67,77779  	1720263,92525  	0,16289  	0,00661  	NaN  	NaN  	0,00376  	0,00507  	0,00396  	0,00592  	90,29153  	0,00399  	0,00415  
68,11809  	1327,82048  	1327,75450  	88,54202  	25,51708  	0,04984  	0,10033  	64177,61212  	0,23001  	0,11288  	0,82849  	0,82593  	23272790,35474  	7254690,53799  	67,88534  	18941309,13211  	0,16291  	0,05878  	NaN  	NaN  	0,00376  	0,00507  	0,00396  	0,00593  	994,13275  	0,00400  	0,00415  
69,12284  	1327,82048  	1327,75450  	997,59656  	25,51781  	0,05015  	0,10031  	5499,52395  	0,23041  	0,11262  	0,82838  	0,82581  	561532986,66395  	1944598,44268  	68,00296  	1623123,38830  	0,16254  	0,00690  	NaN  	NaN  	0,00376  	0,00507  	0,00396  	0,00593  	85,19314  	0,00400  	0,00415  
70,12338  	82,28809  	1327,75450  	82,28810  	25,51844  	0,04690  	0,10027  	64581,29331  	0,23105  	0,11268  	0,82804  	0,82547  	983788,10672  	244,27495  	68,19321  	19060451,15157  	1162,21724  	0,05641  	-Inf  	-Inf  	0,00376  	0,00507  	0,00396  	0,00593  	1000,38588  	0,00399  	0,00415  
71,12571  	-244,98909  	1327,75450  	1008,36807  	25,51819  	0,04831  	0,10024  	4804,23915  	0,23077  	0,11300  	0,82779  	0,82523  	120506255,60283  	710,36560  	68,10912  	1417917,80347  	19,01717  	0,00652  	-Inf  	-Inf  	0,00376  	0,00507  	0,00396  	0,00592  	74,42299  	0,00399  	0,00415  
72,12623  	-244,98909  	1327,75450  	1327,82053  	25,52062  	0,04722  	0,10004  	65446,70542  	0,23028  	0,11342  	0,82611  	0,82355  	271152096,26793  	0,14356  	67,96521  	19315867,91948  	19,08832  	0,00370  	-Inf  	-Inf  	0,00376  	0,00507  	0,00396  	0,00592  	1013,79135  	0,00399  	0,00415  
73,12817  	1016,20837  	1327,75450  	1327,82053  	25,52138  	0,04660  	0,10041  	85706,53851  	0,23089  	0,11306  	0,82915  	0,82658  	989834771,14152  	62,98806  	68,14436  	25295332,54600  	0,53319  	0,00365  	-Inf  	-Inf  	0,00376  	0,00507  	0,00396  	0,00593  	1327,62170  	0,00399  	0,00415  
74,12872  	1327,82048  	1327,75450  	61,23550  	25,52230  	0,04546  	0,10067  	85706,53851  	0,23032  	0,11248  	0,83136  	0,82880  	20411208,96928  	6762972,69274  	67,97504  	25295332,54600  	0,16234  	0,05845  	NaN  	NaN  	0,00376  	0,00507  	0,00397  	0,00593  	1327,62170  	0,00399  	0,00415  
75,13057  	55,65806  	1327,75450  	1027,17338  	25,52468  	0,04844  	0,10014  	85706,53851  	0,23004  	0,11276  	0,82692  	0,82436  	14090488,55805  	60,88866  	67,89374  	25295332,54600  	928,83662  	0,00631  	-Inf  	-Inf  	0,00376  	0,00507  	0,00396  	0,00592  	1327,62170  	0,00400  	0,00415  
76,13082  	1027,89374  	54,92507  	54,93767  	25,52455  	0,04961  	0,10080  	85706,53851  	0,23130  	0,11306  	0,83237  	0,82980  	473,88672  	13,79342  	68,26563  	25295332,54600  	0,50650  	519,98350  	NaN  	NaN  	0,00376  	0,00507  	0,00396  	0,00594  	1327,62170  	0,00400  	0,00415  
77,13080  	1327,82048  	1031,37216  	1031,42575  	25,52466  	0,04839  	0,10000  	85706,53851  	0,23072  	0,11325  	0,82577  	0,82321  	264111480,29426  	304,58420  	68,09522  	25295332,54600  	0,16345  	0,01110  	NaN  	NaN  	0,00376  	0,00507  	0,00396  	0,00592  	1327,62170  	0,00400  	0,00415  
78,13145  	49,12630  	1327,75450  	49,12631  	25,52600  	0,05140  	0,10026  	3168,77023  	0,23039  	0,11312  	0,82791  	0,82535  	351195,35242  	274,85973  	67,99611  	935227,32400  	876,06734  	0,06870  	-Inf  	-Inf  	0,00376  	0,00507  	0,00397  	0,00592  	49,08913  	0,00400  	0,00415  
79,13382  	-244,98909  	47,79721  	1035,02194  	25,52642  	0,04679  	0,10031  	66806,83450  	0,23041  	0,11348  	0,82836  	0,82580  	816395,38369  	2126,36900  	68,00243  	19717294,90342  	19,09909  	0,18476  	-Inf  	-Inf  	0,00376  	0,00507  	0,00396  	0,00593  	1034,86012  	0,00399  	0,00415  
80,13400  	1037,05952  	-244,98909  	1327,82053  	25,52645  	0,04620  	0,10034  	85706,53851  	0,23121  	0,11308  	0,82857  	0,82601  	3042246,21042  	1701151,64257  	68,23856  	25295332,54600  	0,48685  	0,18241  	NaN  	NaN  	0,00376  	0,00507  	0,00396  	0,00593  	1327,62170  	0,00399  	0,00415  
81,13684  	41,51832  	1041,25911  	1327,82053  	25,52581  	0,04994  	0,09981  	85706,53851  	0,23048  	0,11309  	0,82423  	0,82167  	7789327,60097  	59,86207  	68,02301  	25295332,54600  	811,87680  	0,00635  	-Inf  	-Inf  	0,00376  	0,00507  	0,00396  	0,00592  	1327,62170  	0,00400  	0,00415  
82,13601  	-244,98909  	1327,75450  	1327,82053  	25,52683  	0,05098  	0,10017  	85706,53851  	0,23084  	0,11327  	0,82719  	0,82463  	270795831,35109  	0,15497  	68,13015  	25295332,54600  	19,06403  	0,00400  	-Inf  	-Inf  	0,00376  	0,00507  	0,00396  	0,00592  	1327,62170  	0,00400  	0,00415  
83,13710  	-244,98909  	36,54174  	1327,82053  	25,52656  	0,04640  	0,09989  	85706,53851  	0,23066  	0,11260  	0,82491  	0,82235  	3773699,89255  	2758,20976  	68,07798  	25295332,54600  	18,95065  	0,06460  	-Inf  	-Inf  	0,00376  	0,00507  	0,00396  	0,00592  	1327,62170  	0,00399  	0,00415  
84,13923  	-244,98909  	1050,71039  	1327,82053  	25,52658  	0,04743  	0,10034  	85706,53851  	0,23079  	0,11260  	0,82858  	0,82602  	134527150,79031  	604,97605  	68,11399  	25295332,54600  	18,95050  	0,00593  	-Inf  	-Inf  	0,00376  	0,00507  	0,00397  	0,00593  	1327,62170  	0,00399  	0,00415  
85,14237  	1054,16544  	1327,75450  	1327,82053  	25,52791  	0,05145  	0,10087  	85706,53851  	0,23157  	0,11306  	0,83300  	0,83043  	1027774754,19431  	88,59956  	68,34570  	25295332,54600  	0,45237  	0,00403  	-Inf  	-Inf  	0,00376  	0,00507  	0,00396  	0,00594  	1327,62170  	0,00401  	0,00415  
86,14389  	1327,82048  	1327,75450  	1327,82053  	25,52858  	0,05021  	0,10028  	1606,99970  	0,23022  	0,11304  	0,82809  	0,82552  	1300951901,11524  	389,47408  	67,94551  	474288,10629  	0,16314  	0,00393  	-Inf  	-Inf  	0,00376  	0,00507  	0,00396  	0,00593  	24,89688  	0,00400  	0,00415  
87,14568  	1327,82048  	1327,75450  	1327,82053  	25,52892  	0,04819  	0,10008  	68681,40875  	0,23004  	0,11285  	0,82647  	0,82391  	1298737240,69929  	373,79515  	67,89487  	20270554,66489  	0,16286  	0,00378  	-Inf  	-Inf  	0,00376  	0,00507  	0,00396  	0,00592  	1063,89779  	0,00399  	0,00415  
88,14645  	15,36189  	1327,75450  	1327,82053  	25,52963  	0,04570  	0,10028  	85706,53851  	0,23011  	0,11308  	0,82812  	0,82555  	10160727,87857  	0,01262  	67,91498  	25295332,54600  	603,70581  	0,00358  	-Inf  	-Inf  	0,00376  	0,00507  	0,00397  	0,00593  	1327,62170  	0,00399  	0,00415  
89,14992  	1068,66258  	14,15794  	1327,82053  	25,53147  	0,04377  	0,09988  	912,31752  	0,22858  	0,11256  	0,82478  	0,82221  	13046585,29474  	1640931,21343  	67,46374  	269260,38023  	0,42370  	0,06560  	NaN  	NaN  	0,00376  	0,00506  	0,00396  	0,00592  	14,13606  	0,00398  	0,00415  
90,14976  	7,51468  	-244,98909  	7,51469  	25,53287  	0,04813  	0,09996  	69407,80328  	0,22979  	0,11379  	0,82547  	0,82290  	127,44703  	50,84555  	67,82140  	20484941,93887  	550,05551  	6,74427  	NaN  	NaN  	0,00376  	0,00507  	0,00396  	0,00592  	1075,14984  	0,00399  	0,00415  
91,15047  	1078,83684  	1078,78130  	-244,98909  	25,53188  	0,05007  	0,10008  	255,58467  	0,23022  	0,11321  	0,82646  	0,82390  	525876,75013  	2012985,27602  	67,94570  	75432,97533  	0,40849  	0,67071  	NaN  	NaN  	0,00376  	0,00507  	0,00396  	0,00592  	3,96309  	0,00400  	0,00415  
92,15124  	1327,82048  	1327,75450  	-244,98909  	25,53205  	0,04518  	0,10028  	-15815,93170  	0,23132  	0,11291  	0,82811  	0,82555  	3909284,55323  	8345828,17822  	68,27264  	-4667896,50935  	0,16296  	0,17842  	NaN  	NaN  	0,00376  	0,00507  	0,00397  	0,00593  	-244,98909  	0,00398  	0,00415  
93,15430  	-2,07564  	1327,75450  	1084,90708  	25,53106  	0,04983  	0,10013  	-15815,93170  	0,23064  	0,11354  	0,82684  	0,82428  	15145500,49993  	50,64991  	68,06954  	-4667896,50935  	483,26325  	0,00586  	-Inf  	-Inf  	0,00376  	0,00507  	0,00397  	0,00592  	-244,98909  	0,00400  	0,00415  
94,15403  	1087,92699  	-5,10566  	-5,09559  	25,53113  	0,04550  	0,10028  	70221,77763  	0,23023  	0,11287  	0,82813  	0,82556  	507,53157  	14,70678  	67,94897  	20725177,42556  	0,39230  	119,47347  	Inf  	-Inf  	0,00376  	0,00507  	0,00396  	0,00593  	1087,75853  	0,00399  	0,00415  
95,15420  	1327,82048  	-244,98909  	-244,98909  	25,53158  	0,04473  	0,10028  	85706,53851  	0,23041  	0,11313  	0,82813  	0,82556  	233463,62965  	0,00000  	68,00403  	25295332,54600  	0,16327  	0,86549  	Inf  	-Inf  	0,00376  	0,00507  	0,00396  	0,00593  	1327,62170  	0,00398  	0,00415  
96,15639  	1327,82048  	1094,13825  	1094,19447  	25,53058  	0,04580  	0,10052  	85706,53851  	0,23024  	0,11294  	0,83012  	0,82755  	383367734,59196  	302,49476  	67,95205  	25295332,54600  	0,16300  	0,00816  	NaN  	NaN  	0,00376  	0,00507  	0,00396  	0,00593  	1327,62170  	0,00399  	0,00415  
97,15605  	1327,82048  	1327,75450  	-13,48106  	25,53174  	0,05126  	0,09957  	-872,44048  	0,22935  	0,11274  	0,82226  	0,81969  	14217838,92319  	8074987,60830  	67,68955  	-257491,11414  	0,16271  	0,08430  	NaN  	NaN  	0,00376  	0,00506  	0,00396  	0,00591  	-13,51033  	0,00400  	0,00415  
98,15705  	1327,82048  	1327,75450  	-244,98909  	25,53305  	0,04424  	0,10040  	70971,36990  	0,23028  	0,11242  	0,82906  	0,82649  	3892063,28772  	8173202,03754  	67,96360  	20946411,25568  	0,16224  	0,17473  	NaN  	NaN  	0,00376  	0,00507  	0,00396  	0,00593  	1099,36991  	0,00398  	0,00415  
99,15984  	-18,77597  	-18,78546  	1101,60740  	25,53417  	0,04907  	0,10017  	85706,53851  	0,22992  	0,11301  	0,82717  	0,82461  	133171,27324  	230,74167  	67,85779  	25295332,54600  	380,65060  	0,19376  	NaN  	NaN  	0,00376  	0,00507  	0,00396  	0,00592  	1327,62170  	0,00400  	0,00415  
100,16295  	1104,92731  	-244,98909  	1327,82053  	25,53447  	0,04417  	0,10015  	-1428,51576  	0,23068  	0,11291  	0,82700  	0,82444  	3241482,67792  	2468743,43585  	68,08168  	-421610,55539  	0,36627  	0,17441  	NaN  	NaN  	0,00376  	0,00507  	0,00396  	0,00592  	-22,12409  	0,00398  	0,00415  
101,16402  	-26,75235  	-244,98909  	-26,75235  	25,53435  	0,05280  	0,10038  	-15815,93170  	0,23042  	0,11300  	0,82892  	0,82636  	632,70319  	48,50311  	68,00668  	-4667896,50935  	338,90301  	5,32380  	NaN  	NaN  	0,00376  	0,00507  	0,00396  	0,00593  	-244,98909  	0,00401  	0,00415  
102,16517  	-244,98909  	1115,45924  	1115,51636  	25,53474  	0,05177  	0,10029  	-15815,93170  	0,23075  	0,11258  	0,82821  	0,82564  	89712330,40314  	0,13611  	68,10287  	-4667896,50935  	18,94905  	0,00850  	-Inf  	-Inf  	0,00376  	0,00507  	0,00397  	0,00593  	-244,98909  	0,00401  	0,00415  
103,16724  	-244,98909  	-36,08696  	1327,82053  	25,53576  	0,04765  	0,10006  	72221,65749  	0,23056  	0,11295  	0,82625  	0,82369  	2639300,30082  	2991,09507  	68,04804  	21315419,74489  	19,01111  	0,08467  	NaN  	NaN  	0,00376  	0,00507  	0,00397  	0,00592  	1118,73721  	0,00399  	0,00415  
104,16978  	1120,35149  	-244,98909  	1327,82053  	25,53605  	0,04776  	0,10004  	85706,53851  	0,23014  	0,11313  	0,82616  	0,82360  	3294014,35448  	2923268,62886  	67,92438  	25295332,54600  	0,34503  	0,18858  	NaN  	NaN  	0,00376  	0,00507  	0,00396  	0,00592  	1327,62170  	0,00399  	0,00415  
105,17189  	1327,82048  	-244,98909  	1327,82053  	25,53675  	0,04768  	0,10000  	85706,53851  	0,23048  	0,11253  	0,82581  	0,82325  	3897612,13727  	8808296,12801  	68,02294  	25295332,54600  	0,16240  	0,18824  	NaN  	NaN  	0,00376  	0,00507  	0,00396  	0,00592  	1327,62170  	0,00399  	0,00415  
106,17378  	-48,07383  	1130,84750  	1327,82053  	25,53575  	0,04694  	0,10025  	85706,53851  	0,23023  	0,11316  	0,82787  	0,82530  	45340501,27607  	39,65348  	67,94912  	25295332,54600  	246,99700  	0,00510  	-Inf  	-Inf  	0,00376  	0,00507  	0,00397  	0,00592  	1327,62170  	0,00399  	0,00415  
107,17485  	-244,98909  	1327,75450  	1327,82053  	25,53642  	0,05090  	0,09999  	85706,53851  	0,22993  	0,11318  	0,82574  	0,82318  	270593526,90538  	0,15471  	67,86268  	25295332,54600  	19,05101  	0,00399  	-Inf  	-Inf  	0,00376  	0,00507  	0,00396  	0,00592  	1327,62170  	0,00400  	0,00415  
108,17750  	-244,98909  	1327,75450  	1327,82053  	25,53626  	0,04962  	0,10011  	-3599,95587  	0,22977  	0,11310  	0,82671  	0,82415  	270382658,74346  	0,15081  	67,81457  	-1062486,97680  	19,03615  	0,00389  	-Inf  	-Inf  	0,00376  	0,00507  	0,00396  	0,00592  	-55,76029  	0,00400  	0,00415  
109,17842  	1140,95513  	1327,75450  	1327,82053  	25,53678  	0,04905  	0,10026  	-15815,93170  	0,22967  	0,11183  	0,82798  	0,82541  	1102328574,17988  	142,00409  	67,78424  	-4667896,50935  	0,31457  	0,00384  	-Inf  	-Inf  	0,00376  	0,00507  	0,00396  	0,00593  	-244,98909  	0,00400  	0,00415  
110,17959  	1327,82048  	1327,75450  	1327,82053  	25,53672  	0,04644  	0,09999  	-15815,93170  	0,22951  	0,11272  	0,82569  	0,82313  	1297228077,16766  	360,21749  	67,73834  	-4667896,50935  	0,16267  	0,00364  	-Inf  	-Inf  	0,00376  	0,00507  	0,00397  	0,00592  	-244,98909  	0,00399  	0,00415  
111,18098  	-67,61165  	-67,61909  	-67,61164  	25,53698  	0,04474  	0,10014  	74257,09376  	0,23080  	0,11405  	0,82698  	0,82442  	115,49277  	0,00149  	68,11830  	21916156,14384  	185,53062  	19,80505  	NaN  	NaN  	0,00376  	0,00507  	0,00396  	0,00592  	1150,26667  	0,00398  	0,00415  
112,18162  	1152,22620  	-244,98909  	-244,98909  	25,53799  	0,04875  	0,10001  	85706,53851  	0,23010  	0,11357  	0,82587  	0,82331  	202778,31983  	0,00000  	67,91043  	25295332,54600  	0,30586  	0,94321  	Inf  	-Inf  	0,00376  	0,00507  	0,00396  	0,00592  	1327,62170  	0,00400  	0,00415  
113,18213  	-72,78137  	1155,55400  	1155,61281  	25,53812  	0,04183  	0,10041  	85706,53851  	0,22968  	0,11293  	0,82915  	0,82659  	40899612,95147  	0,01118  	67,78719  	25295332,54600  	170,03198  	0,00590  	-Inf  	-Inf  	0,00376  	0,00507  	0,00396  	0,00593  	1327,62170  	0,00397  	0,00415  
114,18405  	1158,57625  	1327,75450  	1327,82053  	25,53868  	0,04180  	0,10027  	85706,53851  	0,22975  	0,11355  	0,82800  	0,82544  	1137035809,86645  	133,79388  	67,80877  	25295332,54600  	0,29845  	0,00328  	-Inf  	-Inf  	0,00376  	0,00507  	0,00396  	0,00593  	1327,62170  	0,00397  	0,00415  
115,18449  	1327,82048  	-79,80077  	-79,79383  	25,53917  	0,04845  	0,10016  	-5152,82880  	0,23066  	0,11401  	0,82714  	0,82457  	2419,52442  	39,46964  	68,07587  	-1520800,16687  	0,16454  	15,88930  	Inf  	-Inf  	0,00376  	0,00507  	0,00396  	0,00592  	-79,81471  	0,00400  	0,00415  
116,18552  	1327,82048  	-244,98909  	-244,98909  	25,53922  	0,04682  	0,10016  	75272,11546  	0,23084  	0,11322  	0,82710  	0,82453  	233644,77696  	0,00000  	68,12881  	22215728,51991  	0,16339  	0,90602  	Inf  	-Inf  	0,00376  	0,00507  	0,00396  	0,00592  	1165,98964  	0,00399  	0,00415  
117,18785  	1327,82048  	-244,98909  	1167,99620  	25,53865  	0,04611  	0,09997  	85706,53851  	0,23014  	0,11324  	0,82555  	0,82298  	1319307,00309  	7652824,63320  	67,92219  	25295332,54600  	0,16343  	0,38163  	Inf  	-Inf  	0,00376  	0,00507  	0,00396  	0,00592  	1327,62170  	0,00399  	0,00415  
118,18900  	-89,12225  	-244,98909  	1327,82053  	25,53901  	0,04355  	0,10024  	85706,53851  	0,22999  	0,11317  	0,82779  	0,82523  	345112,29501  	335,12283  	67,88043  	25295332,54600  	133,76402  	0,17196  	NaN  	NaN  	0,00376  	0,00507  	0,00396  	0,00592  	1327,62170  	0,00398  	0,00415  
