01/15/2025 13:03:00Time	T_hot_in(C)	T_cold_in(C)	T_cold_out(C)	T_hot_out(C)	mdot_cold(kg/s)	ASFASIFUAS(kg/s)	Diferencial_cold(bar)	Diferencial_hot(bar)	mdot_hot(kg/s)	ABS_cold(bar)	ABS_hot(bar)	q_cold(kW)	q_hot(kW)	ASFASYFY	Tau_cold_haste	Re_hot	Re_cold	U_global	PSIG_cold(bar)	R_fouling	PSIG_hot(bar)	PSID_hot(bar)	m_dot_hot	PSID_cold(bar)	m_dot_cold
2,03479  	0,00000  	0,00000  	0,00000  	0,00000  	-1,18512  	-0,20833  	-0,25900  	-0,86180  	-3,02442  	-1,72343  	-1,72415  	-0,00000  	-0,00000  	-254,35069  	-76,44127  	-9234,48090  	-3618,55272  	NaN  	NaN  	0,00000  	0,00000  	0,00000  	0,00000  	0,00000  	0,00000  	0,00000  
3,03670  	-244,98909  	-244,98909  	1327,82053  	25,63647  	0,04578  	0,13480  	85706,53851  	0,30896  	0,13237  	1,11354  	1,11077  	952741,15921  	3307,94594  	91,18586  	25295332,54600  	22,30352  	0,18074  	NaN  	NaN  	0,00376  	0,00543  	0,00396  	0,00659  	1327,62170  	0,00399  	0,00418  
4,03797  	883,97508  	-244,98909  	1327,82053  	25,63659  	0,04330  	0,16857  	12833,61487  	0,38090  	0,14173  	1,39268  	1,38971  	3235522,65049  	550676,50132  	112,41770  	3787698,83259  	1,25653  	0,17095  	NaN  	NaN  	0,00376  	0,00577  	0,00396  	0,00724  	198,80021  	0,00398  	0,00419  
5,03806  	1327,82048  	775,44063  	1327,82053  	25,63632  	0,04805  	0,17052  	50054,02100  	0,38893  	0,15081  	1,40879  	1,40581  	397941780,62817  	3119490,40179  	114,78712  	14772888,14342  	0,21758  	0,01014  	-Inf  	-Inf  	0,00376  	0,00580  	0,00396  	0,00727  	775,35447  	0,00399  	0,00420  
6,03946  	1327,82048  	1327,75450  	1327,82053  	25,63687  	0,05016  	0,17026  	19633,78422  	0,38834  	0,15014  	1,40666  	1,40368  	1727799784,80034  	389,26293  	114,61298  	5794693,26068  	0,21661  	0,00393  	-Inf  	-Inf  	0,00376  	0,00580  	0,00396  	0,00727  	304,13669  	0,00400  	0,00420  
7,03904  	301,17335  	1327,75450  	301,17337  	25,63819  	0,04567  	0,17048  	50452,58182  	0,38755  	0,14977  	1,40847  	1,40548  	16241747,57379  	308,00163  	114,38186  	14890518,93997  	330,79120  	0,02911  	-Inf  	-Inf  	0,00376  	0,00580  	0,00396  	0,00727  	781,52828  	0,00399  	0,00420  
8,04020  	783,94293  	1327,75450  	783,94297  	25,63785  	0,05025  	0,17093  	19290,53850  	0,39069  	0,15048  	1,41220  	1,40922  	237185150,98408  	97950,20980  	115,30779  	5693388,09799  	2,32174  	0,01043  	-Inf  	-Inf  	0,00376  	0,00581  	0,00397  	0,00728  	298,81972  	0,00400  	0,00420  
9,04364  	297,30484  	1327,75450  	1327,82053  	25,63793  	0,04414  	0,17037  	-15815,93170  	0,38918  	0,15030  	1,40758  	1,40459  	360855719,54525  	0,01840  	114,86112  	-4667896,50935  	357,82846  	0,00346  	-Inf  	-Inf  	0,00376  	0,00581  	0,00396  	0,00727  	-244,98909  	0,00398  	0,00420  
10,04399  	-244,98909  	1327,75450  	1327,82053  	25,63800  	0,04560  	0,17073  	50893,04473  	0,39054  	0,15038  	1,41057  	1,40758  	359644880,80105  	0,13836  	115,26318  	15020516,67433  	25,33784  	0,00357  	-Inf  	-Inf  	0,00376  	0,00581  	0,00396  	0,00728  	788,35117  	0,00399  	0,00420  
11,04684  	792,77007  	1327,75450  	1327,82053  	25,63768  	0,04791  	0,17103  	85706,53851  	0,39089  	0,14982  	1,41305  	1,41007  	1015720132,57083  	12,24195  	115,36712  	25295332,54600  	2,19426  	0,00375  	-Inf  	-Inf  	0,00376  	0,00581  	0,00396  	0,00728  	1327,62170  	0,00399  	0,00420  
12,04905  	286,19145  	1327,75450  	1327,82053  	25,63778  	0,04688  	0,17056  	85706,53851  	0,38979  	0,15000  	1,40913  	1,40615  	345389120,94646  	0,01764  	115,04351  	25295332,54600  	445,25737  	0,00367  	-Inf  	-Inf  	0,00376  	0,00581  	0,00396  	0,00727  	1327,62170  	0,00399  	0,00420  
13,04982  	800,83203  	1327,75450  	1327,82053  	25,63747  	0,05239  	0,16999  	85706,53851  	0,38938  	0,15078  	1,40448  	1,40150  	1032955366,61587  	14,34092  	114,92260  	25295332,54600  	2,10692  	0,00411  	-Inf  	-Inf  	0,00376  	0,00581  	0,00396  	0,00726  	1327,62170  	0,00401  	0,00420  
14,05163  	1327,82048  	276,33118  	276,35307  	25,63874  	0,05183  	0,17078  	17835,91223  	0,39199  	0,15075  	1,41095  	1,40797  	43066,68704  	133,33489  	115,69174  	5264071,31873  	0,21749  	5,44588  	NaN  	NaN  	0,00376  	0,00582  	0,00396  	0,00728  	276,28716  	0,00401  	0,00420  
15,05266  	1327,82048  	811,04977  	-244,98909  	25,64000  	0,05109  	0,17061  	52352,63343  	0,39191  	0,15069  	1,40961  	1,40663  	51598,37680  	6340364,87890  	115,66871  	15451298,06019  	0,21741  	4,73248  	NaN  	NaN  	0,00376  	0,00582  	0,00397  	0,00728  	810,96060  	0,00400  	0,00420  
16,05405  	269,94316  	1327,75450  	-244,98909  	25,63888  	0,05251  	0,17068  	85706,53851  	0,39072  	0,15156  	1,41015  	1,40717  	984373,79408  	419,15193  	115,31552  	25295332,54600  	628,84622  	0,20738  	NaN  	NaN  	0,00376  	0,00581  	0,00397  	0,00728  	1327,62170  	0,00401  	0,00420  
17,05581  	-244,98909  	1327,75450  	-244,98909  	25,63969  	0,04807  	0,17069  	85706,53851  	0,39182  	0,15045  	1,41025  	1,40726  	1082421,07741  	3473,65296  	115,64107  	25295332,54600  	25,35028  	0,18986  	-Inf  	-Inf  	0,00376  	0,00582  	0,00396  	0,00728  	1327,62170  	0,00399  	0,00420  
18,05658  	-244,98909  	1327,75450  	818,42505  	25,64084  	0,04709  	0,17058  	17064,77244  	0,39249  	0,15115  	1,40931  	1,40632  	94236911,77029  	1101,82510  	115,83769  	5036477,97591  	25,46838  	0,00912  	-Inf  	-Inf  	0,00376  	0,00582  	0,00396  	0,00728  	264,34200  	0,00399  	0,00420  
19,05670  	821,85979  	260,95038  	1327,82053  	25,64051  	0,04908  	0,17027  	53047,54390  	0,39260  	0,15080  	1,40675  	1,40377  	40202148,12428  	258875,33622  	115,87145  	15656393,16519  	1,86885  	0,03489  	-Inf  	-Inf  	0,00376  	0,00582  	0,00396  	0,00727  	821,72495  	0,00400  	0,00420  
20,05868  	257,06505  	825,72142  	1327,82053  	25,64090  	0,04882  	0,17128  	16590,90118  	0,39394  	0,15168  	1,41509  	1,41210  	82647759,99821  	116,56520  	116,26689  	4896620,14094  	826,12986  	0,00931  	-Inf  	-Inf  	0,00376  	0,00583  	0,00396  	0,00729  	257,00160  	0,00400  	0,00420  
21,05895  	829,06356  	253,74691  	1327,82053  	25,64109  	0,04877  	0,17063  	-15815,93170  	0,39422  	0,15192  	1,40970  	1,40672  	39678302,21997  	274794,03994  	116,35002  	-4667896,50935  	1,80826  	0,03537  	-Inf  	-Inf  	0,00376  	0,00583  	0,00397  	0,00728  	-244,98909  	0,00400  	0,00420  
22,05877  	249,79911  	832,98705  	1327,82053  	25,64202  	0,04627  	0,17087  	53768,71118  	0,39421  	0,15141  	1,41171  	1,40873  	81638425,26495  	105,87409  	116,34653  	15869237,67408  	961,78706  	0,00870  	-Inf  	-Inf  	0,00376  	0,00583  	0,00396  	0,00728  	832,89603  	0,00399  	0,00420  
23,06092  	833,94004  	248,87063  	248,89137  	25,64170  	0,05143  	0,17037  	85706,53851  	0,39361  	0,15101  	1,40762  	1,40464  	12041,36304  	5,82110  	116,17060  	25295332,54600  	1,74954  	9,48348  	NaN  	NaN  	0,00376  	0,00583  	0,00396  	0,00727  	1327,62170  	0,00400  	0,00420  
24,06157  	1327,82048  	-244,98909  	-244,98909  	25,64223  	0,04524  	0,17100  	15933,94700  	0,39548  	0,15140  	1,41278  	1,40980  	312428,84483  	0,00000  	116,72152  	4702727,41438  	0,21843  	0,87546  	Inf  	-Inf  	0,00376  	0,00584  	0,00396  	0,00728  	246,82520  	0,00398  	0,00420  
25,06371  	1327,82048  	838,05862  	838,10410  	25,64305  	0,04526  	0,17052  	-15815,93170  	0,39526  	0,15143  	1,40886  	1,40588  	93364413,37862  	241,88079  	116,65800  	-4667896,50935  	0,21847  	0,02546  	NaN  	NaN  	0,00376  	0,00583  	0,00397  	0,00727  	-244,98909  	0,00398  	0,00420  
26,06494  	1327,82048  	1327,75450  	1327,82053  	25,64336  	0,05362  	0,17076  	-15815,93170  	0,39525  	0,15133  	1,41084  	1,40786  	1741514662,20002  	416,14899  	116,65469  	-4667896,50935  	0,21832  	0,00420  	-Inf  	-Inf  	0,00376  	0,00583  	0,00396  	0,00728  	-244,98909  	0,00401  	0,00420  
27,06780  	237,04647  	1327,75450  	1327,82053  	25,64439  	0,04769  	0,17059  	54591,87516  	0,39430  	0,15083  	1,40938  	1,40639  	281793461,00334  	0,01404  	116,37356  	16112185,37590  	1248,09293  	0,00374  	-Inf  	-Inf  	0,00376  	0,00583  	0,00397  	0,00728  	845,64707  	0,00399  	0,00420  
28,06911  	851,07828  	1327,75450  	1327,82053  	25,64538  	0,04581  	0,17097  	14957,05348  	0,39373  	0,15133  	1,41251  	1,40953  	1103928538,85452  	18,94691  	116,20367  	4414408,14441  	1,59641  	0,00359  	-Inf  	-Inf  	0,00376  	0,00583  	0,00396  	0,00728  	231,69286  	0,00399  	0,00420  
29,07156  	228,36247  	1327,75450  	228,36249  	25,64495  	0,05803  	0,17020  	55152,41378  	0,39378  	0,15054  	1,40615  	1,40316  	8928901,81349  	279,61403  	116,22095  	16277622,12287  	1477,42539  	0,04518  	-Inf  	-Inf  	0,00376  	0,00583  	0,00396  	0,00727  	854,32996  	0,00403  	0,00420  
30,07138  	-244,98909  	225,45218  	857,35951  	25,64655  	0,05038  	0,17071  	85706,53851  	0,39279  	0,15134  	1,41041  	1,40742  	1089206,58746  	1462,42914  	115,92886  	25295332,54600  	25,50301  	0,19893  	-Inf  	-Inf  	0,00376  	0,00582  	0,00396  	0,00728  	1327,62170  	0,00400  	0,00420  
31,07313  	-244,98909  	861,08178  	1327,82053  	25,64679  	0,04898  	0,17057  	85706,53851  	0,39369  	0,15073  	1,40924  	1,40626  	106500409,46953  	1050,12721  	116,19361  	25295332,54600  	25,39948  	0,00872  	-Inf  	-Inf  	0,00376  	0,00583  	0,00396  	0,00727  	1327,62170  	0,00400  	0,00420  
32,07478  	864,43425  	1327,75450  	1327,82053  	25,64845  	0,04377  	0,17075  	85706,53851  	0,39391  	0,15099  	1,41070  	1,40772  	1119234891,22297  	20,10865  	116,25925  	25295332,54600  	1,48282  	0,00343  	-Inf  	-Inf  	0,00376  	0,00583  	0,00396  	0,00728  	1327,62170  	0,00398  	0,00420  
33,07583  	214,90958  	1327,75450  	214,90960  	25,65136  	0,04701  	0,17116  	13869,82947  	0,39469  	0,15121  	1,41415  	1,41116  	7913743,02147  	225,23506  	116,48960  	4093526,05876  	1878,61440  	0,03803  	-Inf  	-Inf  	0,00376  	0,00583  	0,00396  	0,00729  	214,85146  	0,00399  	0,00420  
34,07920  	873,50913  	1327,75450  	-244,98909  	25,65414  	0,04275  	0,17110  	56381,43025  	0,39365  	0,15165  	1,41360  	1,41061  	3418190,22053  	501902,13877  	116,18162  	16640352,67903  	1,41963  	0,16884  	NaN  	NaN  	0,00376  	0,00583  	0,00396  	0,00729  	873,36776  	0,00398  	0,00420  
35,08150  	1327,82048  	205,98132  	-244,98909  	25,65761  	0,04450  	0,17099  	13294,74466  	0,39385  	0,15110  	1,41271  	1,40972  	871,64666  	2358657,57074  	116,24188  	3923796,16707  	0,21798  	75,79921  	NaN  	NaN  	0,00376  	0,00583  	0,00397  	0,00728  	205,94324  	0,00398  	0,00420  
36,08353  	201,87460  	880,90955  	-244,98909  	25,66095  	0,05029  	0,17068  	56862,16549  	0,39476  	0,15186  	1,41019  	1,40721  	16795,90998  	241,25637  	116,50838  	16782236,34193  	2255,10989  	2,55542  	NaN  	NaN  	0,00376  	0,00583  	0,00397  	0,00728  	880,81448  	0,00400  	0,00420  
37,08383  	885,62482  	197,18802  	-244,98909  	25,66400  	0,04606  	0,17069  	85706,53851  	0,39385  	0,15200  	1,41020  	1,40722  	595,06756  	166800,50260  	116,24053  	25295332,54600  	1,33589  	68,76866  	NaN  	NaN  	0,00376  	0,00583  	0,00396  	0,00728  	1327,62170  	0,00399  	0,00420  
38,08525  	193,43786  	889,34594  	889,39357  	25,66678  	0,05181  	0,17076  	85706,53851  	0,39450  	0,15153  	1,41084  	1,40785  	17649480,10190  	0,01047  	116,43099  	25295332,54600  	2442,47727  	0,02251  	-Inf  	-Inf  	0,00376  	0,00583  	0,00396  	0,00728  	1327,62170  	0,00401  	0,00420  
39,08611  	-244,98909  	1327,75450  	1327,82053  	25,66969  	0,04511  	0,17047  	85706,53851  	0,39342  	0,15140  	1,40842  	1,40544  	362144852,06152  	0,13678  	116,11456  	25295332,54600  	25,51938  	0,00353  	-Inf  	-Inf  	0,00376  	0,00583  	0,00396  	0,00727  	1327,62170  	0,00398  	0,00420  
40,08626  	-244,98909  	1327,75450  	188,04421  	25,67246  	0,04989  	0,17096  	85706,53851  	0,39332  	0,15180  	1,41245  	1,40946  	10134618,46035  	2611,08549  	116,08466  	25295332,54600  	25,58667  	0,04360  	-Inf  	-Inf  	0,00376  	0,00583  	0,00396  	0,00728  	1327,62170  	0,00400  	0,00420  
41,08578  	-244,98909  	1327,75450  	897,52949  	25,67515  	0,04701  	0,17097  	11958,70094  	0,39398  	0,15060  	1,41253  	1,40954  	118146700,59007  	928,67642  	116,27879  	3529477,70664  	25,38597  	0,00780  	-Inf  	-Inf  	0,00376  	0,00583  	0,00396  	0,00728  	185,24756  	0,00399  	0,00420  
42,08716  	899,70172  	1327,75450  	1327,82053  	25,67829  	0,04331  	0,17067  	58072,12212  	0,39259  	0,15099  	1,41006  	1,40708  	1166260911,66650  	26,04520  	115,86817  	17139341,59713  	1,23474  	0,00339  	-Inf  	-Inf  	0,00376  	0,00582  	0,00396  	0,00728  	899,55704  	0,00398  	0,00420  
43,08812  	1327,82048  	1327,75450  	1327,82053  	25,68034  	0,04639  	0,17118  	11676,78274  	0,39292  	0,15126  	1,41427  	1,41128  	1740662903,30769  	360,11926  	115,96560  	3446272,68405  	0,21820  	0,00364  	-Inf  	-Inf  	0,00376  	0,00582  	0,00396  	0,00729  	180,88057  	0,00399  	0,00420  
44,09103  	1327,82048  	176,79786  	176,81557  	25,68261  	0,04509  	0,17088  	58479,68898  	0,39391  	0,15190  	1,41181  	1,40883  	1820,24084  	93,85876  	116,25939  	17259630,42924  	0,21911  	60,86003  	NaN  	NaN  	0,00376  	0,00583  	0,00396  	0,00728  	905,87037  	0,00398  	0,00420  
45,09286  	1327,82048  	-244,98909  	908,19493  	25,68467  	0,04159  	0,17086  	11270,26335  	0,39094  	0,15214  	1,41165  	1,40867  	169394,07548  	5637645,50601  	115,38102  	3326293,00262  	0,21946  	1,70902  	Inf  	-Inf  	0,00376  	0,00581  	0,00397  	0,00728  	174,58347  	0,00397  	0,00420  
46,09632  	1327,82048  	-244,98909  	1327,82053  	25,68657  	0,04918  	0,17114  	58771,59229  	0,39267  	0,15122  	1,41398  	1,41099  	5237128,62090  	9093359,85170  	115,89126  	17345782,44753  	0,21814  	0,19419  	NaN  	NaN  	0,00376  	0,00582  	0,00396  	0,00729  	910,39203  	0,00400  	0,00420  
47,09586  	1327,82048  	-244,98909  	166,87749  	25,68835  	0,04639  	0,17062  	85706,53851  	0,39378  	0,15138  	1,40969  	1,40670  	1063,55193  	2245957,26897  	116,22021  	25295332,54600  	0,21836  	44,42198  	Inf  	-Inf  	0,00376  	0,00583  	0,00396  	0,00728  	1327,62170  	0,00399  	0,00420  
48,09632  	161,47437  	921,30809  	-244,98909  	25,68915  	0,04968  	0,17049  	85706,53851  	0,39632  	0,15160  	1,40857  	1,40559  	20311,19090  	243,85017  	116,96846  	25295332,54600  	2613,35842  	1,85078  	NaN  	NaN  	0,00376  	0,00584  	0,00396  	0,00727  	1327,62170  	0,00400  	0,00420  
49,09655  	-244,98909  	157,63327  	925,18127  	25,69033  	0,05269  	0,17104  	10173,82067  	0,39539  	0,15201  	1,41316  	1,41017  	1094209,31713  	1856,39722  	116,69533  	3002690,12882  	25,62720  	0,20804  	-Inf  	-Inf  	0,00376  	0,00583  	0,00397  	0,00728  	157,59927  	0,00401  	0,00420  
50,09960  	926,35919  	926,31004  	156,47222  	25,69304  	0,04637  	0,17044  	-15815,93170  	0,39389  	0,15176  	1,40814  	1,40516  	3634158,19198  	395301,08060  	116,25212  	-4667896,50935  	1,08647  	0,18312  	NaN  	NaN  	0,00376  	0,00583  	0,00396  	0,00727  	-244,98909  	0,00399  	0,00420  
51,10160  	154,56920  	154,55244  	928,26223  	25,69596  	0,04493  	0,17094  	-15815,93170  	0,39615  	0,15176  	1,41232  	1,40934  	520091,95321  	146,14658  	116,91966  	-4667896,50935  	2552,75222  	0,17741  	-Inf  	-Inf  	0,00376  	0,00584  	0,00396  	0,00728  	-244,98909  	0,00398  	0,00420  
52,10211  	932,97026  	-244,98909  	149,86114  	25,69751  	0,04942  	0,17091  	60219,55636  	0,39629  	0,15201  	1,41202  	1,40904  	871,64237  	226607,69689  	116,96103  	17773132,95478  	1,05366  	37,23662  	Inf  	-Inf  	0,00376  	0,00584  	0,00396  	0,00728  	932,82139  	0,00400  	0,00420  
53,10207  	145,38677  	-244,98909  	937,44466  	25,69862  	0,05070  	0,17101  	85706,53851  	0,39666  	0,15252  	1,41285  	1,40987  	21386,50995  	251,72645  	117,06897  	25295332,54600  	2452,39388  	1,67892  	NaN  	NaN  	0,00376  	0,00584  	0,00396  	0,00728  	1327,62170  	0,00400  	0,00420  
54,10642  	940,51730  	940,46757  	1327,82053  	25,69996  	0,05048  	0,17139  	9183,90043  	0,39757  	0,15270  	1,41602  	1,41303  	457054023,34359  	239604,29072  	117,33764  	2710526,16862  	1,02041  	0,00772  	-Inf  	-Inf  	0,00376  	0,00585  	0,00397  	0,00729  	142,26514  	0,00400  	0,00420  
55,10679  	1327,82048  	1327,75450  	1327,82053  	25,70067  	0,04436  	0,17089  	60827,35403  	0,39635  	0,15264  	1,41186  	1,40888  	1756440327,16706  	344,33518  	116,97866  	17952517,68271  	0,22016  	0,00348  	-Inf  	-Inf  	0,00376  	0,00584  	0,00396  	0,00728  	942,23634  	0,00398  	0,00420  
56,10669  	135,58502  	1327,75450  	1327,82053  	25,70234  	0,04625  	0,17051  	8749,54932  	0,39599  	0,15185  	1,40876  	1,40577  	147455256,89258  	0,01281  	116,87108  	2582332,26467  	2302,34650  	0,00362  	-Inf  	-Inf  	0,00376  	0,00584  	0,00396  	0,00727  	135,53692  	0,00399  	0,00420  
57,10702  	-244,98909  	1327,75450  	1327,82053  	25,70355  	0,04637  	0,17068  	61436,92540  	0,39564  	0,15171  	1,41018  	1,40719  	362922622,48817  	0,14054  	116,76924  	18132425,89995  	25,57999  	0,00363  	-Inf  	-Inf  	0,00376  	0,00584  	0,00396  	0,00728  	951,67877  	0,00399  	0,00420  
58,10893  	953,58182  	129,23387  	129,24958  	25,70534  	0,04680  	0,17134  	85706,53851  	0,39705  	0,15160  	1,41559  	1,41261  	621,68797  	9,87977  	117,18503  	25295332,54600  	0,95169  	421,19314  	NaN  	NaN  	0,00376  	0,00584  	0,00396  	0,00729  	1327,62170  	0,00399  	0,00420  
59,10897  	127,96456  	954,81650  	954,86687  	25,70583  	0,04467  	0,17116  	8257,66004  	0,39682  	0,15201  	1,41410  	1,41111  	17017998,48209  	0,00943  	117,11805  	2437156,60797  	2191,95554  	0,01428  	-Inf  	-Inf  	0,00376  	0,00584  	0,00396  	0,00729  	127,91742  	0,00398  	0,00420  
60,11160  	958,67245  	1327,75450  	124,15895  	25,70788  	0,04570  	0,17025  	61878,59368  	0,39482  	0,15193  	1,40656  	1,40358  	26400735,84909  	765773,31441  	116,52734  	18262779,38507  	0,93101  	0,04829  	NaN  	NaN  	0,00376  	0,00583  	0,00396  	0,00727  	958,52033  	0,00399  	0,00420  
61,11355  	121,83231  	121,81692  	960,99912  	25,70935  	0,04927  	0,17112  	85706,53851  	0,39601  	0,15166  	1,41379  	1,41080  	387672,83565  	173,22085  	116,87891  	25295332,54600  	2096,42402  	0,19454  	-Inf  	-Inf  	0,00376  	0,00584  	0,00396  	0,00729  	1327,62170  	0,00400  	0,00420  
62,11454  	-244,98909  	964,20889  	1327,82053  	25,71010  	0,04687  	0,17095  	7651,36995  	0,39610  	0,15220  	1,41242  	1,40944  	143985987,01891  	782,04116  	116,90542  	2258216,82558  	25,66469  	0,00686  	-Inf  	-Inf  	0,00376  	0,00584  	0,00396  	0,00728  	118,52582  	0,00399  	0,00420  
63,11696  	967,05846  	115,75780  	1327,82053  	25,71158  	0,04573  	0,17078  	-15815,93170  	0,39666  	0,15109  	1,41094  	1,40796  	25511767,21870  	817722,83997  	117,07065  	-4667896,50935  	0,89009  	0,04957  	-Inf  	-Inf  	0,00376  	0,00584  	0,00397  	0,00728  	-244,98909  	0,00399  	0,00420  
64,11904  	109,37172  	-244,98909  	109,37173  	25,71198  	0,04612  	0,17131  	-15815,93170  	0,39734  	0,15158  	1,41537  	1,41238  	138,70202  	68,40058  	117,27109  	-4667896,50935  	1917,52139  	20,31346  	NaN  	NaN  	0,00376  	0,00584  	0,00397  	0,00729  	-244,98909  	0,00399  	0,00420  
65,12100  	978,23751  	-244,98909  	978,23755  	25,71271  	0,05142  	0,17074  	63141,48827  	0,39648  	0,15162  	1,41064  	1,40766  	255837,33155  	1001578,68438  	117,01795  	18635508,68972  	0,84805  	1,28349  	NaN  	NaN  	0,00377  	0,00584  	0,00396  	0,00728  	978,08291  	0,00400  	0,00420  
66,12085  	1327,82048  	-244,98909  	99,91703  	25,71403  	0,04471  	0,17083  	6447,23432  	0,39681  	0,15163  	1,41136  	1,40837  	2517,12768  	1812976,13575  	117,11387  	1902829,57469  	0,21870  	17,49730  	Inf  	-Inf  	0,00376  	0,00584  	0,00396  	0,00728  	99,87343  	0,00398  	0,00420  
67,12425  	96,52989  	-244,98909  	986,30154  	25,71434  	0,04649  	0,17101  	-15815,93170  	0,39645  	0,15203  	1,41288  	1,40990  	20628,63613  	239,44814  	117,00783  	-4667896,50935  	1750,37839  	1,09980  	NaN  	NaN  	0,00377  	0,00584  	0,00396  	0,00728  	-244,98909  	0,00399  	0,00420  
68,12675  	989,64601  	-244,98909  	1327,82053  	25,71533  	0,04548  	0,17051  	63877,88999  	0,39448  	0,15154  	1,40876  	1,40578  	3885090,42935  	1230194,86790  	116,42670  	18852849,47700  	0,80444  	0,17957  	NaN  	NaN  	0,00376  	0,00583  	0,00395  	0,00727  	989,48997  	0,00399  	0,00420  
69,12853  	1327,82048  	994,14222  	1327,82053  	25,71610  	0,04954  	0,17131  	5719,13774  	0,39660  	0,15237  	1,41539  	1,41240  	752654276,37330  	1943481,65598  	117,05285  	1687939,95694  	0,21977  	0,00686  	-Inf  	-Inf  	0,00376  	0,00584  	0,00396  	0,00729  	88,59502  	0,00400  	0,00420  
70,12908  	82,95443  	1327,75450  	1327,82053  	25,71561  	0,04954  	0,17042  	-15815,93170  	0,39466  	0,15226  	1,40798  	1,40500  	77020997,22383  	0,01368  	116,48042  	-4667896,50935  	1581,09450  	0,00388  	-Inf  	-Inf  	0,00376  	0,00583  	0,00397  	0,00727  	-244,98909  	0,00400  	0,00420  
71,13151  	-244,98909  	1327,75450  	1327,82053  	25,71607  	0,04685  	0,17092  	-15815,93170  	0,39570  	0,15136  	1,41211  	1,40912  	362108470,15548  	0,14195  	116,78692  	-4667896,50935  	25,52474  	0,00367  	-Inf  	-Inf  	0,00376  	0,00584  	0,00397  	0,00728  	-244,98909  	0,00399  	0,00420  
72,13337  	1006,28784  	1327,75450  	1327,82053  	25,71723  	0,04479  	0,17075  	64952,09461  	0,39550  	0,15181  	1,41072  	1,40773  	1315529758,41319  	56,80579  	116,72771  	19169889,03379  	0,74757  	0,00351  	-Inf  	-Inf  	0,00376  	0,00584  	0,00396  	0,00728  	1006,12970  	0,00398  	0,00420  
73,13267  	1327,82048  	72,63851  	72,65185  	25,71800  	0,04709  	0,17067  	4687,30789  	0,39557  	0,15156  	1,41007  	1,40708  	826,64809  	73,83150  	116,74761  	1383406,84162  	0,21860  	640,73788  	NaN  	NaN  	0,00376  	0,00584  	0,00397  	0,00728  	72,61169  	0,00399  	0,00420  
74,13599  	1327,82048  	1013,20578  	-244,98909  	25,71812  	0,04774  	0,17094  	65402,04447  	0,39583  	0,15170  	1,41229  	1,40930  	488255,82162  	7061346,56459  	116,82514  	19302686,73493  	0,21880  	0,94903  	NaN  	NaN  	0,00376  	0,00584  	0,00396  	0,00728  	1013,09954  	0,00399  	0,00420  
75,13624  	1327,82048  	66,17199  	1016,64639  	25,71939  	0,05123  	0,17095  	4269,88610  	0,39637  	0,15137  	1,41239  	1,40941  	5241508,74415  	5724666,71327  	116,98530  	1260209,43858  	0,21832  	0,20228  	NaN  	NaN  	0,00376  	0,00584  	0,00396  	0,00728  	66,14571  	0,00400  	0,00420  
76,13864  	1327,82048  	1021,44531  	61,33296  	25,72071  	0,04662  	0,17167  	-15815,93170  	0,39776  	0,15185  	1,41837  	1,41537  	5257085,23859  	5262235,12179  	117,39374  	-4667896,50935  	0,21902  	0,18410  	NaN  	NaN  	0,00376  	0,00585  	0,00397  	0,00730  	-244,98909  	0,00399  	0,00420  
77,13903  	59,76046  	59,74767  	-244,98909  	25,72134  	0,04629  	0,17098  	-15815,93170  	0,39519  	0,15213  	1,41263  	1,40964  	131,94902  	58,98730  	116,63555  	-4667896,50935  	1303,00275  	11,27621  	NaN  	NaN  	0,00376  	0,00583  	0,00396  	0,00728  	-244,98909  	0,00399  	0,00420  
78,14076  	1025,48979  	-244,98909  	-244,98909  	25,72131  	0,04961  	0,17071  	66191,55121  	0,39529  	0,15248  	1,41041  	1,40742  	241569,82047  	0,00000  	116,66501  	19535700,87913  	0,68972  	0,95995  	Inf  	-Inf  	0,00376  	0,00583  	0,00396  	0,00728  	1025,32922  	0,00400  	0,00420  
79,14094  	1327,82048  	1030,50596  	-244,98909  	25,72255  	0,04462  	0,17104  	85706,53851  	0,39651  	0,15259  	1,41310  	1,41012  	575346,72688  	6691718,11583  	117,02599  	25295332,54600  	0,22009  	0,79633  	NaN  	NaN  	0,00376  	0,00584  	0,00397  	0,00728  	1327,62170  	0,00398  	0,00420  
80,14381  	1327,82048  	1327,75450  	1032,58537  	25,72221  	0,04715  	0,17103  	3241,04904  	0,39577  	0,15160  	1,41303  	1,41005  	830593642,56042  	1636160,80759  	116,80843  	956559,61295  	0,21866  	0,00609  	NaN  	NaN  	0,00376  	0,00584  	0,00396  	0,00728  	50,20875  	0,00399  	0,00420  
81,14494  	1327,82048  	45,36357  	45,37576  	25,72335  	0,05259  	0,17081  	-15815,93170  	0,39569  	0,15201  	1,41121  	1,40823  	827,67420  	75,37678  	116,78369  	-4667896,50935  	0,21924  	471,67348  	NaN  	NaN  	0,00376  	0,00584  	0,00396  	0,00728  	-244,98909  	0,00401  	0,00420  
82,14653  	1327,82048  	1040,80327  	1040,85726  	25,72325  	0,04932  	0,17090  	-15815,93170  	0,39562  	0,15177  	1,41198  	1,40900  	374999792,05318  	313,04003  	116,76391  	-4667896,50935  	0,21890  	0,01088  	NaN  	NaN  	0,00376  	0,00584  	0,00396  	0,00728  	-244,98909  	0,00400  	0,00420  
83,14606  	1327,82048  	1327,75450  	1327,82053  	25,72381  	0,04523  	0,17081  	-15815,93170  	0,39604  	0,15193  	1,41125  	1,40827  	1748254310,33509  	351,16372  	116,88626  	-4667896,50935  	0,21912  	0,00354  	-Inf  	-Inf  	0,00376  	0,00584  	0,00396  	0,00728  	-244,98909  	0,00398  	0,00420  
84,14569  	1327,82048  	1327,75450  	1327,82053  	25,72564  	0,05018  	0,17077  	-15815,93170  	0,39610  	0,15138  	1,41091  	1,40792  	1741974000,07444  	389,58986  	116,90470  	-4667896,50935  	0,21834  	0,00393  	-Inf  	-Inf  	0,00376  	0,00584  	0,00396  	0,00728  	-244,98909  	0,00400  	0,00420  
85,14850  	1327,82048  	1327,75450  	1327,82053  	25,72652  	0,04433  	0,17085  	67757,36578  	0,39590  	0,15067  	1,41157  	1,40859  	1733787099,07718  	344,19432  	116,84474  	19997833,64901  	0,21731  	0,00347  	-Inf  	-Inf  	0,00376  	0,00584  	0,00396  	0,00728  	1049,58411  	0,00398  	0,00420  
86,14811  	1327,82048  	1327,75450  	1327,82053  	25,72611  	0,04760  	0,17096  	85706,53851  	0,39669  	0,15168  	1,41248  	1,40950  	1745356026,69982  	369,53225  	117,07801  	25295332,54600  	0,21876  	0,00373  	-Inf  	-Inf  	0,00376  	0,00584  	0,00396  	0,00728  	1327,62170  	0,00399  	0,00420  
87,14877  	1327,82048  	1327,75450  	1327,82053  	25,72705  	0,04871  	0,17099  	1878,97016  	0,39638  	0,15169  	1,41273  	1,40974  	1745504549,40563  	378,14829  	116,98754  	554557,16570  	0,21878  	0,00382  	-Inf  	-Inf  	0,00376  	0,00584  	0,00396  	0,00728  	29,10977  	0,00400  	0,00420  
88,14892  	26,88946  	1327,75450  	1327,82053  	25,72713  	0,04470  	0,17106  	68157,19064  	0,39635  	0,15119  	1,41329  	1,41030  	1553045,25737  	0,01235  	116,97913  	20115837,51545  	928,16310  	0,00350  	-Inf  	-Inf  	0,00376  	0,00584  	0,00396  	0,00728  	1055,77751  	0,00398  	0,00420  
89,14906  	-244,98909  	24,25607  	1327,82053  	25,72815  	0,04907  	0,17097  	85706,53851  	0,39644  	0,15229  	1,41254  	1,40955  	4812658,96936  	2934,37408  	117,00368  	25295332,54600  	25,68439  	0,07112  	NaN  	NaN  	0,00376  	0,00584  	0,00396  	0,00728  	1327,62170  	0,00400  	0,00420  
90,15068  	-244,98909  	1061,17178  	1327,82053  	25,72837  	0,04746  	0,17097  	1392,29969  	0,39575  	0,15213  	1,41257  	1,40958  	187007351,38134  	580,55647  	116,80263  	410921,78361  	25,65810  	0,00582  	-Inf  	-Inf  	0,00376  	0,00584  	0,00397  	0,00728  	21,57111  	0,00399  	0,00420  
91,15112  	1061,64787  	21,17236  	1327,82053  	25,72706  	0,05224  	0,17098  	68525,50034  	0,39647  	0,15199  	1,41262  	1,40963  	18105160,84400  	1867301,07812  	117,01326  	20224540,03133  	0,58869  	0,07648  	NaN  	NaN  	0,00376  	0,00584  	0,00396  	0,00728  	1061,48273  	0,00401  	0,00420  
92,15251  	19,76300  	1063,01351  	1327,82053  	25,72823  	0,04813  	0,17073  	1273,41382  	0,39604  	0,15219  	1,41053  	1,40754  	4142276,28268  	53,31802  	116,88785  	375833,94067  	859,38354  	0,00588  	-Inf  	-Inf  	0,00376  	0,00584  	0,00396  	0,00728  	19,72954  	0,00399  	0,00420  
93,15348  	1066,57628  	1327,75450  	1327,82053  	25,72945  	0,04953  	0,17125  	-15815,93170  	0,39680  	0,15208  	1,41484  	1,41186  	1398935278,90194  	92,26022  	117,11146  	-4667896,50935  	0,57701  	0,00388  	-Inf  	-Inf  	0,00376  	0,00584  	0,00396  	0,00729  	-244,98909  	0,00400  	0,00420  
94,15462  	1327,82048  	1327,75450  	1327,82053  	25,72963  	0,05012  	0,17132  	68995,68844  	0,39662  	0,15275  	1,41542  	1,41243  	1757705702,82099  	389,10071  	117,05727  	20363310,82374  	0,22031  	0,00393  	-Inf  	-Inf  	0,00376  	0,00584  	0,00396  	0,00729  	1068,76607  	0,00400  	0,00420  
95,15381  	10,65528  	1327,75450  	1327,82053  	25,73042  	0,04734  	0,17082  	685,52412  	0,39596  	0,15195  	1,41134  	1,40836  	20243183,10704  	0,01308  	116,86466  	202324,82673  	766,66142  	0,00371  	-Inf  	-Inf  	0,00376  	0,00584  	0,00396  	0,00728  	10,62297  	0,00399  	0,00420  
96,15509  	-244,98909  	7,22854  	1327,82053  	25,73137  	0,04588  	0,17048  	69425,59048  	0,39512  	0,15107  	1,40848  	1,40549  	4391895,25791  	2779,52614  	116,61659  	20490191,63370  	25,47951  	0,07036  	NaN  	NaN  	0,00376  	0,00583  	0,00396  	0,00727  	1075,42537  	0,00399  	0,00420  
97,15623  	-244,98909  	1077,30961  	1327,82053  	25,73059  	0,04800  	0,17088  	85706,53851  	0,39552  	0,15196  	1,41178  	1,40879  	194901308,58398  	551,56863  	116,73419  	25295332,54600  	25,62925  	0,00572  	-Inf  	-Inf  	0,00376  	0,00584  	0,00396  	0,00728  	1327,62170  	0,00399  	0,00420  
98,16012  	1079,99526  	2,82574  	1327,82053  	25,73254  	0,04385  	0,17096  	180,81025  	0,39654  	0,15154  	1,41245  	1,40947  	16787422,01636  	1779454,63080  	117,03332  	53364,13765  	0,54375  	0,06825  	NaN  	NaN  	0,00376  	0,00584  	0,00396  	0,00728  	2,80481  	0,00398  	0,00420  
99,16148  	0,52724  	-244,98909  	0,52724  	25,73214  	0,05365  	0,17130  	-15815,93170  	0,39603  	0,15186  	1,41530  	1,41231  	266,65973  	55,12349  	116,88388  	-4667896,50935  	671,31989  	7,01581  	NaN  	NaN  	0,00376  	0,00584  	0,00396  	0,00729  	-244,98909  	0,00401  	0,00420  
100,16074  	-244,98909  	1088,23287  	-244,98909  	25,73306  	0,04649  	0,17112  	-15815,93170  	0,39682  	0,15226  	1,41377  	1,41078  	196729,72466  	2843,09708  	117,11615  	-4667896,50935  	25,68030  	0,59013  	-Inf  	-Inf  	0,00376  	0,00584  	0,00396  	0,00729  	-244,98909  	0,00399  	0,00420  
101,16265  	-244,98909  	1327,75450  	-244,98909  	25,73272  	0,05033  	0,17121  	-15815,93170  	0,39671  	0,15147  	1,41450  	1,41151  	1090133,25848  	3630,76995  	117,08420  	-4667896,50935  	25,54680  	0,19876  	-Inf  	-Inf  	0,00376  	0,00584  	0,00396  	0,00729  	-244,98909  	0,00400  	0,00420  
102,16192  	1094,50887  	1327,75450  	-244,98909  	25,73168  	0,04676  	0,17144  	70646,62789  	0,39698  	0,15190  	1,41641  	1,41342  	4316010,82120  	2458451,77336  	117,16311  	20850567,26030  	0,51355  	0,18467  	NaN  	NaN  	0,00376  	0,00584  	0,00396  	0,00729  	1094,33957  	0,00399  	0,00420  
103,16393  	1327,82048  	1327,75450  	-244,98909  	25,73273  	0,04671  	0,17123  	85706,53851  	0,39738  	0,15233  	1,41472  	1,41173  	5272915,24374  	8637670,58206  	117,28365  	25295332,54600  	0,21969  	0,18448  	NaN  	NaN  	0,00376  	0,00584  	0,00396  	0,00729  	1327,62170  	0,00399  	0,00420  
104,16555  	1327,82048  	-17,39645  	1100,21834  	25,73375  	0,04500  	0,17104  	85706,53851  	0,39695  	0,15306  	1,41315  	1,41016  	5300289,50858  	5912862,49426  	117,15438  	25295332,54600  	0,22075  	0,17767  	Inf  	-Inf  	0,00376  	0,00584  	0,00396  	0,00728  	1327,62170  	0,00398  	0,00420  
105,16548  	1327,82048  	-244,98909  	1327,82053  	25,73456  	0,05033  	0,17104  	-1367,87800  	0,39665  	0,15171  	1,41314  	1,41015  	5253701,08746  	9307068,76901  	117,06660  	-403713,99166  	0,21880  	0,19871  	NaN  	NaN  	0,00376  	0,00584  	0,00396  	0,00728  	-21,18479  	0,00400  	0,00420  
106,16576  	1327,82048  	-244,98909  	-21,64824  	25,73521  	0,04734  	0,17093  	71290,22608  	0,39584  	0,15193  	1,41219  	1,40920  	19583,65331  	1243014,37501  	116,82887  	21040518,11453  	0,21912  	5,00492  	Inf  	-Inf  	0,00376  	0,00584  	0,00396  	0,00728  	1104,30908  	0,00399  	0,00420  
107,16846  	1327,82048  	-244,98909  	1107,53907  	25,73368  	0,04631  	0,17126  	85706,53851  	0,39742  	0,15203  	1,41497  	1,41198  	1106756,80203  	7364874,53906  	117,29266  	25295332,54600  	0,21926  	0,52782  	Inf  	-Inf  	0,00376  	0,00584  	0,00396  	0,00729  	1327,62170  	0,00399  	0,00420  
108,17039  	1327,82048  	1108,76885  	-25,99425  	25,73450  	0,05306  	0,17076  	85706,53851  	0,39608  	0,15242  	1,41085  	1,40787  	5276418,06381  	7079154,47794  	116,89973  	25295332,54600  	0,21982  	0,20954  	NaN  	NaN  	0,00376  	0,00584  	0,00396  	0,00728  	1327,62170  	0,00401  	0,00420  
109,17035  	-30,94366  	1327,75450  	1113,77510  	25,73399  	0,04752  	0,17074  	-1999,62431  	0,39668  	0,15149  	1,41064  	1,40765  	44719974,53367  	42,89536  	117,07603  	-590166,89570  	428,39925  	0,00531  	-Inf  	-Inf  	0,00376  	0,00584  	0,00396  	0,00728  	-30,97071  	0,00399  	0,00420  
110,16978  	1116,54287  	1327,75450  	-33,71147  	25,73457  	0,04770  	0,17113  	72068,88932  	0,39589  	0,15208  	1,41386  	1,41087  	14499436,82064  	2474519,07527  	116,84138  	21270331,91641  	0,47053  	0,08409  	NaN  	NaN  	0,00377  	0,00584  	0,00396  	0,00729  	1116,37079  	0,00399  	0,00420  
111,17279  	-37,69279  	-37,70148  	1120,52422  	25,73577  	0,04784  	0,17105  	85706,53851  	0,39674  	0,15178  	1,41325  	1,41026  	256032,44307  	234,86025  	117,09237  	25295332,54600  	388,27173  	0,18889  	NaN  	NaN  	0,00376  	0,00584  	0,00396  	0,00728  	1327,62170  	0,00399  	0,00420  
112,17645  	1122,27574  	-244,98909  	1327,82053  	25,73703  	0,04209  	0,17151  	85706,53851  	0,39801  	0,15189  	1,41703  	1,41404  	4429788,41936  	2608398,30279  	117,46935  	25295332,54600  	0,45938  	0,16619  	NaN  	NaN  	0,00376  	0,00585  	0,00396  	0,00729  	1327,62170  	0,00397  	0,00420  
113,17916  	1327,82048  	1127,35905  	-44,58523  	25,73651  	0,04717  	0,17115  	85706,53851  	0,39619  	0,15179  	1,41402  	1,41103  	5254701,85723  	6500280,95322  	116,93052  	25295332,54600  	0,21892  	0,18630  	NaN  	NaN  	0,00376  	0,00584  	0,00396  	0,00729  	1327,62170  	0,00399  	0,00420  
114,18097  	-50,34998  	-50,35815  	1133,18142  	25,73516  	0,04390  	0,17114  	-3252,27271  	0,39634  	0,15124  	1,41392  	1,41094  	306024,98396  	223,48332  	116,97619  	-959872,15519  	319,95251  	0,17334  	NaN  	NaN  	0,00376  	0,00584  	0,00396  	0,00729  	-50,37458  	0,00398  	0,00420  
115,18553  	-244,98909  	1137,82173  	1327,82053  	25,73527  	0,04967  	0,17094  	73446,15251  	0,39643  	0,15207  	1,41234  	1,40935  	228124970,95866  	432,91236  	117,00215  	21676815,84462  	25,64853  	0,00533  	-Inf  	-Inf  	0,00376  	0,00584  	0,00396  	0,00728  	1137,70497  	0,00400  	0,00420  
116,18859  	1144,44640  	-61,62270  	1327,82053  	25,73614  	0,05306  	0,17122  	85706,53851  	0,39731  	0,15185  	1,41459  	1,41160  	12857237,44729  	3301548,14784  	117,26042  	25295332,54600  	0,42108  	0,10311  	NaN  	NaN  	0,00376  	0,00584  	0,00396  	0,00729  	1327,62170  	0,00401  	0,00420  
117,18778  	1327,82048  	-244,98909  	-66,19668  	25,73737  	0,04693  	0,17068  	85706,53851  	0,39698  	0,15230  	1,41017  	1,40719  	37909,49733  	986610,62088  	117,16376  	25295332,54600  	0,21965  	3,33371  	Inf  	-Inf  	0,00376  	0,00584  	0,00396  	0,00728  	1327,62170  	0,00399  	0,00420  
118,18893  	1327,82048  	1156,74260  	1156,80146  	25,73723  	0,04770  	0,17123  	-4776,91036  	0,39679  	0,15170  	1,41468  	1,41170  	732297927,17515  	330,07156  	117,10709  	-1409852,01482  	0,21878  	0,00670  	NaN  	NaN  	0,00376  	0,00584  	0,00396  	0,00729  	-73,99163  	0,00399  	0,00420  
119,19036  	1327,82048  	-76,24517  	1327,82053  	25,73762  	0,04812  	0,17157  	74813,91783  	0,39750  	0,15233  	1,41753  	1,41454  	13899241,91267  	7944410,34580  	117,31808  	22080496,58142  	0,21970  	0,09852  	NaN  	NaN  	0,00376  	0,00584  	0,00397  	0,00729  	1158,89203  	0,00399  	0,00420  
