01/15/2025 13:05:08Time	T_hot_in(C)	T_cold_in(C)	T_cold_out(C)	T_hot_out(C)	mdot_cold(kg/s)	ASFASIFUAS(kg/s)	Diferencial_cold(bar)	Diferencial_hot(bar)	mdot_hot(kg/s)	ABS_cold(bar)	ABS_hot(bar)	q_cold(kW)	q_hot(kW)	ASFASYFY	Tau_cold_haste	Re_hot	Re_cold	U_global	PSIG_cold(bar)	R_fouling	PSIG_hot(bar)	PSID_hot(bar)	m_dot_hot	PSID_cold(bar)	m_dot_cold
2,02833  	0,00000  	0,00000  	0,00000  	0,00000  	-1,18512  	-0,20833  	-0,25900  	-0,86180  	-3,02442  	-1,72343  	-1,72415  	-0,00000  	-0,00000  	-254,35069  	-76,44127  	-9234,48090  	-3618,55272  	NaN  	NaN  	0,00000  	0,00000  	0,00000  	0,00000  	0,00000  	0,00000  	0,00000  
3,02917  	1327,82048  	-244,98909  	1327,82053  	25,74445  	0,05122  	0,17370  	85706,53851  	0,40077  	0,15159  	1,43508  	1,43208  	5249612,30583  	9472873,03133  	118,28162  	25295332,54600  	0,21862  	0,20224  	NaN  	NaN  	0,00376  	0,00586  	0,00395  	0,00733  	1327,62170  	0,00400  	0,00420  
4,02863  	1327,82048  	883,43524  	1327,82053  	25,74524  	0,04987  	0,20981  	12865,40531  	0,48175  	0,16010  	1,73370  	1,73048  	580457128,81017  	2605896,84925  	142,18272  	3797081,42839  	0,23089  	0,00850  	-Inf  	-Inf  	0,00376  	0,00624  	0,00397  	0,00803  	199,29265  	0,00400  	0,00421  
5,03097  	309,47267  	309,44941  	1327,82053  	25,74596  	0,04871  	0,21239  	-15815,93170  	0,48864  	0,17084  	1,75499  	1,75176  	19718931,50328  	358,39823  	144,21716  	-4667896,50935  	321,68475  	0,03036  	-Inf  	-Inf  	0,00376  	0,00627  	0,00396  	0,00808  	-244,98909  	0,00400  	0,00423  
6,03281  	775,26268  	-244,98909  	307,56873  	25,74639  	0,04986  	0,21254  	-15815,93170  	0,48942  	0,17012  	1,75623  	1,75299  	533,36130  	91596,65039  	144,44759  	-4667896,50935  	2,76275  	341,61620  	Inf  	-Inf  	0,00376  	0,00627  	0,00396  	0,00808  	-244,98909  	0,00400  	0,00422  
7,03377  	1327,82048  	778,94068  	778,98368  	25,74639  	0,05058  	0,21244  	-15815,93170  	0,48848  	0,17070  	1,75543  	1,75219  	65526663,84920  	255,70048  	144,16979  	-4667896,50935  	0,24619  	0,03919  	NaN  	NaN  	0,00376  	0,00627  	0,00397  	0,00808  	-244,98909  	0,00400  	0,00423  
8,03377  	1327,82048  	299,16825  	299,19109  	25,74706  	0,04630  	0,21253  	-15815,93170  	0,48769  	0,17091  	1,75616  	1,75292  	88820,20667  	124,38402  	143,93533  	-4667896,50935  	0,24648  	3,21308  	NaN  	NaN  	0,00376  	0,00626  	0,00396  	0,00808  	-244,98909  	0,00399  	0,00423  
9,03383  	1327,82048  	786,01425  	786,05754  	25,74724  	0,04398  	0,21308  	50736,56076  	0,49033  	0,17029  	1,76072  	1,75748  	69321084,23733  	223,86878  	144,71608  	14974332,16809  	0,24559  	0,03275  	NaN  	NaN  	0,00376  	0,00628  	0,00397  	0,00809  	785,92719  	0,00398  	0,00423  
10,03370  	1327,82048  	1327,75450  	1327,82053  	25,74713  	0,05046  	0,21220  	18999,31253  	0,48986  	0,17082  	1,75346  	1,75023  	1965667301,70718  	391,81684  	144,57613  	5607435,99014  	0,24636  	0,00395  	-Inf  	-Inf  	0,00376  	0,00627  	0,00396  	0,00807  	294,30855  	0,00400  	0,00423  
11,03526  	1327,82048  	1327,75450  	292,69673  	25,74713  	0,04778  	0,21252  	50999,73642  	0,49107  	0,17080  	1,75604  	1,75281  	84625782,70296  	5815607,16328  	144,93316  	15052005,53987  	0,24633  	0,03116  	NaN  	NaN  	0,00376  	0,00628  	0,00396  	0,00808  	790,00386  	0,00399  	0,00423  
12,03627  	1327,82048  	1327,75450  	-244,98909  	25,74796  	0,04836  	0,21278  	18803,69792  	0,49123  	0,17051  	1,75821  	1,75497  	5902264,83400  	8942788,79326  	144,98211  	5549702,51213  	0,24590  	0,19098  	NaN  	NaN  	0,00376  	0,00628  	0,00396  	0,00809  	291,27843  	0,00400  	0,00423  
13,03646  	1327,82048  	1327,75450  	793,29753  	25,74922  	0,04852  	0,21234  	-15815,93170  	0,49169  	0,17011  	1,75462  	1,75138  	473492907,46791  	3049460,69827  	145,11769  	-4667896,50935  	0,24532  	0,00988  	NaN  	NaN  	0,00376  	0,00628  	0,00396  	0,00808  	-244,98909  	0,00400  	0,00422  
14,03843  	1327,82048  	1327,75450  	1327,82053  	25,74986  	0,05109  	0,21274  	-15815,93170  	0,49122  	0,17085  	1,75787  	1,75463  	1966006510,41359  	396,73990  	144,97709  	-4667896,50935  	0,24640  	0,00400  	-Inf  	-Inf  	0,00376  	0,00628  	0,00396  	0,00808  	-244,98909  	0,00400  	0,00423  
15,03941  	284,30371  	1327,75450  	284,30373  	25,74955  	0,04723  	0,21232  	51541,49165  	0,48990  	0,17124  	1,75442  	1,75118  	16290411,45873  	276,66976  	144,58826  	15211898,57648  	526,92486  	0,03150  	-Inf  	-Inf  	0,00376  	0,00627  	0,00396  	0,00808  	798,39579  	0,00399  	0,00423  
16,04232  	-244,98909  	280,30601  	-244,98909  	25,74996  	0,04800  	0,21302  	85706,53851  	0,49178  	0,17119  	1,76022  	1,75698  	193,89525  	1156,32527  	145,14210  	25295332,54600  	28,87897  	238,92373  	-Inf  	-Inf  	0,00377  	0,00628  	0,00396  	0,00809  	1327,62170  	0,00399  	0,00423  
17,04376  	806,27030  	-244,98909  	806,27033  	25,75091  	0,04807  	0,21216  	85706,53851  	0,49011  	0,17067  	1,75312  	1,74989  	32851,98998  	219559,25757  	144,64914  	25295332,54600  	2,30967  	4,65581  	NaN  	NaN  	0,00376  	0,00627  	0,00396  	0,00807  	1327,62170  	0,00399  	0,00423  
18,04524  	1327,82048  	810,73114  	272,05597  	25,75112  	0,04863  	0,21301  	85706,53851  	0,49053  	0,17079  	1,76017  	1,75693  	5912928,56292  	3080291,23176  	144,77442  	25295332,54600  	0,24631  	0,19204  	NaN  	NaN  	0,00376  	0,00628  	0,00396  	0,00809  	1327,62170  	0,00400  	0,00423  
19,04520  	267,78133  	1327,75450  	-244,98909  	25,75128  	0,04970  	0,21249  	17282,62040  	0,48941  	0,17045  	1,75584  	1,75260  	1096722,47530  	392,09520  	144,44403  	5100773,38208  	738,31163  	0,19630  	NaN  	NaN  	0,00376  	0,00627  	0,00396  	0,00808  	267,71652  	0,00400  	0,00423  
20,04450  	819,38674  	1327,75450  	819,38678  	25,75160  	0,05156  	0,21290  	52887,91241  	0,49243  	0,17075  	1,75924  	1,75600  	313091366,38651  	127084,01263  	145,33550  	15609279,70474  	2,14442  	0,00996  	-Inf  	-Inf  	0,00376  	0,00629  	0,00396  	0,00809  	819,25222  	0,00401  	0,00423  
21,04737  	1327,82048  	262,47949  	1327,82053  	25,75138  	0,04733  	0,21248  	85706,53851  	0,49084  	0,17075  	1,75571  	1,75247  	74902995,92311  	5929358,18924  	144,86711  	25295332,54600  	0,24624  	0,03351  	-Inf  	-Inf  	0,00376  	0,00628  	0,00396  	0,00808  	1327,62170  	0,00399  	0,00423  
22,04650  	1327,82048  	821,63473  	1327,82053  	25,75133  	0,04506  	0,21248  	16854,70133  	0,49079  	0,17007  	1,75574  	1,75250  	515142872,83874  	2682161,52971  	144,85148  	4974477,82188  	0,24528  	0,00867  	-Inf  	-Inf  	0,00376  	0,00628  	0,00396  	0,00808  	261,08794  	0,00398  	0,00422  
23,04663  	1327,82048  	258,62816  	258,64931  	25,75170  	0,04807  	0,21282  	-15815,93170  	0,49178  	0,17081  	1,75853  	1,75529  	29455,02026  	119,52242  	145,14403  	-4667896,50935  	0,24633  	7,19253  	NaN  	NaN  	0,00376  	0,00628  	0,00396  	0,00809  	-244,98909  	0,00399  	0,00423  
24,04839  	1327,82048  	-244,98909  	-244,98909  	25,75196  	0,04826  	0,21276  	-15815,93170  	0,49149  	0,16962  	1,75810  	1,75486  	349996,34620  	0,00000  	145,05816  	-4667896,50935  	0,24463  	0,93372  	Inf  	-Inf  	0,00376  	0,00628  	0,00396  	0,00809  	-244,98909  	0,00399  	0,00422  
25,04938  	1327,82048  	-244,98909  	-244,98909  	25,75352  	0,04588  	0,21266  	-15815,93170  	0,49048  	0,17002  	1,75720  	1,75397  	350823,99410  	0,00000  	144,76093  	-4667896,50935  	0,24520  	0,88770  	Inf  	-Inf  	0,00376  	0,00628  	0,00397  	0,00808  	-244,98909  	0,00399  	0,00422  
26,05008  	1327,82048  	-244,98909  	830,91207  	25,75497  	0,04415  	0,21294  	-15815,93170  	0,49264  	0,17118  	1,75954  	1,75630  	75998,79303  	5585464,89446  	145,39836  	-4667896,50935  	0,24686  	3,41593  	Inf  	-Inf  	0,00376  	0,00629  	0,00396  	0,00809  	-244,98909  	0,00398  	0,00423  
27,05128  	1327,82048  	-244,98909  	249,45705  	25,75662  	0,04743  	0,21246  	-15815,93170  	0,49090  	0,17034  	1,75562  	1,75239  	931,49114  	2757886,46250  	144,88349  	-4667896,50935  	0,24566  	154,57138  	Inf  	-Inf  	0,00376  	0,00628  	0,00396  	0,00808  	-244,98909  	0,00399  	0,00423  
28,05326  	1327,82048  	836,74395  	836,78937  	25,75830  	0,04675  	0,21211  	-15815,93170  	0,48991  	0,17037  	1,75273  	1,74949  	103972262,29443  	249,70103  	144,59224  	-4667896,50935  	0,24570  	0,02648  	NaN  	NaN  	0,00376  	0,00627  	0,00396  	0,00807  	-244,98909  	0,00399  	0,00423  
29,05469  	1327,82048  	244,46959  	1327,82053  	25,76042  	0,04702  	0,21288  	54111,39837  	0,49186  	0,17112  	1,75906  	1,75582  	69718199,68202  	5990028,02192  	145,16643  	15970377,99090  	0,24677  	0,03499  	-Inf  	-Inf  	0,00377  	0,00628  	0,00397  	0,00809  	838,20435  	0,00399  	0,00423  
30,05731  	241,12354  	841,66226  	241,12356  	25,76355  	0,04740  	0,21305  	85706,53851  	0,49122  	0,17072  	1,76046  	1,75722  	977562,38103  	128,27435  	144,97952  	25295332,54600  	1296,59598  	0,18720  	-Inf  	-Inf  	0,00376  	0,00628  	0,00396  	0,00809  	1327,62170  	0,00399  	0,00423  
31,05646  	-244,98909  	1327,75450  	847,57092  	25,76714  	0,04215  	0,21216  	15183,45041  	0,49091  	0,17114  	1,75312  	1,74989  	116295493,42904  	927,87677  	144,88640  	4481226,68246  	28,87536  	0,00770  	-Inf  	-Inf  	0,00376  	0,00628  	0,00396  	0,00807  	235,19981  	0,00397  	0,00423  
32,05849  	852,17369  	1327,75450  	230,65771  	25,77067  	0,04803  	0,21206  	55004,26039  	0,49068  	0,17093  	1,75230  	1,74907  	41729653,36518  	333223,53324  	144,81930  	16233896,29560  	1,79135  	0,03716  	NaN  	NaN  	0,00376  	0,00628  	0,00397  	0,00807  	852,03503  	0,00399  	0,00423  
33,06021  	1327,82048  	1327,75450  	854,37434  	25,77436  	0,05142  	0,21274  	14744,30019  	0,49197  	0,17045  	1,75791  	1,75467  	568129737,77372  	2862386,59176  	145,20000  	4351616,37439  	0,24579  	0,00927  	NaN  	NaN  	0,00376  	0,00628  	0,00396  	0,00808  	228,39725  	0,00400  	0,00423  
34,06111  	1327,82048  	1327,75450  	1327,82053  	25,77926  	0,04624  	0,21246  	-15815,93170  	0,49092  	0,17115  	1,75562  	1,75239  	1969405675,01613  	359,11409  	144,88844  	-4667896,50935  	0,24681  	0,00362  	-Inf  	-Inf  	0,00376  	0,00628  	0,00396  	0,00808  	-244,98909  	0,00399  	0,00423  
35,06299  	222,04195  	222,02235  	1327,82053  	25,78352  	0,04540  	0,21239  	-15815,93170  	0,49043  	0,17072  	1,75500  	1,75177  	9549324,89710  	217,99197  	144,74479  	-4667896,50935  	1877,16449  	0,03598  	-Inf  	-Inf  	0,00376  	0,00628  	0,00396  	0,00808  	-244,98909  	0,00399  	0,00423  
36,06348  	863,19809  	863,15160  	219,63331  	25,78642  	0,04859  	0,21272  	55715,86867  	0,49207  	0,17110  	1,75770  	1,75446  	3809708,43508  	215707,99353  	145,23040  	16443919,57157  	1,69020  	0,19190  	NaN  	NaN  	0,00377  	0,00628  	0,00397  	0,00808  	863,05803  	0,00400  	0,00423  
37,06605  	215,79005  	1327,75450  	-244,98909  	25,79051  	0,04503  	0,21319  	85706,53851  	0,49307  	0,17135  	1,76162  	1,75838  	865507,61301  	305,23809  	145,52322  	25295332,54600  	2094,47365  	0,17786  	NaN  	NaN  	0,00376  	0,00629  	0,00396  	0,00809  	1327,62170  	0,00398  	0,00423  
38,06693  	870,28729  	212,52491  	-244,98909  	25,79413  	0,04414  	0,21280  	13717,14124  	0,49351  	0,17149  	1,75843  	1,75520  	631,72100  	147203,27899  	145,65532  	4048461,82320  	1,63156  	82,96525  	NaN  	NaN  	0,00376  	0,00629  	0,00396  	0,00809  	212,48628  	0,00398  	0,00423  
39,06762  	1327,82048  	874,44723  	874,49423  	25,79774  	0,04803  	0,21295  	56445,01501  	0,49327  	0,17206  	1,75967  	1,75643  	139505652,91191  	265,53600  	145,58177  	16659119,01456  	0,24809  	0,02246  	NaN  	NaN  	0,00376  	0,00629  	0,00396  	0,00809  	874,35271  	0,00399  	0,00423  
40,07094  	1327,82048  	205,21778  	1327,82053  	25,80074  	0,04815  	0,21249  	85706,53851  	0,49107  	0,17173  	1,75581  	1,75257  	59365791,52303  	6357232,33746  	144,93446  	25295332,54600  	0,24762  	0,04003  	-Inf  	-Inf  	0,00376  	0,00628  	0,00396  	0,00808  	1327,62170  	0,00399  	0,00423  
41,07069  	200,97051  	881,81360  	1327,82053  	25,80320  	0,05130  	0,21268  	85706,53851  	0,49215  	0,17084  	1,75740  	1,75417  	82940700,89671  	97,43513  	145,25126  	25295332,54600  	2558,77485  	0,00877  	-Inf  	-Inf  	0,00376  	0,00628  	0,00396  	0,00808  	1327,62170  	0,00400  	0,00423  
42,07238  	884,58555  	198,22724  	1327,82053  	25,80614  	0,04999  	0,21276  	85706,53851  	0,49303  	0,17058  	1,75807  	1,75484  	37754463,49046  	459380,79945  	145,51130  	25295332,54600  	1,50617  	0,04241  	-Inf  	-Inf  	0,00376  	0,00629  	0,00396  	0,00809  	1327,62170  	0,00400  	0,00423  
43,07213  	1327,82048  	889,13448  	1327,82053  	25,80896  	0,04636  	0,21256  	85706,53851  	0,49241  	0,17264  	1,75642  	1,75319  	636211151,42573  	2392063,21409  	145,32953  	25295332,54600  	0,24893  	0,00781  	-Inf  	-Inf  	0,00377  	0,00629  	0,00397  	0,00808  	1327,62170  	0,00399  	0,00423  
44,07478  	192,02481  	1327,75450  	192,02483  	25,81130  	0,04618  	0,21271  	12392,65224  	0,49279  	0,17218  	1,75762  	1,75438  	7180787,41753  	222,35582  	145,44290  	3657553,61225  	2802,71096  	0,03989  	-Inf  	-Inf  	0,00376  	0,00629  	0,00396  	0,00808  	191,96958  	0,00399  	0,00423  
45,07624  	892,96828  	189,84486  	892,96832  	25,81408  	0,04744  	0,21239  	57637,48929  	0,49274  	0,17184  	1,75504  	1,75180  	3962575,11068  	289074,52794  	145,42650  	17011064,54865  	1,45322  	0,18730  	-Inf  	-Inf  	0,00376  	0,00629  	0,00396  	0,00808  	892,82446  	0,00399  	0,00423  
46,07741  	184,95826  	-244,98909  	1327,82053  	25,81594  	0,04682  	0,21222  	11936,51672  	0,49344  	0,17305  	1,75356  	1,75033  	732461,93430  	311,44000  	145,63362  	3522930,28314  	2941,02048  	0,18486  	NaN  	NaN  	0,00376  	0,00629  	0,00396  	0,00807  	184,90392  	0,00399  	0,00423  
47,07762  	901,30118  	901,25309  	1327,82053  	25,81759  	0,04654  	0,21238  	58175,36503  	0,49268  	0,17202  	1,75489  	1,75166  	441230038,81621  	183140,59385  	145,40914  	17169812,59634  	1,39438  	0,00767  	-Inf  	-Inf  	0,00376  	0,00629  	0,00396  	0,00808  	901,15630  	0,00399  	0,00423  
48,08051  	1327,82048  	1327,75450  	1327,82053  	25,81933  	0,05013  	0,21260  	85706,53851  	0,49315  	0,17053  	1,75671  	1,75347  	1962185708,91861  	389,35448  	145,54839  	25295332,54600  	0,24588  	0,00393  	-Inf  	-Inf  	0,00376  	0,00629  	0,00396  	0,00808  	1327,62170  	0,00400  	0,00423  
49,08074  	174,40582  	174,38823  	174,40583  	25,82060  	0,04799  	0,21234  	85706,53851  	0,49250  	0,17079  	1,75459  	1,75136  	218,28419  	0,00356  	145,35620  	25295332,54600  	2986,97913  	70,52516  	-Inf  	-Inf  	0,00376  	0,00629  	0,00396  	0,00808  	1327,62170  	0,00399  	0,00423  
50,08278  	910,62129  	-244,98909  	910,62133  	25,82078  	0,04731  	0,21251  	85706,53851  	0,49306  	0,17115  	1,75599  	1,75276  	133001,07810  	540303,59931  	145,52023  	25295332,54600  	1,32380  	1,90864  	NaN  	NaN  	0,00376  	0,00629  	0,00396  	0,00808  	1327,62170  	0,00399  	0,00423  
51,08566  	167,88129  	-244,98909  	1327,82053  	25,82307  	0,04747  	0,21230  	85706,53851  	0,49320  	0,17106  	1,75428  	1,75105  	646282,94606  	314,52056  	145,56260  	25295332,54600  	2988,12180  	0,18743  	NaN  	NaN  	0,00376  	0,00629  	0,00396  	0,00808  	1327,62170  	0,00399  	0,00423  
52,08934  	-244,98909  	917,33735  	1327,82053  	25,82448  	0,04567  	0,21298  	85706,53851  	0,49287  	0,17115  	1,75985  	1,75661  	142126377,99211  	858,56652  	145,46501  	25295332,54600  	28,89480  	0,00729  	-Inf  	-Inf  	0,00376  	0,00629  	0,00396  	0,00809  	1327,62170  	0,00399  	0,00423  
53,08959  	924,18186  	1327,75450  	158,64954  	25,82585  	0,05411  	0,21266  	85706,53851  	0,49258  	0,17148  	1,75725  	1,75401  	33446198,78054  	690185,67882  	145,37905  	25295332,54600  	1,24002  	0,05154  	NaN  	NaN  	0,00376  	0,00629  	0,00396  	0,00808  	1327,62170  	0,00401  	0,00423  
54,09258  	1327,82048  	1327,75450  	929,20816  	25,82708  	0,05031  	0,21237  	85706,53851  	0,49249  	0,17139  	1,75487  	1,75164  	707359590,95054  	2358571,87875  	145,35360  	25295332,54600  	0,24712  	0,00786  	NaN  	NaN  	0,00376  	0,00629  	0,00396  	0,00808  	1327,62170  	0,00400  	0,00423  
55,09626  	148,44899  	1327,75450  	148,44900  	25,82748  	0,04665  	0,21316  	9579,89901  	0,49225  	0,17116  	1,76134  	1,75810  	4356672,80909  	231,09075  	145,28176  	2827400,74886  	2799,39874  	0,04580  	-Inf  	-Inf  	0,00376  	0,00628  	0,00396  	0,00809  	148,39926  	0,00399  	0,00423  
56,09603  	938,37779  	144,43726  	-244,98909  	25,82918  	0,04912  	0,21260  	60568,60415  	0,49141  	0,17006  	1,75672  	1,75348  	1041,80789  	231087,84960  	145,03416  	17876150,53090  	1,14752  	34,34528  	NaN  	NaN  	0,00376  	0,00628  	0,00396  	0,00808  	938,22823  	0,00400  	0,00422  
57,09736  	138,15537  	-244,98909  	-244,98909  	25,83128  	0,04862  	0,21265  	8915,46142  	0,49184  	0,17078  	1,75717  	1,75394  	30399,29637  	0,00000  	145,16020  	2631299,37764  	2633,81217  	0,94073  	Inf  	-Inf  	0,00376  	0,00628  	0,00397  	0,00808  	138,10694  	0,00400  	0,00423  
58,09737  	947,03832  	-244,98909  	-244,98909  	25,83166  	0,04386  	0,21261  	-15815,93170  	0,49252  	0,17121  	1,75679  	1,75356  	249939,46424  	0,00000  	145,36204  	-4667896,50935  	1,10816  	0,84860  	Inf  	-Inf  	0,00376  	0,00629  	0,00396  	0,00808  	-244,98909  	0,00398  	0,00423  
59,09736  	133,83073  	-244,98909  	949,00071  	25,83257  	0,04849  	0,21269  	-15815,93170  	0,49203  	0,17050  	1,75746  	1,75422  	24324,11321  	242,84731  	145,21735  	-4667896,50935  	2558,32932  	1,47933  	NaN  	NaN  	0,00376  	0,00628  	0,00396  	0,00808  	-244,98909  	0,00400  	0,00423  
60,09851  	950,89992  	950,84975  	1327,82053  	25,83384  	0,04571  	0,21258  	61376,88872  	0,49271  	0,17183  	1,75660  	1,75336  	535328759,91260  	227397,58091  	145,41767  	18114706,73918  	1,09183  	0,00685  	-Inf  	-Inf  	0,00376  	0,00629  	0,00397  	0,00808  	950,74878  	0,00399  	0,00423  
61,09991  	130,46186  	1327,75450  	130,46187  	25,83570  	0,04601  	0,21252  	8418,85693  	0,49262  	0,17154  	1,75605  	1,75282  	3438830,91959  	230,96470  	145,39114  	2484732,08057  	2517,54669  	0,04769  	-Inf  	-Inf  	0,00376  	0,00629  	0,00396  	0,00808  	130,41441  	0,00399  	0,00423  
62,10116  	955,28813  	127,52763  	955,28817  	25,83571  	0,04838  	0,21227  	61660,14091  	0,49078  	0,17162  	1,75398  	1,75075  	4241889,34750  	545029,33940  	144,84929  	18198305,47612  	1,06797  	0,19104  	-Inf  	-Inf  	0,00376  	0,00628  	0,00396  	0,00808  	955,13643  	0,00400  	0,00423  
63,10351  	124,89905  	-244,98909  	124,89906  	25,83664  	0,04858  	0,21208  	85706,53851  	0,49206  	0,17178  	1,75247  	1,74924  	147,19943  	75,30162  	145,22474  	25295332,54600  	2427,78394  	26,13853  	NaN  	NaN  	0,00376  	0,00628  	0,00396  	0,00807  	1327,62170  	0,00400  	0,00423  
64,10522  	962,08732  	962,03668  	-244,98909  	25,83782  	0,04831  	0,21256  	85706,53851  	0,49275  	0,17210  	1,75637  	1,75314  	243032,24578  	831985,46029  	145,42901  	25295332,54600  	1,03719  	1,34604  	NaN  	NaN  	0,00376  	0,00629  	0,00396  	0,00808  	1327,62170  	0,00399  	0,00423  
65,10503  	1327,82048  	1327,75450  	-244,98909  	25,83966  	0,04980  	0,21276  	85706,53851  	0,49304  	0,17189  	1,75805  	1,75482  	5949708,65089  	9213880,58544  	145,51516  	25295332,54600  	0,24782  	0,19669  	NaN  	NaN  	0,00376  	0,00629  	0,00396  	0,00808  	1327,62170  	0,00400  	0,00423  
66,10676  	111,48085  	111,46590  	-244,98909  	25,83989  	0,04790  	0,21250  	7193,66197  	0,49367  	0,17168  	1,75591  	1,75268  	155,59244  	71,48541  	145,70197  	2123129,39978  	2207,11446  	21,66989  	NaN  	NaN  	0,00376  	0,00629  	0,00397  	0,00808  	111,43580  	0,00399  	0,00423  
67,10749  	-244,98909  	972,24334  	-244,98909  	25,84140  	0,04668  	0,21287  	-15815,93170  	0,49287  	0,17140  	1,75895  	1,75571  	77518,86391  	2601,85016  	145,46501  	-4667896,50935  	28,94111  	1,21318  	-Inf  	-Inf  	0,00376  	0,00629  	0,00397  	0,00809  	-244,98909  	0,00399  	0,00423  
68,10906  	973,94618  	1327,75450  	973,94622  	25,84272  	0,04935  	0,21246  	62864,48941  	0,49269  	0,17084  	1,75554  	1,75231  	581326045,56776  	270234,28557  	145,41066  	18553755,55551  	0,97410  	0,00709  	-Inf  	-Inf  	0,00376  	0,00629  	0,00396  	0,00808  	973,79212  	0,00400  	0,00423  
69,10975  	1327,82048  	104,85843  	1327,82053  	25,84272  	0,04878  	0,21252  	85706,53851  	0,49277  	0,17131  	1,75607  	1,75284  	38073379,01380  	7018218,93380  	145,43567  	25295332,54600  	0,24699  	0,05468  	-Inf  	-Inf  	0,00376  	0,00629  	0,00396  	0,00808  	1327,62170  	0,00400  	0,00423  
70,11073  	101,24266  	-244,98909  	101,24267  	25,84425  	0,05194  	0,21250  	6532,80225  	0,49313  	0,17100  	1,75593  	1,75270  	160,82288  	75,24385  	145,54165  	1928083,99784  	2040,64762  	20,66416  	NaN  	NaN  	0,00376  	0,00629  	0,00396  	0,00808  	101,19890  	0,00401  	0,00423  
71,11115  	-244,98909  	984,61044  	-244,98909  	25,84359  	0,04588  	0,21281  	-15815,93170  	0,49215  	0,17133  	1,75843  	1,75520  	87468,73087  	2582,73633  	145,25404  	-4667896,50935  	28,93112  	1,09750  	-Inf  	-Inf  	0,00376  	0,00628  	0,00396  	0,00809  	-244,98909  	0,00399  	0,00423  
72,11116  	-244,98909  	95,39486  	987,42229  	25,84575  	0,04732  	0,21278  	-15815,93170  	0,49447  	0,17209  	1,75825  	1,75502  	1239468,89974  	1932,59479  	145,93711  	-4667896,50935  	29,05904  	0,18685  	-Inf  	-Inf  	0,00376  	0,00629  	0,00397  	0,00809  	-244,98909  	0,00399  	0,00423  
73,11981  	-244,98909  	989,47932  	1327,82053  	25,84656  	0,04490  	0,21265  	63870,47299  	0,49195  	0,17149  	1,75716  	1,75392  	173968636,82247  	695,56482  	145,19316  	18850660,43025  	28,95801  	0,00627  	-Inf  	-Inf  	0,00376  	0,00628  	0,00396  	0,00808  	989,37508  	0,00398  	0,00423  
74,11990  	-244,98909  	1327,75450  	1327,82053  	25,84734  	0,04528  	0,21259  	85706,53851  	0,49180  	0,17137  	1,75669  	1,75346  	410165151,86641  	0,13688  	145,14963  	25295332,54600  	28,93765  	0,00355  	-Inf  	-Inf  	0,00376  	0,00628  	0,00396  	0,00808  	1327,62170  	0,00399  	0,00423  
75,12148  	-244,98909  	88,26421  	1327,82053  	25,84804  	0,04564  	0,21209  	5695,96536  	0,49245  	0,17127  	1,75252  	1,74929  	7336717,05730  	2589,81496  	145,34220  	1681100,88613  	28,92225  	0,05386  	-Inf  	-Inf  	0,00376  	0,00629  	0,00396  	0,00807  	88,23607  	0,00399  	0,00423  
76,12153  	-244,98909  	1006,85062  	75,92826  	25,84855  	0,04980  	0,21192  	-15815,93170  	0,49123  	0,17131  	1,75115  	1,74792  	1233580,24227  	2122,23835  	144,98008  	-4667896,50935  	28,92843  	0,19665  	-Inf  	-Inf  	0,00376  	0,00628  	0,00397  	0,00807  	-244,98909  	0,00400  	0,00423  
77,12422  	-244,98909  	73,95014  	1008,86791  	25,84914  	0,04271  	0,21280  	-15815,93170  	0,49202  	0,17158  	1,75838  	1,75514  	1235800,66398  	1828,00322  	145,21388  	-4667896,50935  	28,97354  	0,16864  	-Inf  	-Inf  	0,00376  	0,00628  	0,00396  	0,00809  	-244,98909  	0,00398  	0,00423  
78,12524  	1014,07594  	-244,98909  	68,75546  	25,84915  	0,04457  	0,21251  	65454,80450  	0,49270  	0,17171  	1,75599  	1,75275  	3692,76104  	282875,82006  	145,41493  	19318258,27112  	0,81630  	12,02746  	Inf  	-Inf  	0,00376  	0,00629  	0,00396  	0,00808  	1013,91681  	0,00398  	0,00423  
79,12547  	1327,82048  	-244,98909  	-244,98909  	25,84899  	0,04844  	0,21197  	85706,53851  	0,49156  	0,17126  	1,75149  	1,74826  	353354,10272  	0,00000  	145,07714  	25295332,54600  	0,24691  	0,93725  	Inf  	-Inf  	0,00376  	0,00628  	0,00396  	0,00807  	1327,62170  	0,00400  	0,00423  
80,12837  	64,03985  	-244,98909  	1018,79158  	25,84959  	0,04815  	0,21273  	85706,53851  	0,49404  	0,17126  	1,75781  	1,75457  	17021,97257  	254,44442  	145,81153  	25295332,54600  	1524,76923  	0,92411  	NaN  	NaN  	0,00376  	0,00629  	0,00396  	0,00808  	1327,62170  	0,00399  	0,00423  
81,12864  	1021,48200  	1021,42887  	1327,82053  	25,84987  	0,04865  	0,21208  	3957,75238  	0,49255  	0,17184  	1,75242  	1,74919  	698776003,89649  	316429,26025  	145,37120  	1168086,63933  	0,79066  	0,00641  	-Inf  	-Inf  	0,00376  	0,00629  	0,00396  	0,00807  	61,31068  	0,00400  	0,00423  
82,13068  	1327,82048  	1327,75450  	1327,82053  	25,85232  	0,04846  	0,21202  	66221,19921  	0,49332  	0,17196  	1,75192  	1,74869  	1978632369,67734  	376,49187  	145,59894  	19544451,15551  	0,24792  	0,00380  	-Inf  	-Inf  	0,00376  	0,00629  	0,00396  	0,00807  	1025,78847  	0,00400  	0,00423  
83,13166  	1327,82048  	53,23574  	53,24826  	25,85239  	0,04588  	0,21312  	3434,83610  	0,49380  	0,17087  	1,76103  	1,75779  	930,26509  	67,58050  	145,74074  	1013753,71073  	0,24635  	468,28780  	NaN  	NaN  	0,00376  	0,00629  	0,00396  	0,00809  	53,21056  	0,00399  	0,00423  
84,13248  	1327,82048  	1033,74851  	1033,80220  	25,85201  	0,04680  	0,21224  	-15815,93170  	0,49171  	0,17074  	1,75376  	1,75052  	403963336,82666  	295,60913  	145,12189  	-4667896,50935  	0,24615  	0,01063  	NaN  	NaN  	0,00376  	0,00628  	0,00396  	0,00807  	-244,98909  	0,00399  	0,00423  
85,13350  	45,51587  	1327,75450  	1327,82053  	25,85349  	0,05223  	0,21194  	-15815,93170  	0,49194  	0,17081  	1,75129  	1,74806  	29681383,10679  	0,01443  	145,19026  	-4667896,50935  	1281,04108  	0,00409  	-Inf  	-Inf  	0,00376  	0,00628  	0,00396  	0,00807  	-244,98909  	0,00401  	0,00423  
86,13634  	1040,45303  	1327,75450  	1327,82053  	25,85410  	0,04861  	0,21187  	67157,40597  	0,49187  	0,17151  	1,75071  	1,74748  	1537816082,16637  	76,94603  	145,17028  	19820762,17827  	0,72663  	0,00381  	-Inf  	-Inf  	0,00376  	0,00628  	0,00396  	0,00807  	1040,29057  	0,00400  	0,00423  
87,13780  	1327,82048  	1327,75450  	41,09036  	25,85416  	0,04428  	0,21281  	2650,06208  	0,49278  	0,17097  	1,75851  	1,75528  	28179671,48952  	6703161,04594  	145,43777  	782136,37826  	0,24649  	0,06075  	NaN  	NaN  	0,00376  	0,00629  	0,00396  	0,00809  	41,05420  	0,00398  	0,00423  
88,13741  	36,11682  	36,10503  	-244,98909  	25,85532  	0,04746  	0,21239  	67561,57882  	0,49208  	0,17127  	1,75500  	1,75176  	67,54121  	55,79937  	145,23199  	19940049,30420  	1165,99440  	8,92635  	NaN  	NaN  	0,00376  	0,00628  	0,00396  	0,00808  	1046,55132  	0,00399  	0,00423  
89,13995  	1049,21388  	1049,15958  	1049,21392  	25,85649  	0,04346  	0,21248  	85706,53851  	0,49340  	0,17099  	1,75571  	1,75247  	349363783,76523  	59,82466  	145,62153  	25295332,54600  	0,69773  	0,00927  	-Inf  	-Inf  	0,00376  	0,00629  	0,00396  	0,00808  	1327,62170  	0,00398  	0,00423  
90,13966  	1327,82048  	1327,75450  	1327,82053  	25,85642  	0,04617  	0,21201  	1858,67784  	0,49223  	0,17192  	1,75184  	1,74861  	1978078262,85661  	358,68556  	145,27571  	548568,11332  	0,24785  	0,00362  	-Inf  	-Inf  	0,00376  	0,00628  	0,00396  	0,00807  	28,79544  	0,00399  	0,00423  
91,14043  	26,35825  	1327,75450  	1327,82053  	25,85728  	0,04654  	0,21260  	-15815,93170  	0,49289  	0,17207  	1,75678  	1,75354  	761814,55965  	0,01285  	145,47014  	-4667896,50935  	1051,50639  	0,00365  	-Inf  	-Inf  	0,00376  	0,00629  	0,00396  	0,00808  	-244,98909  	0,00399  	0,00423  
92,14200  	1059,92089  	1327,75450  	22,91051  	25,85839  	0,05111  	0,21258  	68414,02659  	0,49402  	0,17194  	1,75656  	1,75332  	20612228,18383  	1806667,91460  	145,80550  	20191639,79207  	0,67046  	0,07442  	NaN  	NaN  	0,00376  	0,00629  	0,00396  	0,00808  	1059,75597  	0,00400  	0,00423  
93,14403  	1327,82048  	20,90641  	1061,91387  	25,85883  	0,04771  	0,21284  	1347,93916  	0,49445  	0,17221  	1,75868  	1,75545  	5962811,63901  	5843459,10487  	145,93164  	397829,26620  	0,24827  	0,18839  	Inf  	-Inf  	0,00376  	0,00629  	0,00397  	0,00809  	20,88396  	0,00399  	0,00423  
94,14481  	1327,82048  	1064,26807  	18,50840  	25,85941  	0,04710  	0,21231  	-15815,93170  	0,49313  	0,17124  	1,75431  	1,75107  	5927570,44710  	5794321,38684  	145,54136  	-4667896,50935  	0,24687  	0,18599  	NaN  	NaN  	0,00376  	0,00629  	0,00396  	0,00808  	-244,98909  	0,00399  	0,00423  
95,14543  	16,25618  	16,24522  	1066,57525  	25,85952  	0,04328  	0,21239  	-15815,93170  	0,49320  	0,17163  	1,75497  	1,75174  	43834,25594  	190,14539  	145,56381  	-4667896,50935  	930,26100  	0,17088  	NaN  	NaN  	0,00376  	0,00629  	0,00396  	0,00808  	-244,98909  	0,00398  	0,00423  
96,14592  	1070,81110  	-244,98909  	1327,82053  	25,86110  	0,04788  	0,21278  	69116,97285  	0,49448  	0,17112  	1,75824  	1,75501  	4755611,34379  	2181758,30003  	145,94028  	20399106,56908  	0,63748  	0,18903  	NaN  	NaN  	0,00376  	0,00629  	0,00396  	0,00809  	1070,64480  	0,00399  	0,00423  
97,14748  	1327,82048  	1075,07080  	1327,82053  	25,86101  	0,05157  	0,21233  	495,10143  	0,49344  	0,17195  	1,75447  	1,75123  	1054442954,56976  	1533439,11853  	145,63455  	146123,68502  	0,24790  	0,00617  	-Inf  	-Inf  	0,00376  	0,00629  	0,00397  	0,00808  	7,67327  	0,00401  	0,00423  
98,14918  	6,47208  	1327,75450  	1327,82053  	25,86200  	0,05405  	0,21236  	-15815,93170  	0,49363  	0,17129  	1,75476  	1,75153  	29351337,56034  	0,01493  	145,68981  	-4667896,50935  	820,39536  	0,00424  	-Inf  	-Inf  	0,00376  	0,00629  	0,00396  	0,00808  	-244,98909  	0,00401  	0,00423  
99,15007  	1080,55697  	2,26405  	1327,82053  	25,86233  	0,05130  	0,21271  	69746,05428  	0,49326  	0,17140  	1,75761  	1,75438  	18942351,65636  	2091049,25120  	145,57915  	20584772,96419  	0,61325  	0,07998  	NaN  	NaN  	0,00376  	0,00629  	0,00396  	0,00808  	1080,38944  	0,00400  	0,00423  
100,15307  	1327,82048  	-244,98909  	-0,96491  	25,86369  	0,04911  	0,21304  	85706,53851  	0,49461  	0,17205  	1,76040  	1,75716  	15986,31370  	1409931,35829  	145,97739  	25295332,54600  	0,24803  	6,32853  	Inf  	-Inf  	0,00376  	0,00630  	0,00397  	0,00809  	1327,62170  	0,00400  	0,00423  
101,15359  	1327,82048  	1087,50912  	1087,56507  	25,86513  	0,04954  	0,21271  	85706,53851  	0,49457  	0,17217  	1,75766  	1,75442  	562160302,36192  	326,09157  	145,96791  	25295332,54600  	0,24820  	0,00906  	NaN  	NaN  	0,00376  	0,00630  	0,00396  	0,00808  	1327,62170  	0,00400  	0,00423  
102,15600  	1327,82048  	-8,32324  	-8,31330  	25,86468  	0,04381  	0,21243  	-538,86934  	0,49403  	0,17088  	1,75534  	1,75211  	947,21116  	51,22078  	145,80783  	-159041,29778  	0,24635  	104,49725  	Inf  	-Inf  	0,00376  	0,00629  	0,00397  	0,00808  	-8,34322  	0,00398  	0,00423  
103,15686  	-11,48109  	1094,25630  	1094,31253  	25,86591  	0,04706  	0,21200  	-15815,93170  	0,49338  	0,17180  	1,75179  	1,74856  	16735672,34314  	0,01109  	145,61536  	-4667896,50935  	645,08326  	0,00838  	-Inf  	-Inf  	0,00376  	0,00629  	0,00396  	0,00807  	-244,98909  	0,00399  	0,00423  
104,16087  	1100,57401  	-17,75216  	1327,82053  	25,86695  	0,04864  	0,21290  	-15815,93170  	0,49500  	0,17155  	1,75920  	1,75597  	17479534,26903  	2270497,90047  	146,09230  	-4667896,50935  	0,56558  	0,08115  	NaN  	NaN  	0,00376  	0,00630  	0,00396  	0,00809  	-244,98909  	0,00400  	0,00423  
105,16231  	-20,66057  	1103,43539  	1327,82053  	25,86830  	0,04874  	0,21271  	71226,47344  	0,49438  	0,17122  	1,75762  	1,75439  	40406481,27239  	45,91947  	145,91107  	21021702,22991  	563,96864  	0,00555  	-Inf  	-Inf  	0,00376  	0,00629  	0,00395  	0,00808  	1103,32154  	0,00400  	0,00423  
106,16305  	-244,98909  	1327,75450  	1327,82053  	25,86918  	0,04993  	0,21246  	85706,53851  	0,49520  	0,17079  	1,75560  	1,75237  	408809639,77065  	0,15090  	146,15325  	25295332,54600  	28,84624  	0,00391  	-Inf  	-Inf  	0,00376  	0,00630  	0,00396  	0,00808  	1327,62170  	0,00400  	0,00423  
107,16477  	-244,98909  	-29,19623  	1327,82053  	25,87120  	0,04954  	0,21239  	-1886,24586  	0,49370  	0,17142  	1,75496  	1,75173  	4154167,25093  	3076,63916  	145,70949  	-556704,50595  	28,95376  	0,08596  	NaN  	NaN  	0,00376  	0,00629  	0,00396  	0,00808  	-29,21445  	0,00400  	0,00423  
108,16727  	-244,98909  	1115,33199  	1327,82053  	25,87014  	0,04777  	0,21237  	71994,41266  	0,49383  	0,17194  	1,75486  	1,75162  	243586893,83342  	464,49659  	145,74739  	21248350,95930  	29,04144  	0,00533  	-Inf  	-Inf  	0,00376  	0,00629  	0,00396  	0,00808  	1115,21713  	0,00399  	0,00423  
109,16920  	1118,63524  	1327,75450  	1327,82053  	25,87143  	0,04374  	0,21250  	-2313,34195  	0,49485  	0,17226  	1,75595  	1,75272  	1663560745,27950  	111,49179  	146,05075  	-682757,17138  	0,52827  	0,00343  	-Inf  	-Inf  	0,00376  	0,00630  	0,00397  	0,00808  	-35,83029  	0,00398  	0,00423  
110,17018  	-41,43794  	1327,75450  	-41,43793  	25,87097  	0,04947  	0,21251  	-15815,93170  	0,49432  	0,17072  	1,75597  	1,75273  	965392,40180  	288,04583  	145,89379  	-4667896,50935  	413,77838  	0,08957  	-Inf  	-Inf  	0,00376  	0,00629  	0,00396  	0,00808  	-244,98909  	0,00400  	0,00423  
111,17316  	1127,96417  	-45,14116  	1127,96421  	25,87252  	0,04540  	0,21217  	72806,11690  	0,49342  	0,17136  	1,75320  	1,74997  	5022643,32118  	2170919,80267  	145,62645  	21487916,44621  	0,50649  	0,17927  	NaN  	NaN  	0,00376  	0,00629  	0,00396  	0,00807  	1127,79065  	0,00399  	0,00423  
112,17612  	1327,82048  	1132,85123  	-50,07764  	25,87304  	0,04397  	0,21276  	-3234,69414  	0,49489  	0,17091  	1,75804  	1,75480  	5916002,51882  	6119667,74395  	146,06131  	-954684,03397  	0,24639  	0,17365  	NaN  	NaN  	0,00376  	0,00630  	0,00396  	0,00808  	-50,10228  	0,00398  	0,00423  
113,17652  	1327,82048  	1327,75450  	1135,41736  	25,87418  	0,05005  	0,21213  	73287,20619  	0,49345  	0,17176  	1,75285  	1,74962  	1231391720,97951  	1132701,08614  	145,63737  	21629904,60528  	0,24761  	0,00539  	NaN  	NaN  	0,00376  	0,00629  	0,00396  	0,00807  	1135,24285  	0,00400  	0,00423  
114,17840  	1327,82048  	-57,33932  	1327,82053  	25,87461  	0,04847  	0,21206  	85706,53851  	0,49466  	0,17177  	1,75223  	1,74900  	17308517,49312  	7899642,78527  	145,99226  	25295332,54600  	0,24762  	0,09278  	NaN  	NaN  	0,00376  	0,00630  	0,00396  	0,00807  	1327,62170  	0,00400  	0,00423  
115,17925  	-62,17000  	1144,94308  	-62,17000  	25,87577  	0,04636  	0,21268  	85706,53851  	0,49417  	0,17201  	1,75740  	1,75416  	402649,98413  	246,20752  	145,85010  	25295332,54600  	305,20189  	0,18308  	-Inf  	-Inf  	0,00376  	0,00629  	0,00397  	0,00808  	1327,62170  	0,00399  	0,00423  
116,18033  	1148,45674  	1327,75450  	-244,98909  	25,87549  	0,04475  	0,21273  	85706,53851  	0,49628  	0,17187  	1,75783  	1,75459  	5129161,44629  	3227420,59601  	146,47164  	25295332,54600  	0,46900  	0,17675  	NaN  	NaN  	0,00376  	0,00630  	0,00395  	0,00808  	1327,62170  	0,00398  	0,00423  
117,17992  	-68,90485  	-68,91224  	1151,73629  	25,87600  	0,04932  	0,21305  	-4449,96143  	0,49628  	0,17142  	1,76049  	1,75725  	432095,07430  	269,75344  	146,47188  	-1313356,67108  	274,88861  	0,19472  	NaN  	NaN  	0,00376  	0,00630  	0,00396  	0,00809  	-68,92711  	0,00400  	0,00423  
118,17947  	1153,76205  	-244,98909  	1327,82053  	25,87705  	0,04942  	0,21289  	74471,33106  	0,49486  	0,17163  	1,75913  	1,75590  	5148513,35626  	3672760,44264  	146,05101  	21979385,90264  	0,45890  	0,19511  	NaN  	NaN  	0,00376  	0,00630  	0,00396  	0,00809  	1153,58527  	0,00400  	0,00423  
119,18123  	1327,82048  	-244,98909  	1327,82053  	25,87746  	0,05126  	0,21249  	-4774,70343  	0,49499  	0,17207  	1,75583  	1,75260  	5958297,51552  	9485228,25202  	146,09201  	-1409200,66646  	0,24806  	0,20238  	NaN  	NaN  	0,00376  	0,00630  	0,00396  	0,00808  	-73,95745  	0,00400  	0,00423  
120,18237  	-75,58538  	-244,98909  	-75,58537  	25,87777  	0,04784  	0,21202  	-15815,93170  	0,49416  	0,17209  	1,75193  	1,74870  	3804,51118  	37,15341  	145,84672  	-4667896,50935  	249,73488  	3,13892  	NaN  	NaN  	0,00376  	0,00629  	0,00396  	0,00807  	-244,98909  	0,00399  	0,00423  
121,18424  	1158,77874  	1158,71984  	1158,77878  	25,88020  	0,04726  	0,21291  	74795,15038  	0,49545  	0,17158  	1,75928  	1,75605  	728509330,59017  	135,40890  	146,22575  	22074957,57873  	0,45004  	0,00659  	-Inf  	-Inf  	0,00376  	0,00630  	0,00397  	0,00809  	1158,60132  	0,00399  	0,00423  
122,18598  	1327,82048  	1327,75450  	-81,44960  	25,88063  	0,05109  	0,21205  	-5259,70605  	0,49472  	0,17207  	1,75219  	1,74896  	15264779,18695  	8470688,46615  	146,01216  	-1552343,79813  	0,24804  	0,10659  	NaN  	NaN  	0,00376  	0,00630  	0,00396  	0,00807  	-81,47027  	0,00400  	0,00423  
123,18695  	1327,82048  	1327,75450  	1166,27347  	25,88092  	0,05262  	0,21212  	-15815,93170  	0,49385  	0,17221  	1,75278  	1,74955  	1335308800,89646  	999710,65997  	145,75373  	-4667896,50935  	0,24825  	0,00538  	NaN  	NaN  	0,00376  	0,00629  	0,00396  	0,00807  	-244,98909  	0,00401  	0,00423  
124,18952  	1327,82048  	1327,75450  	1327,82053  	25,88195  	0,04882  	0,21261  	75619,23989  	0,49301  	0,17199  	1,75680  	1,75356  	1978921533,99468  	379,31035  	145,50604  	22318178,43954  	0,24794  	0,00383  	-Inf  	-Inf  	0,00376  	0,00629  	0,00396  	0,00808  	1171,36669  	0,00400  	0,00423  
125,19075  	-91,06254  	1327,75450  	-91,06253  	25,88163  	0,04908  	0,21248  	-5880,20659  	0,49405  	0,17132  	1,75577  	1,75254  	1296777,33753  	343,83523  	145,81397  	-1735477,64027  	197,81817  	0,10604  	-Inf  	-Inf  	0,00376  	0,00629  	0,00397  	0,00808  	-91,08199  	0,00400  	0,00423  
126,19228  	1180,35978  	-97,53457  	1180,35983  	25,88230  	0,04894  	0,21254  	-15815,93170  	0,49414  	0,17092  	1,75627  	1,75303  	5247749,78953  	3429567,27338  	145,83846  	-4667896,50935  	0,41317  	0,19325  	NaN  	NaN  	0,00376  	0,00629  	0,00396  	0,00808  	-244,98909  	0,00400  	0,00423  
127,19511  	1327,82048  	1185,26393  	1327,82053  	25,88352  	0,04648  	0,21211  	76508,60271  	0,49381  	0,17135  	1,75267  	1,74944  	1393860672,99433  	779685,06423  	145,74311  	22580663,99358  	0,24701  	0,00460  	-Inf  	-Inf  	0,00376  	0,00629  	0,00396  	0,00807  	1185,14316  	0,00399  	0,00423  
128,19467  	-104,00456  	1327,75450  	1327,82053  	25,88364  	0,04886  	0,21239  	85706,53851  	0,49519  	0,17231  	1,75502  	1,75178  	197786001,61852  	0,01741  	146,14899  	25295332,54600  	164,97583  	0,00383  	-Inf  	-Inf  	0,00376  	0,00630  	0,00397  	0,00808  	1327,62170  	0,00400  	0,00423  
129,19655  	-244,98909  	1327,75450  	1327,82053  	25,88421  	0,05106  	0,21255  	85706,53851  	0,49461  	0,17240  	1,75633  	1,75309  	412686655,08282  	0,15427  	145,97863  	25295332,54600  	29,12274  	0,00400  	-Inf  	-Inf  	0,00376  	0,00630  	0,00396  	0,00808  	1327,62170  	0,00400  	0,00423  
130,19903  	1193,85087  	-111,02509  	1327,82053  	25,88470  	0,04676  	0,21221  	85706,53851  	0,49338  	0,17160  	1,75351  	1,75028  	11646426,44219  	3972882,51877  	145,61544  	25295332,54600  	0,39452  	0,10868  	NaN  	NaN  	0,00376  	0,00629  	0,00396  	0,00807  	1327,62170  	0,00399  	0,00423  
