01/15/2025 13:07:25Time	T_hot_in(C)	T_cold_in(C)	T_cold_out(C)	T_hot_out(C)	mdot_cold(kg/s)	ASFASIFUAS(kg/s)	Diferencial_cold(bar)	Diferencial_hot(bar)	mdot_hot(kg/s)	ABS_cold(bar)	ABS_hot(bar)	q_cold(kW)	q_hot(kW)	ASFASYFY	Tau_cold_haste	Re_hot	Re_cold	U_global	PSIG_cold(bar)	R_fouling	PSIG_hot(bar)	PSID_hot(bar)	m_dot_hot	PSID_cold(bar)	m_dot_cold
2,04595  	0,00000  	0,00000  	0,00000  	0,00000  	-1,18512  	-0,20833  	-0,25900  	-0,86180  	-3,02442  	-1,72343  	-1,72415  	-0,00000  	-0,00000  	-254,35069  	-76,44127  	-9234,48090  	-3618,55272  	NaN  	NaN  	0,00000  	0,00000  	0,00000  	0,00000  	0,00000  	0,00000  	0,00000  
3,04604  	-244,98909  	1327,75450  	-244,98909  	25,88884  	0,04697  	0,21456  	-15815,93170  	0,49809  	0,17131  	1,77292  	1,76968  	1233683,98960  	3379,69654  	147,00560  	-4667896,50935  	28,94110  	0,18551  	-Inf  	-Inf  	0,00376  	0,00631  	0,00396  	0,00812  	-244,98909  	0,00399  	0,00423  
4,04601  	883,28527  	1327,75450  	-244,98909  	25,88929  	0,04950  	0,25481  	-15815,93170  	0,58692  	0,17974  	2,10570  	2,10221  	4097027,37043  	627513,67052  	173,22153  	-4667896,50935  	1,59711  	0,19551  	NaN  	NaN  	0,00376  	0,00672  	0,00397  	0,00889  	-244,98909  	0,00400  	0,00424  
5,04759  	1327,82048  	1327,75450  	-244,98909  	25,89049  	0,04639  	0,25748  	49876,27258  	0,59297  	0,18889  	2,12776  	2,12425  	6537904,39074  	8584381,92817  	175,00903  	14720427,67044  	0,27229  	0,18320  	NaN  	NaN  	0,00376  	0,00675  	0,00396  	0,00894  	772,60110  	0,00399  	0,00425  
6,04975  	309,19406  	1327,75450  	773,63736  	25,89084  	0,04845  	0,25840  	19955,74949  	0,59477  	0,18924  	2,13543  	2,13192  	108023228,15703  	193,66177  	175,53930  	5889717,73238  	357,22418  	0,01027  	-Inf  	-Inf  	0,00376  	0,00676  	0,00396  	0,00896  	309,12402  	0,00400  	0,00425  
7,05090  	-244,98909  	1327,75450  	1327,82053  	25,89134  	0,04341  	0,25837  	50028,81549  	0,59441  	0,19055  	2,13516  	2,13165  	456153994,99087  	0,13113  	175,43448  	14765449,01647  	32,19171  	0,00340  	-Inf  	-Inf  	0,00376  	0,00676  	0,00396  	0,00896  	774,96403  	0,00398  	0,00425  
8,05163  	780,23813  	1327,75450  	1327,82053  	25,89281  	0,04657  	0,25814  	19529,67807  	0,59605  	0,18988  	2,13326  	2,12975  	1265835741,01555  	10,69507  	175,91806  	5763967,48480  	2,99043  	0,00365  	-Inf  	-Inf  	0,00376  	0,00677  	0,00397  	0,00896  	302,52406  	0,00399  	0,00425  
9,05303  	298,15071  	1327,75450  	1327,82053  	25,89424  	0,04855  	0,25769  	-15815,93170  	0,59457  	0,18931  	2,12952  	2,12602  	455484245,10354  	0,02046  	175,48116  	-4667896,50935  	441,11652  	0,00380  	-Inf  	-Inf  	0,00376  	0,00676  	0,00396  	0,00895  	-244,98909  	0,00400  	0,00425  
10,05326  	-244,98909  	295,79854  	295,82125  	25,89467  	0,04797  	0,25843  	-15815,93170  	0,59599  	0,19009  	2,13566  	2,13215  	18880,59027  	0,04983  	175,90054  	-4667896,50935  	32,11564  	3,52984  	-Inf  	-Inf  	0,00376  	0,00677  	0,00397  	0,00896  	-244,98909  	0,00399  	0,00425  
11,05294  	790,45697  	790,41353  	790,45701  	25,89561  	0,05114  	0,25829  	51020,53970  	0,59471  	0,18986  	2,13447  	2,13096  	47055060,15969  	8,45124  	175,52094  	15058145,39622  	2,81436  	0,03716  	-Inf  	-Inf  	0,00376  	0,00676  	0,00396  	0,00896  	790,32611  	0,00400  	0,00425  
12,05389  	290,29484  	1327,75450  	1327,82053  	25,89682  	0,04578  	0,25785  	85706,53851  	0,59435  	0,18934  	2,13085  	2,12734  	442421360,15041  	0,01789  	175,41667  	25295332,54600  	514,95847  	0,00359  	-Inf  	-Inf  	0,00376  	0,00676  	0,00396  	0,00895  	1327,62170  	0,00399  	0,00425  
13,05568  	-244,98909  	1327,75450  	1327,82053  	25,89730  	0,04762  	0,25772  	85706,53851  	0,59488  	0,18963  	2,12982  	2,12631  	453955855,80304  	0,14386  	175,57279  	25295332,54600  	32,03786  	0,00373  	-Inf  	-Inf  	0,00376  	0,00676  	0,00396  	0,00895  	1327,62170  	0,00399  	0,00425  
14,05773  	-244,98909  	1327,75450  	1327,82053  	25,89756  	0,05109  	0,25818  	18518,96772  	0,59433  	0,19022  	2,13362  	2,13011  	455368435,87018  	0,15434  	175,41109  	5465667,55717  	32,13761  	0,00400  	-Inf  	-Inf  	0,00376  	0,00676  	0,00396  	0,00896  	286,86788  	0,00400  	0,00425  
15,05905  	-244,98909  	1327,75450  	1327,82053  	25,89809  	0,05019  	0,25805  	51528,04973  	0,59508  	0,19048  	2,13252  	2,12901  	456004919,71885  	0,15161  	175,63144  	15207931,34537  	32,18264  	0,00393  	-Inf  	-Inf  	0,00376  	0,00676  	0,00396  	0,00895  	798,18758  	0,00400  	0,00425  
16,06047  	802,92276  	1327,75450  	1327,82053  	25,89998  	0,05144  	0,25825  	18065,41963  	0,59521  	0,19022  	2,13416  	2,13065  	1306243870,03933  	14,36398  	175,66985  	5331807,87799  	2,62214  	0,00403  	-Inf  	-Inf  	0,00376  	0,00676  	0,00397  	0,00896  	279,84230  	0,00400  	0,00425  
17,06249  	276,13766  	1327,75450  	1327,82053  	25,90061  	0,04631  	0,25788  	52068,59774  	0,59471  	0,18981  	2,13108  	2,12757  	419761284,23992  	0,01617  	175,52308  	15367468,08282  	688,38837  	0,00363  	-Inf  	-Inf  	0,00376  	0,00676  	0,00396  	0,00895  	806,56081  	0,00399  	0,00425  
18,06388  	809,72589  	273,08376  	1327,82053  	25,90167  	0,04184  	0,25807  	85706,53851  	0,59433  	0,18917  	2,13271  	2,12920  	52156729,26995  	197667,74754  	175,40862  	25295332,54600  	2,50766  	0,02877  	-Inf  	-Inf  	0,00376  	0,00676  	0,00396  	0,00896  	1327,62170  	0,00397  	0,00425  
19,06573  	268,40857  	814,37838  	268,40859  	25,90277  	0,05138  	0,25851  	85706,53851  	0,59514  	0,18921  	2,13631  	2,13280  	1219997,36803  	141,34166  	175,64910  	25295332,54600  	806,26782  	0,20292  	-Inf  	-Inf  	0,00376  	0,00676  	0,00396  	0,00896  	1327,62170  	0,00400  	0,00425  
20,06662  	-244,98909  	263,03629  	819,77382  	25,90409  	0,05265  	0,25817  	85706,53851  	0,59551  	0,19057  	2,13348  	2,12997  	1372802,84796  	1340,57744  	175,75956  	25295332,54600  	32,19902  	0,20788  	-Inf  	-Inf  	0,00376  	0,00676  	0,00396  	0,00896  	1327,62170  	0,00401  	0,00425  
21,06619  	-244,98909  	-244,98909  	259,27768  	25,90407  	0,04748  	0,25824  	85706,53851  	0,59399  	0,18996  	2,13408  	2,13057  	215,60862  	1095,05840  	175,30910  	25295332,54600  	32,09707  	178,02928  	NaN  	NaN  	0,00376  	0,00676  	0,00396  	0,00896  	1327,62170  	0,00399  	0,00425  
22,06745  	-244,98909  	-244,98909  	825,59203  	25,90542  	0,04924  	0,25822  	16602,15438  	0,59516  	0,18948  	2,13395  	2,13044  	16342,28367  	2411,21821  	175,65448  	4899941,39722  	32,01558  	3,99520  	NaN  	NaN  	0,00376  	0,00676  	0,00397  	0,00896  	257,17592  	0,00400  	0,00425  
23,06974  	-244,98909  	826,23626  	256,55020  	25,90639  	0,04591  	0,25860  	53332,93962  	0,59458  	0,19008  	2,13706  	2,13355  	1369072,85471  	1196,19872  	175,48392  	15740624,53954  	32,11676  	0,18130  	-Inf  	-Inf  	0,00376  	0,00676  	0,00397  	0,00897  	826,14581  	0,00399  	0,00425  
24,07001  	829,50769  	253,30280  	-244,98909  	25,90574  	0,05244  	0,25847  	16349,40274  	0,59422  	0,18958  	2,13596  	2,13245  	639,09492  	137858,70591  	175,37659  	4825344,55890  	2,24767  	180,62410  	NaN  	NaN  	0,00376  	0,00676  	0,00396  	0,00896  	253,26073  	0,00401  	0,00425  
25,07181  	1327,82048  	832,95170  	832,99696  	25,90831  	0,04680  	0,25853  	53766,42895  	0,59575  	0,19028  	2,13645  	2,13294  	112754820,14162  	249,27120  	175,82801  	15868564,10044  	0,27428  	0,02704  	NaN  	NaN  	0,00376  	0,00676  	0,00396  	0,00896  	832,86068  	0,00399  	0,00425  
26,07512  	1327,82048  	246,72863  	246,74927  	25,91084  	0,04556  	0,25766  	15925,03215  	0,59335  	0,18988  	2,12924  	2,12574  	22822,91191  	110,69891  	175,11936  	4700096,29387  	0,27370  	8,80827  	NaN  	NaN  	0,00376  	0,00675  	0,00396  	0,00895  	246,68711  	0,00399  	0,00425  
27,07580  	241,34019  	841,44562  	841,49124  	25,91432  	0,04860  	0,25860  	54314,72206  	0,59513  	0,18948  	2,13707  	2,13356  	19836693,39363  	0,01000  	175,64707  	16030386,71968  	1428,20643  	0,02687  	-Inf  	-Inf  	0,00376  	0,00676  	0,00396  	0,00897  	841,35389  	0,00400  	0,00425  
28,07751  	846,70730  	1327,75450  	236,12410  	25,91848  	0,05216  	0,25852  	15239,19355  	0,59445  	0,18978  	2,13637  	2,13286  	47074755,48103  	345196,24334  	175,44583  	4497678,65224  	2,04696  	0,03974  	NaN  	NaN  	0,00376  	0,00676  	0,00396  	0,00896  	236,06328  	0,00401  	0,00425  
29,07680  	1327,82048  	1327,75450  	-244,98909  	25,92358  	0,04756  	0,25818  	-15815,93170  	0,59394  	0,19056  	2,13361  	2,13010  	6595394,60269  	8803654,38337  	175,29360  	-4667896,50935  	0,27466  	0,18785  	NaN  	NaN  	0,00376  	0,00676  	0,00396  	0,00896  	-244,98909  	0,00399  	0,00425  
30,07737  	229,24541  	229,22551  	853,58602  	25,92900  	0,05260  	0,25820  	55095,42154  	0,59333  	0,18986  	2,13372  	2,13021  	1026513,20044  	144,24958  	175,11338  	16260801,49630  	1822,29194  	0,20771  	-Inf  	-Inf  	0,00376  	0,00675  	0,00396  	0,00896  	853,44714  	0,00401  	0,00425  
31,07903  	-244,98909  	854,26398  	1327,82053  	25,93403  	0,04851  	0,25851  	14748,44471  	0,59515  	0,19039  	2,13633  	2,13283  	132029919,03628  	1050,21931  	175,65087  	4352839,58353  	32,17917  	0,00875  	-Inf  	-Inf  	0,00376  	0,00676  	0,00397  	0,00896  	228,46145  	0,00400  	0,00425  
32,08040  	855,82049  	1327,75450  	1327,82053  	25,93914  	0,04925  	0,25831  	-15815,93170  	0,59315  	0,18990  	2,13468  	2,13118  	1392750264,89257  	21,19614  	175,06253  	-4667896,50935  	1,94970  	0,00386  	-Inf  	-Inf  	0,00376  	0,00675  	0,00396  	0,00896  	-244,98909  	0,00400  	0,00425  
33,08143  	1327,82048  	1327,75450  	1327,82053  	25,94458  	0,04941  	0,25785  	55452,43711  	0,59398  	0,19076  	2,13083  	2,12733  	2194735302,44858  	384,05329  	175,30767  	16366170,67382  	0,27493  	0,00387  	-Inf  	-Inf  	0,00376  	0,00676  	0,00396  	0,00895  	858,97741  	0,00400  	0,00425  
34,08342  	220,34105  	220,32153  	1327,82053  	25,94944  	0,04508  	0,25853  	14220,42226  	0,59451  	0,19009  	2,13644  	2,13293  	10457122,24563  	216,33418  	175,46169  	4196999,62445  	2147,28454  	0,03590  	-Inf  	-Inf  	0,00376  	0,00676  	0,00396  	0,00896  	220,28224  	0,00398  	0,00425  
35,08405  	865,19256  	865,14598  	1327,82053  	25,95346  	0,04429  	0,25834  	55844,60825  	0,59464  	0,18977  	2,13491  	2,13140  	420715903,69785  	143766,98243  	175,49995  	16481915,62976  	1,85318  	0,00782  	-Inf  	-Inf  	0,00376  	0,00676  	0,00396  	0,00896  	865,05225  	0,00398  	0,00425  
36,08704  	1327,82048  	1327,75450  	212,65854  	25,95748  	0,04906  	0,25813  	85706,53851  	0,59465  	0,18958  	2,13314  	2,12963  	67605715,35600  	6438714,97338  	175,50319  	25295332,54600  	0,27322  	0,03994  	NaN  	NaN  	0,00376  	0,00676  	0,00396  	0,00896  	1327,62170  	0,00400  	0,00425  
37,09106  	1327,82048  	211,13794  	-244,98909  	25,96024  	0,04704  	0,25791  	85706,53851  	0,59342  	0,18970  	2,13136  	2,12785  	1080,48267  	2525774,41220  	175,14087  	25295332,54600  	0,27339  	86,59812  	NaN  	NaN  	0,00376  	0,00675  	0,00396  	0,00895  	1327,62170  	0,00399  	0,00425  
38,09158  	1327,82048  	877,19148  	877,23860  	25,96313  	0,05079  	0,25859  	85706,53851  	0,59501  	0,18994  	2,13696  	2,13345  	157120281,24742  	281,69119  	175,61096  	25295332,54600  	0,27373  	0,02343  	NaN  	NaN  	0,00376  	0,00676  	0,00396  	0,00896  	1327,62170  	0,00400  	0,00425  
39,09275  	198,55138  	198,53277  	1327,82053  	25,96618  	0,05058  	0,25821  	85706,53851  	0,59524  	0,19062  	2,13383  	2,13032  	8489870,00646  	242,96264  	175,67934  	25295332,54600  	2924,43337  	0,04288  	-Inf  	-Inf  	0,00376  	0,00676  	0,00396  	0,00896  	1327,62170  	0,00400  	0,00425  
40,09225  	887,03108  	886,98359  	1327,82053  	25,96975  	0,05083  	0,25825  	85706,53851  	0,59441  	0,18987  	2,13417  	2,13066  	459884488,13384  	185912,11863  	175,43294  	25295332,54600  	1,65407  	0,00860  	-Inf  	-Inf  	0,00376  	0,00676  	0,00397  	0,00896  	1327,62170  	0,00400  	0,00425  
41,09208  	1327,82048  	194,22296  	1327,82053  	25,97252  	0,04849  	0,25790  	85706,53851  	0,59338  	0,19028  	2,13126  	2,12775  	62762897,46374  	6470598,94746  	175,12962  	25295332,54600  	0,27422  	0,04162  	-Inf  	-Inf  	0,00376  	0,00675  	0,00396  	0,00895  	1327,62170  	0,00400  	0,00425  
42,09450  	1327,82048  	891,07354  	191,71020  	25,97545  	0,04905  	0,25808  	12372,34368  	0,59427  	0,18933  	2,13278  	2,12927  	6553362,79844  	4038394,62041  	175,39093  	3651559,76767  	0,27284  	0,19372  	NaN  	NaN  	0,00376  	0,00676  	0,00396  	0,00896  	191,65499  	0,00400  	0,00425  
43,09488  	1327,82048  	190,22567  	-244,98909  	25,97781  	0,04538  	0,25855  	57612,90789  	0,59468  	0,18986  	2,13668  	2,13317  	1156,91383  	2325064,84693  	175,51390  	17003809,62059  	0,27360  	61,09196  	NaN  	NaN  	0,00376  	0,00676  	0,00396  	0,00896  	892,44369  	0,00399  	0,00425  
44,09821  	187,41570  	-244,98909  	895,41573  	25,98044  	0,04711  	0,25811  	12095,14103  	0,59541  	0,19027  	2,13302  	2,12951  	22768,14789  	227,39745  	175,72760  	3569746,48369  	3189,67133  	2,13510  	NaN  	NaN  	0,00376  	0,00676  	0,00395  	0,00896  	187,36105  	0,00399  	0,00425  
45,09927  	899,27141  	899,22341  	1327,82053  	25,98236  	0,04567  	0,25918  	-15815,93170  	0,59555  	0,18994  	2,14184  	2,13833  	483182489,44831  	178079,95378  	175,77101  	-4667896,50935  	1,55427  	0,00755  	-Inf  	-Inf  	0,00376  	0,00676  	0,00396  	0,00898  	-244,98909  	0,00399  	0,00425  
46,10197  	1327,82048  	177,63276  	1327,82053  	25,98429  	0,04959  	0,25834  	-15815,93170  	0,59482  	0,19007  	2,13490  	2,13139  	58371974,35821  	6715079,99707  	175,55591  	-4667896,50935  	0,27390  	0,04467  	-Inf  	-Inf  	0,00376  	0,00676  	0,00396  	0,00896  	-244,98909  	0,00400  	0,00425  
47,10486  	173,23456  	909,54839  	1327,82053  	25,98635  	0,05244  	0,25809  	-15815,93170  	0,59371  	0,19031  	2,13280  	2,12930  	84057960,70328  	92,49390  	175,22579  	-4667896,50935  	3330,79640  	0,00850  	-Inf  	-Inf  	0,00376  	0,00676  	0,00396  	0,00896  	-244,98909  	0,00401  	0,00425  
48,10582  	914,35316  	1327,75450  	1327,82053  	25,98829  	0,04937  	0,25841  	59017,85077  	0,59463  	0,19027  	2,13548  	2,13197  	1493780687,05038  	33,15444  	175,49699  	17418462,90221  	1,44331  	0,00387  	-Inf  	-Inf  	0,00376  	0,00676  	0,00397  	0,00896  	914,20664  	0,00400  	0,00425  
49,10921  	1327,82048  	164,82797  	164,84518  	25,99041  	0,04748  	0,25822  	85706,53851  	0,59461  	0,18981  	2,13389  	2,13039  	1674,70026  	96,17514  	175,49328  	25295332,54600  	0,27352  	99,27000  	NaN  	NaN  	0,00376  	0,00676  	0,00396  	0,00896  	1327,62170  	0,00399  	0,00425  
50,11129  	159,74348  	923,03891  	923,08795  	25,99263  	0,04946  	0,25740  	10308,94094  	0,59302  	0,19005  	2,12710  	2,12360  	22404835,91940  	0,01021  	175,02290  	3042569,37563  	3262,27026  	0,01830  	-Inf  	-Inf  	0,00376  	0,00675  	0,00396  	0,00894  	159,69232  	0,00400  	0,00425  
51,11226  	928,18244  	154,63219  	154,64896  	25,99473  	0,04690  	0,25836  	59910,50965  	0,59482  	0,18984  	2,13503  	2,13152  	955,65105  	8,84827  	175,55598  	17681921,25110  	1,34501  	146,59020  	NaN  	NaN  	0,00376  	0,00676  	0,00396  	0,00896  	928,03417  	0,00399  	0,00425  
52,11329  	1327,82048  	932,21231  	-244,98909  	25,99607  	0,04900  	0,25872  	85706,53851  	0,59575  	0,18954  	2,13803  	2,13452  	273563,34767  	6791366,02061  	175,82925  	25295332,54600  	0,27312  	1,68535  	NaN  	NaN  	0,00376  	0,00676  	0,00397  	0,00897  	1327,62170  	0,00400  	0,00425  
53,11469  	146,80173  	146,78529  	-244,98909  	25,99919  	0,04989  	0,25836  	85706,53851  	0,59506  	0,19100  	2,13507  	2,13156  	150,81796  	82,09800  	175,62634  	25295332,54600  	3099,86869  	36,02790  	NaN  	NaN  	0,00376  	0,00676  	0,00396  	0,00896  	1327,62170  	0,00400  	0,00425  
54,11439  	940,43981  	940,39008  	940,43985  	26,00025  	0,04751  	0,25770  	9188,90240  	0,59299  	0,18997  	2,12965  	2,12615  	172526737,67546  	29,02506  	175,01537  	2712002,44366  	1,26815  	0,01622  	-Inf  	-Inf  	0,00376  	0,00675  	0,00396  	0,00895  	142,34262  	0,00399  	0,00425  
55,11393  	141,29847  	1327,75450  	141,29849  	26,00136  	0,05222  	0,25832  	60772,26275  	0,59428  	0,18913  	2,13476  	2,13125  	4385168,73418  	260,07716  	175,39467  	17936258,10375  	2975,83221  	0,05239  	-Inf  	-Inf  	0,00376  	0,00676  	0,00396  	0,00896  	941,38296  	0,00401  	0,00425  
56,11544  	-244,98909  	1327,75450  	-244,98909  	26,00266  	0,04670  	0,25826  	85706,53851  	0,59456  	0,19081  	2,13427  	2,13076  	1374660,91114  	3353,47263  	175,47855  	25295332,54600  	32,27290  	0,18442  	-Inf  	-Inf  	0,00376  	0,00676  	0,00396  	0,00896  	1327,62170  	0,00399  	0,00425  
57,11865  	945,68647  	1327,75450  	945,68651  	26,00309  	0,04912  	0,25857  	85706,53851  	0,59529  	0,18993  	2,13680  	2,13329  	579791294,06890  	239078,40080  	175,69325  	25295332,54600  	1,23628  	0,00744  	-Inf  	-Inf  	0,00376  	0,00676  	0,00396  	0,00896  	1327,62170  	0,00400  	0,00425  
58,11824  	1327,82048  	1327,75450  	1327,82053  	26,00445  	0,04522  	0,25831  	85706,53851  	0,59470  	0,19121  	2,13465  	2,13115  	2199775931,60875  	351,53636  	175,51923  	25295332,54600  	0,27552  	0,00354  	-Inf  	-Inf  	0,00376  	0,00676  	0,00397  	0,00896  	1327,62170  	0,00398  	0,00425  
59,11957  	1327,82048  	1327,75450  	129,20513  	26,00570  	0,04972  	0,25854  	85706,53851  	0,59380  	0,19164  	2,13653  	2,13302  	47532874,90721  	7016504,40395  	175,25402  	25295332,54600  	0,27614  	0,05174  	NaN  	NaN  	0,00376  	0,00676  	0,00396  	0,00896  	1327,62170  	0,00400  	0,00425  
60,12133  	1327,82048  	1327,75450  	956,09987  	26,00789  	0,04413  	0,25820  	85706,53851  	0,59417  	0,19136  	2,13375  	2,13024  	851131933,37354  	1930999,36138  	175,36221  	25295332,54600  	0,27574  	0,00655  	NaN  	NaN  	0,00376  	0,00676  	0,00396  	0,00896  	1327,62170  	0,00398  	0,00425  
61,12178  	1327,82048  	125,21586  	1327,82053  	26,00825  	0,04602  	0,25790  	85706,53851  	0,59403  	0,19003  	2,13126  	2,12776  	46309402,74285  	6516351,12127  	175,32155  	25295332,54600  	0,27382  	0,04846  	-Inf  	-Inf  	0,00376  	0,00676  	0,00396  	0,00895  	1327,62170  	0,00399  	0,00425  
62,12223  	1327,82048  	961,93434  	120,84643  	26,00914  	0,04298  	0,25876  	85706,53851  	0,59558  	0,18943  	2,13841  	2,13490  	6556463,52060  	4255868,50448  	175,77914  	25295332,54600  	0,27295  	0,16973  	NaN  	NaN  	0,00376  	0,00676  	0,00397  	0,00897  	1327,62170  	0,00398  	0,00425  
63,12383  	1327,82048  	1327,75450  	963,53469  	26,01065  	0,04948  	0,25836  	85706,53851  	0,59406  	0,18990  	2,13505  	2,13154  	862204591,76352  	2121734,81327  	175,33111  	25295332,54600  	0,27364  	0,00725  	NaN  	NaN  	0,00376  	0,00676  	0,00396  	0,00896  	1327,62170  	0,00400  	0,00425  
64,12452  	1327,82048  	1327,75450  	116,56551  	26,01235  	0,04972  	0,25828  	85706,53851  	0,59529  	0,19027  	2,13438  	2,13087  	44580859,49266  	7090593,38869  	175,69263  	25295332,54600  	0,27417  	0,05377  	NaN  	NaN  	0,00376  	0,00676  	0,00396  	0,00896  	1327,62170  	0,00400  	0,00425  
65,12588  	1327,82048  	1327,75450  	969,64974  	26,01287  	0,04801  	0,25841  	7303,44825  	0,59437  	0,18978  	2,13547  	2,13196  	876281051,60940  	2024073,65949  	175,42267  	2155531,60154  	0,27346  	0,00695  	NaN  	NaN  	0,00376  	0,00676  	0,00396  	0,00896  	113,13642  	0,00399  	0,00425  
66,12687  	110,32375  	1327,75450  	1327,82053  	26,01424  	0,05191  	0,25815  	-15815,93170  	0,59571  	0,18968  	2,13334  	2,12984  	141325492,10860  	0,01435  	175,81602  	-4667896,50935  	2421,35261  	0,00407  	-Inf  	-Inf  	0,00376  	0,00676  	0,00396  	0,00896  	-244,98909  	0,00401  	0,00425  
67,12950  	-244,98909  	1327,75450  	107,73198  	26,01500  	0,04450  	0,25774  	62938,92947  	0,59520  	0,19000  	2,12997  	2,12646  	8902889,58246  	2478,77754  	175,66529  	18575725,71076  	32,14049  	0,04945  	-Inf  	-Inf  	0,00376  	0,00676  	0,00396  	0,00895  	974,94522  	0,00398  	0,00425  
68,13262  	-244,98909  	1327,75450  	-244,98909  	26,01609  	0,04977  	0,25853  	85706,53851  	0,59541  	0,19095  	2,13647  	2,13296  	1375743,75283  	3573,12515  	175,72832  	25295332,54600  	32,30123  	0,19655  	-Inf  	-Inf  	0,00376  	0,00676  	0,00397  	0,00896  	1327,62170  	0,00400  	0,00425  
69,13306  	-244,98909  	1327,75450  	982,87586  	26,01699  	0,04758  	0,25801  	85706,53851  	0,59566  	0,19088  	2,13214  	2,12863  	190265647,95565  	749,03502  	175,80311  	25295332,54600  	32,29004  	0,00672  	-Inf  	-Inf  	0,00376  	0,00676  	0,00396  	0,00895  	1327,62170  	0,00399  	0,00425  
70,13721  	-244,98909  	1327,75450  	95,17963  	26,01839  	0,05235  	0,25833  	85706,53851  	0,59565  	0,19028  	2,13479  	2,13128  	8417859,06913  	2945,51853  	175,80038  	25295332,54600  	32,18856  	0,06047  	-Inf  	-Inf  	0,00376  	0,00676  	0,00396  	0,00896  	1327,62170  	0,00401  	0,00425  
71,13816  	-244,98909  	1327,75450  	-244,98909  	26,01861  	0,04844  	0,25839  	5813,03263  	0,59428  	0,19028  	2,13533  	2,13182  	1370938,37457  	3477,97699  	175,39473  	1715651,99078  	32,18895  	0,19132  	-Inf  	-Inf  	0,00376  	0,00676  	0,00396  	0,00896  	90,04947  	0,00400  	0,00425  
72,13982  	998,13902  	84,67854  	998,13906  	26,02032  	0,05251  	0,25871  	-15815,93170  	0,59501  	0,18973  	2,13795  	2,13444  	4904917,66243  	874793,93453  	175,60963  	-4667896,50935  	0,96778  	0,20735  	-Inf  	-Inf  	0,00376  	0,00676  	0,00396  	0,00897  	-244,98909  	0,00401  	0,00425  
73,14223  	79,62875  	1003,15028  	79,62876  	26,02103  	0,04814  	0,25846  	64752,94975  	0,59502  	0,19135  	2,13593  	2,13242  	272731,27585  	185,89680  	175,61247  	19111113,64207  	1940,42640  	0,19011  	-Inf  	-Inf  	0,00376  	0,00676  	0,00396  	0,00896  	1003,04489  	0,00399  	0,00425  
74,14358  	1006,60848  	76,20944  	-244,98909  	26,02198  	0,04628  	0,25896  	4917,81570  	0,59595  	0,18987  	2,14001  	2,13649  	3557,12075  	286670,21912  	175,88783  	1451438,66271  	0,93239  	13,61559  	NaN  	NaN  	0,00376  	0,00677  	0,00396  	0,00897  	76,18232  	0,00399  	0,00425  
75,14319  	1327,82048  	1011,63461  	-244,98909  	26,02308  	0,04503  	0,25865  	65300,62342  	0,59584  	0,19025  	2,13743  	2,13392  	603321,90577  	6661810,55023  	175,85658  	19272753,43917  	0,27412  	0,90407  	NaN  	NaN  	0,00376  	0,00677  	0,00396  	0,00897  	1011,52850  	0,00398  	0,00425  
76,14477  	68,31583  	68,30269  	-244,98909  	26,02381  	0,05255  	0,25807  	4407,42550  	0,59474  	0,19001  	2,13270  	2,12920  	176,27045  	68,84446  	175,53201  	1300802,66512  	1757,26126  	14,10896  	NaN  	NaN  	0,00376  	0,00676  	0,00396  	0,00896  	68,27624  	0,00401  	0,00425  
77,14579  	1016,84673  	1016,79379  	1016,84677  	26,02596  	0,05154  	0,25811  	-15815,93170  	0,59495  	0,19019  	2,13301  	2,12950  	308224529,11691  	56,31110  	175,59362  	-4667896,50935  	0,89246  	0,01257  	-Inf  	-Inf  	0,00376  	0,00676  	0,00396  	0,00896  	-244,98909  	0,00401  	0,00425  
78,14824  	1327,82048  	1327,75450  	64,74018  	26,02595  	0,04639  	0,25807  	65713,98502  	0,59429  	0,18997  	2,13270  	2,12919  	35034229,41159  	6898003,53215  	175,39837  	19394752,52253  	0,27372  	0,05897  	NaN  	NaN  	0,00376  	0,00676  	0,00396  	0,00895  	1017,93159  	0,00399  	0,00425  
79,14885  	59,84087  	1327,75450  	1022,99056  	26,02557  	0,04608  	0,25827  	3860,37939  	0,59392  	0,18992  	2,13437  	2,13086  	26335663,68590  	58,72263  	175,28879  	1139348,08402  	1632,26507  	0,00605  	-Inf  	-Inf  	0,00376  	0,00676  	0,00396  	0,00896  	59,80234  	0,00399  	0,00425  
80,14894  	1026,96524  	55,85353  	55,86616  	26,02679  	0,04901  	0,25798  	66286,78956  	0,59526  	0,19072  	2,13190  	2,12840  	798,28426  	13,63178  	175,68474  	19563809,41868  	0,85601  	521,13845  	NaN  	NaN  	0,00376  	0,00676  	0,00397  	0,00895  	1026,80449  	0,00400  	0,00425  
81,14961  	1327,82048  	1029,47013  	-244,98909  	26,02824  	0,04985  	0,25787  	3438,67934  	0,59379  	0,19079  	2,13100  	2,12750  	712507,39776  	7481249,93020  	175,25075  	1014887,99906  	0,27491  	0,89539  	NaN  	NaN  	0,00376  	0,00676  	0,00396  	0,00895  	53,27009  	0,00400  	0,00425  
82,14880  	1327,82048  	49,86100  	1032,95806  	26,02915  	0,04595  	0,25904  	66673,61442  	0,59552  	0,19037  	2,14069  	2,13718  	6590762,97813  	5318958,54519  	175,76107  	19677976,47860  	0,27430  	0,18143  	NaN  	NaN  	0,00376  	0,00676  	0,00396  	0,00897  	1032,79651  	0,00399  	0,00425  
83,15154  	49,00870  	1033,76904  	49,00871  	26,03058  	0,04687  	0,25873  	85706,53851  	0,59667  	0,19082  	2,13814  	2,13463  	116575,18475  	193,06098  	176,10015  	25295332,54600  	1483,40511  	0,18512  	-Inf  	-Inf  	0,00376  	0,00677  	0,00396  	0,00897  	1327,62170  	0,00399  	0,00425  
84,15242  	1036,11753  	46,70163  	1036,11757  	26,03075  	0,04646  	0,25821  	3013,05109  	0,59445  	0,18973  	2,13385  	2,13034  	5096529,17816  	1073279,09507  	175,44656  	889268,55203  	0,81837  	0,18346  	-Inf  	-Inf  	0,00376  	0,00676  	0,00396  	0,00896  	46,67700  	0,00399  	0,00425  
85,15329  	1327,82048  	1039,85819  	42,91931  	26,03226  	0,04844  	0,25800  	67122,48921  	0,59562  	0,18965  	2,13213  	2,12862  	6563958,25555  	5686380,56113  	175,79023  	19810456,88359  	0,27326  	0,19131  	NaN  	NaN  	0,00376  	0,00676  	0,00396  	0,00895  	1039,74970  	0,00400  	0,00425  
86,15555  	1327,82048  	40,27882  	-244,98909  	26,03299  	0,04885  	0,25800  	85706,53851  	0,59587  	0,18996  	2,13210  	2,12859  	8844,22396  	1641019,75432  	175,86585  	25295332,54600  	0,27370  	9,60876  	NaN  	NaN  	0,00376  	0,00677  	0,00397  	0,00895  	1327,62170  	0,00400  	0,00425  
87,15516  	1327,82048  	-244,98909  	1045,62612  	26,03347  	0,04908  	0,25845  	2399,28873  	0,59559  	0,19010  	2,13583  	2,13233  	820114,43039  	7458791,53474  	175,78257  	708123,40908  	0,27390  	0,79886  	Inf  	-Inf  	0,00376  	0,00676  	0,00396  	0,00896  	37,16965  	0,00400  	0,00425  
88,15754  	1327,82048  	-244,98909  	1327,82053  	26,03537  	0,05025  	0,25871  	67666,66723  	0,59555  	0,18938  	2,13793  	2,13442  	6556946,51083  	9306476,27038  	175,76973  	19971064,98050  	0,27287  	0,19841  	NaN  	NaN  	0,00376  	0,00676  	0,00397  	0,00897  	1048,17917  	0,00400  	0,00425  
89,16045  	1327,82048  	1050,54430  	1327,82053  	26,03498  	0,05432  	0,25820  	85706,53851  	0,59508  	0,18996  	2,13373  	2,13023  	1091682255,45535  	1773385,33246  	175,63199  	25295332,54600  	0,27370  	0,00679  	-Inf  	-Inf  	0,00376  	0,00676  	0,00397  	0,00896  	1327,62170  	0,00401  	0,00425  
90,16083  	1327,82048  	1327,75450  	1327,82053  	26,03625  	0,04889  	0,25829  	85706,53851  	0,59675  	0,18950  	2,13445  	2,13094  	2180117340,90965  	380,15346  	176,12277  	25295332,54600  	0,27304  	0,00383  	-Inf  	-Inf  	0,00376  	0,00677  	0,00396  	0,00896  	1327,62170  	0,00400  	0,00425  
91,16138  	22,42934  	22,41812  	1327,82053  	26,03786  	0,04952  	0,25794  	85706,53851  	0,59480  	0,19012  	2,13156  	2,12806  	79371,56987  	270,42174  	175,54830  	25295332,54600  	1112,25185  	0,07221  	NaN  	NaN  	0,00376  	0,00676  	0,00397  	0,00895  	1327,62170  	0,00400  	0,00425  
92,16295  	-244,98909  	1064,21368  	1327,82053  	26,03931  	0,05470  	0,25804  	1195,94168  	0,59709  	0,19036  	2,13242  	2,12891  	236157132,62058  	658,02862  	176,22463  	352968,89993  	32,20949  	0,00667  	-Inf  	-Inf  	0,00376  	0,00677  	0,00396  	0,00895  	18,52948  	0,00402  	0,00425  
93,16578  	1064,27031  	18,55003  	1327,82053  	26,04020  	0,05022  	0,25811  	68694,77485  	0,59585  	0,19021  	2,13302  	2,12951  	22420602,17324  	1831865,43789  	175,85784  	20274499,52293  	0,72773  	0,07417  	NaN  	NaN  	0,00376  	0,00677  	0,00396  	0,00896  	1064,10484  	0,00400  	0,00425  
94,16763  	16,15310  	-244,98909  	16,15311  	26,03941  	0,04740  	0,25841  	1040,40031  	0,59631  	0,19033  	2,13549  	2,13198  	101,38858  	51,78290  	175,99466  	307062,59034  	1032,54316  	7,24557  	NaN  	NaN  	0,00376  	0,00677  	0,00396  	0,00896  	16,12010  	0,00399  	0,00425  
95,16908  	1072,70235  	-244,98909  	-244,98909  	26,04227  	0,05030  	0,25843  	69239,05033  	0,59483  	0,18996  	2,13565  	2,13214  	315074,79373  	0,00000  	175,55632  	20435136,38281  	0,70160  	0,97325  	Inf  	-Inf  	0,00376  	0,00676  	0,00396  	0,00896  	1072,53581  	0,00400  	0,00425  
96,17127  	1327,82048  	-244,98909  	-244,98909  	26,04259  	0,04559  	0,25810  	85706,53851  	0,59428  	0,19009  	2,13293  	2,12942  	392141,33378  	0,00000  	175,39567  	25295332,54600  	0,27388  	0,88207  	Inf  	-Inf  	0,00376  	0,00676  	0,00396  	0,00896  	1327,62170  	0,00399  	0,00425  
97,17217  	1327,82048  	-244,98909  	-244,98909  	26,04307  	0,04565  	0,25802  	8,37998  	0,59546  	0,19029  	2,13227  	2,12876  	392543,44457  	0,00000  	175,74213  	2473,25770  	0,27416  	0,88327  	Inf  	-Inf  	0,00376  	0,00676  	0,00397  	0,00895  	0,13382  	0,00399  	0,00425  
98,17362  	1327,82048  	-244,98909  	-244,98909  	26,04317  	0,04909  	0,25781  	70239,35136  	0,59430  	0,19050  	2,13056  	2,12706  	392976,59559  	0,00000  	175,40196  	20730364,11534  	0,27446  	0,94992  	Inf  	-Inf  	0,00376  	0,00676  	0,00396  	0,00895  	1088,03075  	0,00400  	0,00425  
99,17462  	1327,82048  	-244,98909  	1088,45945  	26,04504  	0,05086  	0,25753  	85706,53851  	0,59542  	0,18989  	2,12820  	2,12470  	1182018,20005  	7985648,44761  	175,73019  	25295332,54600  	0,27359  	0,64475  	Inf  	-Inf  	0,00376  	0,00676  	0,00396  	0,00894  	1327,62170  	0,00400  	0,00425  
100,17588  	1327,82048  	1091,76440  	-8,98908  	26,04618  	0,04564  	0,25838  	85706,53851  	0,59536  	0,18979  	2,13526  	2,13175  	6568508,89064  	5916097,84813  	175,71355  	25295332,54600  	0,27344  	0,18025  	NaN  	NaN  	0,00376  	0,00676  	0,00396  	0,00896  	1327,62170  	0,00399  	0,00425  
101,17736  	1327,82048  	1327,75450  	-244,98909  	26,04686  	0,04965  	0,25805  	85706,53851  	0,59371  	0,19030  	2,13251  	2,12900  	6585915,13130  	9194949,09129  	175,22804  	25295332,54600  	0,27418  	0,19608  	NaN  	NaN  	0,00376  	0,00676  	0,00397  	0,00895  	1327,62170  	0,00400  	0,00425  
102,17806  	1327,82048  	-16,31776  	1099,13960  	26,04763  	0,05127  	0,25771  	-1054,92545  	0,59521  	0,19056  	2,12967  	2,12617  	6597342,17819  	6734629,03828  	175,66995  	-311349,52467  	0,27456  	0,20244  	Inf  	-Inf  	0,00376  	0,00676  	0,00396  	0,00895  	-16,33707  	0,00400  	0,00425  
103,18114  	-19,53838  	1102,31324  	1327,82053  	26,04815  	0,04741  	0,25866  	71154,03728  	0,59480  	0,19074  	2,13759  	2,13408  	43971707,94524  	44,87028  	175,54825  	21000323,50308  	640,16593  	0,00541  	-Inf  	-Inf  	0,00376  	0,00676  	0,00397  	0,00897  	1102,19948  	0,00399  	0,00425  
104,18476  	1104,74695  	1327,75450  	1327,82053  	26,04821  	0,05054  	0,25800  	85706,53851  	0,59439  	0,18952  	2,13209  	2,12859  	1806660551,59608  	118,82927  	175,42881  	25295332,54600  	0,61394  	0,00396  	-Inf  	-Inf  	0,00376  	0,00676  	0,00396  	0,00895  	1327,62170  	0,00400  	0,00425  
105,18767  	1327,82048  	-27,56199  	1327,82053  	26,04849  	0,04779  	0,25764  	-1780,75355  	0,59263  	0,18986  	2,12908  	2,12558  	22297049,26924  	7628066,70596  	174,90790  	-525569,62400  	0,27354  	0,08246  	NaN  	NaN  	0,00376  	0,00675  	0,00396  	0,00895  	-27,58035  	0,00399  	0,00425  
106,18764  	1327,82048  	1117,55338  	1327,82053  	26,04867  	0,05172  	0,25799  	-15815,93170  	0,59367  	0,18990  	2,13203  	2,12852  	1300392593,76140  	1280629,29905  	175,21437  	-4667896,50935  	0,27360  	0,00575  	-Inf  	-Inf  	0,00376  	0,00676  	0,00396  	0,00895  	-244,98909  	0,00401  	0,00425  
107,18890  	-39,82635  	1327,75450  	-39,82635  	26,05061  	0,04824  	0,25869  	72463,59543  	0,59691  	0,19040  	2,13777  	2,13426  	1062501,71990  	280,10391  	176,17226  	21386825,04038  	474,00315  	0,08687  	-Inf  	-Inf  	0,00376  	0,00677  	0,00396  	0,00897  	1122,48490  	0,00399  	0,00425  
108,18980  	-244,98909  	1327,75450  	-244,98909  	26,05227  	0,05097  	0,25762  	85706,53851  	0,59524  	0,19005  	2,12895  	2,12544  	1369469,46575  	3657,20145  	175,67760  	25295332,54600  	32,16172  	0,20130  	-Inf  	-Inf  	0,00376  	0,00676  	0,00396  	0,00895  	1327,62170  	0,00400  	0,00425  
109,18986  	1130,00060  	-47,17751  	1130,00065  	26,05371  	0,04912  	0,25767  	-3046,95874  	0,59431  	0,19025  	2,12937  	2,12587  	5585482,12906  	2387429,36353  	175,40315  	-899276,01828  	0,55742  	0,19396  	NaN  	NaN  	0,00376  	0,00676  	0,00396  	0,00895  	-47,19421  	0,00400  	0,00425  
110,19282  	1327,82048  	-244,98909  	-48,70245  	26,05375  	0,04732  	0,25783  	73036,53423  	0,59456  	0,18982  	2,13067  	2,12716  	36753,67533  	1093784,84791  	175,47742  	21555921,55989  	0,27348  	3,91251  	Inf  	-Inf  	0,00376  	0,00676  	0,00397  	0,00895  	1131,35987  	0,00399  	0,00425  
111,19546  	1327,82048  	1133,20122  	1133,25909  	26,05484  	0,04452  	0,25823  	-3257,28615  	0,59558  	0,19075  	2,13396  	2,13045  	808333367,01111  	303,37162  	175,77938  	-961351,81375  	0,27482  	0,00683  	NaN  	NaN  	0,00376  	0,00676  	0,00396  	0,00896  	-50,45224  	0,00398  	0,00425  
112,19544  	1327,82048  	-55,64543  	1327,82053  	26,05596  	0,04629  	0,25837  	73484,18013  	0,59475  	0,19035  	2,13515  	2,13164  	19348893,37396  	7541864,25974  	175,53277  	21688039,27324  	0,27425  	0,08808  	NaN  	NaN  	0,00376  	0,00676  	0,00396  	0,00896  	1138,29403  	0,00399  	0,00425  
113,19663  	1327,82048  	-244,98909  	1327,82053  	26,05665  	0,04717  	0,25831  	85706,53851  	0,59526  	0,19058  	2,13469  	2,13118  	6598079,48833  	8736905,97294  	175,68344  	25295332,54600  	0,27457  	0,18625  	NaN  	NaN  	0,00376  	0,00676  	0,00396  	0,00896  	1327,62170  	0,00399  	0,00425  
114,19734  	1327,82048  	1145,90897  	1327,82053  	26,05729  	0,04790  	0,25817  	-4077,58648  	0,59484  	0,19095  	2,13353  	2,13002  	1406136646,56659  	1026053,23791  	175,55947  	-1203454,34211  	0,27511  	0,00507  	-Inf  	-Inf  	0,00376  	0,00676  	0,00397  	0,00896  	-63,15892  	0,00399  	0,00425  
115,19834  	-64,18831  	1327,75450  	-64,18830  	26,05875  	0,04717  	0,25760  	74036,12260  	0,59452  	0,19093  	2,12879  	2,12529  	1286295,88035  	290,20717  	175,46606  	21850938,96207  	329,55226  	0,09253  	-Inf  	-Inf  	0,00376  	0,00676  	0,00396  	0,00895  	1146,84377  	0,00399  	0,00425  
116,19962  	1149,15635  	-66,33245  	-244,98909  	26,05865  	0,05067  	0,25868  	85706,53851  	0,59612  	0,18998  	2,13769  	2,13418  	40867,25635  	417202,27764  	175,93827  	25295332,54600  	0,51667  	3,59525  	Inf  	-Inf  	0,00376  	0,00677  	0,00397  	0,00897  	1327,62170  	0,00400  	0,00425  
117,19995  	1327,82048  	1153,04012  	1153,09882  	26,05904  	0,04628  	0,25855  	85706,53851  	0,59685  	0,19060  	2,13660  	2,13309  	901410292,96842  	319,93516  	176,15488  	25295332,54600  	0,27460  	0,00659  	NaN  	NaN  	0,00376  	0,00677  	0,00397  	0,00896  	1327,62170  	0,00399  	0,00425  
118,20204  	-73,16428  	1327,75450  	1327,82053  	26,06008  	0,04572  	0,25769  	85706,53851  	0,59510  	0,19052  	2,12951  	2,12600  	167062544,88261  	0,01371  	175,63858  	25295332,54600  	287,43637  	0,00358  	-Inf  	-Inf  	0,00376  	0,00676  	0,00396  	0,00895  	1327,62170  	0,00399  	0,00425  
119,20560  	1159,38373  	-76,55941  	-76,55233  	26,06104  	0,04406  	0,25847  	85706,53851  	0,59535  	0,18921  	2,13595  	2,13245  	3128,00855  	15,21669  	175,70995  	25295332,54600  	0,49477  	15,62631  	Inf  	-Inf  	0,00376  	0,00676  	0,00396  	0,00896  	1327,62170  	0,00398  	0,00425  
120,20930  	1327,82048  	1162,45018  	-244,98909  	26,06142  	0,04538  	0,25844  	-5145,34100  	0,59642  	0,19053  	2,13569  	2,13219  	2128347,95104  	7522337,32825  	176,02570  	-1518590,22451  	0,27449  	0,38643  	NaN  	NaN  	0,00376  	0,00677  	0,00396  	0,00896  	-79,69873  	0,00399  	0,00425  
121,21166  	1327,82048  	-85,42631  	-244,98909  	26,06330  	0,05042  	0,25787  	-15815,93170  	0,59461  	0,18994  	2,13105  	2,12755  	61623,73678  	947416,65605  	175,49256  	-4667896,50935  	0,27365  	3,04910  	Inf  	-Inf  	0,00376  	0,00676  	0,00397  	0,00895  	-244,98909  	0,00400  	0,00425  
122,21373  	-92,03352  	-244,98909  	-244,98909  	26,06322  	0,04658  	0,25819  	75833,48840  	0,59515  	0,19000  	2,13364  	2,13013  	35558,23767  	0,00000  	175,65082  	22381411,50594  	216,87260  	0,90134  	Inf  	-Inf  	0,00376  	0,00676  	0,00396  	0,00896  	1174,68546  	0,00399  	0,00425  
123,21539  	1181,32253  	1181,26269  	1181,32257  	26,06333  	0,04748  	0,25842  	-6359,71121  	0,59613  	0,19084  	2,13558  	2,13207  	933211671,85253  	156,90546  	175,94091  	-1876998,10043  	0,45935  	0,00610  	-Inf  	-Inf  	0,00376  	0,00677  	0,00396  	0,00896  	-98,50965  	0,00399  	0,00425  
124,21709  	-100,83582  	1327,75450  	-100,83581  	26,06406  	0,04809  	0,25751  	-15815,93170  	0,59364  	0,18989  	2,12808  	2,12458  	1479592,90572  	361,34260  	175,20712  	-4667896,50935  	190,76891  	0,10767  	-Inf  	-Inf  	0,00376  	0,00676  	0,00396  	0,00894  	-244,98909  	0,00399  	0,00425  
125,22017  	1187,60391  	1327,75450  	1187,60396  	26,06414  	0,04974  	0,25813  	76655,77182  	0,59535  	0,19010  	2,13313  	2,12963  	1387539498,47347  	398169,03061  	175,71204  	22624099,32148  	0,44700  	0,00490  	-Inf  	-Inf  	0,00376  	0,00676  	0,00397  	0,00896  	1187,42285  	0,00400  	0,00425  
126,22197  	1327,82048  	-110,34391  	-110,33826  	26,06515  	0,04747  	0,25833  	-7124,42507  	0,59607  	0,19073  	2,13484  	2,13134  	11666,96074  	31,60159  	175,92290  	-2102694,89994  	0,27478  	7,88818  	Inf  	-Inf  	0,00376  	0,00677  	0,00397  	0,00896  	-110,35528  	0,00399  	0,00425  
